EUROPEAN CLIMATE ASSESSMENT & DATASET (ECA&D), file created on: 16-11-2022
THESE DATA CAN BE USED FOR NON-COMMERCIAL RESEARCH AND EDUCATION PROVIDED THAT THE FOLLOWING SOURCE IS ACKNOWLEDGED: 

Klein Tank, A.M.G. and Coauthors, 2002. Daily dataset of 20th-century surface
air temperature and precipitation series for the European Climate Assessment.
Int. J. of Climatol., 22, 1441-1453.
Data and metadata available at http://www.ecad.eu

FILE FORMAT (MISSING VALUE CODE = -9999):

01-06 STAID: Station identifier
08-13 SOUID: Source identifier
15-22 DATE : Date YYYYMMDD
24-28 TG   : Mean temperature in 0.1 &#176;C
30-34 Q_TG : quality code for TG (0='valid'; 1='suspect'; 9='missing')

This is the blended series of station SLEIPNER B, NORWAY (STAID: 18543)
Blended and updated with sources:99436 
See files sources.txt and stations.txt for more info.

STAID, SOUID,    DATE,   TG, Q_TG
 18543, 99436,20170601,-9999,    9
 18543, 99436,20170602,-9999,    9
 18543, 99436,20170603,-9999,    9
 18543, 99436,20170604,-9999,    9
 18543, 99436,20170605,-9999,    9
 18543, 99436,20170606,-9999,    9
 18543, 99436,20170607,-9999,    9
 18543, 99436,20170608,-9999,    9
 18543, 99436,20170609,-9999,    9
 18543, 99436,20170610,-9999,    9
 18543, 99436,20170611,-9999,    9
 18543, 99436,20170612,-9999,    9
 18543, 99436,20170613,-9999,    9
 18543, 99436,20170614,-9999,    9
 18543, 99436,20170615,-9999,    9
 18543, 99436,20170616,-9999,    9
 18543, 99436,20170617,-9999,    9
 18543, 99436,20170618,-9999,    9
 18543, 99436,20170619,-9999,    9
 18543, 99436,20170620,-9999,    9
 18543, 99436,20170621,-9999,    9
 18543, 99436,20170622,-9999,    9
 18543, 99436,20170623,-9999,    9
 18543, 99436,20170624,-9999,    9
 18543, 99436,20170625,-9999,    9
 18543, 99436,20170626,-9999,    9
 18543, 99436,20170627,-9999,    9
 18543, 99436,20170628,  129,    0
 18543, 99436,20170629,-9999,    9
 18543, 99436,20170630,-9999,    9
 18543, 99436,20170701,-9999,    9
 18543, 99436,20170702,-9999,    9
 18543, 99436,20170703,-9999,    9
 18543, 99436,20170704,  119,    0
 18543, 99436,20170705,  124,    0
 18543, 99436,20170706,  128,    0
 18543, 99436,20170707,  128,    0
 18543, 99436,20170708,  126,    0
 18543, 99436,20170709,  128,    0
 18543, 99436,20170710,  140,    0
 18543, 99436,20170711,  125,    0
 18543, 99436,20170712,  121,    0
 18543, 99436,20170713,  133,    0
 18543, 99436,20170714,  137,    0
 18543, 99436,20170715,  138,    0
 18543, 99436,20170716,  138,    0
 18543, 99436,20170717,  132,    0
 18543, 99436,20170718,  138,    0
 18543, 99436,20170719,  138,    0
 18543, 99436,20170720,  149,    0
 18543, 99436,20170721,  143,    0
 18543, 99436,20170722,  150,    0
 18543, 99436,20170723,  152,    0
 18543, 99436,20170724,  136,    0
 18543, 99436,20170725,  138,    0
 18543, 99436,20170726,  143,    0
 18543, 99436,20170727,  142,    0
 18543, 99436,20170728,  143,    0
 18543, 99436,20170729,  147,    0
 18543, 99436,20170730,  146,    0
 18543, 99436,20170731,  148,    0
 18543, 99436,20170801,  148,    0
 18543, 99436,20170802,  145,    0
 18543, 99436,20170803,  152,    0
 18543, 99436,20170804,  147,    0
 18543, 99436,20170805,  135,    0
 18543, 99436,20170806,  135,    0
 18543, 99436,20170807,  141,    0
 18543, 99436,20170808,  160,    0
 18543, 99436,20170809,  140,    0
 18543, 99436,20170810,  141,    0
 18543, 99436,20170811,  147,    0
 18543, 99436,20170812,  135,    0
 18543, 99436,20170813,  133,    0
 18543, 99436,20170814,  145,    0
 18543, 99436,20170815,  151,    0
 18543, 99436,20170816,  149,    0
 18543, 99436,20170817,  151,    0
 18543, 99436,20170818,  146,    0
 18543, 99436,20170819,  140,    0
 18543, 99436,20170820,  139,    0
 18543, 99436,20170821,  130,    0
 18543, 99436,20170822,  154,    0
 18543, 99436,20170823,  145,    0
 18543, 99436,20170824,  149,    0
 18543, 99436,20170825,  152,    0
 18543, 99436,20170826,  147,    0
 18543, 99436,20170827,  141,    0
 18543, 99436,20170828,  155,    0
 18543, 99436,20170829,  142,    0
 18543, 99436,20170830,  142,    0
 18543, 99436,20170831,  138,    0
 18543, 99436,20170901,  128,    0
 18543, 99436,20170902,  135,    0
 18543, 99436,20170903,  142,    0
 18543, 99436,20170904,  151,    0
 18543, 99436,20170905,  143,    0
 18543, 99436,20170906,  140,    0
 18543, 99436,20170907,  135,    0
 18543, 99436,20170908,  140,    0
 18543, 99436,20170909,  136,    0
 18543, 99436,20170910,  131,    0
 18543, 99436,20170911,  132,    0
 18543, 99436,20170912,  132,    0
 18543, 99436,20170913,  131,    0
 18543, 99436,20170914,  125,    0
 18543, 99436,20170915,  128,    0
 18543, 99436,20170916,  133,    0
 18543, 99436,20170917,  134,    0
 18543, 99436,20170918,  124,    0
 18543, 99436,20170919,  123,    0
 18543, 99436,20170920,  132,    0
 18543, 99436,20170921,  144,    0
 18543, 99436,20170922,  133,    0
 18543, 99436,20170923,  139,    0
 18543, 99436,20170924,  143,    0
 18543, 99436,20170925,  147,    0
 18543, 99436,20170926,  147,    0
 18543, 99436,20170927,  148,    0
 18543, 99436,20170928,  148,    0
 18543, 99436,20170929,  140,    0
 18543, 99436,20170930,  132,    0
 18543, 99436,20171001,  132,    0
 18543, 99436,20171002,  125,    0
 18543, 99436,20171003,  118,    0
 18543, 99436,20171004,  109,    0
 18543, 99436,20171005,  111,    0
 18543, 99436,20171006,  104,    0
 18543, 99436,20171007,   99,    0
 18543, 99436,20171008,  105,    0
 18543, 99436,20171009,  115,    0
 18543, 99436,20171010,  114,    0
 18543, 99436,20171011,  122,    0
 18543, 99436,20171012,  111,    0
 18543, 99436,20171013,  132,    0
 18543, 99436,20171014,  125,    0
 18543, 99436,20171015,  127,    0
 18543, 99436,20171016,  114,    0
 18543, 99436,20171017,  123,    0
 18543, 99436,20171018,  107,    0
 18543, 99436,20171019,  115,    0
 18543, 99436,20171020,  124,    0
 18543, 99436,20171021,  121,    0
 18543, 99436,20171022,  120,    0
 18543, 99436,20171023,  108,    0
 18543, 99436,20171024,  117,    0
 18543, 99436,20171025,  119,    0
 18543, 99436,20171026,  111,    0
 18543, 99436,20171027,  108,    0
 18543, 99436,20171028,  105,    0
 18543, 99436,20171029,   80,    0
 18543, 99436,20171030,   78,    0
 18543, 99436,20171031,  108,    0
 18543, 99436,20171101,  119,    0
 18543, 99436,20171102,   87,    0
 18543, 99436,20171103,   97,    0
 18543, 99436,20171104,  101,    0
 18543, 99436,20171105,   78,    0
 18543, 99436,20171106,   87,    0
 18543, 99436,20171107,  100,    0
 18543, 99436,20171108,   97,    0
 18543, 99436,20171109,   95,    0
 18543, 99436,20171110,   68,    0
 18543, 99436,20171111,   72,    0
 18543, 99436,20171112,   72,    0
 18543, 99436,20171113,   67,    0
 18543, 99436,20171114,   96,    0
 18543, 99436,20171115,   89,    0
 18543, 99436,20171116,   85,    0
 18543, 99436,20171117,   80,    0
 18543, 99436,20171118,   74,    0
 18543, 99436,20171119,   72,    0
 18543, 99436,20171120,   75,    0
 18543, 99436,20171121,   75,    0
 18543, 99436,20171122,   89,    0
 18543, 99436,20171123,   63,    0
 18543, 99436,20171124,   61,    0
 18543, 99436,20171125,   65,    0
 18543, 99436,20171126,   74,    0
 18543, 99436,20171127,   62,    0
 18543, 99436,20171128,   72,    0
 18543, 99436,20171129,   56,    0
 18543, 99436,20171130,   49,    0
 18543, 99436,20171201,   67,    0
 18543, 99436,20171202,   87,    0
 18543, 99436,20171203,   77,    0
 18543, 99436,20171204,   85,    0
 18543, 99436,20171205,   94,    0
 18543, 99436,20171206,  102,    0
 18543, 99436,20171207,   83,    0
 18543, 99436,20171208,   49,    0
 18543, 99436,20171209,   35,    0
 18543, 99436,20171210,   39,    0
 18543, 99436,20171211,   60,    0
 18543, 99436,20171212,   61,    0
 18543, 99436,20171213,   63,    0
 18543, 99436,20171214,   60,    0
 18543, 99436,20171215,   58,    0
 18543, 99436,20171216,   48,    0
 18543, 99436,20171217,   69,    0
 18543, 99436,20171218,   82,    0
 18543, 99436,20171219,   96,    0
 18543, 99436,20171220,   92,    0
 18543, 99436,20171221,   82,    0
 18543, 99436,20171222,   86,    0
 18543, 99436,20171223,  103,    0
 18543, 99436,20171224,   81,    0
 18543, 99436,20171225,   73,    0
 18543, 99436,20171226,   53,    0
 18543, 99436,20171227,   46,    0
 18543, 99436,20171228,   46,    0
 18543, 99436,20171229,   50,    0
 18543, 99436,20171230,   64,    0
 18543, 99436,20171231,   71,    0
 18543, 99436,20180101,   66,    0
 18543, 99436,20180102,   65,    0
 18543, 99436,20180103,   69,    0
 18543, 99436,20180104,   76,    0
 18543, 99436,20180105,   65,    0
 18543, 99436,20180106,   45,    0
 18543, 99436,20180107,   47,    0
 18543, 99436,20180108,   55,    0
 18543, 99436,20180109,   64,    0
 18543, 99436,20180110,   65,    0
 18543, 99436,20180111,   73,    0
 18543, 99436,20180112,   61,    0
 18543, 99436,20180113,   59,    0
 18543, 99436,20180114,   64,    0
 18543, 99436,20180115,   66,    0
 18543, 99436,20180116,   44,    0
 18543, 99436,20180117,   38,    0
 18543, 99436,20180118,   43,    0
 18543, 99436,20180119,   43,    0
 18543, 99436,20180120,   37,    0
 18543, 99436,20180121,   53,    0
 18543, 99436,20180122,   62,    0
 18543, 99436,20180123,   81,    0
 18543, 99436,20180124,   77,    0
 18543, 99436,20180125,   69,    0
 18543, 99436,20180126,   57,    0
 18543, 99436,20180127,   73,    0
 18543, 99436,20180128,   77,    0
 18543, 99436,20180129,   62,    0
 18543, 99436,20180130,   64,    0
 18543, 99436,20180131,   52,    0
 18543, 99436,20180201,   58,    0
 18543, 99436,20180202,   63,    0
 18543, 99436,20180203,   40,    0
 18543, 99436,20180204,   41,    0
 18543, 99436,20180205,   30,    0
 18543, 99436,20180206,   37,    0
 18543, 99436,20180207,   41,    0
 18543, 99436,20180208,   63,    0
 18543, 99436,20180209,   59,    0
 18543, 99436,20180210,   53,    0
 18543, 99436,20180211,   40,    0
 18543, 99436,20180212,   41,    0
 18543, 99436,20180213,   56,    0
 18543, 99436,20180214,   52,    0
 18543, 99436,20180215,   60,    0
 18543, 99436,20180216,   62,    0
 18543, 99436,20180217,   63,    0
 18543, 99436,20180218,   61,    0
 18543, 99436,20180219,   60,    0
 18543, 99436,20180220,   45,    0
 18543, 99436,20180221,   68,    0
 18543, 99436,20180222,   54,    0
 18543, 99436,20180223,   54,    0
 18543, 99436,20180224,   46,    0
 18543, 99436,20180225,   35,    0
 18543, 99436,20180226,   25,    0
 18543, 99436,20180227,  -12,    0
 18543, 99436,20180228,  -42,    0
 18543, 99436,20180301,  -29,    0
 18543, 99436,20180302,   -9,    0
 18543, 99436,20180303,   16,    0
 18543, 99436,20180304,   17,    0
 18543, 99436,20180305,   21,    0
 18543, 99436,20180306,   27,    0
 18543, 99436,20180307,   48,    0
 18543, 99436,20180308,   46,    0
 18543, 99436,20180309,   47,    0
 18543, 99436,20180310,   48,    0
 18543, 99436,20180311,   35,    0
 18543, 99436,20180312,   45,    0
 18543, 99436,20180313,   48,    0
 18543, 99436,20180314,   49,    0
 18543, 99436,20180315,   34,    0
 18543, 99436,20180316,   15,    0
 18543, 99436,20180317,   -2,    0
 18543, 99436,20180318,   26,    0
 18543, 99436,20180319,   44,    0
 18543, 99436,20180320,   52,    0
 18543, 99436,20180321,   58,    0
 18543, 99436,20180322,   60,    0
 18543, 99436,20180323,   60,    0
 18543, 99436,20180324,   62,    0
 18543, 99436,20180325,   61,    0
 18543, 99436,20180326,   57,    0
 18543, 99436,20180327,   46,    0
 18543, 99436,20180328,   26,    0
 18543, 99436,20180329,   26,    0
 18543, 99436,20180330,   27,    0
 18543, 99436,20180331,   43,    0
 18543, 99436,20180401,   42,    0
 18543, 99436,20180402,   42,    0
 18543, 99436,20180403,   39,    0
 18543, 99436,20180404,   37,    0
 18543, 99436,20180405,   47,    0
 18543, 99436,20180406,   51,    0
 18543, 99436,20180407,   66,    0
 18543, 99436,20180408,   60,    0
 18543, 99436,20180409,   58,    0
 18543, 99436,20180410,   57,    0
 18543, 99436,20180411,   65,    0
 18543, 99436,20180412,   69,    0
 18543, 99436,20180413,   71,    0
 18543, 99436,20180414,   63,    0
 18543, 99436,20180415,   65,    0
 18543, 99436,20180416,   60,    0
 18543, 99436,20180417,   72,    0
 18543, 99436,20180418,   82,    0
 18543, 99436,20180419,   83,    0
 18543, 99436,20180420,   95,    0
 18543, 99436,20180421,   74,    0
 18543, 99436,20180422,   74,    0
 18543, 99436,20180423,   75,    0
 18543, 99436,20180424,   74,    0
 18543, 99436,20180425,   71,    0
 18543, 99436,20180426,   72,    0
 18543, 99436,20180427,   68,    0
 18543, 99436,20180428,   63,    0
 18543, 99436,20180429,   66,    0
 18543, 99436,20180430,   63,    0
 18543, 99436,20180501,   66,    0
 18543, 99436,20180502,   72,    0
 18543, 99436,20180503,   74,    0
 18543, 99436,20180504,   84,    0
 18543, 99436,20180505,   90,    0
 18543, 99436,20180506,   96,    0
 18543, 99436,20180507,   95,    0
 18543, 99436,20180508,   97,    0
 18543, 99436,20180509,   93,    0
 18543, 99436,20180510,   91,    0
 18543, 99436,20180511,   92,    0
 18543, 99436,20180512,   97,    0
 18543, 99436,20180513,  106,    0
 18543, 99436,20180514,   98,    0
 18543, 99436,20180515,   89,    0
 18543, 99436,20180516,   88,    0
 18543, 99436,20180517,   87,    0
 18543, 99436,20180518,   93,    0
 18543, 99436,20180519,   94,    0
 18543, 99436,20180520,   98,    0
 18543, 99436,20180521,   91,    0
 18543, 99436,20180522,   91,    0
 18543, 99436,20180523,   89,    0
 18543, 99436,20180524,  103,    0
 18543, 99436,20180525,  142,    0
 18543, 99436,20180526,   98,    0
 18543, 99436,20180527,  132,    0
 18543, 99436,20180528,  141,    0
 18543, 99436,20180529,  132,    0
 18543, 99436,20180530,  158,    0
 18543, 99436,20180531,  141,    0
 18543, 99436,20180601,  125,    0
 18543, 99436,20180602,  118,    0
 18543, 99436,20180603,  115,    0
 18543, 99436,20180604,  111,    0
 18543, 99436,20180605,  118,    0
 18543, 99436,20180606,  136,    0
 18543, 99436,20180607,  123,    0
 18543, 99436,20180608,  115,    0
 18543, 99436,20180609,  115,    0
 18543, 99436,20180610,  112,    0
 18543, 99436,20180611,  108,    0
 18543, 99436,20180612,  114,    0
 18543, 99436,20180613,  114,    0
 18543, 99436,20180614,  129,    0
 18543, 99436,20180615,  117,    0
 18543, 99436,20180616,  121,    0
 18543, 99436,20180617,  122,    0
 18543, 99436,20180618,  127,    0
 18543, 99436,20180619,  119,    0
 18543, 99436,20180620,  109,    0
 18543, 99436,20180621,  101,    0
 18543, 99436,20180622,  106,    0
 18543, 99436,20180623,  112,    0
 18543, 99436,20180624,  116,    0
 18543, 99436,20180625,  120,    0
 18543, 99436,20180626,  131,    0
 18543, 99436,20180627,  139,    0
 18543, 99436,20180628,  135,    0
 18543, 99436,20180629,  121,    0
 18543, 99436,20180630,  136,    0
 18543, 99436,20180701,  150,    0
 18543, 99436,20180702,  127,    0
 18543, 99436,20180703,  127,    0
 18543, 99436,20180704,  126,    0
 18543, 99436,20180705,  124,    0
 18543, 99436,20180706,  128,    0
 18543, 99436,20180707,  137,    0
 18543, 99436,20180708,  142,    0
 18543, 99436,20180709,  124,    0
 18543, 99436,20180710,  126,    0
 18543, 99436,20180711,  135,    0
 18543, 99436,20180712,  138,    0
 18543, 99436,20180713,  138,    0
 18543, 99436,20180714,  152,    0
 18543, 99436,20180715,  163,    0
 18543, 99436,20180716,  165,    0
 18543, 99436,20180717,  161,    0
 18543, 99436,20180718,  150,    0
 18543, 99436,20180719,  156,    0
 18543, 99436,20180720,  160,    0
 18543, 99436,20180721,  147,    0
 18543, 99436,20180722,  159,    0
 18543, 99436,20180723,  172,    0
 18543, 99436,20180724,  178,    0
 18543, 99436,20180725,  170,    0
 18543, 99436,20180726,  179,    0
 18543, 99436,20180727,  200,    0
 18543, 99436,20180728,  191,    0
 18543, 99436,20180729,  167,    0
 18543, 99436,20180730,  164,    0
 18543, 99436,20180731,  161,    0
 18543, 99436,20180801,  165,    0
 18543, 99436,20180802,  165,    0
 18543, 99436,20180803,  164,    0
 18543, 99436,20180804,  151,    0
 18543, 99436,20180805,  145,    0
 18543, 99436,20180806,  162,    0
 18543, 99436,20180807,  166,    0
 18543, 99436,20180808,  158,    0
 18543, 99436,20180809,  152,    0
 18543, 99436,20180810,  146,    0
 18543, 99436,20180811,  141,    0
 18543, 99436,20180812,  158,    0
 18543, 99436,20180813,  174,    0
 18543, 99436,20180814,  157,    0
 18543, 99436,20180815,  165,    0
 18543, 99436,20180816,  155,    0
 18543, 99436,20180817,  151,    0
 18543, 99436,20180818,  156,    0
 18543, 99436,20180819,  149,    0
 18543, 99436,20180820,  140,    0
 18543, 99436,20180821,  150,    0
 18543, 99436,20180822,  147,    0
 18543, 99436,20180823,  140,    0
 18543, 99436,20180824,  128,    0
 18543, 99436,20180825,  124,    0
 18543, 99436,20180826,  128,    0
 18543, 99436,20180827,  144,    0
 18543, 99436,20180828,  144,    0
 18543, 99436,20180829,  141,    0
 18543, 99436,20180830,  134,    0
 18543, 99436,20180831,  141,    0
 18543, 99436,20180901,  150,    0
 18543, 99436,20180902,  157,    0
 18543, 99436,20180903,  135,    0
 18543, 99436,20180904,  132,    0
 18543, 99436,20180905,  138,    0
 18543, 99436,20180906,  141,    0
 18543, 99436,20180907,  145,    0
 18543, 99436,20180908,  142,    0
 18543, 99436,20180909,  140,    0
 18543, 99436,20180910,  136,    0
 18543, 99436,20180911,  136,    0
 18543, 99436,20180912,  129,    0
 18543, 99436,20180913,  127,    0
 18543, 99436,20180914,  122,    0
 18543, 99436,20180915,  120,    0
 18543, 99436,20180916,  132,    0
 18543, 99436,20180917,  132,    0
 18543, 99436,20180918,  142,    0
 18543, 99436,20180919,  139,    0
 18543, 99436,20180920,  119,    0
 18543, 99436,20180921,  100,    0
 18543, 99436,20180922,  107,    0
 18543, 99436,20180923,   93,    0
 18543, 99436,20180924,   96,    0
 18543, 99436,20180925,  116,    0
 18543, 99436,20180926,  125,    0
 18543, 99436,20180927,  112,    0
 18543, 99436,20180928,  102,    0
 18543, 99436,20180929,  109,    0
 18543, 99436,20180930,  100,    0
 18543, 99436,20181001,   78,    0
 18543, 99436,20181002,  102,    0
 18543, 99436,20181003,   94,    0
 18543, 99436,20181004,  117,    0
 18543, 99436,20181005,  103,    0
 18543, 99436,20181006,   91,    0
 18543, 99436,20181007,   98,    0
 18543, 99436,20181008,  113,    0
 18543, 99436,20181009,  126,    0
 18543, 99436,20181010,  121,    0
 18543, 99436,20181011,  122,    0
 18543, 99436,20181012,  131,    0
 18543, 99436,20181013,  131,    0
 18543, 99436,20181014,  108,    0
 18543, 99436,20181015,  101,    0
 18543, 99436,20181016,  108,    0
 18543, 99436,20181017,  116,    0
 18543, 99436,20181018,  104,    0
 18543, 99436,20181019,  105,    0
 18543, 99436,20181020,  114,    0
 18543, 99436,20181021,  109,    0
 18543, 99436,20181022,  101,    0
 18543, 99436,20181023,  104,    0
 18543, 99436,20181024,  101,    0
 18543, 99436,20181025,   91,    0
 18543, 99436,20181026,   72,    0
 18543, 99436,20181027,   73,    0
 18543, 99436,20181028,   70,    0
 18543, 99436,20181029,   56,    0
 18543, 99436,20181030,   68,    0
 18543, 99436,20181031,   84,    0
 18543, 99436,20181101,   95,    0
 18543, 99436,20181102,   90,    0
 18543, 99436,20181103,  104,    0
 18543, 99436,20181104,  105,    0
 18543, 99436,20181105,  103,    0
 18543, 99436,20181106,  103,    0
 18543, 99436,20181107,  107,    0
 18543, 99436,20181108,  107,    0
 18543, 99436,20181109,  102,    0
 18543, 99436,20181110,  105,    0
 18543, 99436,20181111,  103,    0
 18543, 99436,20181112,  104,    0
 18543, 99436,20181113,  105,    0
 18543, 99436,20181114,  108,    0
 18543, 99436,20181115,  107,    0
 18543, 99436,20181116,  102,    0
 18543, 99436,20181117,   92,    0
 18543, 99436,20181118,   84,    0
 18543, 99436,20181119,   76,    0
 18543, 99436,20181120,   64,    0
 18543, 99436,20181121,   67,    0
 18543, 99436,20181122,   66,    0
 18543, 99436,20181123,   66,    0
 18543, 99436,20181124,   70,    0
 18543, 99436,20181125,   60,    0
 18543, 99436,20181126,   70,    0
 18543, 99436,20181127,   61,    0
 18543, 99436,20181128,   81,    0
 18543, 99436,20181129,  103,    0
 18543, 99436,20181130,   93,    0
 18543, 99436,20181201,   84,    0
 18543, 99436,20181202,   85,    0
 18543, 99436,20181203,   71,    0
 18543, 99436,20181204,   57,    0
 18543, 99436,20181205,   68,    0
 18543, 99436,20181206,   87,    0
 18543, 99436,20181207,   91,    0
 18543, 99436,20181208,   82,    0
 18543, 99436,20181209,   64,    0
 18543, 99436,20181210,   63,    0
 18543, 99436,20181211,   68,    0
 18543, 99436,20181212,   72,    0
 18543, 99436,20181213,   62,    0
 18543, 99436,20181214,   57,    0
 18543, 99436,20181215,   56,    0
 18543, 99436,20181216,   69,    0
 18543, 99436,20181217,   79,    0
 18543, 99436,20181218,   84,    0
 18543, 99436,20181219,   81,    0
 18543, 99436,20181220,   79,    0
 18543, 99436,20181221,   72,    0
 18543, 99436,20181222,   72,    0
 18543, 99436,20181223,   71,    0
 18543, 99436,20181224,   76,    0
 18543, 99436,20181225,   78,    0
 18543, 99436,20181226,   93,    0
 18543, 99436,20181227,   89,    0
 18543, 99436,20181228,   88,    0
 18543, 99436,20181229,   81,    0
 18543, 99436,20181230,   88,    0
 18543, 99436,20181231,  100,    0
 18543, 99436,20190101,   61,    0
 18543, 99436,20190102,   52,    0
 18543, 99436,20190103,   59,    0
 18543, 99436,20190104,   83,    0
 18543, 99436,20190105,   83,    0
 18543, 99436,20190106,   80,    0
 18543, 99436,20190107,   84,    0
 18543, 99436,20190108,   63,    0
 18543, 99436,20190109,   54,    0
 18543, 99436,20190110,   86,    0
 18543, 99436,20190111,   82,    0
 18543, 99436,20190112,   81,    0
 18543, 99436,20190113,   68,    0
 18543, 99436,20190114,   39,    0
 18543, 99436,20190115,   76,    0
 18543, 99436,20190116,   65,    0
 18543, 99436,20190117,   34,    0
 18543, 99436,20190118,   48,    0
 18543, 99436,20190119,   54,    0
 18543, 99436,20190120,   64,    0
 18543, 99436,20190121,   62,    0
 18543, 99436,20190122,   56,    0
 18543, 99436,20190123,   54,    0
 18543, 99436,20190124,   50,    0
 18543, 99436,20190125,   65,    0
 18543, 99436,20190126,   66,    0
 18543, 99436,20190127,   41,    0
 18543, 99436,20190128,   38,    0
 18543, 99436,20190129,   41,    0
 18543, 99436,20190130,   37,    0
 18543, 99436,20190131,   34,    0
 18543, 99436,20190201,   37,    0
 18543, 99436,20190202,   43,    0
 18543, 99436,20190203,   48,    0
 18543, 99436,20190204,   64,    0
 18543, 99436,20190205,   65,    0
 18543, 99436,20190206,   73,    0
 18543, 99436,20190207,   60,    0
 18543, 99436,20190208,   75,    0
 18543, 99436,20190209,   71,    0
 18543, 99436,20190210,   61,    0
 18543, 99436,20190211,   48,    0
 18543, 99436,20190212,   76,    0
 18543, 99436,20190213,   84,    0
 18543, 99436,20190214,   83,    0
 18543, 99436,20190215,   83,    0
 18543, 99436,20190216,   84,    0
 18543, 99436,20190217,   82,    0
 18543, 99436,20190218,   81,    0
 18543, 99436,20190219,   65,    0
 18543, 99436,20190220,   79,    0
 18543, 99436,20190221,   84,    0
 18543, 99436,20190222,   83,    0
 18543, 99436,20190223,   79,    0
 18543, 99436,20190224,   82,    0
 18543, 99436,20190225,   87,    0
 18543, 99436,20190226,   91,    0
 18543, 99436,20190227,   76,    0
 18543, 99436,20190228,   60,    0
 18543, 99436,20190301,   57,    0
 18543, 99436,20190302,   72,    0
 18543, 99436,20190303,   77,    0
 18543, 99436,20190304,   61,    0
 18543, 99436,20190305,   64,    0
 18543, 99436,20190306,   67,    0
 18543, 99436,20190307,   66,    0
 18543, 99436,20190308,   53,    0
 18543, 99436,20190309,   52,    0
 18543, 99436,20190310,   43,    0
 18543, 99436,20190311,   58,    0
 18543, 99436,20190312,   64,    0
 18543, 99436,20190313,   68,    0
 18543, 99436,20190314,   61,    0
 18543, 99436,20190315,   62,    0
 18543, 99436,20190316,   50,    0
 18543, 99436,20190317,   54,    0
 18543, 99436,20190318,   57,    0
 18543, 99436,20190319,   70,    0
 18543, 99436,20190320,   83,    0
 18543, 99436,20190321,   82,    0
 18543, 99436,20190322,   81,    0
 18543, 99436,20190323,   69,    0
 18543, 99436,20190324,   62,    0
 18543, 99436,20190325,   69,    0
 18543, 99436,20190326,   75,    0
 18543, 99436,20190327,   82,    0
 18543, 99436,20190328,   81,    0
 18543, 99436,20190329,   81,    0
 18543, 99436,20190330,   62,    0
 18543, 99436,20190331,   43,    0
 18543, 99436,20190401,   50,    0
 18543, 99436,20190402,   67,    0
 18543, 99436,20190403,   71,    0
 18543, 99436,20190404,   77,    0
 18543, 99436,20190405,   84,    0
 18543, 99436,20190406,   98,    0
 18543, 99436,20190407,   66,    0
 18543, 99436,20190408,   77,    0
 18543, 99436,20190409,   64,    0
 18543, 99436,20190410,   66,    0
 18543, 99436,20190411,   57,    0
 18543, 99436,20190412,   59,    0
 18543, 99436,20190413,   77,    0
 18543, 99436,20190414,   64,    0
 18543, 99436,20190415,   68,    0
 18543, 99436,20190416,   70,    0
 18543, 99436,20190417,   77,    0
 18543, 99436,20190418,   86,    0
 18543, 99436,20190419,   88,    0
 18543, 99436,20190420,   92,    0
 18543, 99436,20190421,   94,    0
 18543, 99436,20190422,   92,    0
 18543, 99436,20190423,   99,    0
 18543, 99436,20190424,   98,    0
 18543, 99436,20190425,   89,    0
 18543, 99436,20190426,   83,    0
 18543, 99436,20190427,   83,    0
 18543, 99436,20190428,   88,    0
 18543, 99436,20190429,   80,    0
 18543, 99436,20190430,   73,    0
 18543, 99436,20190501,   76,    0
 18543, 99436,20190502,   62,    0
 18543, 99436,20190503,   48,    0
 18543, 99436,20190504,   62,    0
 18543, 99436,20190505,   61,    0
 18543, 99436,20190506,   56,    0
 18543, 99436,20190507,   23,    0
 18543, 99436,20190508,   42,    0
 18543, 99436,20190509,   65,    0
 18543, 99436,20190510,   73,    0
 18543, 99436,20190511,   73,    0
 18543, 99436,20190512,   78,    0
 18543, 99436,20190513,   86,    0
 18543, 99436,20190514,   94,    0
 18543, 99436,20190515,  110,    0
 18543, 99436,20190516,  105,    0
 18543, 99436,20190517,  131,    0
 18543, 99436,20190518,  107,    0
 18543, 99436,20190519,  101,    0
 18543, 99436,20190520,  104,    0
 18543, 99436,20190521,  101,    0
 18543, 99436,20190522,   98,    0
 18543, 99436,20190523,   91,    0
 18543, 99436,20190524,   95,    0
 18543, 99436,20190525,   89,    0
 18543, 99436,20190526,  102,    0
 18543, 99436,20190527,   82,    0
 18543, 99436,20190528,   69,    0
 18543, 99436,20190529,   84,    0
 18543, 99436,20190530,   90,    0
 18543, 99436,20190531,   97,    0
 18543, 99436,20190601,  109,    0
 18543, 99436,20190602,  111,    0
 18543, 99436,20190603,  114,    0
 18543, 99436,20190604,  109,    0
 18543, 99436,20190605,  110,    0
 18543, 99436,20190606,  108,    0
 18543, 99436,20190607,  117,    0
 18543, 99436,20190608,  123,    0
 18543, 99436,20190609,  106,    0
 18543, 99436,20190610,  106,    0
 18543, 99436,20190611,  104,    0
 18543, 99436,20190612,  118,    0
 18543, 99436,20190613,  115,    0
 18543, 99436,20190614,  116,    0
 18543, 99436,20190615,  125,    0
 18543, 99436,20190616,  120,    0
 18543, 99436,20190617,  126,    0
 18543, 99436,20190618,  125,    0
 18543, 99436,20190619,  124,    0
 18543, 99436,20190620,  121,    0
 18543, 99436,20190621,  115,    0
 18543, 99436,20190622,  125,    0
 18543, 99436,20190623,  136,    0
 18543, 99436,20190624,  134,    0
 18543, 99436,20190625,  126,    0
 18543, 99436,20190626,  113,    0
 18543, 99436,20190627,  113,    0
 18543, 99436,20190628,  112,    0
 18543, 99436,20190629,-9999,    9
 18543, 99436,20190630,-9999,    9
 18543, 99436,20190701,-9999,    9
 18543, 99436,20190702,-9999,    9
 18543, 99436,20190703,-9999,    9
 18543, 99436,20190704,-9999,    9
 18543, 99436,20190705,-9999,    9
 18543, 99436,20190706,-9999,    9
 18543, 99436,20190707,-9999,    9
 18543, 99436,20190708,-9999,    9
 18543, 99436,20190709,-9999,    9
 18543, 99436,20190710,-9999,    9
 18543, 99436,20190711,-9999,    9
 18543, 99436,20190712,-9999,    9
 18543, 99436,20190713,-9999,    9
 18543, 99436,20190714,-9999,    9
 18543, 99436,20190715,-9999,    9
 18543, 99436,20190716,-9999,    9
 18543, 99436,20190717,-9999,    9
 18543, 99436,20190718,-9999,    9
 18543, 99436,20190719,-9999,    9
 18543, 99436,20190720,-9999,    9
 18543, 99436,20190721,-9999,    9
 18543, 99436,20190722,-9999,    9
 18543, 99436,20190723,-9999,    9
 18543, 99436,20190724,-9999,    9
 18543, 99436,20190725,-9999,    9
 18543, 99436,20190726,-9999,    9
 18543, 99436,20190727,-9999,    9
 18543, 99436,20190728,-9999,    9
 18543, 99436,20190729,-9999,    9
 18543, 99436,20190730,-9999,    9
 18543, 99436,20190731,-9999,    9
 18543, 99436,20190801,-9999,    9
 18543, 99436,20190802,-9999,    9
 18543, 99436,20190803,-9999,    9
 18543, 99436,20190804,-9999,    9
 18543, 99436,20190805,-9999,    9
 18543, 99436,20190806,-9999,    9
 18543, 99436,20190807,-9999,    9
 18543, 99436,20190808,-9999,    9
 18543, 99436,20190809,-9999,    9
 18543, 99436,20190810,-9999,    9
 18543, 99436,20190811,-9999,    9
 18543, 99436,20190812,-9999,    9
 18543, 99436,20190813,-9999,    9
 18543, 99436,20190814,-9999,    9
 18543, 99436,20190815,-9999,    9
 18543, 99436,20190816,-9999,    9
 18543, 99436,20190817,-9999,    9
 18543, 99436,20190818,-9999,    9
 18543, 99436,20190819,-9999,    9
 18543, 99436,20190820,-9999,    9
 18543, 99436,20190821,-9999,    9
 18543, 99436,20190822,-9999,    9
 18543, 99436,20190823,-9999,    9
 18543, 99436,20190824,-9999,    9
 18543, 99436,20190825,-9999,    9
 18543, 99436,20190826,-9999,    9
 18543, 99436,20190827,-9999,    9
 18543, 99436,20190828,-9999,    9
 18543, 99436,20190829,-9999,    9
 18543, 99436,20190830,-9999,    9
 18543, 99436,20190831,-9999,    9
 18543, 99436,20190901,-9999,    9
 18543, 99436,20190902,-9999,    9
 18543, 99436,20190903,-9999,    9
 18543, 99436,20190904,-9999,    9
 18543, 99436,20190905,-9999,    9
 18543, 99436,20190906,-9999,    9
 18543, 99436,20190907,-9999,    9
 18543, 99436,20190908,-9999,    9
 18543, 99436,20190909,-9999,    9
 18543, 99436,20190910,-9999,    9
 18543, 99436,20190911,-9999,    9
 18543, 99436,20190912,-9999,    9
 18543, 99436,20190913,-9999,    9
 18543, 99436,20190914,-9999,    9
 18543, 99436,20190915,-9999,    9
 18543, 99436,20190916,-9999,    9
 18543, 99436,20190917,-9999,    9
 18543, 99436,20190918,-9999,    9
 18543, 99436,20190919,-9999,    9
 18543, 99436,20190920,-9999,    9
 18543, 99436,20190921,-9999,    9
 18543, 99436,20190922,-9999,    9
 18543, 99436,20190923,-9999,    9
 18543, 99436,20190924,-9999,    9
 18543, 99436,20190925,-9999,    9
 18543, 99436,20190926,-9999,    9
 18543, 99436,20190927,-9999,    9
 18543, 99436,20190928,-9999,    9
 18543, 99436,20190929,-9999,    9
 18543, 99436,20190930,-9999,    9
 18543, 99436,20191001,-9999,    9
 18543, 99436,20191002,-9999,    9
 18543, 99436,20191003,-9999,    9
 18543, 99436,20191004,-9999,    9
 18543, 99436,20191005,-9999,    9
 18543, 99436,20191006,-9999,    9
 18543, 99436,20191007,-9999,    9
 18543, 99436,20191008,-9999,    9
 18543, 99436,20191009,-9999,    9
 18543, 99436,20191010,-9999,    9
 18543, 99436,20191011,-9999,    9
 18543, 99436,20191012,-9999,    9
 18543, 99436,20191013,-9999,    9
 18543, 99436,20191014,-9999,    9
 18543, 99436,20191015,-9999,    9
 18543, 99436,20191016,-9999,    9
 18543, 99436,20191017,-9999,    9
 18543, 99436,20191018,-9999,    9
 18543, 99436,20191019,-9999,    9
 18543, 99436,20191020,-9999,    9
 18543, 99436,20191021,-9999,    9
 18543, 99436,20191022,-9999,    9
 18543, 99436,20191023,-9999,    9
 18543, 99436,20191024,-9999,    9
 18543, 99436,20191025,-9999,    9
 18543, 99436,20191026,-9999,    9
 18543, 99436,20191027,-9999,    9
 18543, 99436,20191028,-9999,    9
 18543, 99436,20191029,-9999,    9
 18543, 99436,20191030,-9999,    9
 18543, 99436,20191031,-9999,    9
 18543, 99436,20191101,-9999,    9
 18543, 99436,20191102,-9999,    9
 18543, 99436,20191103,-9999,    9
 18543, 99436,20191104,-9999,    9
 18543, 99436,20191105,-9999,    9
 18543, 99436,20191106,-9999,    9
 18543, 99436,20191107,-9999,    9
 18543, 99436,20191108,-9999,    9
 18543, 99436,20191109,-9999,    9
 18543, 99436,20191110,-9999,    9
 18543, 99436,20191111,-9999,    9
 18543, 99436,20191112,-9999,    9
 18543, 99436,20191113,-9999,    9
 18543, 99436,20191114,-9999,    9
 18543, 99436,20191115,-9999,    9
 18543, 99436,20191116,-9999,    9
 18543, 99436,20191117,-9999,    9
 18543, 99436,20191118,-9999,    9
 18543, 99436,20191119,-9999,    9
 18543, 99436,20191120,-9999,    9
 18543, 99436,20191121,-9999,    9
 18543, 99436,20191122,-9999,    9
 18543, 99436,20191123,-9999,    9
 18543, 99436,20191124,-9999,    9
 18543, 99436,20191125,-9999,    9
 18543, 99436,20191126,-9999,    9
 18543, 99436,20191127,-9999,    9
 18543, 99436,20191128,-9999,    9
 18543, 99436,20191129,-9999,    9
 18543, 99436,20191130,-9999,    9
 18543, 99436,20191201,-9999,    9
 18543, 99436,20191202,-9999,    9
 18543, 99436,20191203,-9999,    9
 18543, 99436,20191204,-9999,    9
 18543, 99436,20191205,-9999,    9
 18543, 99436,20191206,-9999,    9
 18543, 99436,20191207,-9999,    9
 18543, 99436,20191208,-9999,    9
 18543, 99436,20191209,-9999,    9
 18543, 99436,20191210,-9999,    9
 18543, 99436,20191211,-9999,    9
 18543, 99436,20191212,-9999,    9
 18543, 99436,20191213,-9999,    9
 18543, 99436,20191214,-9999,    9
 18543, 99436,20191215,-9999,    9
 18543, 99436,20191216,-9999,    9
 18543, 99436,20191217,-9999,    9
 18543, 99436,20191218,-9999,    9
 18543, 99436,20191219,-9999,    9
 18543, 99436,20191220,-9999,    9
 18543, 99436,20191221,-9999,    9
 18543, 99436,20191222,-9999,    9
 18543, 99436,20191223,-9999,    9
 18543, 99436,20191224,-9999,    9
 18543, 99436,20191225,-9999,    9
 18543, 99436,20191226,-9999,    9
 18543, 99436,20191227,-9999,    9
 18543, 99436,20191228,-9999,    9
 18543, 99436,20191229,-9999,    9
 18543, 99436,20191230,-9999,    9
 18543, 99436,20191231,-9999,    9
 18543, 99436,20200101,-9999,    9
 18543, 99436,20200102,-9999,    9
 18543, 99436,20200103,-9999,    9
 18543, 99436,20200104,-9999,    9
 18543, 99436,20200105,-9999,    9
 18543, 99436,20200106,-9999,    9
 18543, 99436,20200107,-9999,    9
 18543, 99436,20200108,-9999,    9
 18543, 99436,20200109,-9999,    9
 18543, 99436,20200110,-9999,    9
 18543, 99436,20200111,-9999,    9
 18543, 99436,20200112,-9999,    9
 18543, 99436,20200113,-9999,    9
 18543, 99436,20200114,-9999,    9
 18543, 99436,20200115,-9999,    9
 18543, 99436,20200116,-9999,    9
 18543, 99436,20200117,-9999,    9
 18543, 99436,20200118,-9999,    9
 18543, 99436,20200119,-9999,    9
 18543, 99436,20200120,-9999,    9
 18543, 99436,20200121,-9999,    9
 18543, 99436,20200122,-9999,    9
 18543, 99436,20200123,-9999,    9
 18543, 99436,20200124,-9999,    9
 18543, 99436,20200125,-9999,    9
 18543, 99436,20200126,-9999,    9
 18543, 99436,20200127,-9999,    9
 18543, 99436,20200128,-9999,    9
 18543, 99436,20200129,-9999,    9
 18543, 99436,20200130,-9999,    9
 18543, 99436,20200131,-9999,    9
 18543, 99436,20200201,-9999,    9
 18543, 99436,20200202,-9999,    9
 18543, 99436,20200203,-9999,    9
 18543, 99436,20200204,-9999,    9
 18543, 99436,20200205,-9999,    9
 18543, 99436,20200206,-9999,    9
 18543, 99436,20200207,-9999,    9
 18543, 99436,20200208,-9999,    9
 18543, 99436,20200209,-9999,    9
 18543, 99436,20200210,-9999,    9
 18543, 99436,20200211,-9999,    9
 18543, 99436,20200212,-9999,    9
 18543, 99436,20200213,-9999,    9
 18543, 99436,20200214,-9999,    9
 18543, 99436,20200215,-9999,    9
 18543, 99436,20200216,-9999,    9
 18543, 99436,20200217,-9999,    9
 18543, 99436,20200218,-9999,    9
 18543, 99436,20200219,-9999,    9
 18543, 99436,20200220,-9999,    9
 18543, 99436,20200221,-9999,    9
 18543, 99436,20200222,-9999,    9
 18543, 99436,20200223,-9999,    9
 18543, 99436,20200224,-9999,    9
 18543, 99436,20200225,-9999,    9
 18543, 99436,20200226,-9999,    9
 18543, 99436,20200227,-9999,    9
 18543, 99436,20200228,-9999,    9
 18543, 99436,20200229,-9999,    9
 18543, 99436,20200301,-9999,    9
 18543, 99436,20200302,-9999,    9
 18543, 99436,20200303,-9999,    9
 18543, 99436,20200304,-9999,    9
 18543, 99436,20200305,-9999,    9
 18543, 99436,20200306,-9999,    9
 18543, 99436,20200307,-9999,    9
 18543, 99436,20200308,-9999,    9
 18543, 99436,20200309,-9999,    9
 18543, 99436,20200310,-9999,    9
 18543, 99436,20200311,-9999,    9
 18543, 99436,20200312,-9999,    9
 18543, 99436,20200313,-9999,    9
 18543, 99436,20200314,-9999,    9
 18543, 99436,20200315,-9999,    9
 18543, 99436,20200316,-9999,    9
 18543, 99436,20200317,-9999,    9
 18543, 99436,20200318,-9999,    9
 18543, 99436,20200319,-9999,    9
 18543, 99436,20200320,-9999,    9
 18543, 99436,20200321,-9999,    9
 18543, 99436,20200322,-9999,    9
 18543, 99436,20200323,-9999,    9
 18543, 99436,20200324,-9999,    9
 18543, 99436,20200325,-9999,    9
 18543, 99436,20200326,-9999,    9
 18543, 99436,20200327,-9999,    9
 18543, 99436,20200328,-9999,    9
 18543, 99436,20200329,-9999,    9
 18543, 99436,20200330,-9999,    9
 18543, 99436,20200331,-9999,    9
 18543, 99436,20200401,-9999,    9
 18543, 99436,20200402,-9999,    9
 18543, 99436,20200403,-9999,    9
 18543, 99436,20200404,-9999,    9
 18543, 99436,20200405,-9999,    9
 18543, 99436,20200406,-9999,    9
 18543, 99436,20200407,-9999,    9
 18543, 99436,20200408,-9999,    9
 18543, 99436,20200409,-9999,    9
 18543, 99436,20200410,-9999,    9
 18543, 99436,20200411,-9999,    9
 18543, 99436,20200412,-9999,    9
 18543, 99436,20200413,-9999,    9
 18543, 99436,20200414,-9999,    9
 18543, 99436,20200415,-9999,    9
 18543, 99436,20200416,-9999,    9
 18543, 99436,20200417,-9999,    9
 18543, 99436,20200418,-9999,    9
 18543, 99436,20200419,-9999,    9
 18543, 99436,20200420,-9999,    9
 18543, 99436,20200421,-9999,    9
 18543, 99436,20200422,-9999,    9
 18543, 99436,20200423,-9999,    9
 18543, 99436,20200424,-9999,    9
 18543, 99436,20200425,-9999,    9
 18543, 99436,20200426,-9999,    9
 18543, 99436,20200427,-9999,    9
 18543, 99436,20200428,-9999,    9
 18543, 99436,20200429,-9999,    9
 18543, 99436,20200430,-9999,    9
 18543, 99436,20200501,-9999,    9
 18543, 99436,20200502,-9999,    9
 18543, 99436,20200503,-9999,    9
 18543, 99436,20200504,-9999,    9
 18543, 99436,20200505,-9999,    9
 18543, 99436,20200506,-9999,    9
 18543, 99436,20200507,-9999,    9
 18543, 99436,20200508,-9999,    9
 18543, 99436,20200509,-9999,    9
 18543, 99436,20200510,-9999,    9
 18543, 99436,20200511,-9999,    9
 18543, 99436,20200512,-9999,    9
 18543, 99436,20200513,-9999,    9
 18543, 99436,20200514,-9999,    9
 18543, 99436,20200515,-9999,    9
 18543, 99436,20200516,-9999,    9
 18543, 99436,20200517,-9999,    9
 18543, 99436,20200518,-9999,    9
 18543, 99436,20200519,-9999,    9
 18543, 99436,20200520,-9999,    9
 18543, 99436,20200521,-9999,    9
 18543, 99436,20200522,-9999,    9
 18543, 99436,20200523,-9999,    9
 18543, 99436,20200524,-9999,    9
 18543, 99436,20200525,-9999,    9
 18543, 99436,20200526,-9999,    9
 18543, 99436,20200527,-9999,    9
 18543, 99436,20200528,-9999,    9
 18543, 99436,20200529,-9999,    9
 18543, 99436,20200530,-9999,    9
 18543, 99436,20200531,-9999,    9
 18543, 99436,20200601,-9999,    9
 18543, 99436,20200602,-9999,    9
 18543, 99436,20200603,-9999,    9
 18543, 99436,20200604,-9999,    9
 18543, 99436,20200605,-9999,    9
 18543, 99436,20200606,-9999,    9
 18543, 99436,20200607,-9999,    9
 18543, 99436,20200608,-9999,    9
 18543, 99436,20200609,-9999,    9
 18543, 99436,20200610,-9999,    9
 18543, 99436,20200611,-9999,    9
 18543, 99436,20200612,-9999,    9
 18543, 99436,20200613,-9999,    9
 18543, 99436,20200614,-9999,    9
 18543, 99436,20200615,-9999,    9
 18543, 99436,20200616,-9999,    9
 18543, 99436,20200617,-9999,    9
 18543, 99436,20200618,-9999,    9
 18543, 99436,20200619,-9999,    9
 18543, 99436,20200620,-9999,    9
 18543, 99436,20200621,-9999,    9
 18543, 99436,20200622,-9999,    9
 18543, 99436,20200623,-9999,    9
 18543, 99436,20200624,-9999,    9
 18543, 99436,20200625,-9999,    9
 18543, 99436,20200626,-9999,    9
 18543, 99436,20200627,-9999,    9
 18543, 99436,20200628,-9999,    9
 18543, 99436,20200629,-9999,    9
 18543, 99436,20200630,-9999,    9
 18543, 99436,20200701,-9999,    9
 18543, 99436,20200702,-9999,    9
 18543, 99436,20200703,-9999,    9
 18543, 99436,20200704,-9999,    9
 18543, 99436,20200705,-9999,    9
 18543, 99436,20200706,-9999,    9
 18543, 99436,20200707,-9999,    9
 18543, 99436,20200708,-9999,    9
 18543, 99436,20200709,-9999,    9
 18543, 99436,20200710,-9999,    9
 18543, 99436,20200711,-9999,    9
 18543, 99436,20200712,-9999,    9
 18543, 99436,20200713,-9999,    9
 18543, 99436,20200714,-9999,    9
 18543, 99436,20200715,-9999,    9
 18543, 99436,20200716,-9999,    9
 18543, 99436,20200717,-9999,    9
 18543, 99436,20200718,-9999,    9
 18543, 99436,20200719,-9999,    9
 18543, 99436,20200720,-9999,    9
 18543, 99436,20200721,-9999,    9
 18543, 99436,20200722,-9999,    9
 18543, 99436,20200723,-9999,    9
 18543, 99436,20200724,-9999,    9
 18543, 99436,20200725,-9999,    9
 18543, 99436,20200726,-9999,    9
 18543, 99436,20200727,-9999,    9
 18543, 99436,20200728,-9999,    9
 18543, 99436,20200729,-9999,    9
 18543, 99436,20200730,-9999,    9
 18543, 99436,20200731,-9999,    9
 18543, 99436,20200801,-9999,    9
 18543, 99436,20200802,-9999,    9
 18543, 99436,20200803,-9999,    9
 18543, 99436,20200804,-9999,    9
 18543, 99436,20200805,-9999,    9
 18543, 99436,20200806,-9999,    9
 18543, 99436,20200807,-9999,    9
 18543, 99436,20200808,-9999,    9
 18543, 99436,20200809,-9999,    9
 18543, 99436,20200810,-9999,    9
 18543, 99436,20200811,-9999,    9
 18543, 99436,20200812,-9999,    9
 18543, 99436,20200813,-9999,    9
 18543, 99436,20200814,-9999,    9
 18543, 99436,20200815,-9999,    9
 18543, 99436,20200816,-9999,    9
 18543, 99436,20200817,-9999,    9
 18543, 99436,20200818,-9999,    9
 18543, 99436,20200819,-9999,    9
 18543, 99436,20200820,-9999,    9
 18543, 99436,20200821,-9999,    9
 18543, 99436,20200822,-9999,    9
 18543, 99436,20200823,-9999,    9
 18543, 99436,20200824,-9999,    9
 18543, 99436,20200825,-9999,    9
 18543, 99436,20200826,-9999,    9
 18543, 99436,20200827,-9999,    9
 18543, 99436,20200828,-9999,    9
 18543, 99436,20200829,-9999,    9
 18543, 99436,20200830,-9999,    9
 18543, 99436,20200831,-9999,    9
 18543, 99436,20200901,-9999,    9
 18543, 99436,20200902,-9999,    9
 18543, 99436,20200903,-9999,    9
 18543, 99436,20200904,-9999,    9
 18543, 99436,20200905,-9999,    9
 18543, 99436,20200906,-9999,    9
 18543, 99436,20200907,-9999,    9
 18543, 99436,20200908,-9999,    9
 18543, 99436,20200909,-9999,    9
 18543, 99436,20200910,-9999,    9
 18543, 99436,20200911,-9999,    9
 18543, 99436,20200912,-9999,    9
 18543, 99436,20200913,-9999,    9
 18543, 99436,20200914,-9999,    9
 18543, 99436,20200915,-9999,    9
 18543, 99436,20200916,-9999,    9
 18543, 99436,20200917,-9999,    9
 18543, 99436,20200918,-9999,    9
 18543, 99436,20200919,-9999,    9
 18543, 99436,20200920,-9999,    9
 18543, 99436,20200921,-9999,    9
 18543, 99436,20200922,-9999,    9
 18543, 99436,20200923,-9999,    9
 18543, 99436,20200924,-9999,    9
 18543, 99436,20200925,-9999,    9
 18543, 99436,20200926,-9999,    9
 18543, 99436,20200927,-9999,    9
 18543, 99436,20200928,-9999,    9
 18543, 99436,20200929,-9999,    9
 18543, 99436,20200930,-9999,    9
 18543, 99436,20201001,-9999,    9
 18543, 99436,20201002,-9999,    9
 18543, 99436,20201003,-9999,    9
 18543, 99436,20201004,-9999,    9
 18543, 99436,20201005,-9999,    9
 18543, 99436,20201006,-9999,    9
 18543, 99436,20201007,-9999,    9
 18543, 99436,20201008,-9999,    9
 18543, 99436,20201009,-9999,    9
 18543, 99436,20201010,-9999,    9
 18543, 99436,20201011,-9999,    9
 18543, 99436,20201012,-9999,    9
 18543, 99436,20201013,-9999,    9
 18543, 99436,20201014,-9999,    9
 18543, 99436,20201015,-9999,    9
 18543, 99436,20201016,-9999,    9
 18543, 99436,20201017,-9999,    9
 18543, 99436,20201018,-9999,    9
 18543, 99436,20201019,-9999,    9
 18543, 99436,20201020,-9999,    9
 18543, 99436,20201021,-9999,    9
 18543, 99436,20201022,-9999,    9
 18543, 99436,20201023,-9999,    9
 18543, 99436,20201024,-9999,    9
 18543, 99436,20201025,-9999,    9
 18543, 99436,20201026,-9999,    9
 18543, 99436,20201027,-9999,    9
 18543, 99436,20201028,-9999,    9
 18543, 99436,20201029,-9999,    9
 18543, 99436,20201030,-9999,    9
 18543, 99436,20201031,-9999,    9
 18543, 99436,20201101,-9999,    9
 18543, 99436,20201102,-9999,    9
 18543, 99436,20201103,-9999,    9
 18543, 99436,20201104,-9999,    9
 18543, 99436,20201105,-9999,    9
 18543, 99436,20201106,-9999,    9
 18543, 99436,20201107,-9999,    9
 18543, 99436,20201108,-9999,    9
 18543, 99436,20201109,-9999,    9
 18543, 99436,20201110,-9999,    9
 18543, 99436,20201111,-9999,    9
 18543, 99436,20201112,-9999,    9
 18543, 99436,20201113,-9999,    9
 18543, 99436,20201114,-9999,    9
 18543, 99436,20201115,-9999,    9
 18543, 99436,20201116,-9999,    9
 18543, 99436,20201117,-9999,    9
 18543, 99436,20201118,-9999,    9
 18543, 99436,20201119,-9999,    9
 18543, 99436,20201120,-9999,    9
 18543, 99436,20201121,-9999,    9
 18543, 99436,20201122,-9999,    9
 18543, 99436,20201123,-9999,    9
 18543, 99436,20201124,-9999,    9
 18543, 99436,20201125,-9999,    9
 18543, 99436,20201126,-9999,    9
 18543, 99436,20201127,-9999,    9
 18543, 99436,20201128,-9999,    9
 18543, 99436,20201129,-9999,    9
 18543, 99436,20201130,-9999,    9
 18543, 99436,20201201,-9999,    9
 18543, 99436,20201202,-9999,    9
 18543, 99436,20201203,-9999,    9
 18543, 99436,20201204,-9999,    9
 18543, 99436,20201205,-9999,    9
 18543, 99436,20201206,-9999,    9
 18543, 99436,20201207,-9999,    9
 18543, 99436,20201208,-9999,    9
 18543, 99436,20201209,-9999,    9
 18543, 99436,20201210,-9999,    9
 18543, 99436,20201211,-9999,    9
 18543, 99436,20201212,-9999,    9
 18543, 99436,20201213,-9999,    9
 18543, 99436,20201214,-9999,    9
 18543, 99436,20201215,-9999,    9
 18543, 99436,20201216,-9999,    9
 18543, 99436,20201217,-9999,    9
 18543, 99436,20201218,-9999,    9
 18543, 99436,20201219,-9999,    9
 18543, 99436,20201220,-9999,    9
 18543, 99436,20201221,-9999,    9
 18543, 99436,20201222,-9999,    9
 18543, 99436,20201223,-9999,    9
 18543, 99436,20201224,-9999,    9
 18543, 99436,20201225,-9999,    9
 18543, 99436,20201226,-9999,    9
 18543, 99436,20201227,-9999,    9
 18543, 99436,20201228,-9999,    9
 18543, 99436,20201229,-9999,    9
 18543, 99436,20201230,-9999,    9
 18543, 99436,20201231,-9999,    9
 18543, 99436,20210101,-9999,    9
 18543, 99436,20210102,-9999,    9
 18543, 99436,20210103,-9999,    9
 18543, 99436,20210104,-9999,    9
 18543, 99436,20210105,-9999,    9
 18543, 99436,20210106,-9999,    9
 18543, 99436,20210107,-9999,    9
 18543, 99436,20210108,-9999,    9
 18543, 99436,20210109,-9999,    9
 18543, 99436,20210110,-9999,    9
 18543, 99436,20210111,-9999,    9
 18543, 99436,20210112,-9999,    9
 18543, 99436,20210113,-9999,    9
 18543, 99436,20210114,-9999,    9
 18543, 99436,20210115,-9999,    9
 18543, 99436,20210116,-9999,    9
 18543, 99436,20210117,-9999,    9
 18543, 99436,20210118,-9999,    9
 18543, 99436,20210119,-9999,    9
 18543, 99436,20210120,-9999,    9
 18543, 99436,20210121,-9999,    9
 18543, 99436,20210122,-9999,    9
 18543, 99436,20210123,-9999,    9
 18543, 99436,20210124,-9999,    9
 18543, 99436,20210125,-9999,    9
 18543, 99436,20210126,-9999,    9
 18543, 99436,20210127,-9999,    9
 18543, 99436,20210128,-9999,    9
 18543, 99436,20210129,-9999,    9
 18543, 99436,20210130,-9999,    9
 18543, 99436,20210131,-9999,    9
 18543, 99436,20210201,-9999,    9
 18543, 99436,20210202,-9999,    9
 18543, 99436,20210203,-9999,    9
 18543, 99436,20210204,-9999,    9
 18543, 99436,20210205,-9999,    9
 18543, 99436,20210206,-9999,    9
 18543, 99436,20210207,-9999,    9
 18543, 99436,20210208,-9999,    9
 18543, 99436,20210209,-9999,    9
 18543, 99436,20210210,-9999,    9
 18543, 99436,20210211,-9999,    9
 18543, 99436,20210212,-9999,    9
 18543, 99436,20210213,-9999,    9
 18543, 99436,20210214,-9999,    9
 18543, 99436,20210215,-9999,    9
 18543, 99436,20210216,-9999,    9
 18543, 99436,20210217,-9999,    9
 18543, 99436,20210218,-9999,    9
 18543, 99436,20210219,-9999,    9
 18543, 99436,20210220,-9999,    9
 18543, 99436,20210221,-9999,    9
 18543, 99436,20210222,-9999,    9
 18543, 99436,20210223,-9999,    9
 18543, 99436,20210224,-9999,    9
 18543, 99436,20210225,-9999,    9
 18543, 99436,20210226,-9999,    9
 18543, 99436,20210227,-9999,    9
 18543, 99436,20210228,-9999,    9
 18543, 99436,20210301,-9999,    9
 18543, 99436,20210302,-9999,    9
 18543, 99436,20210303,-9999,    9
 18543, 99436,20210304,-9999,    9
 18543, 99436,20210305,-9999,    9
 18543, 99436,20210306,-9999,    9
 18543, 99436,20210307,-9999,    9
 18543, 99436,20210308,-9999,    9
 18543, 99436,20210309,-9999,    9
 18543, 99436,20210310,-9999,    9
 18543, 99436,20210311,-9999,    9
 18543, 99436,20210312,-9999,    9
 18543, 99436,20210313,-9999,    9
 18543, 99436,20210314,-9999,    9
 18543, 99436,20210315,-9999,    9
 18543, 99436,20210316,-9999,    9
 18543, 99436,20210317,-9999,    9
 18543, 99436,20210318,-9999,    9
 18543, 99436,20210319,-9999,    9
 18543, 99436,20210320,-9999,    9
 18543, 99436,20210321,-9999,    9
 18543, 99436,20210322,-9999,    9
 18543, 99436,20210323,-9999,    9
 18543, 99436,20210324,-9999,    9
 18543, 99436,20210325,-9999,    9
 18543, 99436,20210326,-9999,    9
 18543, 99436,20210327,-9999,    9
 18543, 99436,20210328,-9999,    9
 18543, 99436,20210329,-9999,    9
 18543, 99436,20210330,-9999,    9
 18543, 99436,20210331,-9999,    9
 18543, 99436,20210401,-9999,    9
 18543, 99436,20210402,-9999,    9
 18543, 99436,20210403,-9999,    9
 18543, 99436,20210404,-9999,    9
 18543, 99436,20210405,-9999,    9
 18543, 99436,20210406,-9999,    9
 18543, 99436,20210407,-9999,    9
 18543, 99436,20210408,-9999,    9
 18543, 99436,20210409,-9999,    9
 18543, 99436,20210410,-9999,    9
 18543, 99436,20210411,-9999,    9
 18543, 99436,20210412,-9999,    9
 18543, 99436,20210413,-9999,    9
 18543, 99436,20210414,-9999,    9
 18543, 99436,20210415,-9999,    9
 18543, 99436,20210416,-9999,    9
 18543, 99436,20210417,-9999,    9
 18543, 99436,20210418,-9999,    9
 18543, 99436,20210419,-9999,    9
 18543, 99436,20210420,-9999,    9
 18543, 99436,20210421,-9999,    9
 18543, 99436,20210422,-9999,    9
 18543, 99436,20210423,-9999,    9
 18543, 99436,20210424,-9999,    9
 18543, 99436,20210425,-9999,    9
 18543, 99436,20210426,-9999,    9
 18543, 99436,20210427,-9999,    9
 18543, 99436,20210428,-9999,    9
 18543, 99436,20210429,-9999,    9
 18543, 99436,20210430,-9999,    9
 18543, 99436,20210501,-9999,    9
 18543, 99436,20210502,-9999,    9
 18543, 99436,20210503,-9999,    9
 18543, 99436,20210504,-9999,    9
 18543, 99436,20210505,-9999,    9
 18543, 99436,20210506,-9999,    9
 18543, 99436,20210507,-9999,    9
 18543, 99436,20210508,-9999,    9
 18543, 99436,20210509,-9999,    9
 18543, 99436,20210510,-9999,    9
 18543, 99436,20210511,-9999,    9
 18543, 99436,20210512,-9999,    9
 18543, 99436,20210513,-9999,    9
 18543, 99436,20210514,-9999,    9
 18543, 99436,20210515,-9999,    9
 18543, 99436,20210516,-9999,    9
 18543, 99436,20210517,-9999,    9
 18543, 99436,20210518,-9999,    9
 18543, 99436,20210519,-9999,    9
 18543, 99436,20210520,-9999,    9
 18543, 99436,20210521,-9999,    9
 18543, 99436,20210522,-9999,    9
 18543, 99436,20210523,-9999,    9
 18543, 99436,20210524,-9999,    9
 18543, 99436,20210525,-9999,    9
 18543, 99436,20210526,-9999,    9
 18543, 99436,20210527,-9999,    9
 18543, 99436,20210528,-9999,    9
 18543, 99436,20210529,-9999,    9
 18543, 99436,20210530,-9999,    9
 18543, 99436,20210531,-9999,    9
 18543, 99436,20210601,-9999,    9
 18543, 99436,20210602,-9999,    9
 18543, 99436,20210603,-9999,    9
 18543, 99436,20210604,-9999,    9
 18543, 99436,20210605,-9999,    9
 18543, 99436,20210606,-9999,    9
 18543, 99436,20210607,-9999,    9
 18543, 99436,20210608,-9999,    9
 18543, 99436,20210609,-9999,    9
 18543, 99436,20210610,-9999,    9
 18543, 99436,20210611,-9999,    9
 18543, 99436,20210612,-9999,    9
 18543, 99436,20210613,-9999,    9
 18543, 99436,20210614,-9999,    9
 18543, 99436,20210615,-9999,    9
 18543, 99436,20210616,-9999,    9
 18543, 99436,20210617,-9999,    9
 18543, 99436,20210618,-9999,    9
 18543, 99436,20210619,-9999,    9
 18543, 99436,20210620,-9999,    9
 18543, 99436,20210621,-9999,    9
 18543, 99436,20210622,-9999,    9
 18543, 99436,20210623,-9999,    9
 18543, 99436,20210624,-9999,    9
 18543, 99436,20210625,-9999,    9
 18543, 99436,20210626,-9999,    9
 18543, 99436,20210627,-9999,    9
 18543, 99436,20210628,-9999,    9
 18543, 99436,20210629,-9999,    9
 18543, 99436,20210630,-9999,    9
 18543, 99436,20210701,-9999,    9
 18543, 99436,20210702,-9999,    9
 18543, 99436,20210703,-9999,    9
 18543, 99436,20210704,-9999,    9
 18543, 99436,20210705,-9999,    9
 18543, 99436,20210706,-9999,    9
 18543, 99436,20210707,-9999,    9
 18543, 99436,20210708,-9999,    9
 18543, 99436,20210709,-9999,    9
 18543, 99436,20210710,-9999,    9
 18543, 99436,20210711,-9999,    9
 18543, 99436,20210712,-9999,    9
 18543, 99436,20210713,-9999,    9
 18543, 99436,20210714,-9999,    9
 18543, 99436,20210715,  149,    0
 18543, 99436,20210716,-9999,    9
 18543, 99436,20210717,  157,    0
 18543, 99436,20210718,-9999,    9
 18543, 99436,20210719,-9999,    9
 18543, 99436,20210720,-9999,    9
 18543, 99436,20210721,-9999,    9
 18543, 99436,20210722,-9999,    9
 18543, 99436,20210723,-9999,    9
 18543, 99436,20210724,-9999,    9
 18543, 99436,20210725,-9999,    9
 18543, 99436,20210726,-9999,    9
 18543, 99436,20210727,-9999,    9
 18543, 99436,20210728,-9999,    9
 18543, 99436,20210729,-9999,    9
 18543, 99436,20210730,-9999,    9
 18543, 99436,20210731,-9999,    9
 18543, 99436,20210801,-9999,    9
 18543, 99436,20210802,  117,    0
 18543, 99436,20210803,-9999,    9
 18543, 99436,20210804,-9999,    9
 18543, 99436,20210805,  159,    0
 18543, 99436,20210806,  164,    0
 18543, 99436,20210807,  159,    0
 18543, 99436,20210808,  153,    0
 18543, 99436,20210809,  157,    0
 18543, 99436,20210810,  152,    0
 18543, 99436,20210811,  144,    0
 18543, 99436,20210812,  163,    0
 18543, 99436,20210813,-9999,    9
 18543, 99436,20210814,-9999,    9
 18543, 99436,20210815,-9999,    9
 18543, 99436,20210816,  119,    0
 18543, 99436,20210817,  135,    0
 18543, 99436,20210818,  134,    0
 18543, 99436,20210819,-9999,    9
 18543, 99436,20210820,-9999,    9
 18543, 99436,20210821,-9999,    9
 18543, 99436,20210822,-9999,    9
 18543, 99436,20210823,  147,    0
 18543, 99436,20210824,  146,    0
 18543, 99436,20210825,-9999,    9
 18543, 99436,20210826,-9999,    9
 18543, 99436,20210827,-9999,    9
 18543, 99436,20210828,-9999,    9
 18543, 99436,20210829,  141,    0
 18543, 99436,20210830,  144,    0
 18543, 99436,20210831,  142,    0
 18543, 99436,20210901,-9999,    9
 18543, 99436,20210902,-9999,    9
 18543, 99436,20210903,-9999,    9
 18543, 99436,20210904,-9999,    9
 18543, 99436,20210905,-9999,    9
 18543, 99436,20210906,-9999,    9
 18543, 99436,20210907,  151,    0
 18543, 99436,20210908,  156,    0
 18543, 99436,20210909,  163,    0
 18543, 99436,20210910,  163,    0
 18543, 99436,20210911,  153,    0
 18543, 99436,20210912,  137,    0
 18543, 99436,20210913,  139,    0
 18543, 99436,20210914,  144,    0
 18543, 99436,20210915,  145,    0
 18543, 99436,20210916,  147,    0
 18543, 99436,20210917,  148,    0
 18543, 99436,20210918,  145,    0
 18543, 99436,20210919,  155,    0
 18543, 99436,20210920,  144,    0
 18543, 99436,20210921,  140,    0
 18543, 99436,20210922,-9999,    9
 18543, 99436,20210923,-9999,    9
 18543, 99436,20210924,  128,    0
 18543, 99436,20210925,-9999,    9
 18543, 99436,20210926,-9999,    9
 18543, 99436,20210927,  148,    0
 18543, 99436,20210928,-9999,    9
 18543, 99436,20210929,-9999,    9
 18543, 99436,20210930,  113,    0
 18543, 99436,20211001,-9999,    9
 18543, 99436,20211002,-9999,    9
 18543, 99436,20211003,-9999,    9
 18543, 99436,20211004,-9999,    9
 18543, 99436,20211005,-9999,    9
 18543, 99436,20211006,-9999,    9
 18543, 99436,20211007,-9999,    9
 18543, 99436,20211008,-9999,    9
 18543, 99436,20211009,-9999,    9
 18543, 99436,20211010,-9999,    9
 18543, 99436,20211011,  101,    0
 18543, 99436,20211012,-9999,    9
 18543, 99436,20211013,-9999,    9
 18543, 99436,20211014,-9999,    9
 18543, 99436,20211015,-9999,    9
 18543, 99436,20211016,-9999,    9
 18543, 99436,20211017,-9999,    9
 18543, 99436,20211018,-9999,    9
 18543, 99436,20211019,-9999,    9
 18543, 99436,20211020,-9999,    9
 18543, 99436,20211021,-9999,    9
 18543, 99436,20211022,-9999,    9
 18543, 99436,20211023,-9999,    9
 18543, 99436,20211024,-9999,    9
 18543, 99436,20211025,-9999,    9
 18543, 99436,20211026,-9999,    9
 18543, 99436,20211027,-9999,    9
 18543, 99436,20211028,-9999,    9
 18543, 99436,20211029,-9999,    9
 18543, 99436,20211030,-9999,    9
 18543, 99436,20211031,-9999,    9
 18543, 99436,20211101,-9999,    9
 18543, 99436,20211102,-9999,    9
 18543, 99436,20211103,-9999,    9
 18543, 99436,20211104,-9999,    9
 18543, 99436,20211105,-9999,    9
 18543, 99436,20211106,-9999,    9
 18543, 99436,20211107,-9999,    9
 18543, 99436,20211108,-9999,    9
 18543, 99436,20211109,-9999,    9
 18543, 99436,20211110,-9999,    9
 18543, 99436,20211111,-9999,    9
 18543, 99436,20211112,-9999,    9
 18543, 99436,20211113,-9999,    9
 18543, 99436,20211114,-9999,    9
 18543, 99436,20211115,-9999,    9
 18543, 99436,20211116,-9999,    9
 18543, 99436,20211117,-9999,    9
 18543, 99436,20211118,-9999,    9
 18543, 99436,20211119,-9999,    9
 18543, 99436,20211120,-9999,    9
 18543, 99436,20211121,-9999,    9
 18543, 99436,20211122,-9999,    9
 18543, 99436,20211123,-9999,    9
 18543, 99436,20211124,-9999,    9
 18543, 99436,20211125,-9999,    9
 18543, 99436,20211126,-9999,    9
 18543, 99436,20211127,-9999,    9
 18543, 99436,20211128,-9999,    9
 18543, 99436,20211129,-9999,    9
 18543, 99436,20211130,-9999,    9
 18543, 99436,20211201,-9999,    9
 18543, 99436,20211202,-9999,    9
 18543, 99436,20211203,-9999,    9
 18543, 99436,20211204,-9999,    9
 18543, 99436,20211205,-9999,    9
 18543, 99436,20211206,-9999,    9
 18543, 99436,20211207,-9999,    9
 18543, 99436,20211208,-9999,    9
 18543, 99436,20211209,-9999,    9
 18543, 99436,20211210,-9999,    9
 18543, 99436,20211211,-9999,    9
 18543, 99436,20211212,-9999,    9
 18543, 99436,20211213,-9999,    9
 18543, 99436,20211214,-9999,    9
 18543, 99436,20211215,-9999,    9
 18543, 99436,20211216,-9999,    9
 18543, 99436,20211217,-9999,    9
 18543, 99436,20211218,-9999,    9
 18543, 99436,20211219,-9999,    9
 18543, 99436,20211220,-9999,    9
 18543, 99436,20211221,-9999,    9
 18543, 99436,20211222,-9999,    9
 18543, 99436,20211223,-9999,    9
 18543, 99436,20211224,-9999,    9
 18543, 99436,20211225,-9999,    9
 18543, 99436,20211226,-9999,    9
 18543, 99436,20211227,-9999,    9
 18543, 99436,20211228,-9999,    9
 18543, 99436,20211229,-9999,    9
 18543, 99436,20211230,-9999,    9
 18543, 99436,20211231,-9999,    9
 18543, 99436,20220101,-9999,    9
 18543, 99436,20220102,-9999,    9
 18543, 99436,20220103,-9999,    9
 18543, 99436,20220104,-9999,    9
 18543, 99436,20220105,-9999,    9
 18543, 99436,20220106,-9999,    9
 18543, 99436,20220107,-9999,    9
 18543, 99436,20220108,-9999,    9
 18543, 99436,20220109,-9999,    9
 18543, 99436,20220110,-9999,    9
 18543, 99436,20220111,-9999,    9
 18543, 99436,20220112,-9999,    9
 18543, 99436,20220113,-9999,    9
 18543, 99436,20220114,-9999,    9
 18543, 99436,20220115,-9999,    9
 18543, 99436,20220116,-9999,    9
 18543, 99436,20220117,-9999,    9
 18543, 99436,20220118,-9999,    9
 18543, 99436,20220119,-9999,    9
 18543, 99436,20220120,-9999,    9
 18543, 99436,20220121,-9999,    9
 18543, 99436,20220122,-9999,    9
 18543, 99436,20220123,-9999,    9
 18543, 99436,20220124,-9999,    9
 18543, 99436,20220125,-9999,    9
 18543, 99436,20220126,-9999,    9
 18543, 99436,20220127,-9999,    9
 18543, 99436,20220128,-9999,    9
 18543, 99436,20220129,-9999,    9
 18543, 99436,20220130,-9999,    9
 18543, 99436,20220131,-9999,    9
 18543, 99436,20220201,-9999,    9
 18543, 99436,20220202,-9999,    9
 18543, 99436,20220203,-9999,    9
 18543, 99436,20220204,-9999,    9
 18543, 99436,20220205,-9999,    9
 18543, 99436,20220206,-9999,    9
 18543, 99436,20220207,-9999,    9
 18543, 99436,20220208,-9999,    9
 18543, 99436,20220209,-9999,    9
 18543, 99436,20220210,-9999,    9
 18543, 99436,20220211,-9999,    9
 18543, 99436,20220212,-9999,    9
 18543, 99436,20220213,-9999,    9
 18543, 99436,20220214,-9999,    9
 18543, 99436,20220215,-9999,    9
 18543, 99436,20220216,-9999,    9
 18543, 99436,20220217,-9999,    9
 18543, 99436,20220218,-9999,    9
 18543, 99436,20220219,-9999,    9
 18543, 99436,20220220,-9999,    9
 18543, 99436,20220221,-9999,    9
 18543, 99436,20220222,-9999,    9
 18543, 99436,20220223,-9999,    9
 18543, 99436,20220224,-9999,    9
 18543, 99436,20220225,-9999,    9
 18543, 99436,20220226,-9999,    9
 18543, 99436,20220227,-9999,    9
 18543, 99436,20220228,-9999,    9
 18543, 99436,20220301,-9999,    9
 18543, 99436,20220302,-9999,    9
 18543, 99436,20220303,-9999,    9
 18543, 99436,20220304,-9999,    9
 18543, 99436,20220305,-9999,    9
 18543, 99436,20220306,-9999,    9
 18543, 99436,20220307,-9999,    9
 18543, 99436,20220308,-9999,    9
 18543, 99436,20220309,-9999,    9
 18543, 99436,20220310,-9999,    9
 18543, 99436,20220311,-9999,    9
 18543, 99436,20220312,-9999,    9
 18543, 99436,20220313,-9999,    9
 18543, 99436,20220314,-9999,    9
 18543, 99436,20220315,-9999,    9
 18543, 99436,20220316,-9999,    9
 18543, 99436,20220317,-9999,    9
 18543, 99436,20220318,-9999,    9
 18543, 99436,20220319,-9999,    9
 18543, 99436,20220320,-9999,    9
 18543, 99436,20220321,-9999,    9
 18543, 99436,20220322,-9999,    9
 18543, 99436,20220323,-9999,    9
 18543, 99436,20220324,-9999,    9
 18543, 99436,20220325,-9999,    9
 18543, 99436,20220326,-9999,    9
 18543, 99436,20220327,-9999,    9
 18543, 99436,20220328,-9999,    9
 18543, 99436,20220329,-9999,    9
 18543, 99436,20220330,-9999,    9
 18543, 99436,20220331,-9999,    9
 18543, 99436,20220401,-9999,    9
 18543, 99436,20220402,-9999,    9
 18543, 99436,20220403,-9999,    9
 18543, 99436,20220404,-9999,    9
 18543, 99436,20220405,-9999,    9
 18543, 99436,20220406,-9999,    9
 18543, 99436,20220407,-9999,    9
 18543, 99436,20220408,-9999,    9
 18543, 99436,20220409,-9999,    9
 18543, 99436,20220410,-9999,    9
 18543, 99436,20220411,-9999,    9
 18543, 99436,20220412,-9999,    9
 18543, 99436,20220413,-9999,    9
 18543, 99436,20220414,-9999,    9
 18543, 99436,20220415,-9999,    9
 18543, 99436,20220416,-9999,    9
 18543, 99436,20220417,-9999,    9
 18543, 99436,20220418,-9999,    9
 18543, 99436,20220419,-9999,    9
 18543, 99436,20220420,-9999,    9
 18543, 99436,20220421,-9999,    9
 18543, 99436,20220422,-9999,    9
 18543, 99436,20220423,-9999,    9
 18543, 99436,20220424,-9999,    9
 18543, 99436,20220425,-9999,    9
 18543, 99436,20220426,-9999,    9
 18543, 99436,20220427,-9999,    9
 18543, 99436,20220428,-9999,    9
 18543, 99436,20220429,-9999,    9
 18543, 99436,20220430,-9999,    9
 18543, 99436,20220501,-9999,    9
 18543, 99436,20220502,-9999,    9
 18543, 99436,20220503,-9999,    9
 18543, 99436,20220504,-9999,    9
 18543, 99436,20220505,-9999,    9
 18543, 99436,20220506,-9999,    9
 18543, 99436,20220507,-9999,    9
 18543, 99436,20220508,-9999,    9
 18543, 99436,20220509,-9999,    9
 18543, 99436,20220510,-9999,    9
 18543, 99436,20220511,-9999,    9
 18543, 99436,20220512,-9999,    9
 18543, 99436,20220513,-9999,    9
 18543, 99436,20220514,-9999,    9
 18543, 99436,20220515,-9999,    9
 18543, 99436,20220516,-9999,    9
 18543, 99436,20220517,-9999,    9
 18543, 99436,20220518,-9999,    9
 18543, 99436,20220519,-9999,    9
 18543, 99436,20220520,-9999,    9
 18543, 99436,20220521,-9999,    9
 18543, 99436,20220522,-9999,    9
 18543, 99436,20220523,-9999,    9
 18543, 99436,20220524,-9999,    9
 18543, 99436,20220525,-9999,    9
 18543, 99436,20220526,-9999,    9
 18543, 99436,20220527,-9999,    9
 18543, 99436,20220528,-9999,    9
 18543, 99436,20220529,-9999,    9
 18543, 99436,20220530,-9999,    9
 18543, 99436,20220531,-9999,    9
 18543, 99436,20220601,-9999,    9
 18543, 99436,20220602,-9999,    9
 18543, 99436,20220603,-9999,    9
 18543, 99436,20220604,-9999,    9
 18543, 99436,20220605,-9999,    9
 18543, 99436,20220606,-9999,    9
 18543, 99436,20220607,-9999,    9
 18543, 99436,20220608,-9999,    9
 18543, 99436,20220609,-9999,    9
 18543, 99436,20220610,-9999,    9
 18543, 99436,20220611,-9999,    9
 18543, 99436,20220612,-9999,    9
 18543, 99436,20220613,-9999,    9
 18543, 99436,20220614,-9999,    9
 18543, 99436,20220615,-9999,    9
 18543, 99436,20220616,-9999,    9
 18543, 99436,20220617,-9999,    9
 18543, 99436,20220618,-9999,    9
 18543, 99436,20220619,-9999,    9
 18543, 99436,20220620,-9999,    9
 18543, 99436,20220621,-9999,    9
 18543, 99436,20220622,-9999,    9
 18543, 99436,20220623,-9999,    9
 18543, 99436,20220624,-9999,    9
 18543, 99436,20220625,-9999,    9
 18543, 99436,20220626,-9999,    9
 18543, 99436,20220627,-9999,    9
 18543, 99436,20220628,-9999,    9
 18543, 99436,20220629,-9999,    9
 18543, 99436,20220630,-9999,    9
 18543, 99436,20220701,-9999,    9
 18543, 99436,20220702,-9999,    9
 18543, 99436,20220703,-9999,    9
 18543, 99436,20220704,-9999,    9
 18543, 99436,20220705,-9999,    9
 18543, 99436,20220706,-9999,    9
 18543, 99436,20220707,-9999,    9
 18543, 99436,20220708,-9999,    9
 18543, 99436,20220709,-9999,    9
 18543, 99436,20220710,-9999,    9
 18543, 99436,20220711,-9999,    9
 18543, 99436,20220712,-9999,    9
 18543, 99436,20220713,-9999,    9
 18543, 99436,20220714,-9999,    9
 18543, 99436,20220715,-9999,    9
 18543, 99436,20220716,-9999,    9
 18543, 99436,20220717,-9999,    9
 18543, 99436,20220718,-9999,    9
 18543, 99436,20220719,-9999,    9
 18543, 99436,20220720,-9999,    9
 18543, 99436,20220721,-9999,    9
 18543, 99436,20220722,-9999,    9
 18543, 99436,20220723,-9999,    9
 18543, 99436,20220724,-9999,    9
 18543, 99436,20220725,-9999,    9
 18543, 99436,20220726,-9999,    9
 18543, 99436,20220727,-9999,    9
 18543, 99436,20220728,-9999,    9
 18543, 99436,20220729,-9999,    9
 18543, 99436,20220730,-9999,    9
 18543, 99436,20220731,-9999,    9
 18543, 99436,20220801,-9999,    9
 18543, 99436,20220802,-9999,    9
 18543, 99436,20220803,-9999,    9
 18543, 99436,20220804,-9999,    9
 18543, 99436,20220805,-9999,    9
 18543, 99436,20220806,-9999,    9
 18543, 99436,20220807,-9999,    9
 18543, 99436,20220808,-9999,    9
 18543, 99436,20220809,-9999,    9
 18543, 99436,20220810,-9999,    9
 18543, 99436,20220811,-9999,    9
 18543, 99436,20220812,-9999,    9
 18543, 99436,20220813,-9999,    9
 18543, 99436,20220814,-9999,    9
 18543, 99436,20220815,-9999,    9
 18543, 99436,20220816,-9999,    9
 18543, 99436,20220817,-9999,    9
 18543, 99436,20220818,-9999,    9
 18543, 99436,20220819,-9999,    9
 18543, 99436,20220820,-9999,    9
 18543, 99436,20220821,-9999,    9
 18543, 99436,20220822,-9999,    9
 18543, 99436,20220823,-9999,    9
 18543, 99436,20220824,-9999,    9
 18543, 99436,20220825,-9999,    9
 18543, 99436,20220826,-9999,    9
 18543, 99436,20220827,-9999,    9
 18543, 99436,20220828,-9999,    9
 18543, 99436,20220829,-9999,    9
 18543, 99436,20220830,-9999,    9
 18543, 99436,20220831,-9999,    9
 18543, 99436,20220901,-9999,    9
 18543, 99436,20220902,-9999,    9
 18543, 99436,20220903,-9999,    9
 18543, 99436,20220904,-9999,    9
 18543, 99436,20220905,-9999,    9
 18543, 99436,20220906,-9999,    9
 18543, 99436,20220907,-9999,    9
 18543, 99436,20220908,-9999,    9
 18543, 99436,20220909,-9999,    9
 18543, 99436,20220910,-9999,    9
 18543, 99436,20220911,-9999,    9
 18543, 99436,20220912,-9999,    9
 18543, 99436,20220913,-9999,    9
 18543, 99436,20220914,-9999,    9
 18543, 99436,20220915,-9999,    9
 18543, 99436,20220916,-9999,    9
 18543, 99436,20220917,-9999,    9
 18543, 99436,20220918,-9999,    9
 18543, 99436,20220919,-9999,    9
 18543, 99436,20220920,-9999,    9
 18543, 99436,20220921,-9999,    9
 18543, 99436,20220922,-9999,    9
 18543, 99436,20220923,-9999,    9
 18543, 99436,20220924,-9999,    9
 18543, 99436,20220925,-9999,    9
 18543, 99436,20220926,-9999,    9
 18543, 99436,20220927,-9999,    9
 18543, 99436,20220928,-9999,    9
 18543, 99436,20220929,-9999,    9
 18543, 99436,20220930,-9999,    9
 18543, 99436,20221001,-9999,    9
 18543, 99436,20221002,-9999,    9
 18543, 99436,20221003,-9999,    9
 18543, 99436,20221004,-9999,    9
 18543, 99436,20221005,-9999,    9
 18543, 99436,20221006,-9999,    9
 18543, 99436,20221007,-9999,    9
 18543, 99436,20221008,-9999,    9
 18543, 99436,20221009,-9999,    9
 18543, 99436,20221010,-9999,    9
 18543, 99436,20221011,-9999,    9
 18543, 99436,20221012,-9999,    9
 18543, 99436,20221013,-9999,    9
 18543, 99436,20221014,-9999,    9
 18543, 99436,20221015,-9999,    9
 18543, 99436,20221016,-9999,    9
 18543, 99436,20221017,-9999,    9
 18543, 99436,20221018,-9999,    9
 18543, 99436,20221019,-9999,    9
 18543, 99436,20221020,-9999,    9
 18543, 99436,20221021,-9999,    9
 18543, 99436,20221022,-9999,    9
 18543, 99436,20221023,-9999,    9
 18543, 99436,20221024,-9999,    9
 18543, 99436,20221025,-9999,    9
 18543, 99436,20221026,-9999,    9
 18543, 99436,20221027,-9999,    9
 18543, 99436,20221028,-9999,    9
 18543, 99436,20221029,-9999,    9
 18543, 99436,20221030,-9999,    9
 18543, 99436,20221031,-9999,    9
