EUROPEAN CLIMATE ASSESSMENT & DATASET (ECA&D), file created on: 16-11-2022
THESE DATA CAN BE USED FOR NON-COMMERCIAL RESEARCH AND EDUCATION PROVIDED THAT THE FOLLOWING SOURCE IS ACKNOWLEDGED: 

Klein Tank, A.M.G. and Coauthors, 2002. Daily dataset of 20th-century surface
air temperature and precipitation series for the European Climate Assessment.
Int. J. of Climatol., 22, 1441-1453.
Data and metadata available at http://www.ecad.eu

FILE FORMAT (MISSING VALUE CODE = -9999):

01-06 STAID: Station identifier
08-13 SOUID: Source identifier
15-22 DATE : Date YYYYMMDD
24-28 TG   : Mean temperature in 0.1 &#176;C
30-34 Q_TG : quality code for TG (0='valid'; 1='suspect'; 9='missing')

This is the blended series of station ULA, NORWAY (STAID: 18429)
Blended and updated with sources:99216 
See files sources.txt and stations.txt for more info.

STAID, SOUID,    DATE,   TG, Q_TG
 18429, 99216,20161101,-9999,    9
 18429, 99216,20161102,-9999,    9
 18429, 99216,20161103,-9999,    9
 18429, 99216,20161104,-9999,    9
 18429, 99216,20161105,-9999,    9
 18429, 99216,20161106,-9999,    9
 18429, 99216,20161107,-9999,    9
 18429, 99216,20161108,-9999,    9
 18429, 99216,20161109,-9999,    9
 18429, 99216,20161110,-9999,    9
 18429, 99216,20161111,-9999,    9
 18429, 99216,20161112,-9999,    9
 18429, 99216,20161113,-9999,    9
 18429, 99216,20161114,  102,    0
 18429, 99216,20161115,-9999,    9
 18429, 99216,20161116,-9999,    9
 18429, 99216,20161117,-9999,    9
 18429, 99216,20161118,-9999,    9
 18429, 99216,20161119,-9999,    9
 18429, 99216,20161120,-9999,    9
 18429, 99216,20161121,-9999,    9
 18429, 99216,20161122,-9999,    9
 18429, 99216,20161123,-9999,    9
 18429, 99216,20161124,-9999,    9
 18429, 99216,20161125,-9999,    9
 18429, 99216,20161126,-9999,    9
 18429, 99216,20161127,-9999,    9
 18429, 99216,20161128,-9999,    9
 18429, 99216,20161129,-9999,    9
 18429, 99216,20161130,-9999,    9
 18429, 99216,20161201,-9999,    9
 18429, 99216,20161202,-9999,    9
 18429, 99216,20161203,-9999,    9
 18429, 99216,20161204,-9999,    9
 18429, 99216,20161205,-9999,    9
 18429, 99216,20161206,-9999,    9
 18429, 99216,20161207,-9999,    9
 18429, 99216,20161208,-9999,    9
 18429, 99216,20161209,-9999,    9
 18429, 99216,20161210,-9999,    9
 18429, 99216,20161211,-9999,    9
 18429, 99216,20161212,-9999,    9
 18429, 99216,20161213,-9999,    9
 18429, 99216,20161214,-9999,    9
 18429, 99216,20161215,-9999,    9
 18429, 99216,20161216,-9999,    9
 18429, 99216,20161217,-9999,    9
 18429, 99216,20161218,-9999,    9
 18429, 99216,20161219,-9999,    9
 18429, 99216,20161220,-9999,    9
 18429, 99216,20161221,-9999,    9
 18429, 99216,20161222,-9999,    9
 18429, 99216,20161223,-9999,    9
 18429, 99216,20161224,-9999,    9
 18429, 99216,20161225,-9999,    9
 18429, 99216,20161226,-9999,    9
 18429, 99216,20161227,-9999,    9
 18429, 99216,20161228,-9999,    9
 18429, 99216,20161229,-9999,    9
 18429, 99216,20161230,-9999,    9
 18429, 99216,20161231,-9999,    9
 18429, 99216,20170101,-9999,    9
 18429, 99216,20170102,-9999,    9
 18429, 99216,20170103,-9999,    9
 18429, 99216,20170104,-9999,    9
 18429, 99216,20170105,-9999,    9
 18429, 99216,20170106,-9999,    9
 18429, 99216,20170107,-9999,    9
 18429, 99216,20170108,-9999,    9
 18429, 99216,20170109,-9999,    9
 18429, 99216,20170110,-9999,    9
 18429, 99216,20170111,-9999,    9
 18429, 99216,20170112,-9999,    9
 18429, 99216,20170113,-9999,    9
 18429, 99216,20170114,-9999,    9
 18429, 99216,20170115,-9999,    9
 18429, 99216,20170116,-9999,    9
 18429, 99216,20170117,-9999,    9
 18429, 99216,20170118,-9999,    9
 18429, 99216,20170119,-9999,    9
 18429, 99216,20170120,-9999,    9
 18429, 99216,20170121,-9999,    9
 18429, 99216,20170122,-9999,    9
 18429, 99216,20170123,-9999,    9
 18429, 99216,20170124,-9999,    9
 18429, 99216,20170125,-9999,    9
 18429, 99216,20170126,-9999,    9
 18429, 99216,20170127,-9999,    9
 18429, 99216,20170128,-9999,    9
 18429, 99216,20170129,-9999,    9
 18429, 99216,20170130,-9999,    9
 18429, 99216,20170131,-9999,    9
 18429, 99216,20170201,-9999,    9
 18429, 99216,20170202,-9999,    9
 18429, 99216,20170203,-9999,    9
 18429, 99216,20170204,-9999,    9
 18429, 99216,20170205,-9999,    9
 18429, 99216,20170206,-9999,    9
 18429, 99216,20170207,-9999,    9
 18429, 99216,20170208,-9999,    9
 18429, 99216,20170209,-9999,    9
 18429, 99216,20170210,-9999,    9
 18429, 99216,20170211,-9999,    9
 18429, 99216,20170212,-9999,    9
 18429, 99216,20170213,-9999,    9
 18429, 99216,20170214,-9999,    9
 18429, 99216,20170215,-9999,    9
 18429, 99216,20170216,-9999,    9
 18429, 99216,20170217,-9999,    9
 18429, 99216,20170218,-9999,    9
 18429, 99216,20170219,-9999,    9
 18429, 99216,20170220,-9999,    9
 18429, 99216,20170221,-9999,    9
 18429, 99216,20170222,-9999,    9
 18429, 99216,20170223,-9999,    9
 18429, 99216,20170224,-9999,    9
 18429, 99216,20170225,-9999,    9
 18429, 99216,20170226,-9999,    9
 18429, 99216,20170227,-9999,    9
 18429, 99216,20170228,-9999,    9
 18429, 99216,20170301,-9999,    9
 18429, 99216,20170302,-9999,    9
 18429, 99216,20170303,-9999,    9
 18429, 99216,20170304,-9999,    9
 18429, 99216,20170305,-9999,    9
 18429, 99216,20170306,-9999,    9
 18429, 99216,20170307,-9999,    9
 18429, 99216,20170308,-9999,    9
 18429, 99216,20170309,-9999,    9
 18429, 99216,20170310,-9999,    9
 18429, 99216,20170311,-9999,    9
 18429, 99216,20170312,-9999,    9
 18429, 99216,20170313,-9999,    9
 18429, 99216,20170314,-9999,    9
 18429, 99216,20170315,-9999,    9
 18429, 99216,20170316,-9999,    9
 18429, 99216,20170317,-9999,    9
 18429, 99216,20170318,-9999,    9
 18429, 99216,20170319,-9999,    9
 18429, 99216,20170320,-9999,    9
 18429, 99216,20170321,-9999,    9
 18429, 99216,20170322,-9999,    9
 18429, 99216,20170323,-9999,    9
 18429, 99216,20170324,-9999,    9
 18429, 99216,20170325,-9999,    9
 18429, 99216,20170326,-9999,    9
 18429, 99216,20170327,-9999,    9
 18429, 99216,20170328,-9999,    9
 18429, 99216,20170329,-9999,    9
 18429, 99216,20170330,-9999,    9
 18429, 99216,20170331,-9999,    9
 18429, 99216,20170401,-9999,    9
 18429, 99216,20170402,-9999,    9
 18429, 99216,20170403,-9999,    9
 18429, 99216,20170404,-9999,    9
 18429, 99216,20170405,-9999,    9
 18429, 99216,20170406,-9999,    9
 18429, 99216,20170407,-9999,    9
 18429, 99216,20170408,-9999,    9
 18429, 99216,20170409,-9999,    9
 18429, 99216,20170410,-9999,    9
 18429, 99216,20170411,-9999,    9
 18429, 99216,20170412,-9999,    9
 18429, 99216,20170413,-9999,    9
 18429, 99216,20170414,-9999,    9
 18429, 99216,20170415,-9999,    9
 18429, 99216,20170416,-9999,    9
 18429, 99216,20170417,-9999,    9
 18429, 99216,20170418,-9999,    9
 18429, 99216,20170419,-9999,    9
 18429, 99216,20170420,-9999,    9
 18429, 99216,20170421,-9999,    9
 18429, 99216,20170422,-9999,    9
 18429, 99216,20170423,-9999,    9
 18429, 99216,20170424,-9999,    9
 18429, 99216,20170425,-9999,    9
 18429, 99216,20170426,-9999,    9
 18429, 99216,20170427,-9999,    9
 18429, 99216,20170428,-9999,    9
 18429, 99216,20170429,-9999,    9
 18429, 99216,20170430,-9999,    9
 18429, 99216,20170501,-9999,    9
 18429, 99216,20170502,-9999,    9
 18429, 99216,20170503,-9999,    9
 18429, 99216,20170504,-9999,    9
 18429, 99216,20170505,-9999,    9
 18429, 99216,20170506,-9999,    9
 18429, 99216,20170507,-9999,    9
 18429, 99216,20170508,-9999,    9
 18429, 99216,20170509,-9999,    9
 18429, 99216,20170510,-9999,    9
 18429, 99216,20170511,-9999,    9
 18429, 99216,20170512,-9999,    9
 18429, 99216,20170513,-9999,    9
 18429, 99216,20170514,-9999,    9
 18429, 99216,20170515,-9999,    9
 18429, 99216,20170516,-9999,    9
 18429, 99216,20170517,-9999,    9
 18429, 99216,20170518,-9999,    9
 18429, 99216,20170519,-9999,    9
 18429, 99216,20170520,-9999,    9
 18429, 99216,20170521,-9999,    9
 18429, 99216,20170522,-9999,    9
 18429, 99216,20170523,-9999,    9
 18429, 99216,20170524,-9999,    9
 18429, 99216,20170525,-9999,    9
 18429, 99216,20170526,-9999,    9
 18429, 99216,20170527,-9999,    9
 18429, 99216,20170528,-9999,    9
 18429, 99216,20170529,-9999,    9
 18429, 99216,20170530,-9999,    9
 18429, 99216,20170531,-9999,    9
 18429, 99216,20170601,-9999,    9
 18429, 99216,20170602,-9999,    9
 18429, 99216,20170603,-9999,    9
 18429, 99216,20170604,-9999,    9
 18429, 99216,20170605,-9999,    9
 18429, 99216,20170606,-9999,    9
 18429, 99216,20170607,-9999,    9
 18429, 99216,20170608,-9999,    9
 18429, 99216,20170609,-9999,    9
 18429, 99216,20170610,-9999,    9
 18429, 99216,20170611,-9999,    9
 18429, 99216,20170612,-9999,    9
 18429, 99216,20170613,-9999,    9
 18429, 99216,20170614,-9999,    9
 18429, 99216,20170615,-9999,    9
 18429, 99216,20170616,-9999,    9
 18429, 99216,20170617,-9999,    9
 18429, 99216,20170618,-9999,    9
 18429, 99216,20170619,-9999,    9
 18429, 99216,20170620,-9999,    9
 18429, 99216,20170621,-9999,    9
 18429, 99216,20170622,-9999,    9
 18429, 99216,20170623,-9999,    9
 18429, 99216,20170624,-9999,    9
 18429, 99216,20170625,-9999,    9
 18429, 99216,20170626,-9999,    9
 18429, 99216,20170627,-9999,    9
 18429, 99216,20170628,-9999,    9
 18429, 99216,20170629,-9999,    9
 18429, 99216,20170630,-9999,    9
 18429, 99216,20170701,-9999,    9
 18429, 99216,20170702,-9999,    9
 18429, 99216,20170703,-9999,    9
 18429, 99216,20170704,  145,    0
 18429, 99216,20170705,  140,    0
 18429, 99216,20170706,  131,    0
 18429, 99216,20170707,  150,    0
 18429, 99216,20170708,  145,    0
 18429, 99216,20170709,  141,    0
 18429, 99216,20170710,  141,    0
 18429, 99216,20170711,  131,    0
 18429, 99216,20170712,  135,    0
 18429, 99216,20170713,  138,    0
 18429, 99216,20170714,  154,    0
 18429, 99216,20170715,  142,    0
 18429, 99216,20170716,  151,    0
 18429, 99216,20170717,  149,    0
 18429, 99216,20170718,  162,    0
 18429, 99216,20170719,  138,    0
 18429, 99216,20170720,  154,    0
 18429, 99216,20170721,  148,    0
 18429, 99216,20170722,  151,    0
 18429, 99216,20170723,  151,    0
 18429, 99216,20170724,  159,    0
 18429, 99216,20170725,  156,    0
 18429, 99216,20170726,  147,    0
 18429, 99216,20170727,  152,    0
 18429, 99216,20170728,  147,    0
 18429, 99216,20170729,  160,    0
 18429, 99216,20170730,  149,    0
 18429, 99216,20170731,  154,    0
 18429, 99216,20170801,  156,    0
 18429, 99216,20170802,  156,    0
 18429, 99216,20170803,  158,    0
 18429, 99216,20170804,  154,    0
 18429, 99216,20170805,  145,    0
 18429, 99216,20170806,  148,    0
 18429, 99216,20170807,  152,    0
 18429, 99216,20170808,  160,    0
 18429, 99216,20170809,  153,    0
 18429, 99216,20170810,  153,    0
 18429, 99216,20170811,  151,    0
 18429, 99216,20170812,  156,    0
 18429, 99216,20170813,  148,    0
 18429, 99216,20170814,  148,    0
 18429, 99216,20170815,  161,    0
 18429, 99216,20170816,  158,    0
 18429, 99216,20170817,  158,    0
 18429, 99216,20170818,  153,    0
 18429, 99216,20170819,  149,    0
 18429, 99216,20170820,  149,    0
 18429, 99216,20170821,  159,    0
 18429, 99216,20170822,  153,    0
 18429, 99216,20170823,  148,    0
 18429, 99216,20170824,  152,    0
 18429, 99216,20170825,  163,    0
 18429, 99216,20170826,  161,    0
 18429, 99216,20170827,  168,    0
 18429, 99216,20170828,  165,    0
 18429, 99216,20170829,  153,    0
 18429, 99216,20170830,  150,    0
 18429, 99216,20170831,  164,    0
 18429, 99216,20170901,  142,    0
 18429, 99216,20170902,  162,    0
 18429, 99216,20170903,  151,    0
 18429, 99216,20170904,  157,    0
 18429, 99216,20170905,  155,    0
 18429, 99216,20170906,  155,    0
 18429, 99216,20170907,  148,    0
 18429, 99216,20170908,  148,    0
 18429, 99216,20170909,  164,    0
 18429, 99216,20170910,  142,    0
 18429, 99216,20170911,  135,    0
 18429, 99216,20170912,  137,    0
 18429, 99216,20170913,  128,    0
 18429, 99216,20170914,  134,    0
 18429, 99216,20170915,  142,    0
 18429, 99216,20170916,  147,    0
 18429, 99216,20170917,  161,    0
 18429, 99216,20170918,  157,    0
 18429, 99216,20170919,  126,    0
 18429, 99216,20170920,  137,    0
 18429, 99216,20170921,  146,    0
 18429, 99216,20170922,  154,    0
 18429, 99216,20170923,  143,    0
 18429, 99216,20170924,  150,    0
 18429, 99216,20170925,  149,    0
 18429, 99216,20170926,  150,    0
 18429, 99216,20170927,  151,    0
 18429, 99216,20170928,  152,    0
 18429, 99216,20170929,  146,    0
 18429, 99216,20170930,  140,    0
 18429, 99216,20171001,  139,    0
 18429, 99216,20171002,  136,    0
 18429, 99216,20171003,  123,    0
 18429, 99216,20171004,  118,    0
 18429, 99216,20171005,  114,    0
 18429, 99216,20171006,  115,    0
 18429, 99216,20171007,  110,    0
 18429, 99216,20171008,  134,    0
 18429, 99216,20171009,  119,    0
 18429, 99216,20171010,  121,    0
 18429, 99216,20171011,  126,    0
 18429, 99216,20171012,  117,    0
 18429, 99216,20171013,  135,    0
 18429, 99216,20171014,  130,    0
 18429, 99216,20171015,  132,    0
 18429, 99216,20171016,  121,    0
 18429, 99216,20171017,  127,    0
 18429, 99216,20171018,  108,    0
 18429, 99216,20171019,  118,    0
 18429, 99216,20171020,  130,    0
 18429, 99216,20171021,  121,    0
 18429, 99216,20171022,  118,    0
 18429, 99216,20171023,  111,    0
 18429, 99216,20171024,  121,    0
 18429, 99216,20171025,  119,    0
 18429, 99216,20171026,  115,    0
 18429, 99216,20171027,  109,    0
 18429, 99216,20171028,  110,    0
 18429, 99216,20171029,   86,    0
 18429, 99216,20171030,   87,    0
 18429, 99216,20171031,  107,    0
 18429, 99216,20171101,  114,    0
 18429, 99216,20171102,   99,    0
 18429, 99216,20171103,   94,    0
 18429, 99216,20171104,   97,    0
 18429, 99216,20171105,   81,    0
 18429, 99216,20171106,   83,    0
 18429, 99216,20171107,  100,    0
 18429, 99216,20171108,   94,    0
 18429, 99216,20171109,   96,    0
 18429, 99216,20171110,   73,    0
 18429, 99216,20171111,   71,    0
 18429, 99216,20171112,   75,    0
 18429, 99216,20171113,   73,    0
 18429, 99216,20171114,   95,    0
 18429, 99216,20171115,   95,    0
 18429, 99216,20171116,   88,    0
 18429, 99216,20171117,   86,    0
 18429, 99216,20171118,   71,    0
 18429, 99216,20171119,   78,    0
 18429, 99216,20171120,   66,    0
 18429, 99216,20171121,   72,    0
 18429, 99216,20171122,  103,    0
 18429, 99216,20171123,   79,    0
 18429, 99216,20171124,   64,    0
 18429, 99216,20171125,   58,    0
 18429, 99216,20171126,   71,    0
 18429, 99216,20171127,   63,    0
 18429, 99216,20171128,   61,    0
 18429, 99216,20171129,   61,    0
 18429, 99216,20171130,   45,    0
 18429, 99216,20171201,   61,    0
 18429, 99216,20171202,   80,    0
 18429, 99216,20171203,   80,    0
 18429, 99216,20171204,   83,    0
 18429, 99216,20171205,   88,    0
 18429, 99216,20171206,   93,    0
 18429, 99216,20171207,   80,    0
 18429, 99216,20171208,   50,    0
 18429, 99216,20171209,   38,    0
 18429, 99216,20171210,   27,    0
 18429, 99216,20171211,   36,    0
 18429, 99216,20171212,   56,    0
 18429, 99216,20171213,   61,    0
 18429, 99216,20171214,   47,    0
 18429, 99216,20171215,   60,    0
 18429, 99216,20171216,   51,    0
 18429, 99216,20171217,   63,    0
 18429, 99216,20171218,   80,    0
 18429, 99216,20171219,   87,    0
 18429, 99216,20171220,   90,    0
 18429, 99216,20171221,   83,    0
 18429, 99216,20171222,   80,    0
 18429, 99216,20171223,   96,    0
 18429, 99216,20171224,   89,    0
 18429, 99216,20171225,   86,    0
 18429, 99216,20171226,   56,    0
 18429, 99216,20171227,   53,    0
 18429, 99216,20171228,   49,    0
 18429, 99216,20171229,   51,    0
 18429, 99216,20171230,   56,    0
 18429, 99216,20171231,   77,    0
 18429, 99216,20180101,   71,    0
 18429, 99216,20180102,   65,    0
 18429, 99216,20180103,   60,    0
 18429, 99216,20180104,   59,    0
 18429, 99216,20180105,   52,    0
 18429, 99216,20180106,   54,    0
 18429, 99216,20180107,   50,    0
 18429, 99216,20180108,   47,    0
 18429, 99216,20180109,   55,    0
 18429, 99216,20180110,   58,    0
 18429, 99216,20180111,   64,    0
 18429, 99216,20180112,   50,    0
 18429, 99216,20180113,   53,    0
 18429, 99216,20180114,   50,    0
 18429, 99216,20180115,   61,    0
 18429, 99216,20180116,   48,    0
 18429, 99216,20180117,   40,    0
 18429, 99216,20180118,   42,    0
 18429, 99216,20180119,   42,    0
 18429, 99216,20180120,   42,    0
 18429, 99216,20180121,   42,    0
 18429, 99216,20180122,   60,    0
 18429, 99216,20180123,   76,    0
 18429, 99216,20180124,   79,    0
 18429, 99216,20180125,   72,    0
 18429, 99216,20180126,   70,    0
 18429, 99216,20180127,   68,    0
 18429, 99216,20180128,   75,    0
 18429, 99216,20180129,   69,    0
 18429, 99216,20180130,   63,    0
 18429, 99216,20180131,   50,    0
 18429, 99216,20180201,   57,    0
 18429, 99216,20180202,   61,    0
 18429, 99216,20180203,   23,    0
 18429, 99216,20180204,   11,    0
 18429, 99216,20180205,   16,    0
 18429, 99216,20180206,   26,    0
 18429, 99216,20180207,   45,    0
 18429, 99216,20180208,   53,    0
 18429, 99216,20180209,   56,    0
 18429, 99216,20180210,   49,    0
 18429, 99216,20180211,   39,    0
 18429, 99216,20180212,   44,    0
 18429, 99216,20180213,   53,    0
 18429, 99216,20180214,   47,    0
 18429, 99216,20180215,   56,    0
 18429, 99216,20180216,   60,    0
 18429, 99216,20180217,   59,    0
 18429, 99216,20180218,   62,    0
 18429, 99216,20180219,   54,    0
 18429, 99216,20180220,   41,    0
 18429, 99216,20180221,   66,    0
 18429, 99216,20180222,   47,    0
 18429, 99216,20180223,   44,    0
 18429, 99216,20180224,   32,    0
 18429, 99216,20180225,   20,    0
 18429, 99216,20180226,   -2,    0
 18429, 99216,20180227,  -26,    0
 18429, 99216,20180228,  -44,    0
 18429, 99216,20180301,  -27,    0
 18429, 99216,20180302,   -5,    0
 18429, 99216,20180303,    1,    0
 18429, 99216,20180304,    5,    0
 18429, 99216,20180305,   22,    0
 18429, 99216,20180306,   31,    0
 18429, 99216,20180307,   44,    0
 18429, 99216,20180308,   41,    0
 18429, 99216,20180309,   47,    0
 18429, 99216,20180310,   35,    0
 18429, 99216,20180311,   35,    0
 18429, 99216,20180312,   46,    0
 18429, 99216,20180313,   52,    0
 18429, 99216,20180314,   45,    0
 18429, 99216,20180315,   28,    0
 18429, 99216,20180316,    2,    0
 18429, 99216,20180317,  -10,    0
 18429, 99216,20180318,   10,    0
 18429, 99216,20180319,   44,    0
 18429, 99216,20180320,   57,    0
 18429, 99216,20180321,   57,    0
 18429, 99216,20180322,   65,    0
 18429, 99216,20180323,   54,    0
 18429, 99216,20180324,   62,    0
 18429, 99216,20180325,   67,    0
 18429, 99216,20180326,   58,    0
 18429, 99216,20180327,   39,    0
 18429, 99216,20180328,   18,    0
 18429, 99216,20180329,   14,    0
 18429, 99216,20180330,   25,    0
 18429, 99216,20180331,   29,    0
 18429, 99216,20180401,   49,    0
 18429, 99216,20180402,   33,    0
 18429, 99216,20180403,   44,    0
 18429, 99216,20180404,   54,    0
 18429, 99216,20180405,   48,    0
 18429, 99216,20180406,   51,    0
 18429, 99216,20180407,   59,    0
 18429, 99216,20180408,   58,    0
 18429, 99216,20180409,   41,    0
 18429, 99216,20180410,   46,    0
 18429, 99216,20180411,   53,    0
 18429, 99216,20180412,   56,    0
 18429, 99216,20180413,   58,    0
 18429, 99216,20180414,   53,    0
 18429, 99216,20180415,   56,    0
 18429, 99216,20180416,   59,    0
 18429, 99216,20180417,   73,    0
 18429, 99216,20180418,   83,    0
 18429, 99216,20180419,   92,    0
 18429, 99216,20180420,  112,    0
 18429, 99216,20180421,   93,    0
 18429, 99216,20180422,   74,    0
 18429, 99216,20180423,   79,    0
 18429, 99216,20180424,   76,    0
 18429, 99216,20180425,   80,    0
 18429, 99216,20180426,   76,    0
 18429, 99216,20180427,   89,    0
 18429, 99216,20180428,   81,    0
 18429, 99216,20180429,   76,    0
 18429, 99216,20180430,   67,    0
 18429, 99216,20180501,   69,    0
 18429, 99216,20180502,   69,    0
 18429, 99216,20180503,   79,    0
 18429, 99216,20180504,   80,    0
 18429, 99216,20180505,   86,    0
 18429, 99216,20180506,   97,    0
 18429, 99216,20180507,  106,    0
 18429, 99216,20180508,  103,    0
 18429, 99216,20180509,  114,    0
 18429, 99216,20180510,  105,    0
 18429, 99216,20180511,   91,    0
 18429, 99216,20180512,   97,    0
 18429, 99216,20180513,  106,    0
 18429, 99216,20180514,  102,    0
 18429, 99216,20180515,  104,    0
 18429, 99216,20180516,   94,    0
 18429, 99216,20180517,   90,    0
 18429, 99216,20180518,   94,    0
 18429, 99216,20180519,   93,    0
 18429, 99216,20180520,   74,    0
 18429, 99216,20180521,  101,    0
 18429, 99216,20180522,  109,    0
 18429, 99216,20180523,   93,    0
 18429, 99216,20180524,  109,    0
 18429, 99216,20180525,  142,    0
 18429, 99216,20180526,  139,    0
 18429, 99216,20180527,  138,    0
 18429, 99216,20180528,  132,    0
 18429, 99216,20180529,  150,    0
 18429, 99216,20180530,  148,    0
 18429, 99216,20180531,  141,    0
 18429, 99216,20180601,  151,    0
 18429, 99216,20180602,  140,    0
 18429, 99216,20180603,  129,    0
 18429, 99216,20180604,  125,    0
 18429, 99216,20180605,  142,    0
 18429, 99216,20180606,  140,    0
 18429, 99216,20180607,  147,    0
 18429, 99216,20180608,  140,    0
 18429, 99216,20180609,  140,    0
 18429, 99216,20180610,  126,    0
 18429, 99216,20180611,  123,    0
 18429, 99216,20180612,  128,    0
 18429, 99216,20180613,  129,    0
 18429, 99216,20180614,  136,    0
 18429, 99216,20180615,  123,    0
 18429, 99216,20180616,  118,    0
 18429, 99216,20180617,  131,    0
 18429, 99216,20180618,  132,    0
 18429, 99216,20180619,  126,    0
 18429, 99216,20180620,  117,    0
 18429, 99216,20180621,  107,    0
 18429, 99216,20180622,  114,    0
 18429, 99216,20180623,  119,    0
 18429, 99216,20180624,  129,    0
 18429, 99216,20180625,  140,    0
 18429, 99216,20180626,  134,    0
 18429, 99216,20180627,  148,    0
 18429, 99216,20180628,  168,    0
 18429, 99216,20180629,  141,    0
 18429, 99216,20180630,  137,    0
 18429, 99216,20180701,  148,    0
 18429, 99216,20180702,  157,    0
 18429, 99216,20180703,  140,    0
 18429, 99216,20180704,  140,    0
 18429, 99216,20180705,  143,    0
 18429, 99216,20180706,  151,    0
 18429, 99216,20180707,  157,    0
 18429, 99216,20180708,  158,    0
 18429, 99216,20180709,  135,    0
 18429, 99216,20180710,  143,    0
 18429, 99216,20180711,  149,    0
 18429, 99216,20180712,  152,    0
 18429, 99216,20180713,  154,    0
 18429, 99216,20180714,  151,    0
 18429, 99216,20180715,  162,    0
 18429, 99216,20180716,  168,    0
 18429, 99216,20180717,  169,    0
 18429, 99216,20180718,  173,    0
 18429, 99216,20180719,  167,    0
 18429, 99216,20180720,  175,    0
 18429, 99216,20180721,  181,    0
 18429, 99216,20180722,  179,    0
 18429, 99216,20180723,  185,    0
 18429, 99216,20180724,  194,    0
 18429, 99216,20180725,  192,    0
 18429, 99216,20180726,  187,    0
 18429, 99216,20180727,  205,    0
 18429, 99216,20180728,  191,    0
 18429, 99216,20180729,  170,    0
 18429, 99216,20180730,  174,    0
 18429, 99216,20180731,  168,    0
 18429, 99216,20180801,  171,    0
 18429, 99216,20180802,  174,    0
 18429, 99216,20180803,  181,    0
 18429, 99216,20180804,  170,    0
 18429, 99216,20180805,  169,    0
 18429, 99216,20180806,  176,    0
 18429, 99216,20180807,  179,    0
 18429, 99216,20180808,  174,    0
 18429, 99216,20180809,  165,    0
 18429, 99216,20180810,  168,    0
 18429, 99216,20180811,  168,    0
 18429, 99216,20180812,  151,    0
 18429, 99216,20180813,  164,    0
 18429, 99216,20180814,  175,    0
 18429, 99216,20180815,  175,    0
 18429, 99216,20180816,  160,    0
 18429, 99216,20180817,  161,    0
 18429, 99216,20180818,  167,    0
 18429, 99216,20180819,  155,    0
 18429, 99216,20180820,  169,    0
 18429, 99216,20180821,  158,    0
 18429, 99216,20180822,  163,    0
 18429, 99216,20180823,  143,    0
 18429, 99216,20180824,  134,    0
 18429, 99216,20180825,  133,    0
 18429, 99216,20180826,  132,    0
 18429, 99216,20180827,  142,    0
 18429, 99216,20180828,  150,    0
 18429, 99216,20180829,  152,    0
 18429, 99216,20180830,  159,    0
 18429, 99216,20180831,  154,    0
 18429, 99216,20180901,  152,    0
 18429, 99216,20180902,  161,    0
 18429, 99216,20180903,  157,    0
 18429, 99216,20180904,  165,    0
 18429, 99216,20180905,  153,    0
 18429, 99216,20180906,  141,    0
 18429, 99216,20180907,  157,    0
 18429, 99216,20180908,  137,    0
 18429, 99216,20180909,  151,    0
 18429, 99216,20180910,  143,    0
 18429, 99216,20180911,  142,    0
 18429, 99216,20180912,  135,    0
 18429, 99216,20180913,  136,    0
 18429, 99216,20180914,  132,    0
 18429, 99216,20180915,  126,    0
 18429, 99216,20180916,  141,    0
 18429, 99216,20180917,  144,    0
 18429, 99216,20180918,  158,    0
 18429, 99216,20180919,  151,    0
 18429, 99216,20180920,  124,    0
 18429, 99216,20180921,  120,    0
 18429, 99216,20180922,  111,    0
 18429, 99216,20180923,  105,    0
 18429, 99216,20180924,  107,    0
 18429, 99216,20180925,  120,    0
 18429, 99216,20180926,  129,    0
 18429, 99216,20180927,  129,    0
 18429, 99216,20180928,  112,    0
 18429, 99216,20180929,  110,    0
 18429, 99216,20180930,  107,    0
 18429, 99216,20181001,   88,    0
 18429, 99216,20181002,  106,    0
 18429, 99216,20181003,  105,    0
 18429, 99216,20181004,  125,    0
 18429, 99216,20181005,  107,    0
 18429, 99216,20181006,  103,    0
 18429, 99216,20181007,   97,    0
 18429, 99216,20181008,  121,    0
 18429, 99216,20181009,  125,    0
 18429, 99216,20181010,  125,    0
 18429, 99216,20181011,  127,    0
 18429, 99216,20181012,  136,    0
 18429, 99216,20181013,  142,    0
 18429, 99216,20181014,  117,    0
 18429, 99216,20181015,   98,    0
 18429, 99216,20181016,  107,    0
 18429, 99216,20181017,  121,    0
 18429, 99216,20181018,  122,    0
 18429, 99216,20181019,  107,    0
 18429, 99216,20181020,  114,    0
 18429, 99216,20181021,  115,    0
 18429, 99216,20181022,  103,    0
 18429, 99216,20181023,  105,    0
 18429, 99216,20181024,  106,    0
 18429, 99216,20181025,  102,    0
 18429, 99216,20181026,   84,    0
 18429, 99216,20181027,   73,    0
 18429, 99216,20181028,   57,    0
 18429, 99216,20181029,   61,    0
 18429, 99216,20181030,   62,    0
 18429, 99216,20181031,   85,    0
 18429, 99216,20181101,   99,    0
 18429, 99216,20181102,  100,    0
 18429, 99216,20181103,  101,    0
 18429, 99216,20181104,  105,    0
 18429, 99216,20181105,  101,    0
 18429, 99216,20181106,  103,    0
 18429, 99216,20181107,  109,    0
 18429, 99216,20181108,  104,    0
 18429, 99216,20181109,  101,    0
 18429, 99216,20181110,  104,    0
 18429, 99216,20181111,   99,    0
 18429, 99216,20181112,  102,    0
 18429, 99216,20181113,  101,    0
 18429, 99216,20181114,  103,    0
 18429, 99216,20181115,  102,    0
 18429, 99216,20181116,  100,    0
 18429, 99216,20181117,   91,    0
 18429, 99216,20181118,   84,    0
 18429, 99216,20181119,   72,    0
 18429, 99216,20181120,   61,    0
 18429, 99216,20181121,   70,    0
 18429, 99216,20181122,   67,    0
 18429, 99216,20181123,   64,    0
 18429, 99216,20181124,   57,    0
 18429, 99216,20181125,   52,    0
 18429, 99216,20181126,   53,    0
 18429, 99216,20181127,   55,    0
 18429, 99216,20181128,   77,    0
 18429, 99216,20181129,  100,    0
 18429, 99216,20181130,   88,    0
 18429, 99216,20181201,   78,    0
 18429, 99216,20181202,   85,    0
 18429, 99216,20181203,   78,    0
 18429, 99216,20181204,   62,    0
 18429, 99216,20181205,   67,    0
 18429, 99216,20181206,   83,    0
 18429, 99216,20181207,   85,    0
 18429, 99216,20181208,   83,    0
 18429, 99216,20181209,   70,    0
 18429, 99216,20181210,   64,    0
 18429, 99216,20181211,   67,    0
 18429, 99216,20181212,   65,    0
 18429, 99216,20181213,   53,    0
 18429, 99216,20181214,   49,    0
 18429, 99216,20181215,   45,    0
 18429, 99216,20181216,   59,    0
 18429, 99216,20181217,   71,    0
 18429, 99216,20181218,   79,    0
 18429, 99216,20181219,   72,    0
 18429, 99216,20181220,   75,    0
 18429, 99216,20181221,   70,    0
 18429, 99216,20181222,   78,    0
 18429, 99216,20181223,   74,    0
 18429, 99216,20181224,   72,    0
 18429, 99216,20181225,   73,    0
 18429, 99216,20181226,   92,    0
 18429, 99216,20181227,   95,    0
 18429, 99216,20181228,   88,    0
 18429, 99216,20181229,   84,    0
 18429, 99216,20181230,   86,    0
 18429, 99216,20181231,   94,    0
 18429, 99216,20190101,   68,    0
 18429, 99216,20190102,   57,    0
 18429, 99216,20190103,   60,    0
 18429, 99216,20190104,   77,    0
 18429, 99216,20190105,   83,    0
 18429, 99216,20190106,   78,    0
 18429, 99216,20190107,   80,    0
 18429, 99216,20190108,   70,    0
 18429, 99216,20190109,   59,    0
 18429, 99216,20190110,   78,    0
 18429, 99216,20190111,   81,    0
 18429, 99216,20190112,   80,    0
 18429, 99216,20190113,   75,    0
 18429, 99216,20190114,   47,    0
 18429, 99216,20190115,   80,    0
 18429, 99216,20190116,   67,    0
 18429, 99216,20190117,   41,    0
 18429, 99216,20190118,   40,    0
 18429, 99216,20190119,   52,    0
 18429, 99216,20190120,   54,    0
 18429, 99216,20190121,   61,    0
 18429, 99216,20190122,   49,    0
 18429, 99216,20190123,   41,    0
 18429, 99216,20190124,   47,    0
 18429, 99216,20190125,   59,    0
 18429, 99216,20190126,   64,    0
 18429, 99216,20190127,   45,    0
 18429, 99216,20190128,   41,    0
 18429, 99216,20190129,   46,    0
 18429, 99216,20190130,   28,    0
 18429, 99216,20190131,   25,    0
 18429, 99216,20190201,   31,    0
 18429, 99216,20190202,   31,    0
 18429, 99216,20190203,   50,    0
 18429, 99216,20190204,   61,    0
 18429, 99216,20190205,   69,    0
 18429, 99216,20190206,   70,    0
 18429, 99216,20190207,   56,    0
 18429, 99216,20190208,   71,    0
 18429, 99216,20190209,   71,    0
 18429, 99216,20190210,   69,    0
 18429, 99216,20190211,   55,    0
 18429, 99216,20190212,   69,    0
 18429, 99216,20190213,   77,    0
 18429, 99216,20190214,   73,    0
 18429, 99216,20190215,   74,    0
 18429, 99216,20190216,   81,    0
 18429, 99216,20190217,   74,    0
 18429, 99216,20190218,   75,    0
 18429, 99216,20190219,   70,    0
 18429, 99216,20190220,   72,    0
 18429, 99216,20190221,   88,    0
 18429, 99216,20190222,   73,    0
 18429, 99216,20190223,   72,    0
 18429, 99216,20190224,   87,    0
 18429, 99216,20190225,   79,    0
 18429, 99216,20190226,   86,    0
 18429, 99216,20190227,   83,    0
 18429, 99216,20190228,   69,    0
 18429, 99216,20190301,   59,    0
 18429, 99216,20190302,   65,    0
 18429, 99216,20190303,   71,    0
 18429, 99216,20190304,   61,    0
 18429, 99216,20190305,   70,    0
 18429, 99216,20190306,   68,    0
 18429, 99216,20190307,   68,    0
 18429, 99216,20190308,   58,    0
 18429, 99216,20190309,   60,    0
 18429, 99216,20190310,   59,    0
 18429, 99216,20190311,   59,    0
 18429, 99216,20190312,   62,    0
 18429, 99216,20190313,   66,    0
 18429, 99216,20190314,   69,    0
 18429, 99216,20190315,   65,    0
 18429, 99216,20190316,   58,    0
 18429, 99216,20190317,   56,    0
 18429, 99216,20190318,   66,    0
 18429, 99216,20190319,   64,    0
 18429, 99216,20190320,   86,    0
 18429, 99216,20190321,   88,    0
 18429, 99216,20190322,   72,    0
 18429, 99216,20190323,   73,    0
 18429, 99216,20190324,   67,    0
 18429, 99216,20190325,   71,    0
 18429, 99216,20190326,   76,    0
 18429, 99216,20190327,   83,    0
 18429, 99216,20190328,   86,    0
 18429, 99216,20190329,   83,    0
 18429, 99216,20190330,   73,    0
 18429, 99216,20190331,   55,    0
 18429, 99216,20190401,   44,    0
 18429, 99216,20190402,   66,    0
 18429, 99216,20190403,   63,    0
 18429, 99216,20190404,   61,    0
 18429, 99216,20190405,   67,    0
 18429, 99216,20190406,   71,    0
 18429, 99216,20190407,   81,    0
 18429, 99216,20190408,   64,    0
 18429, 99216,20190409,   61,    0
 18429, 99216,20190410,   66,    0
 18429, 99216,20190411,   50,    0
 18429, 99216,20190412,   49,    0
 18429, 99216,20190413,   60,    0
 18429, 99216,20190414,   54,    0
 18429, 99216,20190415,   64,    0
 18429, 99216,20190416,   64,    0
 18429, 99216,20190417,   74,    0
 18429, 99216,20190418,   82,    0
 18429, 99216,20190419,   85,    0
 18429, 99216,20190420,  107,    0
 18429, 99216,20190421,   90,    0
 18429, 99216,20190422,   94,    0
 18429, 99216,20190423,  100,    0
 18429, 99216,20190424,   92,    0
 18429, 99216,20190425,   86,    0
 18429, 99216,20190426,   83,    0
 18429, 99216,20190427,   80,    0
 18429, 99216,20190428,   84,    0
 18429, 99216,20190429,   91,    0
 18429, 99216,20190430,   81,    0
 18429, 99216,20190501,   78,    0
 18429, 99216,20190502,   74,    0
 18429, 99216,20190503,   57,    0
 18429, 99216,20190504,   69,    0
 18429, 99216,20190505,   67,    0
 18429, 99216,20190506,   67,    0
 18429, 99216,20190507,   74,    0
 18429, 99216,20190508,   57,    0
 18429, 99216,20190509,   75,    0
 18429, 99216,20190510,   89,    0
 18429, 99216,20190511,   99,    0
 18429, 99216,20190512,   95,    0
 18429, 99216,20190513,   85,    0
 18429, 99216,20190514,   90,    0
 18429, 99216,20190515,   79,    0
 18429, 99216,20190516,  103,    0
 18429, 99216,20190517,  109,    0
 18429, 99216,20190518,   92,    0
 18429, 99216,20190519,  106,    0
 18429, 99216,20190520,  106,    0
 18429, 99216,20190521,  107,    0
 18429, 99216,20190522,  101,    0
 18429, 99216,20190523,   97,    0
 18429, 99216,20190524,  102,    0
 18429, 99216,20190525,   95,    0
 18429, 99216,20190526,   85,    0
 18429, 99216,20190527,   88,    0
 18429, 99216,20190528,   86,    0
 18429, 99216,20190529,   90,    0
 18429, 99216,20190530,  109,    0
 18429, 99216,20190531,  100,    0
 18429, 99216,20190601,  113,    0
 18429, 99216,20190602,  121,    0
 18429, 99216,20190603,  118,    0
 18429, 99216,20190604,  115,    0
 18429, 99216,20190605,  117,    0
 18429, 99216,20190606,  115,    0
 18429, 99216,20190607,  112,    0
 18429, 99216,20190608,  118,    0
 18429, 99216,20190609,  120,    0
 18429, 99216,20190610,  129,    0
 18429, 99216,20190611,  115,    0
 18429, 99216,20190612,  120,    0
 18429, 99216,20190613,  118,    0
 18429, 99216,20190614,  119,    0
 18429, 99216,20190615,  126,    0
 18429, 99216,20190616,  124,    0
 18429, 99216,20190617,  129,    0
 18429, 99216,20190618,  128,    0
 18429, 99216,20190619,  122,    0
 18429, 99216,20190620,  128,    0
 18429, 99216,20190621,  128,    0
 18429, 99216,20190622,  128,    0
 18429, 99216,20190623,  131,    0
 18429, 99216,20190624,  141,    0
 18429, 99216,20190625,  141,    0
 18429, 99216,20190626,  127,    0
 18429, 99216,20190627,  127,    0
 18429, 99216,20190628,  129,    0
 18429, 99216,20190629,-9999,    9
 18429, 99216,20190630,-9999,    9
 18429, 99216,20190701,-9999,    9
 18429, 99216,20190702,-9999,    9
 18429, 99216,20190703,-9999,    9
 18429, 99216,20190704,-9999,    9
 18429, 99216,20190705,-9999,    9
 18429, 99216,20190706,-9999,    9
 18429, 99216,20190707,-9999,    9
 18429, 99216,20190708,-9999,    9
 18429, 99216,20190709,-9999,    9
 18429, 99216,20190710,-9999,    9
 18429, 99216,20190711,-9999,    9
 18429, 99216,20190712,-9999,    9
 18429, 99216,20190713,-9999,    9
 18429, 99216,20190714,-9999,    9
 18429, 99216,20190715,-9999,    9
 18429, 99216,20190716,-9999,    9
 18429, 99216,20190717,-9999,    9
 18429, 99216,20190718,-9999,    9
 18429, 99216,20190719,-9999,    9
 18429, 99216,20190720,-9999,    9
 18429, 99216,20190721,-9999,    9
 18429, 99216,20190722,-9999,    9
 18429, 99216,20190723,-9999,    9
 18429, 99216,20190724,-9999,    9
 18429, 99216,20190725,-9999,    9
 18429, 99216,20190726,-9999,    9
 18429, 99216,20190727,-9999,    9
 18429, 99216,20190728,-9999,    9
 18429, 99216,20190729,-9999,    9
 18429, 99216,20190730,-9999,    9
 18429, 99216,20190731,-9999,    9
 18429, 99216,20190801,-9999,    9
 18429, 99216,20190802,-9999,    9
 18429, 99216,20190803,-9999,    9
 18429, 99216,20190804,-9999,    9
 18429, 99216,20190805,-9999,    9
 18429, 99216,20190806,-9999,    9
 18429, 99216,20190807,-9999,    9
 18429, 99216,20190808,-9999,    9
 18429, 99216,20190809,-9999,    9
 18429, 99216,20190810,-9999,    9
 18429, 99216,20190811,-9999,    9
 18429, 99216,20190812,-9999,    9
 18429, 99216,20190813,-9999,    9
 18429, 99216,20190814,-9999,    9
 18429, 99216,20190815,-9999,    9
 18429, 99216,20190816,-9999,    9
 18429, 99216,20190817,-9999,    9
 18429, 99216,20190818,-9999,    9
 18429, 99216,20190819,-9999,    9
 18429, 99216,20190820,-9999,    9
 18429, 99216,20190821,-9999,    9
 18429, 99216,20190822,-9999,    9
 18429, 99216,20190823,-9999,    9
 18429, 99216,20190824,-9999,    9
 18429, 99216,20190825,-9999,    9
 18429, 99216,20190826,-9999,    9
 18429, 99216,20190827,-9999,    9
 18429, 99216,20190828,-9999,    9
 18429, 99216,20190829,-9999,    9
 18429, 99216,20190830,-9999,    9
 18429, 99216,20190831,-9999,    9
 18429, 99216,20190901,-9999,    9
 18429, 99216,20190902,-9999,    9
 18429, 99216,20190903,-9999,    9
 18429, 99216,20190904,-9999,    9
 18429, 99216,20190905,-9999,    9
 18429, 99216,20190906,-9999,    9
 18429, 99216,20190907,-9999,    9
 18429, 99216,20190908,-9999,    9
 18429, 99216,20190909,-9999,    9
 18429, 99216,20190910,-9999,    9
 18429, 99216,20190911,-9999,    9
 18429, 99216,20190912,-9999,    9
 18429, 99216,20190913,-9999,    9
 18429, 99216,20190914,-9999,    9
 18429, 99216,20190915,-9999,    9
 18429, 99216,20190916,-9999,    9
 18429, 99216,20190917,-9999,    9
 18429, 99216,20190918,-9999,    9
 18429, 99216,20190919,-9999,    9
 18429, 99216,20190920,-9999,    9
 18429, 99216,20190921,-9999,    9
 18429, 99216,20190922,-9999,    9
 18429, 99216,20190923,-9999,    9
 18429, 99216,20190924,-9999,    9
 18429, 99216,20190925,-9999,    9
 18429, 99216,20190926,-9999,    9
 18429, 99216,20190927,-9999,    9
 18429, 99216,20190928,-9999,    9
 18429, 99216,20190929,-9999,    9
 18429, 99216,20190930,-9999,    9
 18429, 99216,20191001,-9999,    9
 18429, 99216,20191002,-9999,    9
 18429, 99216,20191003,-9999,    9
 18429, 99216,20191004,-9999,    9
 18429, 99216,20191005,-9999,    9
 18429, 99216,20191006,-9999,    9
 18429, 99216,20191007,-9999,    9
 18429, 99216,20191008,-9999,    9
 18429, 99216,20191009,-9999,    9
 18429, 99216,20191010,-9999,    9
 18429, 99216,20191011,-9999,    9
 18429, 99216,20191012,-9999,    9
 18429, 99216,20191013,-9999,    9
 18429, 99216,20191014,-9999,    9
 18429, 99216,20191015,-9999,    9
 18429, 99216,20191016,-9999,    9
 18429, 99216,20191017,-9999,    9
 18429, 99216,20191018,-9999,    9
 18429, 99216,20191019,-9999,    9
 18429, 99216,20191020,-9999,    9
 18429, 99216,20191021,-9999,    9
 18429, 99216,20191022,-9999,    9
 18429, 99216,20191023,-9999,    9
 18429, 99216,20191024,-9999,    9
 18429, 99216,20191025,-9999,    9
 18429, 99216,20191026,-9999,    9
 18429, 99216,20191027,-9999,    9
 18429, 99216,20191028,-9999,    9
 18429, 99216,20191029,-9999,    9
 18429, 99216,20191030,-9999,    9
 18429, 99216,20191031,-9999,    9
 18429, 99216,20191101,-9999,    9
 18429, 99216,20191102,-9999,    9
 18429, 99216,20191103,-9999,    9
 18429, 99216,20191104,-9999,    9
 18429, 99216,20191105,-9999,    9
 18429, 99216,20191106,-9999,    9
 18429, 99216,20191107,-9999,    9
 18429, 99216,20191108,-9999,    9
 18429, 99216,20191109,-9999,    9
 18429, 99216,20191110,-9999,    9
 18429, 99216,20191111,-9999,    9
 18429, 99216,20191112,-9999,    9
 18429, 99216,20191113,-9999,    9
 18429, 99216,20191114,-9999,    9
 18429, 99216,20191115,-9999,    9
 18429, 99216,20191116,-9999,    9
 18429, 99216,20191117,-9999,    9
 18429, 99216,20191118,-9999,    9
 18429, 99216,20191119,-9999,    9
 18429, 99216,20191120,-9999,    9
 18429, 99216,20191121,-9999,    9
 18429, 99216,20191122,-9999,    9
 18429, 99216,20191123,-9999,    9
 18429, 99216,20191124,-9999,    9
 18429, 99216,20191125,-9999,    9
 18429, 99216,20191126,-9999,    9
 18429, 99216,20191127,-9999,    9
 18429, 99216,20191128,-9999,    9
 18429, 99216,20191129,-9999,    9
 18429, 99216,20191130,-9999,    9
 18429, 99216,20191201,-9999,    9
 18429, 99216,20191202,-9999,    9
 18429, 99216,20191203,-9999,    9
 18429, 99216,20191204,-9999,    9
 18429, 99216,20191205,-9999,    9
 18429, 99216,20191206,-9999,    9
 18429, 99216,20191207,-9999,    9
 18429, 99216,20191208,-9999,    9
 18429, 99216,20191209,-9999,    9
 18429, 99216,20191210,-9999,    9
 18429, 99216,20191211,-9999,    9
 18429, 99216,20191212,-9999,    9
 18429, 99216,20191213,-9999,    9
 18429, 99216,20191214,-9999,    9
 18429, 99216,20191215,-9999,    9
 18429, 99216,20191216,-9999,    9
 18429, 99216,20191217,-9999,    9
 18429, 99216,20191218,-9999,    9
 18429, 99216,20191219,-9999,    9
 18429, 99216,20191220,-9999,    9
 18429, 99216,20191221,-9999,    9
 18429, 99216,20191222,-9999,    9
 18429, 99216,20191223,-9999,    9
 18429, 99216,20191224,-9999,    9
 18429, 99216,20191225,-9999,    9
 18429, 99216,20191226,-9999,    9
 18429, 99216,20191227,-9999,    9
 18429, 99216,20191228,-9999,    9
 18429, 99216,20191229,-9999,    9
 18429, 99216,20191230,-9999,    9
 18429, 99216,20191231,-9999,    9
 18429, 99216,20200101,-9999,    9
 18429, 99216,20200102,-9999,    9
 18429, 99216,20200103,-9999,    9
 18429, 99216,20200104,-9999,    9
 18429, 99216,20200105,-9999,    9
 18429, 99216,20200106,-9999,    9
 18429, 99216,20200107,-9999,    9
 18429, 99216,20200108,-9999,    9
 18429, 99216,20200109,-9999,    9
 18429, 99216,20200110,-9999,    9
 18429, 99216,20200111,-9999,    9
 18429, 99216,20200112,-9999,    9
 18429, 99216,20200113,-9999,    9
 18429, 99216,20200114,-9999,    9
 18429, 99216,20200115,-9999,    9
 18429, 99216,20200116,-9999,    9
 18429, 99216,20200117,-9999,    9
 18429, 99216,20200118,-9999,    9
 18429, 99216,20200119,-9999,    9
 18429, 99216,20200120,-9999,    9
 18429, 99216,20200121,-9999,    9
 18429, 99216,20200122,-9999,    9
 18429, 99216,20200123,-9999,    9
 18429, 99216,20200124,-9999,    9
 18429, 99216,20200125,-9999,    9
 18429, 99216,20200126,-9999,    9
 18429, 99216,20200127,-9999,    9
 18429, 99216,20200128,-9999,    9
 18429, 99216,20200129,-9999,    9
 18429, 99216,20200130,-9999,    9
 18429, 99216,20200131,-9999,    9
 18429, 99216,20200201,-9999,    9
 18429, 99216,20200202,-9999,    9
 18429, 99216,20200203,-9999,    9
 18429, 99216,20200204,-9999,    9
 18429, 99216,20200205,-9999,    9
 18429, 99216,20200206,-9999,    9
 18429, 99216,20200207,-9999,    9
 18429, 99216,20200208,-9999,    9
 18429, 99216,20200209,-9999,    9
 18429, 99216,20200210,-9999,    9
 18429, 99216,20200211,-9999,    9
 18429, 99216,20200212,-9999,    9
 18429, 99216,20200213,-9999,    9
 18429, 99216,20200214,-9999,    9
 18429, 99216,20200215,-9999,    9
 18429, 99216,20200216,-9999,    9
 18429, 99216,20200217,-9999,    9
 18429, 99216,20200218,-9999,    9
 18429, 99216,20200219,-9999,    9
 18429, 99216,20200220,-9999,    9
 18429, 99216,20200221,-9999,    9
 18429, 99216,20200222,-9999,    9
 18429, 99216,20200223,-9999,    9
 18429, 99216,20200224,-9999,    9
 18429, 99216,20200225,-9999,    9
 18429, 99216,20200226,-9999,    9
 18429, 99216,20200227,-9999,    9
 18429, 99216,20200228,-9999,    9
 18429, 99216,20200229,-9999,    9
 18429, 99216,20200301,-9999,    9
 18429, 99216,20200302,-9999,    9
 18429, 99216,20200303,-9999,    9
 18429, 99216,20200304,-9999,    9
 18429, 99216,20200305,-9999,    9
 18429, 99216,20200306,-9999,    9
 18429, 99216,20200307,-9999,    9
 18429, 99216,20200308,-9999,    9
 18429, 99216,20200309,-9999,    9
 18429, 99216,20200310,-9999,    9
 18429, 99216,20200311,-9999,    9
 18429, 99216,20200312,-9999,    9
 18429, 99216,20200313,-9999,    9
 18429, 99216,20200314,-9999,    9
 18429, 99216,20200315,-9999,    9
 18429, 99216,20200316,-9999,    9
 18429, 99216,20200317,-9999,    9
 18429, 99216,20200318,-9999,    9
 18429, 99216,20200319,-9999,    9
 18429, 99216,20200320,-9999,    9
 18429, 99216,20200321,-9999,    9
 18429, 99216,20200322,-9999,    9
 18429, 99216,20200323,-9999,    9
 18429, 99216,20200324,-9999,    9
 18429, 99216,20200325,-9999,    9
 18429, 99216,20200326,-9999,    9
 18429, 99216,20200327,-9999,    9
 18429, 99216,20200328,-9999,    9
 18429, 99216,20200329,-9999,    9
 18429, 99216,20200330,-9999,    9
 18429, 99216,20200331,-9999,    9
 18429, 99216,20200401,-9999,    9
 18429, 99216,20200402,-9999,    9
 18429, 99216,20200403,-9999,    9
 18429, 99216,20200404,-9999,    9
 18429, 99216,20200405,-9999,    9
 18429, 99216,20200406,-9999,    9
 18429, 99216,20200407,-9999,    9
 18429, 99216,20200408,-9999,    9
 18429, 99216,20200409,-9999,    9
 18429, 99216,20200410,-9999,    9
 18429, 99216,20200411,-9999,    9
 18429, 99216,20200412,-9999,    9
 18429, 99216,20200413,-9999,    9
 18429, 99216,20200414,-9999,    9
 18429, 99216,20200415,-9999,    9
 18429, 99216,20200416,-9999,    9
 18429, 99216,20200417,-9999,    9
 18429, 99216,20200418,-9999,    9
 18429, 99216,20200419,-9999,    9
 18429, 99216,20200420,-9999,    9
 18429, 99216,20200421,-9999,    9
 18429, 99216,20200422,-9999,    9
 18429, 99216,20200423,-9999,    9
 18429, 99216,20200424,-9999,    9
 18429, 99216,20200425,-9999,    9
 18429, 99216,20200426,-9999,    9
 18429, 99216,20200427,-9999,    9
 18429, 99216,20200428,-9999,    9
 18429, 99216,20200429,-9999,    9
 18429, 99216,20200430,-9999,    9
 18429, 99216,20200501,-9999,    9
 18429, 99216,20200502,-9999,    9
 18429, 99216,20200503,-9999,    9
 18429, 99216,20200504,-9999,    9
 18429, 99216,20200505,-9999,    9
 18429, 99216,20200506,-9999,    9
 18429, 99216,20200507,-9999,    9
 18429, 99216,20200508,-9999,    9
 18429, 99216,20200509,-9999,    9
 18429, 99216,20200510,-9999,    9
 18429, 99216,20200511,-9999,    9
 18429, 99216,20200512,-9999,    9
 18429, 99216,20200513,-9999,    9
 18429, 99216,20200514,-9999,    9
 18429, 99216,20200515,-9999,    9
 18429, 99216,20200516,-9999,    9
 18429, 99216,20200517,-9999,    9
 18429, 99216,20200518,-9999,    9
 18429, 99216,20200519,-9999,    9
 18429, 99216,20200520,-9999,    9
 18429, 99216,20200521,-9999,    9
 18429, 99216,20200522,-9999,    9
 18429, 99216,20200523,-9999,    9
 18429, 99216,20200524,-9999,    9
 18429, 99216,20200525,-9999,    9
 18429, 99216,20200526,-9999,    9
 18429, 99216,20200527,-9999,    9
 18429, 99216,20200528,-9999,    9
 18429, 99216,20200529,-9999,    9
 18429, 99216,20200530,-9999,    9
 18429, 99216,20200531,-9999,    9
 18429, 99216,20200601,-9999,    9
 18429, 99216,20200602,-9999,    9
 18429, 99216,20200603,-9999,    9
 18429, 99216,20200604,-9999,    9
 18429, 99216,20200605,-9999,    9
 18429, 99216,20200606,-9999,    9
 18429, 99216,20200607,-9999,    9
 18429, 99216,20200608,-9999,    9
 18429, 99216,20200609,-9999,    9
 18429, 99216,20200610,-9999,    9
 18429, 99216,20200611,-9999,    9
 18429, 99216,20200612,-9999,    9
 18429, 99216,20200613,-9999,    9
 18429, 99216,20200614,-9999,    9
 18429, 99216,20200615,-9999,    9
 18429, 99216,20200616,-9999,    9
 18429, 99216,20200617,-9999,    9
 18429, 99216,20200618,-9999,    9
 18429, 99216,20200619,-9999,    9
 18429, 99216,20200620,-9999,    9
 18429, 99216,20200621,-9999,    9
 18429, 99216,20200622,-9999,    9
 18429, 99216,20200623,-9999,    9
 18429, 99216,20200624,-9999,    9
 18429, 99216,20200625,-9999,    9
 18429, 99216,20200626,-9999,    9
 18429, 99216,20200627,-9999,    9
 18429, 99216,20200628,-9999,    9
 18429, 99216,20200629,-9999,    9
 18429, 99216,20200630,-9999,    9
 18429, 99216,20200701,-9999,    9
 18429, 99216,20200702,-9999,    9
 18429, 99216,20200703,-9999,    9
 18429, 99216,20200704,-9999,    9
 18429, 99216,20200705,-9999,    9
 18429, 99216,20200706,-9999,    9
 18429, 99216,20200707,-9999,    9
 18429, 99216,20200708,-9999,    9
 18429, 99216,20200709,-9999,    9
 18429, 99216,20200710,-9999,    9
 18429, 99216,20200711,-9999,    9
 18429, 99216,20200712,-9999,    9
 18429, 99216,20200713,-9999,    9
 18429, 99216,20200714,-9999,    9
 18429, 99216,20200715,-9999,    9
 18429, 99216,20200716,-9999,    9
 18429, 99216,20200717,-9999,    9
 18429, 99216,20200718,-9999,    9
 18429, 99216,20200719,-9999,    9
 18429, 99216,20200720,-9999,    9
 18429, 99216,20200721,-9999,    9
 18429, 99216,20200722,-9999,    9
 18429, 99216,20200723,-9999,    9
 18429, 99216,20200724,-9999,    9
 18429, 99216,20200725,-9999,    9
 18429, 99216,20200726,-9999,    9
 18429, 99216,20200727,-9999,    9
 18429, 99216,20200728,-9999,    9
 18429, 99216,20200729,-9999,    9
 18429, 99216,20200730,-9999,    9
 18429, 99216,20200731,-9999,    9
 18429, 99216,20200801,-9999,    9
 18429, 99216,20200802,-9999,    9
 18429, 99216,20200803,-9999,    9
 18429, 99216,20200804,-9999,    9
 18429, 99216,20200805,-9999,    9
 18429, 99216,20200806,-9999,    9
 18429, 99216,20200807,-9999,    9
 18429, 99216,20200808,-9999,    9
 18429, 99216,20200809,-9999,    9
 18429, 99216,20200810,-9999,    9
 18429, 99216,20200811,-9999,    9
 18429, 99216,20200812,-9999,    9
 18429, 99216,20200813,-9999,    9
 18429, 99216,20200814,-9999,    9
 18429, 99216,20200815,-9999,    9
 18429, 99216,20200816,-9999,    9
 18429, 99216,20200817,-9999,    9
 18429, 99216,20200818,-9999,    9
 18429, 99216,20200819,-9999,    9
 18429, 99216,20200820,-9999,    9
 18429, 99216,20200821,-9999,    9
 18429, 99216,20200822,-9999,    9
 18429, 99216,20200823,-9999,    9
 18429, 99216,20200824,-9999,    9
 18429, 99216,20200825,-9999,    9
 18429, 99216,20200826,-9999,    9
 18429, 99216,20200827,-9999,    9
 18429, 99216,20200828,-9999,    9
 18429, 99216,20200829,-9999,    9
 18429, 99216,20200830,-9999,    9
 18429, 99216,20200831,-9999,    9
 18429, 99216,20200901,-9999,    9
 18429, 99216,20200902,-9999,    9
 18429, 99216,20200903,-9999,    9
 18429, 99216,20200904,-9999,    9
 18429, 99216,20200905,-9999,    9
 18429, 99216,20200906,-9999,    9
 18429, 99216,20200907,-9999,    9
 18429, 99216,20200908,-9999,    9
 18429, 99216,20200909,-9999,    9
 18429, 99216,20200910,-9999,    9
 18429, 99216,20200911,-9999,    9
 18429, 99216,20200912,-9999,    9
 18429, 99216,20200913,-9999,    9
 18429, 99216,20200914,-9999,    9
 18429, 99216,20200915,-9999,    9
 18429, 99216,20200916,-9999,    9
 18429, 99216,20200917,-9999,    9
 18429, 99216,20200918,-9999,    9
 18429, 99216,20200919,-9999,    9
 18429, 99216,20200920,-9999,    9
 18429, 99216,20200921,-9999,    9
 18429, 99216,20200922,-9999,    9
 18429, 99216,20200923,-9999,    9
 18429, 99216,20200924,-9999,    9
 18429, 99216,20200925,-9999,    9
 18429, 99216,20200926,-9999,    9
 18429, 99216,20200927,-9999,    9
 18429, 99216,20200928,-9999,    9
 18429, 99216,20200929,-9999,    9
 18429, 99216,20200930,-9999,    9
 18429, 99216,20201001,-9999,    9
 18429, 99216,20201002,-9999,    9
 18429, 99216,20201003,-9999,    9
 18429, 99216,20201004,-9999,    9
 18429, 99216,20201005,-9999,    9
 18429, 99216,20201006,-9999,    9
 18429, 99216,20201007,-9999,    9
 18429, 99216,20201008,-9999,    9
 18429, 99216,20201009,-9999,    9
 18429, 99216,20201010,-9999,    9
 18429, 99216,20201011,-9999,    9
 18429, 99216,20201012,-9999,    9
 18429, 99216,20201013,-9999,    9
 18429, 99216,20201014,-9999,    9
 18429, 99216,20201015,-9999,    9
 18429, 99216,20201016,-9999,    9
 18429, 99216,20201017,-9999,    9
 18429, 99216,20201018,-9999,    9
 18429, 99216,20201019,-9999,    9
 18429, 99216,20201020,-9999,    9
 18429, 99216,20201021,-9999,    9
 18429, 99216,20201022,-9999,    9
 18429, 99216,20201023,-9999,    9
 18429, 99216,20201024,-9999,    9
 18429, 99216,20201025,-9999,    9
 18429, 99216,20201026,-9999,    9
 18429, 99216,20201027,-9999,    9
 18429, 99216,20201028,-9999,    9
 18429, 99216,20201029,-9999,    9
 18429, 99216,20201030,-9999,    9
 18429, 99216,20201031,-9999,    9
 18429, 99216,20201101,-9999,    9
 18429, 99216,20201102,-9999,    9
 18429, 99216,20201103,-9999,    9
 18429, 99216,20201104,-9999,    9
 18429, 99216,20201105,-9999,    9
 18429, 99216,20201106,-9999,    9
 18429, 99216,20201107,-9999,    9
 18429, 99216,20201108,-9999,    9
 18429, 99216,20201109,-9999,    9
 18429, 99216,20201110,-9999,    9
 18429, 99216,20201111,-9999,    9
 18429, 99216,20201112,-9999,    9
 18429, 99216,20201113,-9999,    9
 18429, 99216,20201114,-9999,    9
 18429, 99216,20201115,-9999,    9
 18429, 99216,20201116,-9999,    9
 18429, 99216,20201117,-9999,    9
 18429, 99216,20201118,-9999,    9
 18429, 99216,20201119,-9999,    9
 18429, 99216,20201120,-9999,    9
 18429, 99216,20201121,-9999,    9
 18429, 99216,20201122,-9999,    9
 18429, 99216,20201123,-9999,    9
 18429, 99216,20201124,-9999,    9
 18429, 99216,20201125,-9999,    9
 18429, 99216,20201126,-9999,    9
 18429, 99216,20201127,-9999,    9
 18429, 99216,20201128,-9999,    9
 18429, 99216,20201129,-9999,    9
 18429, 99216,20201130,-9999,    9
 18429, 99216,20201201,-9999,    9
 18429, 99216,20201202,-9999,    9
 18429, 99216,20201203,-9999,    9
 18429, 99216,20201204,-9999,    9
 18429, 99216,20201205,-9999,    9
 18429, 99216,20201206,-9999,    9
 18429, 99216,20201207,-9999,    9
 18429, 99216,20201208,-9999,    9
 18429, 99216,20201209,-9999,    9
 18429, 99216,20201210,-9999,    9
 18429, 99216,20201211,-9999,    9
 18429, 99216,20201212,-9999,    9
 18429, 99216,20201213,-9999,    9
 18429, 99216,20201214,-9999,    9
 18429, 99216,20201215,-9999,    9
 18429, 99216,20201216,-9999,    9
 18429, 99216,20201217,-9999,    9
 18429, 99216,20201218,-9999,    9
 18429, 99216,20201219,-9999,    9
 18429, 99216,20201220,-9999,    9
 18429, 99216,20201221,-9999,    9
 18429, 99216,20201222,-9999,    9
 18429, 99216,20201223,-9999,    9
 18429, 99216,20201224,-9999,    9
 18429, 99216,20201225,-9999,    9
 18429, 99216,20201226,-9999,    9
 18429, 99216,20201227,-9999,    9
 18429, 99216,20201228,-9999,    9
 18429, 99216,20201229,-9999,    9
 18429, 99216,20201230,-9999,    9
 18429, 99216,20201231,-9999,    9
 18429, 99216,20210101,-9999,    9
 18429, 99216,20210102,-9999,    9
 18429, 99216,20210103,-9999,    9
 18429, 99216,20210104,-9999,    9
 18429, 99216,20210105,-9999,    9
 18429, 99216,20210106,-9999,    9
 18429, 99216,20210107,-9999,    9
 18429, 99216,20210108,-9999,    9
 18429, 99216,20210109,-9999,    9
 18429, 99216,20210110,-9999,    9
 18429, 99216,20210111,-9999,    9
 18429, 99216,20210112,-9999,    9
 18429, 99216,20210113,-9999,    9
 18429, 99216,20210114,-9999,    9
 18429, 99216,20210115,-9999,    9
 18429, 99216,20210116,-9999,    9
 18429, 99216,20210117,-9999,    9
 18429, 99216,20210118,-9999,    9
 18429, 99216,20210119,-9999,    9
 18429, 99216,20210120,-9999,    9
 18429, 99216,20210121,-9999,    9
 18429, 99216,20210122,-9999,    9
 18429, 99216,20210123,-9999,    9
 18429, 99216,20210124,-9999,    9
 18429, 99216,20210125,-9999,    9
 18429, 99216,20210126,-9999,    9
 18429, 99216,20210127,-9999,    9
 18429, 99216,20210128,-9999,    9
 18429, 99216,20210129,-9999,    9
 18429, 99216,20210130,-9999,    9
 18429, 99216,20210131,-9999,    9
 18429, 99216,20210201,-9999,    9
 18429, 99216,20210202,-9999,    9
 18429, 99216,20210203,-9999,    9
 18429, 99216,20210204,-9999,    9
 18429, 99216,20210205,-9999,    9
 18429, 99216,20210206,-9999,    9
 18429, 99216,20210207,-9999,    9
 18429, 99216,20210208,-9999,    9
 18429, 99216,20210209,-9999,    9
 18429, 99216,20210210,-9999,    9
 18429, 99216,20210211,-9999,    9
 18429, 99216,20210212,-9999,    9
 18429, 99216,20210213,-9999,    9
 18429, 99216,20210214,-9999,    9
 18429, 99216,20210215,-9999,    9
 18429, 99216,20210216,-9999,    9
 18429, 99216,20210217,-9999,    9
 18429, 99216,20210218,-9999,    9
 18429, 99216,20210219,-9999,    9
 18429, 99216,20210220,-9999,    9
 18429, 99216,20210221,-9999,    9
 18429, 99216,20210222,-9999,    9
 18429, 99216,20210223,-9999,    9
 18429, 99216,20210224,-9999,    9
 18429, 99216,20210225,-9999,    9
 18429, 99216,20210226,-9999,    9
 18429, 99216,20210227,-9999,    9
 18429, 99216,20210228,-9999,    9
 18429, 99216,20210301,-9999,    9
 18429, 99216,20210302,-9999,    9
 18429, 99216,20210303,-9999,    9
 18429, 99216,20210304,-9999,    9
 18429, 99216,20210305,-9999,    9
 18429, 99216,20210306,-9999,    9
 18429, 99216,20210307,-9999,    9
 18429, 99216,20210308,-9999,    9
 18429, 99216,20210309,-9999,    9
 18429, 99216,20210310,-9999,    9
 18429, 99216,20210311,-9999,    9
 18429, 99216,20210312,-9999,    9
 18429, 99216,20210313,-9999,    9
 18429, 99216,20210314,-9999,    9
 18429, 99216,20210315,-9999,    9
 18429, 99216,20210316,-9999,    9
 18429, 99216,20210317,-9999,    9
 18429, 99216,20210318,-9999,    9
 18429, 99216,20210319,-9999,    9
 18429, 99216,20210320,-9999,    9
 18429, 99216,20210321,-9999,    9
 18429, 99216,20210322,-9999,    9
 18429, 99216,20210323,-9999,    9
 18429, 99216,20210324,-9999,    9
 18429, 99216,20210325,-9999,    9
 18429, 99216,20210326,-9999,    9
 18429, 99216,20210327,-9999,    9
 18429, 99216,20210328,-9999,    9
 18429, 99216,20210329,-9999,    9
 18429, 99216,20210330,-9999,    9
 18429, 99216,20210331,-9999,    9
 18429, 99216,20210401,-9999,    9
 18429, 99216,20210402,-9999,    9
 18429, 99216,20210403,-9999,    9
 18429, 99216,20210404,-9999,    9
 18429, 99216,20210405,-9999,    9
 18429, 99216,20210406,-9999,    9
 18429, 99216,20210407,-9999,    9
 18429, 99216,20210408,-9999,    9
 18429, 99216,20210409,-9999,    9
 18429, 99216,20210410,-9999,    9
 18429, 99216,20210411,-9999,    9
 18429, 99216,20210412,-9999,    9
 18429, 99216,20210413,-9999,    9
 18429, 99216,20210414,-9999,    9
 18429, 99216,20210415,-9999,    9
 18429, 99216,20210416,-9999,    9
 18429, 99216,20210417,-9999,    9
 18429, 99216,20210418,-9999,    9
 18429, 99216,20210419,-9999,    9
 18429, 99216,20210420,-9999,    9
 18429, 99216,20210421,-9999,    9
 18429, 99216,20210422,-9999,    9
 18429, 99216,20210423,-9999,    9
 18429, 99216,20210424,-9999,    9
 18429, 99216,20210425,-9999,    9
 18429, 99216,20210426,-9999,    9
 18429, 99216,20210427,-9999,    9
 18429, 99216,20210428,-9999,    9
 18429, 99216,20210429,-9999,    9
 18429, 99216,20210430,-9999,    9
 18429, 99216,20210501,-9999,    9
 18429, 99216,20210502,-9999,    9
 18429, 99216,20210503,-9999,    9
 18429, 99216,20210504,-9999,    9
 18429, 99216,20210505,-9999,    9
 18429, 99216,20210506,-9999,    9
 18429, 99216,20210507,-9999,    9
 18429, 99216,20210508,-9999,    9
 18429, 99216,20210509,-9999,    9
 18429, 99216,20210510,-9999,    9
 18429, 99216,20210511,-9999,    9
 18429, 99216,20210512,-9999,    9
 18429, 99216,20210513,-9999,    9
 18429, 99216,20210514,-9999,    9
 18429, 99216,20210515,-9999,    9
 18429, 99216,20210516,-9999,    9
 18429, 99216,20210517,-9999,    9
 18429, 99216,20210518,-9999,    9
 18429, 99216,20210519,-9999,    9
 18429, 99216,20210520,-9999,    9
 18429, 99216,20210521,-9999,    9
 18429, 99216,20210522,-9999,    9
 18429, 99216,20210523,-9999,    9
 18429, 99216,20210524,-9999,    9
 18429, 99216,20210525,-9999,    9
 18429, 99216,20210526,-9999,    9
 18429, 99216,20210527,-9999,    9
 18429, 99216,20210528,-9999,    9
 18429, 99216,20210529,-9999,    9
 18429, 99216,20210530,-9999,    9
 18429, 99216,20210531,-9999,    9
 18429, 99216,20210601,-9999,    9
 18429, 99216,20210602,-9999,    9
 18429, 99216,20210603,-9999,    9
 18429, 99216,20210604,-9999,    9
 18429, 99216,20210605,-9999,    9
 18429, 99216,20210606,-9999,    9
 18429, 99216,20210607,-9999,    9
 18429, 99216,20210608,-9999,    9
 18429, 99216,20210609,-9999,    9
 18429, 99216,20210610,-9999,    9
 18429, 99216,20210611,-9999,    9
 18429, 99216,20210612,-9999,    9
 18429, 99216,20210613,-9999,    9
 18429, 99216,20210614,-9999,    9
 18429, 99216,20210615,-9999,    9
 18429, 99216,20210616,-9999,    9
 18429, 99216,20210617,-9999,    9
 18429, 99216,20210618,-9999,    9
 18429, 99216,20210619,-9999,    9
 18429, 99216,20210620,-9999,    9
 18429, 99216,20210621,-9999,    9
 18429, 99216,20210622,-9999,    9
 18429, 99216,20210623,-9999,    9
 18429, 99216,20210624,-9999,    9
 18429, 99216,20210625,-9999,    9
 18429, 99216,20210626,-9999,    9
 18429, 99216,20210627,-9999,    9
 18429, 99216,20210628,-9999,    9
 18429, 99216,20210629,-9999,    9
 18429, 99216,20210630,-9999,    9
 18429, 99216,20210701,-9999,    9
 18429, 99216,20210702,-9999,    9
 18429, 99216,20210703,-9999,    9
 18429, 99216,20210704,-9999,    9
 18429, 99216,20210705,-9999,    9
 18429, 99216,20210706,-9999,    9
 18429, 99216,20210707,-9999,    9
 18429, 99216,20210708,-9999,    9
 18429, 99216,20210709,-9999,    9
 18429, 99216,20210710,-9999,    9
 18429, 99216,20210711,-9999,    9
 18429, 99216,20210712,-9999,    9
 18429, 99216,20210713,-9999,    9
 18429, 99216,20210714,-9999,    9
 18429, 99216,20210715,  157,    0
 18429, 99216,20210716,-9999,    9
 18429, 99216,20210717,  168,    0
 18429, 99216,20210718,-9999,    9
 18429, 99216,20210719,-9999,    9
 18429, 99216,20210720,-9999,    9
 18429, 99216,20210721,-9999,    9
 18429, 99216,20210722,-9999,    9
 18429, 99216,20210723,-9999,    9
 18429, 99216,20210724,-9999,    9
 18429, 99216,20210725,-9999,    9
 18429, 99216,20210726,-9999,    9
 18429, 99216,20210727,-9999,    9
 18429, 99216,20210728,-9999,    9
 18429, 99216,20210729,-9999,    9
 18429, 99216,20210730,-9999,    9
 18429, 99216,20210731,-9999,    9
 18429, 99216,20210801,-9999,    9
 18429, 99216,20210802,  133,    0
 18429, 99216,20210803,-9999,    9
 18429, 99216,20210804,-9999,    9
 18429, 99216,20210805,  159,    0
 18429, 99216,20210806,  167,    0
 18429, 99216,20210807,  158,    0
 18429, 99216,20210808,  153,    0
 18429, 99216,20210809,  164,    0
 18429, 99216,20210810,  151,    0
 18429, 99216,20210811,  155,    0
 18429, 99216,20210812,  171,    0
 18429, 99216,20210813,-9999,    9
 18429, 99216,20210814,-9999,    9
 18429, 99216,20210815,-9999,    9
 18429, 99216,20210816,  132,    0
 18429, 99216,20210817,  144,    0
 18429, 99216,20210818,  137,    0
 18429, 99216,20210819,-9999,    9
 18429, 99216,20210820,-9999,    9
 18429, 99216,20210821,-9999,    9
 18429, 99216,20210822,-9999,    9
 18429, 99216,20210823,  154,    0
 18429, 99216,20210824,  147,    0
 18429, 99216,20210825,-9999,    9
 18429, 99216,20210826,-9999,    9
 18429, 99216,20210827,-9999,    9
 18429, 99216,20210828,-9999,    9
 18429, 99216,20210829,  145,    0
 18429, 99216,20210830,  145,    0
 18429, 99216,20210831,  144,    0
 18429, 99216,20210901,-9999,    9
 18429, 99216,20210902,-9999,    9
 18429, 99216,20210903,-9999,    9
 18429, 99216,20210904,-9999,    9
 18429, 99216,20210905,-9999,    9
 18429, 99216,20210906,-9999,    9
 18429, 99216,20210907,  156,    0
 18429, 99216,20210908,  159,    0
 18429, 99216,20210909,  169,    0
 18429, 99216,20210910,  164,    0
 18429, 99216,20210911,  156,    0
 18429, 99216,20210912,  151,    0
 18429, 99216,20210913,  143,    0
 18429, 99216,20210914,  142,    0
 18429, 99216,20210915,  139,    0
 18429, 99216,20210916,  151,    0
 18429, 99216,20210917,  144,    0
 18429, 99216,20210918,  145,    0
 18429, 99216,20210919,  156,    0
 18429, 99216,20210920,  141,    0
 18429, 99216,20210921,  153,    0
 18429, 99216,20210922,-9999,    9
 18429, 99216,20210923,-9999,    9
 18429, 99216,20210924,  137,    0
 18429, 99216,20210925,-9999,    9
 18429, 99216,20210926,-9999,    9
 18429, 99216,20210927,  155,    0
 18429, 99216,20210928,-9999,    9
 18429, 99216,20210929,-9999,    9
 18429, 99216,20210930,  119,    0
 18429, 99216,20211001,-9999,    9
 18429, 99216,20211002,-9999,    9
 18429, 99216,20211003,-9999,    9
 18429, 99216,20211004,-9999,    9
 18429, 99216,20211005,-9999,    9
 18429, 99216,20211006,-9999,    9
 18429, 99216,20211007,-9999,    9
 18429, 99216,20211008,-9999,    9
 18429, 99216,20211009,-9999,    9
 18429, 99216,20211010,-9999,    9
 18429, 99216,20211011,  114,    0
 18429, 99216,20211012,-9999,    9
 18429, 99216,20211013,-9999,    9
 18429, 99216,20211014,-9999,    9
 18429, 99216,20211015,-9999,    9
 18429, 99216,20211016,-9999,    9
 18429, 99216,20211017,-9999,    9
 18429, 99216,20211018,-9999,    9
 18429, 99216,20211019,-9999,    9
 18429, 99216,20211020,-9999,    9
 18429, 99216,20211021,-9999,    9
 18429, 99216,20211022,-9999,    9
 18429, 99216,20211023,-9999,    9
 18429, 99216,20211024,-9999,    9
 18429, 99216,20211025,-9999,    9
 18429, 99216,20211026,-9999,    9
 18429, 99216,20211027,-9999,    9
 18429, 99216,20211028,-9999,    9
 18429, 99216,20211029,-9999,    9
 18429, 99216,20211030,-9999,    9
 18429, 99216,20211031,-9999,    9
 18429, 99216,20211101,-9999,    9
 18429, 99216,20211102,-9999,    9
 18429, 99216,20211103,-9999,    9
 18429, 99216,20211104,-9999,    9
 18429, 99216,20211105,-9999,    9
 18429, 99216,20211106,-9999,    9
 18429, 99216,20211107,-9999,    9
 18429, 99216,20211108,-9999,    9
 18429, 99216,20211109,-9999,    9
 18429, 99216,20211110,-9999,    9
 18429, 99216,20211111,-9999,    9
 18429, 99216,20211112,-9999,    9
 18429, 99216,20211113,-9999,    9
 18429, 99216,20211114,-9999,    9
 18429, 99216,20211115,-9999,    9
 18429, 99216,20211116,-9999,    9
 18429, 99216,20211117,-9999,    9
 18429, 99216,20211118,-9999,    9
 18429, 99216,20211119,-9999,    9
 18429, 99216,20211120,-9999,    9
 18429, 99216,20211121,-9999,    9
 18429, 99216,20211122,-9999,    9
 18429, 99216,20211123,-9999,    9
 18429, 99216,20211124,-9999,    9
 18429, 99216,20211125,-9999,    9
 18429, 99216,20211126,-9999,    9
 18429, 99216,20211127,-9999,    9
 18429, 99216,20211128,-9999,    9
 18429, 99216,20211129,-9999,    9
 18429, 99216,20211130,-9999,    9
 18429, 99216,20211201,-9999,    9
 18429, 99216,20211202,-9999,    9
 18429, 99216,20211203,-9999,    9
 18429, 99216,20211204,-9999,    9
 18429, 99216,20211205,-9999,    9
 18429, 99216,20211206,-9999,    9
 18429, 99216,20211207,-9999,    9
 18429, 99216,20211208,-9999,    9
 18429, 99216,20211209,-9999,    9
 18429, 99216,20211210,-9999,    9
 18429, 99216,20211211,-9999,    9
 18429, 99216,20211212,-9999,    9
 18429, 99216,20211213,-9999,    9
 18429, 99216,20211214,-9999,    9
 18429, 99216,20211215,-9999,    9
 18429, 99216,20211216,-9999,    9
 18429, 99216,20211217,-9999,    9
 18429, 99216,20211218,-9999,    9
 18429, 99216,20211219,-9999,    9
 18429, 99216,20211220,-9999,    9
 18429, 99216,20211221,-9999,    9
 18429, 99216,20211222,-9999,    9
 18429, 99216,20211223,-9999,    9
 18429, 99216,20211224,-9999,    9
 18429, 99216,20211225,-9999,    9
 18429, 99216,20211226,-9999,    9
 18429, 99216,20211227,-9999,    9
 18429, 99216,20211228,-9999,    9
 18429, 99216,20211229,-9999,    9
 18429, 99216,20211230,-9999,    9
 18429, 99216,20211231,-9999,    9
 18429, 99216,20220101,-9999,    9
 18429, 99216,20220102,-9999,    9
 18429, 99216,20220103,-9999,    9
 18429, 99216,20220104,-9999,    9
 18429, 99216,20220105,-9999,    9
 18429, 99216,20220106,-9999,    9
 18429, 99216,20220107,-9999,    9
 18429, 99216,20220108,-9999,    9
 18429, 99216,20220109,-9999,    9
 18429, 99216,20220110,-9999,    9
 18429, 99216,20220111,-9999,    9
 18429, 99216,20220112,-9999,    9
 18429, 99216,20220113,-9999,    9
 18429, 99216,20220114,-9999,    9
 18429, 99216,20220115,-9999,    9
 18429, 99216,20220116,-9999,    9
 18429, 99216,20220117,-9999,    9
 18429, 99216,20220118,-9999,    9
 18429, 99216,20220119,-9999,    9
 18429, 99216,20220120,-9999,    9
 18429, 99216,20220121,-9999,    9
 18429, 99216,20220122,-9999,    9
 18429, 99216,20220123,-9999,    9
 18429, 99216,20220124,-9999,    9
 18429, 99216,20220125,-9999,    9
 18429, 99216,20220126,-9999,    9
 18429, 99216,20220127,-9999,    9
 18429, 99216,20220128,-9999,    9
 18429, 99216,20220129,-9999,    9
 18429, 99216,20220130,-9999,    9
 18429, 99216,20220131,-9999,    9
 18429, 99216,20220201,-9999,    9
 18429, 99216,20220202,-9999,    9
 18429, 99216,20220203,-9999,    9
 18429, 99216,20220204,-9999,    9
 18429, 99216,20220205,-9999,    9
 18429, 99216,20220206,-9999,    9
 18429, 99216,20220207,-9999,    9
 18429, 99216,20220208,-9999,    9
 18429, 99216,20220209,-9999,    9
 18429, 99216,20220210,-9999,    9
 18429, 99216,20220211,-9999,    9
 18429, 99216,20220212,-9999,    9
 18429, 99216,20220213,-9999,    9
 18429, 99216,20220214,-9999,    9
 18429, 99216,20220215,-9999,    9
 18429, 99216,20220216,-9999,    9
 18429, 99216,20220217,-9999,    9
 18429, 99216,20220218,-9999,    9
 18429, 99216,20220219,-9999,    9
 18429, 99216,20220220,-9999,    9
 18429, 99216,20220221,-9999,    9
 18429, 99216,20220222,-9999,    9
 18429, 99216,20220223,-9999,    9
 18429, 99216,20220224,-9999,    9
 18429, 99216,20220225,-9999,    9
 18429, 99216,20220226,-9999,    9
 18429, 99216,20220227,-9999,    9
 18429, 99216,20220228,-9999,    9
 18429, 99216,20220301,-9999,    9
 18429, 99216,20220302,-9999,    9
 18429, 99216,20220303,-9999,    9
 18429, 99216,20220304,-9999,    9
 18429, 99216,20220305,-9999,    9
 18429, 99216,20220306,-9999,    9
 18429, 99216,20220307,-9999,    9
 18429, 99216,20220308,-9999,    9
 18429, 99216,20220309,-9999,    9
 18429, 99216,20220310,-9999,    9
 18429, 99216,20220311,-9999,    9
 18429, 99216,20220312,-9999,    9
 18429, 99216,20220313,-9999,    9
 18429, 99216,20220314,-9999,    9
 18429, 99216,20220315,-9999,    9
 18429, 99216,20220316,-9999,    9
 18429, 99216,20220317,-9999,    9
 18429, 99216,20220318,-9999,    9
 18429, 99216,20220319,-9999,    9
 18429, 99216,20220320,-9999,    9
 18429, 99216,20220321,-9999,    9
 18429, 99216,20220322,-9999,    9
 18429, 99216,20220323,-9999,    9
 18429, 99216,20220324,-9999,    9
 18429, 99216,20220325,-9999,    9
 18429, 99216,20220326,-9999,    9
 18429, 99216,20220327,-9999,    9
 18429, 99216,20220328,-9999,    9
 18429, 99216,20220329,-9999,    9
 18429, 99216,20220330,-9999,    9
 18429, 99216,20220331,-9999,    9
 18429, 99216,20220401,-9999,    9
 18429, 99216,20220402,-9999,    9
 18429, 99216,20220403,-9999,    9
 18429, 99216,20220404,-9999,    9
 18429, 99216,20220405,-9999,    9
 18429, 99216,20220406,-9999,    9
 18429, 99216,20220407,-9999,    9
 18429, 99216,20220408,-9999,    9
 18429, 99216,20220409,-9999,    9
 18429, 99216,20220410,-9999,    9
 18429, 99216,20220411,-9999,    9
 18429, 99216,20220412,-9999,    9
 18429, 99216,20220413,-9999,    9
 18429, 99216,20220414,-9999,    9
 18429, 99216,20220415,-9999,    9
 18429, 99216,20220416,-9999,    9
 18429, 99216,20220417,-9999,    9
 18429, 99216,20220418,-9999,    9
 18429, 99216,20220419,-9999,    9
 18429, 99216,20220420,-9999,    9
 18429, 99216,20220421,-9999,    9
 18429, 99216,20220422,-9999,    9
 18429, 99216,20220423,-9999,    9
 18429, 99216,20220424,-9999,    9
 18429, 99216,20220425,-9999,    9
 18429, 99216,20220426,-9999,    9
 18429, 99216,20220427,-9999,    9
 18429, 99216,20220428,-9999,    9
 18429, 99216,20220429,-9999,    9
 18429, 99216,20220430,-9999,    9
 18429, 99216,20220501,-9999,    9
 18429, 99216,20220502,-9999,    9
 18429, 99216,20220503,-9999,    9
 18429, 99216,20220504,-9999,    9
 18429, 99216,20220505,-9999,    9
 18429, 99216,20220506,-9999,    9
 18429, 99216,20220507,-9999,    9
 18429, 99216,20220508,-9999,    9
 18429, 99216,20220509,-9999,    9
 18429, 99216,20220510,-9999,    9
 18429, 99216,20220511,-9999,    9
 18429, 99216,20220512,-9999,    9
 18429, 99216,20220513,-9999,    9
 18429, 99216,20220514,-9999,    9
 18429, 99216,20220515,-9999,    9
 18429, 99216,20220516,-9999,    9
 18429, 99216,20220517,-9999,    9
 18429, 99216,20220518,-9999,    9
 18429, 99216,20220519,-9999,    9
 18429, 99216,20220520,-9999,    9
 18429, 99216,20220521,-9999,    9
 18429, 99216,20220522,-9999,    9
 18429, 99216,20220523,-9999,    9
 18429, 99216,20220524,-9999,    9
 18429, 99216,20220525,-9999,    9
 18429, 99216,20220526,-9999,    9
 18429, 99216,20220527,-9999,    9
 18429, 99216,20220528,-9999,    9
 18429, 99216,20220529,-9999,    9
 18429, 99216,20220530,-9999,    9
 18429, 99216,20220531,-9999,    9
 18429, 99216,20220601,-9999,    9
 18429, 99216,20220602,-9999,    9
 18429, 99216,20220603,-9999,    9
 18429, 99216,20220604,-9999,    9
 18429, 99216,20220605,-9999,    9
 18429, 99216,20220606,-9999,    9
 18429, 99216,20220607,-9999,    9
 18429, 99216,20220608,-9999,    9
 18429, 99216,20220609,-9999,    9
 18429, 99216,20220610,-9999,    9
 18429, 99216,20220611,-9999,    9
 18429, 99216,20220612,-9999,    9
 18429, 99216,20220613,-9999,    9
 18429, 99216,20220614,-9999,    9
 18429, 99216,20220615,-9999,    9
 18429, 99216,20220616,-9999,    9
 18429, 99216,20220617,-9999,    9
 18429, 99216,20220618,-9999,    9
 18429, 99216,20220619,-9999,    9
 18429, 99216,20220620,-9999,    9
 18429, 99216,20220621,-9999,    9
 18429, 99216,20220622,-9999,    9
 18429, 99216,20220623,-9999,    9
 18429, 99216,20220624,-9999,    9
 18429, 99216,20220625,-9999,    9
 18429, 99216,20220626,-9999,    9
 18429, 99216,20220627,-9999,    9
 18429, 99216,20220628,-9999,    9
 18429, 99216,20220629,-9999,    9
 18429, 99216,20220630,-9999,    9
 18429, 99216,20220701,-9999,    9
 18429, 99216,20220702,-9999,    9
 18429, 99216,20220703,-9999,    9
 18429, 99216,20220704,-9999,    9
 18429, 99216,20220705,-9999,    9
 18429, 99216,20220706,-9999,    9
 18429, 99216,20220707,-9999,    9
 18429, 99216,20220708,-9999,    9
 18429, 99216,20220709,-9999,    9
 18429, 99216,20220710,-9999,    9
 18429, 99216,20220711,-9999,    9
 18429, 99216,20220712,-9999,    9
 18429, 99216,20220713,-9999,    9
 18429, 99216,20220714,-9999,    9
 18429, 99216,20220715,-9999,    9
 18429, 99216,20220716,-9999,    9
 18429, 99216,20220717,-9999,    9
 18429, 99216,20220718,-9999,    9
 18429, 99216,20220719,-9999,    9
 18429, 99216,20220720,-9999,    9
 18429, 99216,20220721,-9999,    9
 18429, 99216,20220722,-9999,    9
 18429, 99216,20220723,-9999,    9
 18429, 99216,20220724,-9999,    9
 18429, 99216,20220725,-9999,    9
 18429, 99216,20220726,-9999,    9
 18429, 99216,20220727,-9999,    9
 18429, 99216,20220728,-9999,    9
 18429, 99216,20220729,-9999,    9
 18429, 99216,20220730,-9999,    9
 18429, 99216,20220731,-9999,    9
 18429, 99216,20220801,-9999,    9
 18429, 99216,20220802,-9999,    9
 18429, 99216,20220803,-9999,    9
 18429, 99216,20220804,-9999,    9
 18429, 99216,20220805,-9999,    9
 18429, 99216,20220806,-9999,    9
 18429, 99216,20220807,-9999,    9
 18429, 99216,20220808,-9999,    9
 18429, 99216,20220809,-9999,    9
 18429, 99216,20220810,-9999,    9
 18429, 99216,20220811,-9999,    9
 18429, 99216,20220812,-9999,    9
 18429, 99216,20220813,-9999,    9
 18429, 99216,20220814,-9999,    9
 18429, 99216,20220815,-9999,    9
 18429, 99216,20220816,-9999,    9
 18429, 99216,20220817,-9999,    9
 18429, 99216,20220818,-9999,    9
 18429, 99216,20220819,-9999,    9
 18429, 99216,20220820,-9999,    9
 18429, 99216,20220821,-9999,    9
 18429, 99216,20220822,-9999,    9
 18429, 99216,20220823,-9999,    9
 18429, 99216,20220824,-9999,    9
 18429, 99216,20220825,-9999,    9
 18429, 99216,20220826,-9999,    9
 18429, 99216,20220827,-9999,    9
 18429, 99216,20220828,-9999,    9
 18429, 99216,20220829,-9999,    9
 18429, 99216,20220830,-9999,    9
 18429, 99216,20220831,-9999,    9
 18429, 99216,20220901,-9999,    9
 18429, 99216,20220902,-9999,    9
 18429, 99216,20220903,-9999,    9
 18429, 99216,20220904,-9999,    9
 18429, 99216,20220905,-9999,    9
 18429, 99216,20220906,-9999,    9
 18429, 99216,20220907,-9999,    9
 18429, 99216,20220908,-9999,    9
 18429, 99216,20220909,-9999,    9
 18429, 99216,20220910,-9999,    9
 18429, 99216,20220911,-9999,    9
 18429, 99216,20220912,-9999,    9
 18429, 99216,20220913,-9999,    9
 18429, 99216,20220914,-9999,    9
 18429, 99216,20220915,-9999,    9
 18429, 99216,20220916,-9999,    9
 18429, 99216,20220917,-9999,    9
 18429, 99216,20220918,-9999,    9
 18429, 99216,20220919,-9999,    9
 18429, 99216,20220920,-9999,    9
 18429, 99216,20220921,-9999,    9
 18429, 99216,20220922,-9999,    9
 18429, 99216,20220923,-9999,    9
 18429, 99216,20220924,-9999,    9
 18429, 99216,20220925,-9999,    9
 18429, 99216,20220926,-9999,    9
 18429, 99216,20220927,-9999,    9
 18429, 99216,20220928,-9999,    9
 18429, 99216,20220929,-9999,    9
 18429, 99216,20220930,-9999,    9
 18429, 99216,20221001,-9999,    9
 18429, 99216,20221002,-9999,    9
 18429, 99216,20221003,-9999,    9
 18429, 99216,20221004,-9999,    9
 18429, 99216,20221005,-9999,    9
 18429, 99216,20221006,-9999,    9
 18429, 99216,20221007,-9999,    9
 18429, 99216,20221008,-9999,    9
 18429, 99216,20221009,-9999,    9
 18429, 99216,20221010,-9999,    9
 18429, 99216,20221011,-9999,    9
 18429, 99216,20221012,-9999,    9
 18429, 99216,20221013,-9999,    9
 18429, 99216,20221014,-9999,    9
 18429, 99216,20221015,-9999,    9
 18429, 99216,20221016,-9999,    9
 18429, 99216,20221017,-9999,    9
 18429, 99216,20221018,-9999,    9
 18429, 99216,20221019,-9999,    9
 18429, 99216,20221020,-9999,    9
 18429, 99216,20221021,-9999,    9
 18429, 99216,20221022,-9999,    9
 18429, 99216,20221023,-9999,    9
 18429, 99216,20221024,-9999,    9
 18429, 99216,20221025,-9999,    9
 18429, 99216,20221026,-9999,    9
 18429, 99216,20221027,-9999,    9
 18429, 99216,20221028,-9999,    9
 18429, 99216,20221029,-9999,    9
 18429, 99216,20221030,-9999,    9
 18429, 99216,20221031,-9999,    9
