EUROPEAN CLIMATE ASSESSMENT & DATASET (ECA&D), file created on: 16-11-2022
THESE DATA CAN BE USED FOR NON-COMMERCIAL RESEARCH AND EDUCATION PROVIDED THAT THE FOLLOWING SOURCE IS ACKNOWLEDGED: 

Klein Tank, A.M.G. and Coauthors, 2002. Daily dataset of 20th-century surface
air temperature and precipitation series for the European Climate Assessment.
Int. J. of Climatol., 22, 1441-1453.
Data and metadata available at http://www.ecad.eu

FILE FORMAT (MISSING VALUE CODE = -9999):

01-06 STAID: Station identifier
08-13 SOUID: Source identifier
15-22 DATE : Date YYYYMMDD
24-28 TG   : Mean temperature in 0.1 &#176;C
30-34 Q_TG : quality code for TG (0='valid'; 1='suspect'; 9='missing')

This is the blended series of station E6 SKJELLESVIKSKARET, NORWAY (STAID: 18488)
Blended and updated with sources:99322 
See files sources.txt and stations.txt for more info.

STAID, SOUID,    DATE,   TG, Q_TG
 18488, 99322,20150601,-9999,    9
 18488, 99322,20150602,-9999,    9
 18488, 99322,20150603,-9999,    9
 18488, 99322,20150604,-9999,    9
 18488, 99322,20150605,-9999,    9
 18488, 99322,20150606,   59,    0
 18488, 99322,20150607,   55,    0
 18488, 99322,20150608,-9999,    9
 18488, 99322,20150609,-9999,    9
 18488, 99322,20150610,   44,    0
 18488, 99322,20150611,-9999,    9
 18488, 99322,20150612,-9999,    9
 18488, 99322,20150613,-9999,    9
 18488, 99322,20150614,-9999,    9
 18488, 99322,20150615,   39,    0
 18488, 99322,20150616,-9999,    9
 18488, 99322,20150617,-9999,    9
 18488, 99322,20150618,-9999,    9
 18488, 99322,20150619,-9999,    9
 18488, 99322,20150620,-9999,    9
 18488, 99322,20150621,-9999,    9
 18488, 99322,20150622,-9999,    9
 18488, 99322,20150623,-9999,    9
 18488, 99322,20150624,-9999,    9
 18488, 99322,20150625,-9999,    9
 18488, 99322,20150626,-9999,    9
 18488, 99322,20150627,   60,    0
 18488, 99322,20150628,-9999,    9
 18488, 99322,20150629,-9999,    9
 18488, 99322,20150630,-9999,    9
 18488, 99322,20150701,-9999,    9
 18488, 99322,20150702,-9999,    9
 18488, 99322,20150703,-9999,    9
 18488, 99322,20150704,-9999,    9
 18488, 99322,20150705,-9999,    9
 18488, 99322,20150706,-9999,    9
 18488, 99322,20150707,-9999,    9
 18488, 99322,20150708,-9999,    9
 18488, 99322,20150709,-9999,    9
 18488, 99322,20150710,-9999,    9
 18488, 99322,20150711,-9999,    9
 18488, 99322,20150712,-9999,    9
 18488, 99322,20150713,-9999,    9
 18488, 99322,20150714,-9999,    9
 18488, 99322,20150715,-9999,    9
 18488, 99322,20150716,-9999,    9
 18488, 99322,20150717,-9999,    9
 18488, 99322,20150718,-9999,    9
 18488, 99322,20150719,-9999,    9
 18488, 99322,20150720,-9999,    9
 18488, 99322,20150721,-9999,    9
 18488, 99322,20150722,-9999,    9
 18488, 99322,20150723,-9999,    9
 18488, 99322,20150724,-9999,    9
 18488, 99322,20150725,-9999,    9
 18488, 99322,20150726,-9999,    9
 18488, 99322,20150727,-9999,    9
 18488, 99322,20150728,-9999,    9
 18488, 99322,20150729,-9999,    9
 18488, 99322,20150730,-9999,    9
 18488, 99322,20150731,-9999,    9
 18488, 99322,20150801,-9999,    9
 18488, 99322,20150802,-9999,    9
 18488, 99322,20150803,-9999,    9
 18488, 99322,20150804,-9999,    9
 18488, 99322,20150805,-9999,    9
 18488, 99322,20150806,-9999,    9
 18488, 99322,20150807,-9999,    9
 18488, 99322,20150808,-9999,    9
 18488, 99322,20150809,-9999,    9
 18488, 99322,20150810,-9999,    9
 18488, 99322,20150811,-9999,    9
 18488, 99322,20150812,-9999,    9
 18488, 99322,20150813,-9999,    9
 18488, 99322,20150814,-9999,    9
 18488, 99322,20150815,-9999,    9
 18488, 99322,20150816,-9999,    9
 18488, 99322,20150817,  164,    0
 18488, 99322,20150818,  174,    0
 18488, 99322,20150819,-9999,    9
 18488, 99322,20150820,-9999,    9
 18488, 99322,20150821,-9999,    9
 18488, 99322,20150822,-9999,    9
 18488, 99322,20150823,-9999,    9
 18488, 99322,20150824,  170,    0
 18488, 99322,20150825,-9999,    9
 18488, 99322,20150826,-9999,    9
 18488, 99322,20150827,-9999,    9
 18488, 99322,20150828,-9999,    9
 18488, 99322,20150829,-9999,    9
 18488, 99322,20150830,-9999,    9
 18488, 99322,20150831,-9999,    9
 18488, 99322,20150901,   65,    0
 18488, 99322,20150902,   76,    0
 18488, 99322,20150903,-9999,    9
 18488, 99322,20150904,-9999,    9
 18488, 99322,20150905,-9999,    9
 18488, 99322,20150906,-9999,    9
 18488, 99322,20150907,-9999,    9
 18488, 99322,20150908,-9999,    9
 18488, 99322,20150909,-9999,    9
 18488, 99322,20150910,-9999,    9
 18488, 99322,20150911,-9999,    9
 18488, 99322,20150912,-9999,    9
 18488, 99322,20150913,-9999,    9
 18488, 99322,20150914,-9999,    9
 18488, 99322,20150915,-9999,    9
 18488, 99322,20150916,-9999,    9
 18488, 99322,20150917,-9999,    9
 18488, 99322,20150918,-9999,    9
 18488, 99322,20150919,-9999,    9
 18488, 99322,20150920,-9999,    9
 18488, 99322,20150921,-9999,    9
 18488, 99322,20150922,  106,    0
 18488, 99322,20150923,-9999,    9
 18488, 99322,20150924,-9999,    9
 18488, 99322,20150925,-9999,    9
 18488, 99322,20150926,-9999,    9
 18488, 99322,20150927,-9999,    9
 18488, 99322,20150928,-9999,    9
 18488, 99322,20150929,-9999,    9
 18488, 99322,20150930,-9999,    9
 18488, 99322,20151001,-9999,    9
 18488, 99322,20151002,-9999,    9
 18488, 99322,20151003,-9999,    9
 18488, 99322,20151004,-9999,    9
 18488, 99322,20151005,   12,    0
 18488, 99322,20151006,-9999,    9
 18488, 99322,20151007,-9999,    9
 18488, 99322,20151008,-9999,    9
 18488, 99322,20151009,   44,    0
 18488, 99322,20151010,   49,    0
 18488, 99322,20151011,   64,    0
 18488, 99322,20151012,   74,    0
 18488, 99322,20151013,   57,    0
 18488, 99322,20151014,   63,    0
 18488, 99322,20151015,   60,    0
 18488, 99322,20151016,   45,    0
 18488, 99322,20151017,   69,    0
 18488, 99322,20151018,   67,    0
 18488, 99322,20151019,   56,    0
 18488, 99322,20151020,   62,    0
 18488, 99322,20151021,   49,    0
 18488, 99322,20151022,   44,    0
 18488, 99322,20151023,-9999,    9
 18488, 99322,20151024,-9999,    9
 18488, 99322,20151025,   39,    0
 18488, 99322,20151026,   10,    0
 18488, 99322,20151027,  -13,    0
 18488, 99322,20151028,   16,    0
 18488, 99322,20151029,-9999,    9
 18488, 99322,20151030,-9999,    9
 18488, 99322,20151031,   58,    0
 18488, 99322,20151101,   57,    0
 18488, 99322,20151102,   56,    0
 18488, 99322,20151103,   52,    0
 18488, 99322,20151104,   33,    0
 18488, 99322,20151105,-9999,    9
 18488, 99322,20151106,-9999,    9
 18488, 99322,20151107,   44,    0
 18488, 99322,20151108,   54,    0
 18488, 99322,20151109,   60,    0
 18488, 99322,20151110,   53,    0
 18488, 99322,20151111,-9999,    9
 18488, 99322,20151112,   13,    0
 18488, 99322,20151113,   15,    0
 18488, 99322,20151114,   15,    0
 18488, 99322,20151115,    9,    0
 18488, 99322,20151116,  -13,    0
 18488, 99322,20151117,   10,    0
 18488, 99322,20151118,   -6,    0
 18488, 99322,20151119,  -11,    0
 18488, 99322,20151120,  -20,    0
 18488, 99322,20151121,-9999,    9
 18488, 99322,20151122,  -39,    0
 18488, 99322,20151123,    5,    0
 18488, 99322,20151124,-9999,    9
 18488, 99322,20151125,-9999,    9
 18488, 99322,20151126,   11,    0
 18488, 99322,20151127,   11,    0
 18488, 99322,20151128,    6,    0
 18488, 99322,20151129,   11,    0
 18488, 99322,20151130,   -6,    0
 18488, 99322,20151201,   -4,    0
 18488, 99322,20151202,   16,    0
 18488, 99322,20151203,   18,    0
 18488, 99322,20151204,   12,    0
 18488, 99322,20151205,   21,    0
 18488, 99322,20151206,    4,    0
 18488, 99322,20151207,    5,    0
 18488, 99322,20151208,   -2,    0
 18488, 99322,20151209,   32,    0
 18488, 99322,20151210,    5,    0
 18488, 99322,20151211,   -9,    0
 18488, 99322,20151212,  -27,    0
 18488, 99322,20151213,  -27,    0
 18488, 99322,20151214,  -28,    0
 18488, 99322,20151215,  -43,    0
 18488, 99322,20151216,  -44,    0
 18488, 99322,20151217,  -35,    0
 18488, 99322,20151218,   38,    0
 18488, 99322,20151219,    7,    0
 18488, 99322,20151220,-9999,    9
 18488, 99322,20151221,-9999,    9
 18488, 99322,20151222,-9999,    9
 18488, 99322,20151223,   17,    0
 18488, 99322,20151224,   34,    0
 18488, 99322,20151225,   15,    0
 18488, 99322,20151226,  -63,    0
 18488, 99322,20151227,  -34,    0
 18488, 99322,20151228,  -11,    0
 18488, 99322,20151229,   15,    0
 18488, 99322,20151230,   23,    0
 18488, 99322,20151231,   39,    0
 18488, 99322,20160101,   43,    0
 18488, 99322,20160102,    9,    0
 18488, 99322,20160103,  -43,    0
 18488, 99322,20160104,  -92,    0
 18488, 99322,20160105,  -94,    0
 18488, 99322,20160106, -125,    0
 18488, 99322,20160107, -159,    0
 18488, 99322,20160108, -135,    0
 18488, 99322,20160109,  -95,    0
 18488, 99322,20160110,  -85,    0
 18488, 99322,20160111,  -81,    0
 18488, 99322,20160112,  -76,    0
 18488, 99322,20160113, -111,    0
 18488, 99322,20160114, -103,    0
 18488, 99322,20160115,  -78,    0
 18488, 99322,20160116,  -56,    0
 18488, 99322,20160117,  -41,    0
 18488, 99322,20160118, -110,    0
 18488, 99322,20160119, -102,    0
 18488, 99322,20160120,  -96,    0
 18488, 99322,20160121,-9999,    9
 18488, 99322,20160122,   -1,    0
 18488, 99322,20160123,   -3,    0
 18488, 99322,20160124,   -8,    0
 18488, 99322,20160125,-9999,    9
 18488, 99322,20160126,    7,    0
 18488, 99322,20160127,-9999,    9
 18488, 99322,20160128,-9999,    9
 18488, 99322,20160129,-9999,    9
 18488, 99322,20160130,   -6,    0
 18488, 99322,20160131,   -8,    0
 18488, 99322,20160201,  -13,    0
 18488, 99322,20160202,  -38,    0
 18488, 99322,20160203,  -26,    0
 18488, 99322,20160204,-9999,    9
 18488, 99322,20160205,  -26,    0
 18488, 99322,20160206,-9999,    9
 18488, 99322,20160207,-9999,    9
 18488, 99322,20160208,-9999,    9
 18488, 99322,20160209,-9999,    9
 18488, 99322,20160210,-9999,    9
 18488, 99322,20160211,-9999,    9
 18488, 99322,20160212,-9999,    9
 18488, 99322,20160213,-9999,    9
 18488, 99322,20160214,  -42,    0
 18488, 99322,20160215,  -42,    0
 18488, 99322,20160216,-9999,    9
 18488, 99322,20160217,-9999,    9
 18488, 99322,20160218,-9999,    9
 18488, 99322,20160219,-9999,    9
 18488, 99322,20160220,-9999,    9
 18488, 99322,20160221,-9999,    9
 18488, 99322,20160222,-9999,    9
 18488, 99322,20160223,-9999,    9
 18488, 99322,20160224,-9999,    9
 18488, 99322,20160225,-9999,    9
 18488, 99322,20160226,  -78,    0
 18488, 99322,20160227,  -50,    0
 18488, 99322,20160228,-9999,    9
 18488, 99322,20160229,-9999,    9
 18488, 99322,20160301,    4,    0
 18488, 99322,20160302,-9999,    9
 18488, 99322,20160303,-9999,    9
 18488, 99322,20160304,-9999,    9
 18488, 99322,20160305,   -3,    0
 18488, 99322,20160306,   -1,    0
 18488, 99322,20160307,   -9,    0
 18488, 99322,20160308,  -19,    0
 18488, 99322,20160309,  -29,    0
 18488, 99322,20160310,  -11,    0
 18488, 99322,20160311,   16,    0
 18488, 99322,20160312,   36,    0
 18488, 99322,20160313,   22,    0
 18488, 99322,20160314,   29,    0
 18488, 99322,20160315,   29,    0
 18488, 99322,20160316,   17,    0
 18488, 99322,20160317,  -37,    0
 18488, 99322,20160318,  -50,    0
 18488, 99322,20160319,-9999,    9
 18488, 99322,20160320,-9999,    9
 18488, 99322,20160321,  -59,    0
 18488, 99322,20160322,  -67,    0
 18488, 99322,20160323,  -48,    0
 18488, 99322,20160324,  -43,    0
 18488, 99322,20160325,  -12,    0
 18488, 99322,20160326,   25,    0
 18488, 99322,20160327,-9999,    9
 18488, 99322,20160328,   50,    0
 18488, 99322,20160329,-9999,    9
 18488, 99322,20160330,-9999,    9
 18488, 99322,20160331,-9999,    9
 18488, 99322,20160401,    8,    0
 18488, 99322,20160402,   14,    0
 18488, 99322,20160403,   34,    0
 18488, 99322,20160404,   36,    0
 18488, 99322,20160405,   20,    0
 18488, 99322,20160406,    6,    0
 18488, 99322,20160407,-9999,    9
 18488, 99322,20160408,-9999,    9
 18488, 99322,20160409,   30,    0
 18488, 99322,20160410,   21,    0
 18488, 99322,20160411,    8,    0
 18488, 99322,20160412,  -11,    0
 18488, 99322,20160413,  -27,    0
 18488, 99322,20160414,  -25,    0
 18488, 99322,20160415,   19,    0
 18488, 99322,20160416,    8,    0
 18488, 99322,20160417,   19,    0
 18488, 99322,20160418,-9999,    9
 18488, 99322,20160419,    7,    0
 18488, 99322,20160420,   13,    0
 18488, 99322,20160421,   21,    0
 18488, 99322,20160422,    9,    0
 18488, 99322,20160423,   -4,    0
 18488, 99322,20160424,   -9,    0
 18488, 99322,20160425,    8,    0
 18488, 99322,20160426,   26,    0
 18488, 99322,20160427,-9999,    9
 18488, 99322,20160428,-9999,    9
 18488, 99322,20160429,   85,    0
 18488, 99322,20160430,   83,    0
 18488, 99322,20160501,   91,    0
 18488, 99322,20160502,-9999,    9
 18488, 99322,20160503,-9999,    9
 18488, 99322,20160504,   57,    0
 18488, 99322,20160505,   74,    0
 18488, 99322,20160506,   67,    0
 18488, 99322,20160507,   70,    0
 18488, 99322,20160508,-9999,    9
 18488, 99322,20160509,   35,    0
 18488, 99322,20160510,   25,    0
 18488, 99322,20160511,   33,    0
 18488, 99322,20160512,   24,    0
 18488, 99322,20160513,-9999,    9
 18488, 99322,20160514,   34,    0
 18488, 99322,20160515,-9999,    9
 18488, 99322,20160516,   25,    0
 18488, 99322,20160517,   12,    0
 18488, 99322,20160518,    7,    0
 18488, 99322,20160519,-9999,    9
 18488, 99322,20160520,-9999,    9
 18488, 99322,20160521,   85,    0
 18488, 99322,20160522,  116,    0
 18488, 99322,20160523,   72,    0
 18488, 99322,20160524,   56,    0
 18488, 99322,20160525,   46,    0
 18488, 99322,20160526,   78,    0
 18488, 99322,20160527,  130,    0
 18488, 99322,20160528,  150,    0
 18488, 99322,20160529,  165,    0
 18488, 99322,20160530,  167,    0
 18488, 99322,20160531,  155,    0
 18488, 99322,20160601,   76,    0
 18488, 99322,20160602,   87,    0
 18488, 99322,20160603,   45,    0
 18488, 99322,20160604,-9999,    9
 18488, 99322,20160605,-9999,    9
 18488, 99322,20160606,-9999,    9
 18488, 99322,20160607,   44,    0
 18488, 99322,20160608,   33,    0
 18488, 99322,20160609,   43,    0
 18488, 99322,20160610,   66,    0
 18488, 99322,20160611,   77,    0
 18488, 99322,20160612,   56,    0
 18488, 99322,20160613,   53,    0
 18488, 99322,20160614,   54,    0
 18488, 99322,20160615,   73,    0
 18488, 99322,20160616,   71,    0
 18488, 99322,20160617,   93,    0
 18488, 99322,20160618,   64,    0
 18488, 99322,20160619,   54,    0
 18488, 99322,20160620,   49,    0
 18488, 99322,20160621,   92,    0
 18488, 99322,20160622,   78,    0
 18488, 99322,20160623,  114,    0
 18488, 99322,20160624,   86,    0
 18488, 99322,20160625,   91,    0
 18488, 99322,20160626,  120,    0
 18488, 99322,20160627,  198,    0
 18488, 99322,20160628,-9999,    9
 18488, 99322,20160629,-9999,    9
 18488, 99322,20160630,-9999,    9
 18488, 99322,20160701,-9999,    9
 18488, 99322,20160702,  157,    0
 18488, 99322,20160703,  124,    0
 18488, 99322,20160704,  105,    0
 18488, 99322,20160705,-9999,    9
 18488, 99322,20160706,-9999,    9
 18488, 99322,20160707,-9999,    9
 18488, 99322,20160708,-9999,    9
 18488, 99322,20160709,-9999,    9
 18488, 99322,20160710,   91,    0
 18488, 99322,20160711,-9999,    9
 18488, 99322,20160712,  174,    0
 18488, 99322,20160713,  123,    0
 18488, 99322,20160714,   97,    0
 18488, 99322,20160715,   91,    0
 18488, 99322,20160716,-9999,    9
 18488, 99322,20160717,   88,    0
 18488, 99322,20160718,   73,    0
 18488, 99322,20160719,   86,    0
 18488, 99322,20160720,  110,    0
 18488, 99322,20160721,  175,    0
 18488, 99322,20160722,  218,    0
 18488, 99322,20160723,-9999,    9
 18488, 99322,20160724,-9999,    9
 18488, 99322,20160725,  138,    0
 18488, 99322,20160726,  175,    0
 18488, 99322,20160727,  119,    0
 18488, 99322,20160728,  151,    0
 18488, 99322,20160729,  124,    0
 18488, 99322,20160730,  145,    0
 18488, 99322,20160731,  147,    0
 18488, 99322,20160801,  104,    0
 18488, 99322,20160802,  123,    0
 18488, 99322,20160803,  111,    0
 18488, 99322,20160804,  135,    0
 18488, 99322,20160805,  135,    0
 18488, 99322,20160806,  104,    0
 18488, 99322,20160807,   97,    0
 18488, 99322,20160808,  116,    0
 18488, 99322,20160809,-9999,    9
 18488, 99322,20160810,   67,    0
 18488, 99322,20160811,   72,    0
 18488, 99322,20160812,   68,    0
 18488, 99322,20160813,   94,    0
 18488, 99322,20160814,   92,    0
 18488, 99322,20160815,-9999,    9
 18488, 99322,20160816,-9999,    9
 18488, 99322,20160817,  132,    0
 18488, 99322,20160818,  170,    0
 18488, 99322,20160819,-9999,    9
 18488, 99322,20160820,  159,    0
 18488, 99322,20160821,  132,    0
 18488, 99322,20160822,  119,    0
 18488, 99322,20160823,   80,    0
 18488, 99322,20160824,  101,    0
 18488, 99322,20160825,   92,    0
 18488, 99322,20160826,-9999,    9
 18488, 99322,20160827,   69,    0
 18488, 99322,20160828,   63,    0
 18488, 99322,20160829,   83,    0
 18488, 99322,20160830,   77,    0
 18488, 99322,20160831,  102,    0
 18488, 99322,20160901,   93,    0
 18488, 99322,20160902,   68,    0
 18488, 99322,20160903,   87,    0
 18488, 99322,20160904,   71,    0
 18488, 99322,20160905,   60,    0
 18488, 99322,20160906,   86,    0
 18488, 99322,20160907,   91,    0
 18488, 99322,20160908,   88,    0
 18488, 99322,20160909,  105,    0
 18488, 99322,20160910,  125,    0
 18488, 99322,20160911,-9999,    9
 18488, 99322,20160912,-9999,    9
 18488, 99322,20160913,  127,    0
 18488, 99322,20160914,  119,    0
 18488, 99322,20160915,   76,    0
 18488, 99322,20160916,-9999,    9
 18488, 99322,20160917,-9999,    9
 18488, 99322,20160918,-9999,    9
 18488, 99322,20160919,  119,    0
 18488, 99322,20160920,  101,    0
 18488, 99322,20160921,  121,    0
 18488, 99322,20160922,  123,    0
 18488, 99322,20160923,  113,    0
 18488, 99322,20160924,   91,    0
 18488, 99322,20160925,  112,    0
 18488, 99322,20160926,  132,    0
 18488, 99322,20160927,  105,    0
 18488, 99322,20160928,  115,    0
 18488, 99322,20160929,   75,    0
 18488, 99322,20160930,   60,    0
 18488, 99322,20161001,   62,    0
 18488, 99322,20161002,   45,    0
 18488, 99322,20161003,   31,    0
 18488, 99322,20161004,   51,    0
 18488, 99322,20161005,   82,    0
 18488, 99322,20161006,   84,    0
 18488, 99322,20161007,   64,    0
 18488, 99322,20161008,   45,    0
 18488, 99322,20161009,   50,    0
 18488, 99322,20161010,   47,    0
 18488, 99322,20161011,   62,    0
 18488, 99322,20161012,   70,    0
 18488, 99322,20161013,-9999,    9
 18488, 99322,20161014,-9999,    9
 18488, 99322,20161015,   31,    0
 18488, 99322,20161016,   26,    0
 18488, 99322,20161017,   17,    0
 18488, 99322,20161018,   33,    0
 18488, 99322,20161019,   41,    0
 18488, 99322,20161020,-9999,    9
 18488, 99322,20161021,-9999,    9
 18488, 99322,20161022,-9999,    9
 18488, 99322,20161023,-9999,    9
 18488, 99322,20161024,-9999,    9
 18488, 99322,20161025,-9999,    9
 18488, 99322,20161026,-9999,    9
 18488, 99322,20161027,   54,    0
 18488, 99322,20161028,   37,    0
 18488, 99322,20161029,   23,    0
 18488, 99322,20161030,   21,    0
 18488, 99322,20161031,    6,    0
 18488, 99322,20161101,   -8,    0
 18488, 99322,20161102,   -8,    0
 18488, 99322,20161103,  -28,    0
 18488, 99322,20161104,  -42,    0
 18488, 99322,20161105,  -50,    0
 18488, 99322,20161106,  -54,    0
 18488, 99322,20161107,  -48,    0
 18488, 99322,20161108,  -31,    0
 18488, 99322,20161109,  -19,    0
 18488, 99322,20161110,-9999,    9
 18488, 99322,20161111,  -29,    0
 18488, 99322,20161112,   23,    0
 18488, 99322,20161113,   48,    0
 18488, 99322,20161114,   50,    0
 18488, 99322,20161115,   49,    0
 18488, 99322,20161116,   46,    0
 18488, 99322,20161117,   29,    0
 18488, 99322,20161118,   22,    0
 18488, 99322,20161119,   12,    0
 18488, 99322,20161120,   23,    0
 18488, 99322,20161121,   -1,    0
 18488, 99322,20161122,    9,    0
 18488, 99322,20161123,    5,    0
 18488, 99322,20161124,   -3,    0
 18488, 99322,20161125,   -2,    0
 18488, 99322,20161126,  -13,    0
 18488, 99322,20161127,  -22,    0
 18488, 99322,20161128,   -7,    0
 18488, 99322,20161129,   28,    0
 18488, 99322,20161130,   -2,    0
 18488, 99322,20161201,-9999,    9
 18488, 99322,20161202,  -37,    0
 18488, 99322,20161203,  -44,    0
 18488, 99322,20161204,   -4,    0
 18488, 99322,20161205,   -6,    0
 18488, 99322,20161206,    3,    0
 18488, 99322,20161207,   17,    0
 18488, 99322,20161208,    8,    0
 18488, 99322,20161209,  -45,    0
 18488, 99322,20161210,  -44,    0
 18488, 99322,20161211,  -36,    0
 18488, 99322,20161212,   -2,    0
 18488, 99322,20161213,    0,    0
 18488, 99322,20161214,   27,    0
 18488, 99322,20161215,   29,    0
 18488, 99322,20161216,   40,    0
 18488, 99322,20161217,   34,    0
 18488, 99322,20161218,   33,    0
 18488, 99322,20161219,   56,    0
 18488, 99322,20161220,   33,    0
 18488, 99322,20161221,   52,    0
 18488, 99322,20161222,    4,    0
 18488, 99322,20161223,-9999,    9
 18488, 99322,20161224,  -11,    0
 18488, 99322,20161225,  -34,    0
 18488, 99322,20161226,    1,    0
 18488, 99322,20161227,  -14,    0
 18488, 99322,20161228,   12,    0
 18488, 99322,20161229,   12,    0
 18488, 99322,20161230,   13,    0
 18488, 99322,20161231,  -12,    0
 18488, 99322,20170101,-9999,    9
 18488, 99322,20170102,-9999,    9
 18488, 99322,20170103,-9999,    9
 18488, 99322,20170104,-9999,    9
 18488, 99322,20170105,-9999,    9
 18488, 99322,20170106,-9999,    9
 18488, 99322,20170107,-9999,    9
 18488, 99322,20170108,-9999,    9
 18488, 99322,20170109,-9999,    9
 18488, 99322,20170110,-9999,    9
 18488, 99322,20170111,-9999,    9
 18488, 99322,20170112,-9999,    9
 18488, 99322,20170113,-9999,    9
 18488, 99322,20170114,-9999,    9
 18488, 99322,20170115,-9999,    9
 18488, 99322,20170116,-9999,    9
 18488, 99322,20170117,-9999,    9
 18488, 99322,20170118,-9999,    9
 18488, 99322,20170119,-9999,    9
 18488, 99322,20170120,-9999,    9
 18488, 99322,20170121,-9999,    9
 18488, 99322,20170122,-9999,    9
 18488, 99322,20170123,-9999,    9
 18488, 99322,20170124,-9999,    9
 18488, 99322,20170125,-9999,    9
 18488, 99322,20170126,-9999,    9
 18488, 99322,20170127,-9999,    9
 18488, 99322,20170128,-9999,    9
 18488, 99322,20170129,-9999,    9
 18488, 99322,20170130,-9999,    9
 18488, 99322,20170131,-9999,    9
 18488, 99322,20170201,-9999,    9
 18488, 99322,20170202,-9999,    9
 18488, 99322,20170203,-9999,    9
 18488, 99322,20170204,-9999,    9
 18488, 99322,20170205,-9999,    9
 18488, 99322,20170206,-9999,    9
 18488, 99322,20170207,-9999,    9
 18488, 99322,20170208,-9999,    9
 18488, 99322,20170209,-9999,    9
 18488, 99322,20170210,-9999,    9
 18488, 99322,20170211,-9999,    9
 18488, 99322,20170212,-9999,    9
 18488, 99322,20170213,-9999,    9
 18488, 99322,20170214,-9999,    9
 18488, 99322,20170215,-9999,    9
 18488, 99322,20170216,-9999,    9
 18488, 99322,20170217,-9999,    9
 18488, 99322,20170218,-9999,    9
 18488, 99322,20170219,-9999,    9
 18488, 99322,20170220,-9999,    9
 18488, 99322,20170221,-9999,    9
 18488, 99322,20170222,-9999,    9
 18488, 99322,20170223,-9999,    9
 18488, 99322,20170224,-9999,    9
 18488, 99322,20170225,-9999,    9
 18488, 99322,20170226,-9999,    9
 18488, 99322,20170227,-9999,    9
 18488, 99322,20170228,-9999,    9
 18488, 99322,20170301,-9999,    9
 18488, 99322,20170302,-9999,    9
 18488, 99322,20170303,-9999,    9
 18488, 99322,20170304,-9999,    9
 18488, 99322,20170305,-9999,    9
 18488, 99322,20170306,-9999,    9
 18488, 99322,20170307,-9999,    9
 18488, 99322,20170308,-9999,    9
 18488, 99322,20170309,-9999,    9
 18488, 99322,20170310,-9999,    9
 18488, 99322,20170311,-9999,    9
 18488, 99322,20170312,-9999,    9
 18488, 99322,20170313,   26,    0
 18488, 99322,20170314,-9999,    9
 18488, 99322,20170315,-9999,    9
 18488, 99322,20170316,-9999,    9
 18488, 99322,20170317,-9999,    9
 18488, 99322,20170318,-9999,    9
 18488, 99322,20170319,-9999,    9
 18488, 99322,20170320,-9999,    9
 18488, 99322,20170321,-9999,    9
 18488, 99322,20170322,-9999,    9
 18488, 99322,20170323,-9999,    9
 18488, 99322,20170324,-9999,    9
 18488, 99322,20170325,-9999,    9
 18488, 99322,20170326,-9999,    9
 18488, 99322,20170327,-9999,    9
 18488, 99322,20170328,-9999,    9
 18488, 99322,20170329,-9999,    9
 18488, 99322,20170330,-9999,    9
 18488, 99322,20170331,-9999,    9
 18488, 99322,20170401,-9999,    9
 18488, 99322,20170402,-9999,    9
 18488, 99322,20170403,   26,    0
 18488, 99322,20170404,   31,    0
 18488, 99322,20170405,-9999,    9
 18488, 99322,20170406,  -12,    0
 18488, 99322,20170407,  -18,    0
 18488, 99322,20170408,  -19,    0
 18488, 99322,20170409,    1,    0
 18488, 99322,20170410,    4,    0
 18488, 99322,20170411,   -1,    0
 18488, 99322,20170412,  -21,    0
 18488, 99322,20170413,  -40,    0
 18488, 99322,20170414,  -48,    0
 18488, 99322,20170415,  -41,    0
 18488, 99322,20170416,  -29,    0
 18488, 99322,20170417,  -17,    0
 18488, 99322,20170418,  -18,    0
 18488, 99322,20170419,    8,    0
 18488, 99322,20170420,   13,    0
 18488, 99322,20170421,   10,    0
 18488, 99322,20170422,   -5,    0
 18488, 99322,20170423,    2,    0
 18488, 99322,20170424,    0,    0
 18488, 99322,20170425,   -4,    0
 18488, 99322,20170426,-9999,    9
 18488, 99322,20170427,-9999,    9
 18488, 99322,20170428,   13,    0
 18488, 99322,20170429,   22,    0
 18488, 99322,20170430,    5,    0
 18488, 99322,20170501,   10,    0
 18488, 99322,20170502,   21,    0
 18488, 99322,20170503,   27,    0
 18488, 99322,20170504,   24,    0
 18488, 99322,20170505,   40,    0
 18488, 99322,20170506,   11,    0
 18488, 99322,20170507,  -13,    0
 18488, 99322,20170508,  -13,    0
 18488, 99322,20170509,   -9,    0
 18488, 99322,20170510,   -1,    0
 18488, 99322,20170511,   -3,    0
 18488, 99322,20170512,   10,    0
 18488, 99322,20170513,   15,    0
 18488, 99322,20170514,   27,    0
 18488, 99322,20170515,   43,    0
 18488, 99322,20170516,   75,    0
 18488, 99322,20170517,   75,    0
 18488, 99322,20170518,-9999,    9
 18488, 99322,20170519,-9999,    9
 18488, 99322,20170520,-9999,    9
 18488, 99322,20170521,   47,    0
 18488, 99322,20170522,   46,    0
 18488, 99322,20170523,   47,    0
 18488, 99322,20170524,   43,    0
 18488, 99322,20170525,   48,    0
 18488, 99322,20170526,   38,    0
 18488, 99322,20170527,   56,    0
 18488, 99322,20170528,   34,    0
 18488, 99322,20170529,   27,    0
 18488, 99322,20170530,   18,    0
 18488, 99322,20170531,   24,    0
 18488, 99322,20170601,   39,    0
 18488, 99322,20170602,   45,    0
 18488, 99322,20170603,   60,    0
 18488, 99322,20170604,   62,    0
 18488, 99322,20170605,   79,    0
 18488, 99322,20170606,  102,    0
 18488, 99322,20170607,  169,    0
 18488, 99322,20170608,  187,    0
 18488, 99322,20170609,-9999,    9
 18488, 99322,20170610,  173,    0
 18488, 99322,20170611,  174,    0
 18488, 99322,20170612,  159,    0
 18488, 99322,20170613,  143,    0
 18488, 99322,20170614,  102,    0
 18488, 99322,20170615,   95,    0
 18488, 99322,20170616,  100,    0
 18488, 99322,20170617,   95,    0
 18488, 99322,20170618,   93,    0
 18488, 99322,20170619,   82,    0
 18488, 99322,20170620,   93,    0
 18488, 99322,20170621,   85,    0
 18488, 99322,20170622,   74,    0
 18488, 99322,20170623,  108,    0
 18488, 99322,20170624,  121,    0
 18488, 99322,20170625,   93,    0
 18488, 99322,20170626,  110,    0
 18488, 99322,20170627,   78,    0
 18488, 99322,20170628,   71,    0
 18488, 99322,20170629,   89,    0
 18488, 99322,20170630,-9999,    9
 18488, 99322,20170701,-9999,    9
 18488, 99322,20170702,-9999,    9
 18488, 99322,20170703,   77,    0
 18488, 99322,20170704,   80,    0
 18488, 99322,20170705,   68,    0
 18488, 99322,20170706,   79,    0
 18488, 99322,20170707,   90,    0
 18488, 99322,20170708,  120,    0
 18488, 99322,20170709,  149,    0
 18488, 99322,20170710,  120,    0
 18488, 99322,20170711,  125,    0
 18488, 99322,20170712,  109,    0
 18488, 99322,20170713,   90,    0
 18488, 99322,20170714,   87,    0
 18488, 99322,20170715,   90,    0
 18488, 99322,20170716,  127,    0
 18488, 99322,20170717,   98,    0
 18488, 99322,20170718,  105,    0
 18488, 99322,20170719,   89,    0
 18488, 99322,20170720,   95,    0
 18488, 99322,20170721,  127,    0
 18488, 99322,20170722,  161,    0
 18488, 99322,20170723,-9999,    9
 18488, 99322,20170724,  179,    0
 18488, 99322,20170725,  192,    0
 18488, 99322,20170726,  161,    0
 18488, 99322,20170727,  185,    0
 18488, 99322,20170728,  202,    0
 18488, 99322,20170729,  189,    0
 18488, 99322,20170730,  124,    0
 18488, 99322,20170731,  120,    0
 18488, 99322,20170801,  130,    0
 18488, 99322,20170802,  131,    0
 18488, 99322,20170803,  129,    0
 18488, 99322,20170804,  160,    0
 18488, 99322,20170805,  159,    0
 18488, 99322,20170806,  148,    0
 18488, 99322,20170807,  109,    0
 18488, 99322,20170808,  132,    0
 18488, 99322,20170809,  106,    0
 18488, 99322,20170810,  119,    0
 18488, 99322,20170811,  119,    0
 18488, 99322,20170812,  128,    0
 18488, 99322,20170813,   96,    0
 18488, 99322,20170814,   82,    0
 18488, 99322,20170815,   98,    0
 18488, 99322,20170816,  132,    0
 18488, 99322,20170817,  113,    0
 18488, 99322,20170818,  156,    0
 18488, 99322,20170819,  161,    0
 18488, 99322,20170820,  113,    0
 18488, 99322,20170821,   73,    0
 18488, 99322,20170822,   74,    0
 18488, 99322,20170823,   79,    0
 18488, 99322,20170824,   89,    0
 18488, 99322,20170825,   72,    0
 18488, 99322,20170826,   73,    0
 18488, 99322,20170827,   81,    0
 18488, 99322,20170828,  113,    0
 18488, 99322,20170829,  119,    0
 18488, 99322,20170830,  100,    0
 18488, 99322,20170831,   93,    0
 18488, 99322,20170901,   81,    0
 18488, 99322,20170902,   92,    0
 18488, 99322,20170903,  113,    0
 18488, 99322,20170904,  155,    0
 18488, 99322,20170905,  155,    0
 18488, 99322,20170906,  151,    0
 18488, 99322,20170907,  123,    0
 18488, 99322,20170908,  118,    0
 18488, 99322,20170909,  101,    0
 18488, 99322,20170910,  113,    0
 18488, 99322,20170911,  115,    0
 18488, 99322,20170912,  135,    0
 18488, 99322,20170913,  129,    0
 18488, 99322,20170914,  111,    0
 18488, 99322,20170915,   81,    0
 18488, 99322,20170916,   78,    0
 18488, 99322,20170917,   80,    0
 18488, 99322,20170918,   90,    0
 18488, 99322,20170919,-9999,    9
 18488, 99322,20170920,-9999,    9
 18488, 99322,20170921,   80,    0
 18488, 99322,20170922,  125,    0
 18488, 99322,20170923,  116,    0
 18488, 99322,20170924,  110,    0
 18488, 99322,20170925,  112,    0
 18488, 99322,20170926,  109,    0
 18488, 99322,20170927,  119,    0
 18488, 99322,20170928,  126,    0
 18488, 99322,20170929,  138,    0
 18488, 99322,20170930,  189,    0
 18488, 99322,20171001,  150,    0
 18488, 99322,20171002,  113,    0
 18488, 99322,20171003,   99,    0
 18488, 99322,20171004,-9999,    9
 18488, 99322,20171005,   72,    0
 18488, 99322,20171006,   65,    0
 18488, 99322,20171007,   54,    0
 18488, 99322,20171008,   57,    0
 18488, 99322,20171009,   53,    0
 18488, 99322,20171010,   38,    0
 18488, 99322,20171011,   65,    0
 18488, 99322,20171012,   69,    0
 18488, 99322,20171013,   63,    0
 18488, 99322,20171014,-9999,    9
 18488, 99322,20171015,   81,    0
 18488, 99322,20171016,   54,    0
 18488, 99322,20171017,-9999,    9
 18488, 99322,20171018,-9999,    9
 18488, 99322,20171019,-9999,    9
 18488, 99322,20171020,-9999,    9
 18488, 99322,20171021,-9999,    9
 18488, 99322,20171022,-9999,    9
 18488, 99322,20171023,-9999,    9
 18488, 99322,20171024,-9999,    9
 18488, 99322,20171025,   52,    0
 18488, 99322,20171026,   29,    0
 18488, 99322,20171027,   43,    0
 18488, 99322,20171028,   14,    0
 18488, 99322,20171029,   -4,    0
 18488, 99322,20171030,   -8,    0
 18488, 99322,20171031,  -12,    0
 18488, 99322,20171101,-9999,    9
 18488, 99322,20171102,-9999,    9
 18488, 99322,20171103,   41,    0
 18488, 99322,20171104,   39,    0
 18488, 99322,20171105,   47,    0
 18488, 99322,20171106,   26,    0
 18488, 99322,20171107,   40,    0
 18488, 99322,20171108,   62,    0
 18488, 99322,20171109,   53,    0
 18488, 99322,20171110,   31,    0
 18488, 99322,20171111,   29,    0
 18488, 99322,20171112,   -5,    0
 18488, 99322,20171113,   14,    0
 18488, 99322,20171114,   15,    0
 18488, 99322,20171115,    8,    0
 18488, 99322,20171116,   16,    0
 18488, 99322,20171117,    0,    0
 18488, 99322,20171118,  -17,    0
 18488, 99322,20171119,  -45,    0
 18488, 99322,20171120,  -52,    0
 18488, 99322,20171121,  -30,    0
 18488, 99322,20171122,  -34,    0
 18488, 99322,20171123,  -15,    0
 18488, 99322,20171124,   14,    0
 18488, 99322,20171125,   25,    0
 18488, 99322,20171126,    6,    0
 18488, 99322,20171127,   -1,    0
 18488, 99322,20171128,-9999,    9
 18488, 99322,20171129,-9999,    9
 18488, 99322,20171130,  -39,    0
 18488, 99322,20171201,   -7,    0
 18488, 99322,20171202,   12,    0
 18488, 99322,20171203,    1,    0
 18488, 99322,20171204,  -14,    0
 18488, 99322,20171205,  -11,    0
 18488, 99322,20171206,  -12,    0
 18488, 99322,20171207,  -24,    0
 18488, 99322,20171208,  -17,    0
 18488, 99322,20171209,   -1,    0
 18488, 99322,20171210,   18,    0
 18488, 99322,20171211,   -1,    0
 18488, 99322,20171212,  -30,    0
 18488, 99322,20171213,  -40,    0
 18488, 99322,20171214,  -11,    0
 18488, 99322,20171215,  -36,    0
 18488, 99322,20171216,  -18,    0
 18488, 99322,20171217,   -8,    0
 18488, 99322,20171218,  -10,    0
 18488, 99322,20171219,   42,    0
 18488, 99322,20171220,   32,    0
 18488, 99322,20171221,    9,    0
 18488, 99322,20171222,   -9,    0
 18488, 99322,20171223,  -23,    0
 18488, 99322,20171224,  -10,    0
 18488, 99322,20171225,  -50,    0
 18488, 99322,20171226,  -67,    0
 18488, 99322,20171227,  -75,    0
 18488, 99322,20171228,  -84,    0
 18488, 99322,20171229,  -55,    0
 18488, 99322,20171230,  -19,    0
 18488, 99322,20171231,    6,    0
 18488, 99322,20180101,  -30,    0
 18488, 99322,20180102,  -31,    0
 18488, 99322,20180103,  -37,    0
 18488, 99322,20180104,  -45,    0
 18488, 99322,20180105,  -67,    0
 18488, 99322,20180106,  -57,    0
 18488, 99322,20180107,  -52,    0
 18488, 99322,20180108,  -23,    0
 18488, 99322,20180109,   27,    0
 18488, 99322,20180110,   13,    0
 18488, 99322,20180111,   13,    0
 18488, 99322,20180112,   28,    0
 18488, 99322,20180113,   19,    0
 18488, 99322,20180114,   -1,    0
 18488, 99322,20180115,   -5,    0
 18488, 99322,20180116,   -3,    0
 18488, 99322,20180117,  -33,    0
 18488, 99322,20180118,  -77,    0
 18488, 99322,20180119,  -74,    0
 18488, 99322,20180120,  -86,    0
 18488, 99322,20180121,  -98,    0
 18488, 99322,20180122,  -95,    0
 18488, 99322,20180123,  -74,    0
 18488, 99322,20180124,  -72,    0
 18488, 99322,20180125,  -52,    0
 18488, 99322,20180126,  -47,    0
 18488, 99322,20180127,  -61,    0
 18488, 99322,20180128,  -58,    0
 18488, 99322,20180129,  -37,    0
 18488, 99322,20180130,  -48,    0
 18488, 99322,20180131,  -54,    0
 18488, 99322,20180201,  -65,    0
 18488, 99322,20180202,  -87,    0
 18488, 99322,20180203,  -80,    0
 18488, 99322,20180204,  -47,    0
 18488, 99322,20180205,   26,    0
 18488, 99322,20180206,   -5,    0
 18488, 99322,20180207,  -59,    0
 18488, 99322,20180208,  -11,    0
 18488, 99322,20180209,   13,    0
 18488, 99322,20180210,    8,    0
 18488, 99322,20180211,  -12,    0
 18488, 99322,20180212,  -39,    0
 18488, 99322,20180213,  -19,    0
 18488, 99322,20180214,  -15,    0
 18488, 99322,20180215,  -21,    0
 18488, 99322,20180216,  -21,    0
 18488, 99322,20180217,  -51,    0
 18488, 99322,20180218,  -62,    0
 18488, 99322,20180219,  -60,    0
 18488, 99322,20180220,  -83,    0
 18488, 99322,20180221,  -93,    0
 18488, 99322,20180222,  -82,    0
 18488, 99322,20180223,  -70,    0
 18488, 99322,20180224,  -89,    0
 18488, 99322,20180225,  -92,    0
 18488, 99322,20180226,  -86,    0
 18488, 99322,20180227,  -69,    0
 18488, 99322,20180228,  -41,    0
 18488, 99322,20180301,  -30,    0
 18488, 99322,20180302,  -40,    0
 18488, 99322,20180303,-9999,    9
 18488, 99322,20180304,  -75,    0
 18488, 99322,20180305,-9999,    9
 18488, 99322,20180306,  -93,    0
 18488, 99322,20180307,  -88,    0
 18488, 99322,20180308, -101,    0
 18488, 99322,20180309,  -96,    0
 18488, 99322,20180310,-9999,    9
 18488, 99322,20180311,  -45,    0
 18488, 99322,20180312,  -23,    0
 18488, 99322,20180313,  -66,    0
 18488, 99322,20180314,  -67,    0
 18488, 99322,20180315,  -67,    0
 18488, 99322,20180316,  -64,    0
 18488, 99322,20180317,-9999,    9
 18488, 99322,20180318,  -28,    0
 18488, 99322,20180319,  -23,    0
 18488, 99322,20180320,  -35,    0
 18488, 99322,20180321,  -12,    0
 18488, 99322,20180322,  -39,    0
 18488, 99322,20180323,  -56,    0
 18488, 99322,20180324,  -66,    0
 18488, 99322,20180325,-9999,    9
 18488, 99322,20180326,  -56,    0
 18488, 99322,20180327,  -26,    0
 18488, 99322,20180328,  -16,    0
 18488, 99322,20180329,  -12,    0
 18488, 99322,20180330,  -19,    0
 18488, 99322,20180331,  -23,    0
 18488, 99322,20180401,  -20,    0
 18488, 99322,20180402,  -30,    0
 18488, 99322,20180403,  -50,    0
 18488, 99322,20180404,  -30,    0
 18488, 99322,20180405,   -1,    0
 18488, 99322,20180406,   -7,    0
 18488, 99322,20180407,-9999,    9
 18488, 99322,20180408,  -23,    0
 18488, 99322,20180409,  -13,    0
 18488, 99322,20180410,    5,    0
 18488, 99322,20180411,    8,    0
 18488, 99322,20180412,   22,    0
 18488, 99322,20180413,   54,    0
 18488, 99322,20180414,   33,    0
 18488, 99322,20180415,   42,    0
 18488, 99322,20180416,   60,    0
 18488, 99322,20180417,   60,    0
 18488, 99322,20180418,   54,    0
 18488, 99322,20180419,   39,    0
 18488, 99322,20180420,   43,    0
 18488, 99322,20180421,   56,    0
 18488, 99322,20180422,   30,    0
 18488, 99322,20180423,   56,    0
 18488, 99322,20180424,   43,    0
 18488, 99322,20180425,   32,    0
 18488, 99322,20180426,   26,    0
 18488, 99322,20180427,   31,    0
 18488, 99322,20180428,   19,    0
 18488, 99322,20180429,   11,    0
 18488, 99322,20180430,   12,    0
 18488, 99322,20180501,   41,    0
 18488, 99322,20180502,   65,    0
 18488, 99322,20180503,   75,    0
 18488, 99322,20180504,   66,    0
 18488, 99322,20180505,-9999,    9
 18488, 99322,20180506,   59,    0
 18488, 99322,20180507,   35,    0
 18488, 99322,20180508,   82,    0
 18488, 99322,20180509,  150,    0
 18488, 99322,20180510,  185,    0
 18488, 99322,20180511,  108,    0
 18488, 99322,20180512,  101,    0
 18488, 99322,20180513,  110,    0
 18488, 99322,20180514,  157,    0
 18488, 99322,20180515,   96,    0
 18488, 99322,20180516,-9999,    9
 18488, 99322,20180517,   52,    0
 18488, 99322,20180518,   49,    0
 18488, 99322,20180519,-9999,    9
 18488, 99322,20180520,   80,    0
 18488, 99322,20180521,   63,    0
 18488, 99322,20180522,   48,    0
 18488, 99322,20180523,   52,    0
 18488, 99322,20180524,   78,    0
 18488, 99322,20180525,   76,    0
 18488, 99322,20180526,-9999,    9
 18488, 99322,20180527,   67,    0
 18488, 99322,20180528,  130,    0
 18488, 99322,20180529,   65,    0
 18488, 99322,20180530,-9999,    9
 18488, 99322,20180531,  138,    0
 18488, 99322,20180601,   73,    0
 18488, 99322,20180602,   59,    0
 18488, 99322,20180603,   49,    0
 18488, 99322,20180604,   26,    0
 18488, 99322,20180605,   35,    0
 18488, 99322,20180606,-9999,    9
 18488, 99322,20180607,   29,    0
 18488, 99322,20180608,   51,    0
 18488, 99322,20180609,   63,    0
 18488, 99322,20180610,-9999,    9
 18488, 99322,20180611,   50,    0
 18488, 99322,20180612,   51,    0
 18488, 99322,20180613,   57,    0
 18488, 99322,20180614,  121,    0
 18488, 99322,20180615,  117,    0
 18488, 99322,20180616,   78,    0
 18488, 99322,20180617,  115,    0
 18488, 99322,20180618,  108,    0
 18488, 99322,20180619,   72,    0
 18488, 99322,20180620,   77,    0
 18488, 99322,20180621,   69,    0
 18488, 99322,20180622,   76,    0
 18488, 99322,20180623,   58,    0
 18488, 99322,20180624,   69,    0
 18488, 99322,20180625,   87,    0
 18488, 99322,20180626,   79,    0
 18488, 99322,20180627,   63,    0
 18488, 99322,20180628,   77,    0
 18488, 99322,20180629,   65,    0
 18488, 99322,20180630,   69,    0
 18488, 99322,20180701,-9999,    9
 18488, 99322,20180702,  177,    0
 18488, 99322,20180703,   95,    0
 18488, 99322,20180704,   88,    0
 18488, 99322,20180705,  155,    0
 18488, 99322,20180706,  107,    0
 18488, 99322,20180707,   96,    0
 18488, 99322,20180708,  104,    0
 18488, 99322,20180709,  105,    0
 18488, 99322,20180710,  108,    0
 18488, 99322,20180711,  148,    0
 18488, 99322,20180712,  128,    0
 18488, 99322,20180713,  104,    0
 18488, 99322,20180714,   97,    0
 18488, 99322,20180715,  115,    0
 18488, 99322,20180716,  163,    0
 18488, 99322,20180717,  232,    0
 18488, 99322,20180718,  251,    0
 18488, 99322,20180719,  137,    0
 18488, 99322,20180720,  139,    0
 18488, 99322,20180721,  164,    0
 18488, 99322,20180722,  133,    0
 18488, 99322,20180723,  124,    0
 18488, 99322,20180724,  141,    0
 18488, 99322,20180725,  125,    0
 18488, 99322,20180726,  123,    0
 18488, 99322,20180727,  205,    0
 18488, 99322,20180728,  247,    0
 18488, 99322,20180729,  255,    0
 18488, 99322,20180730,  250,    0
 18488, 99322,20180731,  258,    0
 18488, 99322,20180801,  213,    0
 18488, 99322,20180802,  163,    0
 18488, 99322,20180803,  142,    0
 18488, 99322,20180804,  124,    0
 18488, 99322,20180805,  125,    0
 18488, 99322,20180806,  116,    0
 18488, 99322,20180807,  116,    0
 18488, 99322,20180808,  168,    0
 18488, 99322,20180809,  144,    0
 18488, 99322,20180810,  134,    0
 18488, 99322,20180811,  135,    0
 18488, 99322,20180812,  100,    0
 18488, 99322,20180813,   86,    0
 18488, 99322,20180814,   92,    0
 18488, 99322,20180815,  132,    0
 18488, 99322,20180816,  155,    0
 18488, 99322,20180817,  127,    0
 18488, 99322,20180818,  124,    0
 18488, 99322,20180819,  110,    0
 18488, 99322,20180820,   89,    0
 18488, 99322,20180821,   80,    0
 18488, 99322,20180822,  105,    0
 18488, 99322,20180823,   95,    0
 18488, 99322,20180824,  115,    0
 18488, 99322,20180825,  104,    0
 18488, 99322,20180826,   89,    0
 18488, 99322,20180827,   81,    0
 18488, 99322,20180828,  109,    0
 18488, 99322,20180829,  163,    0
 18488, 99322,20180830,  112,    0
 18488, 99322,20180831,   82,    0
 18488, 99322,20180901,  127,    0
 18488, 99322,20180902,  118,    0
 18488, 99322,20180903,  120,    0
 18488, 99322,20180904,   89,    0
 18488, 99322,20180905,  111,    0
 18488, 99322,20180906,  123,    0
 18488, 99322,20180907,  125,    0
 18488, 99322,20180908,  146,    0
 18488, 99322,20180909,  173,    0
 18488, 99322,20180910,  171,    0
 18488, 99322,20180911,  124,    0
 18488, 99322,20180912,  105,    0
 18488, 99322,20180913,   92,    0
 18488, 99322,20180914,   85,    0
 18488, 99322,20180915,   76,    0
 18488, 99322,20180916,   70,    0
 18488, 99322,20180917,   68,    0
 18488, 99322,20180918,   79,    0
 18488, 99322,20180919,  100,    0
 18488, 99322,20180920,  101,    0
 18488, 99322,20180921,   90,    0
 18488, 99322,20180922,   94,    0
 18488, 99322,20180923,   52,    0
 18488, 99322,20180924,   26,    0
 18488, 99322,20180925,   41,    0
 18488, 99322,20180926,-9999,    9
 18488, 99322,20180927,-9999,    9
 18488, 99322,20180928,-9999,    9
 18488, 99322,20180929,-9999,    9
 18488, 99322,20180930,-9999,    9
 18488, 99322,20181001,-9999,    9
 18488, 99322,20181002,-9999,    9
 18488, 99322,20181003,-9999,    9
 18488, 99322,20181004,   14,    0
 18488, 99322,20181005,   18,    0
 18488, 99322,20181006,    9,    0
 18488, 99322,20181007,   18,    0
 18488, 99322,20181008,   32,    0
 18488, 99322,20181009,   43,    0
 18488, 99322,20181010,   49,    0
 18488, 99322,20181011,-9999,    9
 18488, 99322,20181012,   83,    0
 18488, 99322,20181013,  109,    0
 18488, 99322,20181014,  103,    0
 18488, 99322,20181015,   62,    0
 18488, 99322,20181016,   61,    0
 18488, 99322,20181017,-9999,    9
 18488, 99322,20181018,-9999,    9
 18488, 99322,20181019,   62,    0
 18488, 99322,20181020,   66,    0
 18488, 99322,20181021,   56,    0
 18488, 99322,20181022,-9999,    9
 18488, 99322,20181023,   18,    0
 18488, 99322,20181024,    8,    0
 18488, 99322,20181025,  -11,    0
 18488, 99322,20181026,  -19,    0
 18488, 99322,20181027,  -17,    0
 18488, 99322,20181028,  -10,    0
 18488, 99322,20181029,    8,    0
 18488, 99322,20181030,   -6,    0
 18488, 99322,20181031,   13,    0
 18488, 99322,20181101,   52,    0
 18488, 99322,20181102,   91,    0
 18488, 99322,20181103,   41,    0
 18488, 99322,20181104,-9999,    9
 18488, 99322,20181105,   74,    0
 18488, 99322,20181106,   69,    0
 18488, 99322,20181107,   45,    0
 18488, 99322,20181108,   33,    0
 18488, 99322,20181109,   42,    0
 18488, 99322,20181110,   62,    0
 18488, 99322,20181111,   85,    0
 18488, 99322,20181112,   73,    0
 18488, 99322,20181113,   42,    0
 18488, 99322,20181114,   68,    0
 18488, 99322,20181115,   70,    0
 18488, 99322,20181116,   75,    0
 18488, 99322,20181117,   46,    0
 18488, 99322,20181118,   30,    0
 18488, 99322,20181119,   34,    0
 18488, 99322,20181120,   24,    0
 18488, 99322,20181121,    0,    0
 18488, 99322,20181122,   12,    0
 18488, 99322,20181123,    8,    0
 18488, 99322,20181124,    7,    0
 18488, 99322,20181125,   -3,    0
 18488, 99322,20181126,  -29,    0
 18488, 99322,20181127,  -13,    0
 18488, 99322,20181128,   11,    0
 18488, 99322,20181129,   20,    0
 18488, 99322,20181130,   58,    0
 18488, 99322,20181201,   64,    0
 18488, 99322,20181202,   53,    0
 18488, 99322,20181203,   47,    0
 18488, 99322,20181204,   15,    0
 18488, 99322,20181205,    2,    0
 18488, 99322,20181206,   -6,    0
 18488, 99322,20181207,  -43,    0
 18488, 99322,20181208,  -44,    0
 18488, 99322,20181209,  -29,    0
 18488, 99322,20181210,  -20,    0
 18488, 99322,20181211,  -13,    0
 18488, 99322,20181212,   12,    0
 18488, 99322,20181213,   27,    0
 18488, 99322,20181214,   23,    0
 18488, 99322,20181215,    3,    0
 18488, 99322,20181216,  -34,    0
 18488, 99322,20181217,  -35,    0
 18488, 99322,20181218,  -43,    0
 18488, 99322,20181219,  -13,    0
 18488, 99322,20181220,   13,    0
 18488, 99322,20181221,    2,    0
 18488, 99322,20181222,  -45,    0
 18488, 99322,20181223,  -12,    0
 18488, 99322,20181224,   -3,    0
 18488, 99322,20181225,    5,    0
 18488, 99322,20181226,   -2,    0
 18488, 99322,20181227,   20,    0
 18488, 99322,20181228,   18,    0
 18488, 99322,20181229,    7,    0
 18488, 99322,20181230,  -18,    0
 18488, 99322,20181231,   -7,    0
 18488, 99322,20190101,  -37,    0
 18488, 99322,20190102,  -39,    0
 18488, 99322,20190103,    9,    0
 18488, 99322,20190104,   16,    0
 18488, 99322,20190105,   15,    0
 18488, 99322,20190106,   31,    0
 18488, 99322,20190107,   -2,    0
 18488, 99322,20190108,   -6,    0
 18488, 99322,20190109,   -7,    0
 18488, 99322,20190110,    8,    0
 18488, 99322,20190111,   -1,    0
 18488, 99322,20190112,  -33,    0
 18488, 99322,20190113,  -55,    0
 18488, 99322,20190114,  -70,    0
 18488, 99322,20190115,  -58,    0
 18488, 99322,20190116,  -77,    0
 18488, 99322,20190117,  -78,    0
 18488, 99322,20190118,-9999,    9
 18488, 99322,20190119,-9999,    9
 18488, 99322,20190120,  -54,    0
 18488, 99322,20190121,  -47,    0
 18488, 99322,20190122,  -53,    0
 18488, 99322,20190123,  -77,    0
 18488, 99322,20190124,  -68,    0
 18488, 99322,20190125,  -49,    0
 18488, 99322,20190126,  -71,    0
 18488, 99322,20190127, -109,    0
 18488, 99322,20190128,  -75,    0
 18488, 99322,20190129,  -84,    0
 18488, 99322,20190130,-9999,    9
 18488, 99322,20190131,  -65,    0
 18488, 99322,20190201,  -43,    0
 18488, 99322,20190202,  -57,    0
 18488, 99322,20190203,  -66,    0
 18488, 99322,20190204,  -80,    0
 18488, 99322,20190205, -113,    0
 18488, 99322,20190206,  -59,    0
 18488, 99322,20190207,  -56,    0
 18488, 99322,20190208,  -58,    0
 18488, 99322,20190209,  -56,    0
 18488, 99322,20190210,  -46,    0
 18488, 99322,20190211,  -23,    0
 18488, 99322,20190212,  -25,    0
 18488, 99322,20190213,-9999,    9
 18488, 99322,20190214,-9999,    9
 18488, 99322,20190215,-9999,    9
 18488, 99322,20190216,   15,    0
 18488, 99322,20190217,   -7,    0
 18488, 99322,20190218,   -5,    0
 18488, 99322,20190219,  -33,    0
 18488, 99322,20190220,  -90,    0
 18488, 99322,20190221,  -69,    0
 18488, 99322,20190222,   11,    0
 18488, 99322,20190223,   49,    0
 18488, 99322,20190224,   29,    0
 18488, 99322,20190225,    9,    0
 18488, 99322,20190226,   12,    0
 18488, 99322,20190227,   17,    0
 18488, 99322,20190228,  -48,    0
 18488, 99322,20190301,  -36,    0
 18488, 99322,20190302,  -78,    0
 18488, 99322,20190303, -100,    0
 18488, 99322,20190304,  -88,    0
 18488, 99322,20190305,  -83,    0
 18488, 99322,20190306,  -40,    0
 18488, 99322,20190307,  -55,    0
 18488, 99322,20190308,  -68,    0
 18488, 99322,20190309,  -66,    0
 18488, 99322,20190310,  -70,    0
 18488, 99322,20190311,  -79,    0
 18488, 99322,20190312,  -53,    0
 18488, 99322,20190313,  -20,    0
 18488, 99322,20190314,  -29,    0
 18488, 99322,20190315,  -33,    0
 18488, 99322,20190316,  -31,    0
 18488, 99322,20190317,  -45,    0
 18488, 99322,20190318,  -36,    0
 18488, 99322,20190319,   -7,    0
 18488, 99322,20190320,   14,    0
 18488, 99322,20190321,    2,    0
 18488, 99322,20190322,   10,    0
 18488, 99322,20190323,   14,    0
 18488, 99322,20190324,   -3,    0
 18488, 99322,20190325,  -25,    0
 18488, 99322,20190326,  -23,    0
 18488, 99322,20190327,   12,    0
 18488, 99322,20190328,   19,    0
 18488, 99322,20190329,  -10,    0
 18488, 99322,20190330,  -14,    0
 18488, 99322,20190331,-9999,    9
 18488, 99322,20190401,  -10,    0
 18488, 99322,20190402,   16,    0
 18488, 99322,20190403,    7,    0
 18488, 99322,20190404,  -15,    0
 18488, 99322,20190405,  -10,    0
 18488, 99322,20190406,    3,    0
 18488, 99322,20190407,  -13,    0
 18488, 99322,20190408,  -21,    0
 18488, 99322,20190409,-9999,    9
 18488, 99322,20190410,-9999,    9
 18488, 99322,20190411,-9999,    9
 18488, 99322,20190412,    9,    0
 18488, 99322,20190413,   18,    0
 18488, 99322,20190414,   20,    0
 18488, 99322,20190415,   24,    0
 18488, 99322,20190416,   20,    0
 18488, 99322,20190417,   42,    0
 18488, 99322,20190418,   35,    0
 18488, 99322,20190419,   46,    0
 18488, 99322,20190420,-9999,    9
 18488, 99322,20190421,   38,    0
 18488, 99322,20190422,   53,    0
 18488, 99322,20190423,   78,    0
 18488, 99322,20190424,   95,    0
 18488, 99322,20190425,  116,    0
 18488, 99322,20190426,  121,    0
 18488, 99322,20190427,   96,    0
 18488, 99322,20190428,  101,    0
 18488, 99322,20190429,   52,    0
 18488, 99322,20190430,   24,    0
 18488, 99322,20190501,    7,    0
 18488, 99322,20190502,  -13,    0
 18488, 99322,20190503,  -13,    0
 18488, 99322,20190504,  -19,    0
 18488, 99322,20190505,  -10,    0
 18488, 99322,20190506,   15,    0
 18488, 99322,20190507,   44,    0
 18488, 99322,20190508,   24,    0
 18488, 99322,20190509,   51,    0
 18488, 99322,20190510,  100,    0
 18488, 99322,20190511,  104,    0
 18488, 99322,20190512,   28,    0
 18488, 99322,20190513,   21,    0
 18488, 99322,20190514,   27,    0
 18488, 99322,20190515,   41,    0
 18488, 99322,20190516,   46,    0
 18488, 99322,20190517,   79,    0
 18488, 99322,20190518,  128,    0
 18488, 99322,20190519,  145,    0
 18488, 99322,20190520,  148,    0
 18488, 99322,20190521,  138,    0
 18488, 99322,20190522,   90,    0
 18488, 99322,20190523,   68,    0
 18488, 99322,20190524,   77,    0
 18488, 99322,20190525,   45,    0
 18488, 99322,20190526,   33,    0
 18488, 99322,20190527,   55,    0
 18488, 99322,20190528,   52,    0
 18488, 99322,20190529,-9999,    9
 18488, 99322,20190530,-9999,    9
 18488, 99322,20190531,-9999,    9
 18488, 99322,20190601,   39,    0
 18488, 99322,20190602,   47,    0
 18488, 99322,20190603,   94,    0
 18488, 99322,20190604,   77,    0
 18488, 99322,20190605,  124,    0
 18488, 99322,20190606,  121,    0
 18488, 99322,20190607,  154,    0
 18488, 99322,20190608,   87,    0
 18488, 99322,20190609,  122,    0
 18488, 99322,20190610,   61,    0
 18488, 99322,20190611,   63,    0
 18488, 99322,20190612,   96,    0
 18488, 99322,20190613,  136,    0
 18488, 99322,20190614,  142,    0
 18488, 99322,20190615,  132,    0
 18488, 99322,20190616,  126,    0
 18488, 99322,20190617,   92,    0
 18488, 99322,20190618,   89,    0
 18488, 99322,20190619,   95,    0
 18488, 99322,20190620,  143,    0
 18488, 99322,20190621,  117,    0
 18488, 99322,20190622,   82,    0
 18488, 99322,20190623,   85,    0
 18488, 99322,20190624,   77,    0
 18488, 99322,20190625,   80,    0
 18488, 99322,20190626,   74,    0
 18488, 99322,20190627,   74,    0
 18488, 99322,20190628,   73,    0
 18488, 99322,20190629,   58,    0
 18488, 99322,20190630,   77,    0
 18488, 99322,20190701,   74,    0
 18488, 99322,20190702,   72,    0
 18488, 99322,20190703,   89,    0
 18488, 99322,20190704,   76,    0
 18488, 99322,20190705,   90,    0
 18488, 99322,20190706,   78,    0
 18488, 99322,20190707,  130,    0
 18488, 99322,20190708,  160,    0
 18488, 99322,20190709,  176,    0
 18488, 99322,20190710,  138,    0
 18488, 99322,20190711,  125,    0
 18488, 99322,20190712,  116,    0
 18488, 99322,20190713,  105,    0
 18488, 99322,20190714,  103,    0
 18488, 99322,20190715,  101,    0
 18488, 99322,20190716,   87,    0
 18488, 99322,20190717,  101,    0
 18488, 99322,20190718,  149,    0
 18488, 99322,20190719,  193,    0
 18488, 99322,20190720,  165,    0
 18488, 99322,20190721,  200,    0
 18488, 99322,20190722,  145,    0
 18488, 99322,20190723,  186,    0
 18488, 99322,20190724,  132,    0
 18488, 99322,20190725,  189,    0
 18488, 99322,20190726,  155,    0
 18488, 99322,20190727,  201,    0
 18488, 99322,20190728,  181,    0
 18488, 99322,20190729,  139,    0
 18488, 99322,20190730,  123,    0
 18488, 99322,20190731,  137,    0
 18488, 99322,20190801,  130,    0
 18488, 99322,20190802,  120,    0
 18488, 99322,20190803,  115,    0
 18488, 99322,20190804,  114,    0
 18488, 99322,20190805,  113,    0
 18488, 99322,20190806,  131,    0
 18488, 99322,20190807,  131,    0
 18488, 99322,20190808,  135,    0
 18488, 99322,20190809,  136,    0
 18488, 99322,20190810,  162,    0
 18488, 99322,20190811,  175,    0
 18488, 99322,20190812,  188,    0
 18488, 99322,20190813,  176,    0
 18488, 99322,20190814,  123,    0
 18488, 99322,20190815,  101,    0
 18488, 99322,20190816,  119,    0
 18488, 99322,20190817,  153,    0
 18488, 99322,20190818,  158,    0
 18488, 99322,20190819,  134,    0
 18488, 99322,20190820,  122,    0
 18488, 99322,20190821,  121,    0
 18488, 99322,20190822,-9999,    9
 18488, 99322,20190823,  130,    0
 18488, 99322,20190824,-9999,    9
 18488, 99322,20190825,-9999,    9
 18488, 99322,20190826,-9999,    9
 18488, 99322,20190827,  136,    0
 18488, 99322,20190828,  191,    0
 18488, 99322,20190829,  206,    0
 18488, 99322,20190830,  117,    0
 18488, 99322,20190831,  126,    0
 18488, 99322,20190901,  156,    0
 18488, 99322,20190902,   98,    0
 18488, 99322,20190903,   98,    0
 18488, 99322,20190904,   78,    0
 18488, 99322,20190905,   80,    0
 18488, 99322,20190906,   75,    0
 18488, 99322,20190907,   78,    0
 18488, 99322,20190908,   83,    0
 18488, 99322,20190909,  120,    0
 18488, 99322,20190910,  129,    0
 18488, 99322,20190911,  173,    0
 18488, 99322,20190912,   95,    0
 18488, 99322,20190913,   70,    0
 18488, 99322,20190914,   58,    0
 18488, 99322,20190915,   85,    0
 18488, 99322,20190916,   75,    0
 18488, 99322,20190917,   67,    0
 18488, 99322,20190918,   50,    0
 18488, 99322,20190919,   37,    0
 18488, 99322,20190920,   39,    0
 18488, 99322,20190921,   34,    0
 18488, 99322,20190922,   28,    0
 18488, 99322,20190923,   37,    0
 18488, 99322,20190924,   58,    0
 18488, 99322,20190925,   70,    0
 18488, 99322,20190926,   85,    0
 18488, 99322,20190927,  101,    0
 18488, 99322,20190928,   99,    0
 18488, 99322,20190929,   38,    0
 18488, 99322,20190930,   24,    0
 18488, 99322,20191001,   51,    0
 18488, 99322,20191002,   28,    0
 18488, 99322,20191003,   10,    0
 18488, 99322,20191004,   21,    0
 18488, 99322,20191005,   33,    0
 18488, 99322,20191006,   46,    0
 18488, 99322,20191007,   36,    0
 18488, 99322,20191008,   27,    0
 18488, 99322,20191009,   11,    0
 18488, 99322,20191010,    9,    0
 18488, 99322,20191011,    3,    0
 18488, 99322,20191012,    2,    0
 18488, 99322,20191013,    9,    0
 18488, 99322,20191014,    6,    0
 18488, 99322,20191015,   21,    0
 18488, 99322,20191016,    5,    0
 18488, 99322,20191017,   15,    0
 18488, 99322,20191018,   21,    0
 18488, 99322,20191019,   -7,    0
 18488, 99322,20191020,   -2,    0
 18488, 99322,20191021,   14,    0
 18488, 99322,20191022,   40,    0
 18488, 99322,20191023,-9999,    9
 18488, 99322,20191024,-9999,    9
 18488, 99322,20191025,-9999,    9
 18488, 99322,20191026,-9999,    9
 18488, 99322,20191027,   -3,    0
 18488, 99322,20191028,   -5,    0
 18488, 99322,20191029,  -18,    0
 18488, 99322,20191030,    4,    0
 18488, 99322,20191031,    9,    0
 18488, 99322,20191101,  -11,    0
 18488, 99322,20191102,  -30,    0
 18488, 99322,20191103,   -6,    0
 18488, 99322,20191104,   -7,    0
 18488, 99322,20191105,  -25,    0
 18488, 99322,20191106,  -41,    0
 18488, 99322,20191107,  -41,    0
 18488, 99322,20191108,  -75,    0
 18488, 99322,20191109,  -80,    0
 18488, 99322,20191110,  -74,    0
 18488, 99322,20191111,  -67,    0
 18488, 99322,20191112,  -30,    0
 18488, 99322,20191113,    8,    0
 18488, 99322,20191114,   14,    0
 18488, 99322,20191115,   22,    0
 18488, 99322,20191116,   12,    0
 18488, 99322,20191117,    4,    0
 18488, 99322,20191118,   -2,    0
 18488, 99322,20191119,   36,    0
 18488, 99322,20191120,   53,    0
 18488, 99322,20191121,   32,    0
 18488, 99322,20191122,   18,    0
 18488, 99322,20191123,   36,    0
 18488, 99322,20191124,   25,    0
 18488, 99322,20191125,-9999,    9
 18488, 99322,20191126,   -3,    0
 18488, 99322,20191127,  -23,    0
 18488, 99322,20191128,  -42,    0
 18488, 99322,20191129,  -46,    0
 18488, 99322,20191130,  -50,    0
 18488, 99322,20191201,  -25,    0
 18488, 99322,20191202,  -15,    0
 18488, 99322,20191203,   16,    0
 18488, 99322,20191204,   48,    0
 18488, 99322,20191205,   16,    0
 18488, 99322,20191206,   15,    0
 18488, 99322,20191207,-9999,    9
 18488, 99322,20191208,  -40,    0
 18488, 99322,20191209,  -53,    0
 18488, 99322,20191210,  -44,    0
 18488, 99322,20191211,    6,    0
 18488, 99322,20191212,   35,    0
 18488, 99322,20191213,   22,    0
 18488, 99322,20191214,-9999,    9
 18488, 99322,20191215,    9,    0
 18488, 99322,20191216,   -7,    0
 18488, 99322,20191217,   -6,    0
 18488, 99322,20191218,    1,    0
 18488, 99322,20191219,  -18,    0
 18488, 99322,20191220,  -36,    0
 18488, 99322,20191221,-9999,    9
 18488, 99322,20191222,-9999,    9
 18488, 99322,20191223,-9999,    9
 18488, 99322,20191224,    6,    0
 18488, 99322,20191225,  -11,    0
 18488, 99322,20191226,  -37,    0
 18488, 99322,20191227,  -23,    0
 18488, 99322,20191228,   26,    0
 18488, 99322,20191229,   46,    0
 18488, 99322,20191230,   63,    0
 18488, 99322,20191231,   29,    0
 18488, 99322,20200101,   64,    0
 18488, 99322,20200102,   81,    0
 18488, 99322,20200103,   19,    0
 18488, 99322,20200104,  -30,    0
 18488, 99322,20200105,-9999,    9
 18488, 99322,20200106,-9999,    9
 18488, 99322,20200107,   56,    0
 18488, 99322,20200108,   23,    0
 18488, 99322,20200109,   34,    0
 18488, 99322,20200110,   58,    0
 18488, 99322,20200111,-9999,    9
 18488, 99322,20200112,-9999,    9
 18488, 99322,20200113,-9999,    9
 18488, 99322,20200114,-9999,    9
 18488, 99322,20200115,-9999,    9
 18488, 99322,20200116,  -11,    0
 18488, 99322,20200117,  -21,    0
 18488, 99322,20200118,-9999,    9
 18488, 99322,20200119,-9999,    9
 18488, 99322,20200120,-9999,    9
 18488, 99322,20200121,-9999,    9
 18488, 99322,20200122,  -14,    0
 18488, 99322,20200123,   11,    0
 18488, 99322,20200124,  -16,    0
 18488, 99322,20200125,  -27,    0
 18488, 99322,20200126,  -81,    0
 18488, 99322,20200127,-9999,    9
 18488, 99322,20200128,-9999,    9
 18488, 99322,20200129,  -58,    0
 18488, 99322,20200130,  -27,    0
 18488, 99322,20200131,  -10,    0
 18488, 99322,20200201,    6,    0
 18488, 99322,20200202,  -25,    0
 18488, 99322,20200203,  -46,    0
 18488, 99322,20200204,  -50,    0
 18488, 99322,20200205,  -56,    0
 18488, 99322,20200206,  -35,    0
 18488, 99322,20200207,   17,    0
 18488, 99322,20200208,   33,    0
 18488, 99322,20200209,   27,    0
 18488, 99322,20200210,   -3,    0
 18488, 99322,20200211,    9,    0
 18488, 99322,20200212,   -5,    0
 18488, 99322,20200213,  -22,    0
 18488, 99322,20200214,  -24,    0
 18488, 99322,20200215,  -35,    0
 18488, 99322,20200216,   -8,    0
 18488, 99322,20200217,    2,    0
 18488, 99322,20200218,  -12,    0
 18488, 99322,20200219,  -49,    0
 18488, 99322,20200220,  -17,    0
 18488, 99322,20200221,   24,    0
 18488, 99322,20200222,   11,    0
 18488, 99322,20200223,   -3,    0
 18488, 99322,20200224,  -31,    0
 18488, 99322,20200225,  -43,    0
 18488, 99322,20200226,  -18,    0
 18488, 99322,20200227,   -6,    0
 18488, 99322,20200228,  -21,    0
 18488, 99322,20200229,  -47,    0
 18488, 99322,20200301,  -73,    0
 18488, 99322,20200302,  -74,    0
 18488, 99322,20200303,  -57,    0
 18488, 99322,20200304,  -22,    0
 18488, 99322,20200305,  -39,    0
 18488, 99322,20200306,  -11,    0
 18488, 99322,20200307,   11,    0
 18488, 99322,20200308,    5,    0
 18488, 99322,20200309,   32,    0
 18488, 99322,20200310,   -9,    0
 18488, 99322,20200311,  -16,    0
 18488, 99322,20200312,  -35,    0
 18488, 99322,20200313,  -67,    0
 18488, 99322,20200314,  -42,    0
 18488, 99322,20200315,  -14,    0
 18488, 99322,20200316,  -19,    0
 18488, 99322,20200317,    4,    0
 18488, 99322,20200318,    2,    0
 18488, 99322,20200319,-9999,    9
 18488, 99322,20200320,-9999,    9
 18488, 99322,20200321,-9999,    9
 18488, 99322,20200322,-9999,    9
 18488, 99322,20200323,-9999,    9
 18488, 99322,20200324,-9999,    9
 18488, 99322,20200325,-9999,    9
 18488, 99322,20200326,-9999,    9
 18488, 99322,20200327,    8,    0
 18488, 99322,20200328,  -49,    0
 18488, 99322,20200329,-9999,    9
 18488, 99322,20200330,  -40,    0
 18488, 99322,20200331,   -4,    0
 18488, 99322,20200401,  -32,    0
 18488, 99322,20200402,  -57,    0
 18488, 99322,20200403,  -52,    0
 18488, 99322,20200404,  -47,    0
 18488, 99322,20200405,  -47,    0
 18488, 99322,20200406,   -7,    0
 18488, 99322,20200407,   36,    0
 18488, 99322,20200408,   15,    0
 18488, 99322,20200409,  -18,    0
 18488, 99322,20200410,  -27,    0
 18488, 99322,20200411,-9999,    9
 18488, 99322,20200412,-9999,    9
 18488, 99322,20200413,-9999,    9
 18488, 99322,20200414,-9999,    9
 18488, 99322,20200415,-9999,    9
 18488, 99322,20200416,-9999,    9
 18488, 99322,20200417,    2,    0
 18488, 99322,20200418,   13,    0
 18488, 99322,20200419,   24,    0
 18488, 99322,20200420,   32,    0
 18488, 99322,20200421,   27,    0
 18488, 99322,20200422,   20,    0
 18488, 99322,20200423,   17,    0
 18488, 99322,20200424,   10,    0
 18488, 99322,20200425,    4,    0
 18488, 99322,20200426,    3,    0
 18488, 99322,20200427,    0,    0
 18488, 99322,20200428,   -5,    0
 18488, 99322,20200429,    3,    0
 18488, 99322,20200430,   18,    0
 18488, 99322,20200501,   29,    0
 18488, 99322,20200502,   26,    0
 18488, 99322,20200503,   22,    0
 18488, 99322,20200504,   17,    0
 18488, 99322,20200505,   20,    0
 18488, 99322,20200506,    8,    0
 18488, 99322,20200507,   -3,    0
 18488, 99322,20200508,   -6,    0
 18488, 99322,20200509,  -13,    0
 18488, 99322,20200510,   -5,    0
 18488, 99322,20200511,   -7,    0
 18488, 99322,20200512,   -4,    0
 18488, 99322,20200513,   -7,    0
 18488, 99322,20200514,    5,    0
 18488, 99322,20200515,   -5,    0
 18488, 99322,20200516,   32,    0
 18488, 99322,20200517,   31,    0
 18488, 99322,20200518,   12,    0
 18488, 99322,20200519,   26,    0
 18488, 99322,20200520,   21,    0
 18488, 99322,20200521,   43,    0
 18488, 99322,20200522,   90,    0
 18488, 99322,20200523,  122,    0
 18488, 99322,20200524,   98,    0
 18488, 99322,20200525,   75,    0
 18488, 99322,20200526,   88,    0
 18488, 99322,20200527,   51,    0
 18488, 99322,20200528,   42,    0
 18488, 99322,20200529,   47,    0
 18488, 99322,20200530,   67,    0
 18488, 99322,20200531,  123,    0
 18488, 99322,20200601,  136,    0
 18488, 99322,20200602,   76,    0
 18488, 99322,20200603,   66,    0
 18488, 99322,20200604,  115,    0
 18488, 99322,20200605,  136,    0
 18488, 99322,20200606,  124,    0
 18488, 99322,20200607,   81,    0
 18488, 99322,20200608,   53,    0
 18488, 99322,20200609,   57,    0
 18488, 99322,20200610,   87,    0
 18488, 99322,20200611,   88,    0
 18488, 99322,20200612,  122,    0
 18488, 99322,20200613,  186,    0
 18488, 99322,20200614,  126,    0
 18488, 99322,20200615,   83,    0
 18488, 99322,20200616,  104,    0
 18488, 99322,20200617,  157,    0
 18488, 99322,20200618,  126,    0
 18488, 99322,20200619,   93,    0
 18488, 99322,20200620,  165,    0
 18488, 99322,20200621,  203,    0
 18488, 99322,20200622,  208,    0
 18488, 99322,20200623,  144,    0
 18488, 99322,20200624,  131,    0
 18488, 99322,20200625,  127,    0
 18488, 99322,20200626,  107,    0
 18488, 99322,20200627,-9999,    9
 18488, 99322,20200628,  173,    0
 18488, 99322,20200629,  145,    0
 18488, 99322,20200630,-9999,    9
 18488, 99322,20200701,   69,    0
 18488, 99322,20200702,   73,    0
 18488, 99322,20200703,   89,    0
 18488, 99322,20200704,   95,    0
 18488, 99322,20200705,   89,    0
 18488, 99322,20200706,  113,    0
 18488, 99322,20200707,   94,    0
 18488, 99322,20200708,   93,    0
 18488, 99322,20200709,   99,    0
 18488, 99322,20200710,   96,    0
 18488, 99322,20200711,  113,    0
 18488, 99322,20200712,   97,    0
 18488, 99322,20200713,  119,    0
 18488, 99322,20200714,  151,    0
 18488, 99322,20200715,  154,    0
 18488, 99322,20200716,  157,    0
 18488, 99322,20200717,  145,    0
 18488, 99322,20200718,  124,    0
 18488, 99322,20200719,  127,    0
 18488, 99322,20200720,  112,    0
 18488, 99322,20200721,   96,    0
 18488, 99322,20200722,   97,    0
 18488, 99322,20200723,   89,    0
 18488, 99322,20200724,  121,    0
 18488, 99322,20200725,  138,    0
 18488, 99322,20200726,  168,    0
 18488, 99322,20200727,  190,    0
 18488, 99322,20200728,  175,    0
 18488, 99322,20200729,-9999,    9
 18488, 99322,20200730,  188,    0
 18488, 99322,20200731,  148,    0
 18488, 99322,20200801,  144,    0
 18488, 99322,20200802,  176,    0
 18488, 99322,20200803,  180,    0
 18488, 99322,20200804,  118,    0
 18488, 99322,20200805,  129,    0
 18488, 99322,20200806,  143,    0
 18488, 99322,20200807,  146,    0
 18488, 99322,20200808,  183,    0
 18488, 99322,20200809,  111,    0
 18488, 99322,20200810,  117,    0
 18488, 99322,20200811,  148,    0
 18488, 99322,20200812,  126,    0
 18488, 99322,20200813,  119,    0
 18488, 99322,20200814,  117,    0
 18488, 99322,20200815,  105,    0
 18488, 99322,20200816,   79,    0
 18488, 99322,20200817,   85,    0
 18488, 99322,20200818,   90,    0
 18488, 99322,20200819,   97,    0
 18488, 99322,20200820,   92,    0
 18488, 99322,20200821,  147,    0
 18488, 99322,20200822,  167,    0
 18488, 99322,20200823,  123,    0
 18488, 99322,20200824,-9999,    9
 18488, 99322,20200825,-9999,    9
 18488, 99322,20200826,   80,    0
 18488, 99322,20200827,   73,    0
 18488, 99322,20200828,   70,    0
 18488, 99322,20200829,   80,    0
 18488, 99322,20200830,   71,    0
 18488, 99322,20200831,   70,    0
 18488, 99322,20200901,  102,    0
 18488, 99322,20200902,  120,    0
 18488, 99322,20200903,  160,    0
 18488, 99322,20200904,  139,    0
 18488, 99322,20200905,  114,    0
 18488, 99322,20200906,   99,    0
 18488, 99322,20200907,  112,    0
 18488, 99322,20200908,  107,    0
 18488, 99322,20200909,   74,    0
 18488, 99322,20200910,   71,    0
 18488, 99322,20200911,   75,    0
 18488, 99322,20200912,   93,    0
 18488, 99322,20200913,   82,    0
 18488, 99322,20200914,   78,    0
 18488, 99322,20200915,   70,    0
 18488, 99322,20200916,   58,    0
 18488, 99322,20200917,   60,    0
 18488, 99322,20200918,   72,    0
 18488, 99322,20200919,   57,    0
 18488, 99322,20200920,   65,    0
 18488, 99322,20200921,   71,    0
 18488, 99322,20200922,   46,    0
 18488, 99322,20200923,   77,    0
 18488, 99322,20200924,   46,    0
 18488, 99322,20200925,   74,    0
 18488, 99322,20200926,   39,    0
 18488, 99322,20200927,   50,    0
 18488, 99322,20200928,  116,    0
 18488, 99322,20200929,  125,    0
 18488, 99322,20200930,  111,    0
 18488, 99322,20201001,  119,    0
 18488, 99322,20201002,  131,    0
 18488, 99322,20201003,  124,    0
 18488, 99322,20201004,  115,    0
 18488, 99322,20201005,  109,    0
 18488, 99322,20201006,  111,    0
 18488, 99322,20201007,  118,    0
 18488, 99322,20201008,  126,    0
 18488, 99322,20201009,   99,    0
 18488, 99322,20201010,   81,    0
 18488, 99322,20201011,   65,    0
 18488, 99322,20201012,   55,    0
 18488, 99322,20201013,   31,    0
 18488, 99322,20201014,   52,    0
 18488, 99322,20201015,   35,    0
 18488, 99322,20201016,   45,    0
 18488, 99322,20201017,   21,    0
 18488, 99322,20201018,   -7,    0
 18488, 99322,20201019,   -9,    0
 18488, 99322,20201020,   -4,    0
 18488, 99322,20201021,   -5,    0
 18488, 99322,20201022,   -7,    0
 18488, 99322,20201023,  -10,    0
 18488, 99322,20201024,   12,    0
 18488, 99322,20201025,   19,    0
 18488, 99322,20201026,   67,    0
 18488, 99322,20201027,   50,    0
 18488, 99322,20201028,   23,    0
 18488, 99322,20201029,-9999,    9
 18488, 99322,20201030,  -15,    0
 18488, 99322,20201031,   49,    0
 18488, 99322,20201101,   91,    0
 18488, 99322,20201102,   83,    0
 18488, 99322,20201103,   52,    0
 18488, 99322,20201104,   47,    0
 18488, 99322,20201105,   32,    0
 18488, 99322,20201106,   52,    0
 18488, 99322,20201107,   24,    0
 18488, 99322,20201108,   19,    0
 18488, 99322,20201109,   26,    0
 18488, 99322,20201110,   13,    0
 18488, 99322,20201111,   66,    0
 18488, 99322,20201112,   85,    0
 18488, 99322,20201113,   48,    0
 18488, 99322,20201114,   70,    0
 18488, 99322,20201115,   67,    0
 18488, 99322,20201116,  100,    0
 18488, 99322,20201117,   86,    0
 18488, 99322,20201118,   21,    0
 18488, 99322,20201119,  -29,    0
 18488, 99322,20201120,   -7,    0
 18488, 99322,20201121,   18,    0
 18488, 99322,20201122,   30,    0
 18488, 99322,20201123,   14,    0
 18488, 99322,20201124,   13,    0
 18488, 99322,20201125,   16,    0
 18488, 99322,20201126,   10,    0
 18488, 99322,20201127,   42,    0
 18488, 99322,20201128,   43,    0
 18488, 99322,20201129,   48,    0
 18488, 99322,20201130,   46,    0
 18488, 99322,20201201,   -5,    0
 18488, 99322,20201202,   44,    0
 18488, 99322,20201203,   32,    0
 18488, 99322,20201204,   27,    0
 18488, 99322,20201205,    5,    0
 18488, 99322,20201206,  -16,    0
 18488, 99322,20201207,-9999,    9
 18488, 99322,20201208,-9999,    9
 18488, 99322,20201209,   31,    0
 18488, 99322,20201210,    9,    0
 18488, 99322,20201211,   -1,    0
 18488, 99322,20201212,   -6,    0
 18488, 99322,20201213,  -10,    0
 18488, 99322,20201214,-9999,    9
 18488, 99322,20201215,    1,    0
 18488, 99322,20201216,   -6,    0
 18488, 99322,20201217,  -19,    0
 18488, 99322,20201218,   -8,    0
 18488, 99322,20201219,    8,    0
 18488, 99322,20201220,   36,    0
 18488, 99322,20201221,   32,    0
 18488, 99322,20201222,-9999,    9
 18488, 99322,20201223,   16,    0
 18488, 99322,20201224,   -6,    0
 18488, 99322,20201225,  -24,    0
 18488, 99322,20201226,  -40,    0
 18488, 99322,20201227,-9999,    9
 18488, 99322,20201228,   39,    0
 18488, 99322,20201229,   19,    0
 18488, 99322,20201230,    0,    0
 18488, 99322,20201231,   -7,    0
 18488, 99322,20210101,  -11,    0
 18488, 99322,20210102,  -10,    0
 18488, 99322,20210103,    7,    0
 18488, 99322,20210104,   22,    0
 18488, 99322,20210105,   25,    0
 18488, 99322,20210106,   31,    0
 18488, 99322,20210107,  -20,    0
 18488, 99322,20210108,  -62,    0
 18488, 99322,20210109,  -55,    0
 18488, 99322,20210110,  -15,    0
 18488, 99322,20210111,  -59,    0
 18488, 99322,20210112,  -44,    0
 18488, 99322,20210113,  -48,    0
 18488, 99322,20210114,  -23,    0
 18488, 99322,20210115,    2,    0
 18488, 99322,20210116,    2,    0
 18488, 99322,20210117,  -26,    0
 18488, 99322,20210118,  -45,    0
 18488, 99322,20210119,  -47,    0
 18488, 99322,20210120,  -54,    0
 18488, 99322,20210121,  -68,    0
 18488, 99322,20210122,  -72,    0
 18488, 99322,20210123,  -80,    0
 18488, 99322,20210124, -100,    0
 18488, 99322,20210125,  -78,    0
 18488, 99322,20210126,  -57,    0
 18488, 99322,20210127,  -65,    0
 18488, 99322,20210128,  -83,    0
 18488, 99322,20210129, -103,    0
 18488, 99322,20210130,  -90,    0
 18488, 99322,20210131,  -65,    0
 18488, 99322,20210201,  -50,    0
 18488, 99322,20210202,  -57,    0
 18488, 99322,20210203,  -77,    0
 18488, 99322,20210204,  -41,    0
 18488, 99322,20210205,  -28,    0
 18488, 99322,20210206,  -33,    0
 18488, 99322,20210207,  -30,    0
 18488, 99322,20210208,  -26,    0
 18488, 99322,20210209,  -76,    0
 18488, 99322,20210210,  -66,    0
 18488, 99322,20210211,  -30,    0
 18488, 99322,20210212,  -17,    0
 18488, 99322,20210213,  -43,    0
 18488, 99322,20210214,  -31,    0
 18488, 99322,20210215,  -10,    0
 18488, 99322,20210216,  -43,    0
 18488, 99322,20210217,  -55,    0
 18488, 99322,20210218,  -76,    0
 18488, 99322,20210219,  -68,    0
 18488, 99322,20210220,  -49,    0
 18488, 99322,20210221,  -53,    0
 18488, 99322,20210222,  -22,    0
 18488, 99322,20210223,  -18,    0
 18488, 99322,20210224,   38,    0
 18488, 99322,20210225,   31,    0
 18488, 99322,20210226,   15,    0
 18488, 99322,20210227,   21,    0
 18488, 99322,20210228,   41,    0
 18488, 99322,20210301,    5,    0
 18488, 99322,20210302,   -1,    0
 18488, 99322,20210303,  -21,    0
 18488, 99322,20210304,  -47,    0
 18488, 99322,20210305,  -33,    0
 18488, 99322,20210306,  -57,    0
 18488, 99322,20210307,  -44,    0
 18488, 99322,20210308,  -39,    0
 18488, 99322,20210309,  -61,    0
 18488, 99322,20210310,  -61,    0
 18488, 99322,20210311,-9999,    9
 18488, 99322,20210312,   -4,    0
 18488, 99322,20210313,    2,    0
 18488, 99322,20210314,    4,    0
 18488, 99322,20210315,   -7,    0
 18488, 99322,20210316,  -15,    0
 18488, 99322,20210317,  -34,    0
 18488, 99322,20210318,  -60,    0
 18488, 99322,20210319,   -7,    0
 18488, 99322,20210320,    3,    0
 18488, 99322,20210321,-9999,    9
 18488, 99322,20210322,    0,    0
 18488, 99322,20210323,   22,    0
 18488, 99322,20210324,   25,    0
 18488, 99322,20210325,    4,    0
 18488, 99322,20210326,   43,    0
 18488, 99322,20210327,   36,    0
 18488, 99322,20210328,-9999,    9
 18488, 99322,20210329,   39,    0
 18488, 99322,20210330,   15,    0
 18488, 99322,20210331,   16,    0
 18488, 99322,20210401,    7,    0
 18488, 99322,20210402,   -2,    0
 18488, 99322,20210403,    5,    0
 18488, 99322,20210404,  -15,    0
 18488, 99322,20210405,  -25,    0
 18488, 99322,20210406,    2,    0
 18488, 99322,20210407,  -18,    0
 18488, 99322,20210408,  -33,    0
 18488, 99322,20210409,  -32,    0
 18488, 99322,20210410,  -20,    0
 18488, 99322,20210411,    0,    0
 18488, 99322,20210412,   -7,    0
 18488, 99322,20210413,  -13,    0
 18488, 99322,20210414,   -6,    0
 18488, 99322,20210415,   31,    0
 18488, 99322,20210416,   37,    0
 18488, 99322,20210417,-9999,    9
 18488, 99322,20210418,   70,    0
 18488, 99322,20210419,   83,    0
 18488, 99322,20210420,-9999,    9
 18488, 99322,20210421,   10,    0
 18488, 99322,20210422,   -6,    0
 18488, 99322,20210423,   -2,    0
 18488, 99322,20210424,   -5,    0
 18488, 99322,20210425,    0,    0
 18488, 99322,20210426,    3,    0
 18488, 99322,20210427,   -7,    0
 18488, 99322,20210428,  -12,    0
 18488, 99322,20210429,   -5,    0
 18488, 99322,20210430,  -18,    0
 18488, 99322,20210501,  -15,    0
 18488, 99322,20210502,   -9,    0
 18488, 99322,20210503,   -5,    0
 18488, 99322,20210504,   16,    0
 18488, 99322,20210505,   34,    0
 18488, 99322,20210506,   16,    0
 18488, 99322,20210507,   14,    0
 18488, 99322,20210508,    5,    0
 18488, 99322,20210509,   12,    0
 18488, 99322,20210510,-9999,    9
 18488, 99322,20210511,-9999,    9
 18488, 99322,20210512,   68,    0
 18488, 99322,20210513,   38,    0
 18488, 99322,20210514,   48,    0
 18488, 99322,20210515,   60,    0
 18488, 99322,20210516,   93,    0
 18488, 99322,20210517,  109,    0
 18488, 99322,20210518,   94,    0
 18488, 99322,20210519,   52,    0
 18488, 99322,20210520,   47,    0
 18488, 99322,20210521,   74,    0
 18488, 99322,20210522,   42,    0
 18488, 99322,20210523,   45,    0
 18488, 99322,20210524,   56,    0
 18488, 99322,20210525,   72,    0
 18488, 99322,20210526,   83,    0
 18488, 99322,20210527,   71,    0
 18488, 99322,20210528,   60,    0
 18488, 99322,20210529,-9999,    9
 18488, 99322,20210530,   52,    0
 18488, 99322,20210531,   66,    0
 18488, 99322,20210601,  131,    0
 18488, 99322,20210602,  190,    0
 18488, 99322,20210603,  158,    0
 18488, 99322,20210604,  173,    0
 18488, 99322,20210605,  137,    0
 18488, 99322,20210606,  154,    0
 18488, 99322,20210607,  110,    0
 18488, 99322,20210608,  124,    0
 18488, 99322,20210609,  118,    0
 18488, 99322,20210610,  132,    0
 18488, 99322,20210611,  136,    0
 18488, 99322,20210612,   93,    0
 18488, 99322,20210613,   68,    0
 18488, 99322,20210614,   68,    0
 18488, 99322,20210615,   66,    0
 18488, 99322,20210616,   52,    0
 18488, 99322,20210617,   90,    0
 18488, 99322,20210618,   92,    0
 18488, 99322,20210619,   75,    0
 18488, 99322,20210620,   94,    0
 18488, 99322,20210621,  109,    0
 18488, 99322,20210622,   91,    0
 18488, 99322,20210623,  122,    0
 18488, 99322,20210624,   95,    0
 18488, 99322,20210625,   84,    0
 18488, 99322,20210626,   84,    0
 18488, 99322,20210627,   94,    0
 18488, 99322,20210628,   86,    0
 18488, 99322,20210629,   74,    0
 18488, 99322,20210630,   80,    0
 18488, 99322,20210701,   95,    0
 18488, 99322,20210702,  118,    0
 18488, 99322,20210703,  168,    0
 18488, 99322,20210704,  198,    0
 18488, 99322,20210705,  232,    0
 18488, 99322,20210706,  238,    0
 18488, 99322,20210707,  205,    0
 18488, 99322,20210708,  125,    0
 18488, 99322,20210709,  123,    0
 18488, 99322,20210710,  152,    0
 18488, 99322,20210711,  173,    0
 18488, 99322,20210712,  126,    0
 18488, 99322,20210713,  119,    0
 18488, 99322,20210714,  132,    0
 18488, 99322,20210715,  142,    0
 18488, 99322,20210716,   93,    0
 18488, 99322,20210717,  101,    0
 18488, 99322,20210718,   90,    0
 18488, 99322,20210719,   79,    0
 18488, 99322,20210720,   69,    0
 18488, 99322,20210721,   78,    0
 18488, 99322,20210722,   85,    0
 18488, 99322,20210723,   80,    0
 18488, 99322,20210724,   99,    0
 18488, 99322,20210725,  119,    0
 18488, 99322,20210726,  138,    0
 18488, 99322,20210727,  198,    0
 18488, 99322,20210728,  198,    0
 18488, 99322,20210729,  123,    0
 18488, 99322,20210730,  138,    0
 18488, 99322,20210731,   81,    0
 18488, 99322,20210801,   76,    0
 18488, 99322,20210802,   77,    0
 18488, 99322,20210803,   86,    0
 18488, 99322,20210804,   91,    0
 18488, 99322,20210805,  106,    0
 18488, 99322,20210806,  157,    0
 18488, 99322,20210807,  199,    0
 18488, 99322,20210808,  181,    0
 18488, 99322,20210809,-9999,    9
 18488, 99322,20210810,  153,    0
 18488, 99322,20210811,  117,    0
 18488, 99322,20210812,  108,    0
 18488, 99322,20210813,  112,    0
 18488, 99322,20210814,  109,    0
 18488, 99322,20210815,  124,    0
 18488, 99322,20210816,  116,    0
 18488, 99322,20210817,  114,    0
 18488, 99322,20210818,  107,    0
 18488, 99322,20210819,  126,    0
 18488, 99322,20210820,   87,    0
 18488, 99322,20210821,   74,    0
 18488, 99322,20210822,   67,    0
 18488, 99322,20210823,   74,    0
 18488, 99322,20210824,-9999,    9
 18488, 99322,20210825,   99,    0
 18488, 99322,20210826,  103,    0
 18488, 99322,20210827,  108,    0
 18488, 99322,20210828,  114,    0
 18488, 99322,20210829,  102,    0
 18488, 99322,20210830,   97,    0
 18488, 99322,20210831,-9999,    9
 18488, 99322,20210901,   65,    0
 18488, 99322,20210902,   56,    0
 18488, 99322,20210903,   54,    0
 18488, 99322,20210904,   59,    0
 18488, 99322,20210905,   78,    0
 18488, 99322,20210906,   94,    0
 18488, 99322,20210907,   90,    0
 18488, 99322,20210908,   85,    0
 18488, 99322,20210909,   73,    0
 18488, 99322,20210910,   67,    0
 18488, 99322,20210911,   75,    0
 18488, 99322,20210912,   81,    0
 18488, 99322,20210913,   46,    0
 18488, 99322,20210914,   55,    0
 18488, 99322,20210915,   66,    0
 18488, 99322,20210916,   78,    0
 18488, 99322,20210917,-9999,    9
 18488, 99322,20210918,   77,    0
 18488, 99322,20210919,   88,    0
 18488, 99322,20210920,   68,    0
 18488, 99322,20210921,   64,    0
 18488, 99322,20210922,   85,    0
 18488, 99322,20210923,-9999,    9
 18488, 99322,20210924,   65,    0
 18488, 99322,20210925,   62,    0
 18488, 99322,20210926,   92,    0
 18488, 99322,20210927,  164,    0
 18488, 99322,20210928,  150,    0
 18488, 99322,20210929,  108,    0
 18488, 99322,20210930,   95,    0
 18488, 99322,20211001,  107,    0
 18488, 99322,20211002,  139,    0
 18488, 99322,20211003,  124,    0
 18488, 99322,20211004,  139,    0
 18488, 99322,20211005,   96,    0
 18488, 99322,20211006,   72,    0
 18488, 99322,20211007,   34,    0
 18488, 99322,20211008,   37,    0
 18488, 99322,20211009,   83,    0
 18488, 99322,20211010,   89,    0
 18488, 99322,20211011,   61,    0
 18488, 99322,20211012,   40,    0
 18488, 99322,20211013,   15,    0
 18488, 99322,20211014,   11,    0
 18488, 99322,20211015,   10,    0
 18488, 99322,20211016,   13,    0
 18488, 99322,20211017,   23,    0
 18488, 99322,20211018,   -2,    0
 18488, 99322,20211019,  -15,    0
 18488, 99322,20211020,   -8,    0
 18488, 99322,20211021,   -2,    0
 18488, 99322,20211022,   -7,    0
 18488, 99322,20211023,   -5,    0
 18488, 99322,20211024,   12,    0
 18488, 99322,20211025,   10,    0
 18488, 99322,20211026,   43,    0
 18488, 99322,20211027,   16,    0
 18488, 99322,20211028,   51,    0
 18488, 99322,20211029,   51,    0
 18488, 99322,20211030,   45,    0
 18488, 99322,20211031,   73,    0
 18488, 99322,20211101,-9999,    9
 18488, 99322,20211102,   96,    0
 18488, 99322,20211103,   78,    0
 18488, 99322,20211104,   54,    0
 18488, 99322,20211105,   40,    0
 18488, 99322,20211106,   13,    0
 18488, 99322,20211107,-9999,    9
 18488, 99322,20211108,-9999,    9
 18488, 99322,20211109,   14,    0
 18488, 99322,20211110,   23,    0
 18488, 99322,20211111,   30,    0
 18488, 99322,20211112,   18,    0
 18488, 99322,20211113,    7,    0
 18488, 99322,20211114,    8,    0
 18488, 99322,20211115,   39,    0
 18488, 99322,20211116,   59,    0
 18488, 99322,20211117,   60,    0
 18488, 99322,20211118,   17,    0
 18488, 99322,20211119,   12,    0
 18488, 99322,20211120,    4,    0
 18488, 99322,20211121,  -30,    0
 18488, 99322,20211122,  -32,    0
 18488, 99322,20211123,   -7,    0
 18488, 99322,20211124,  -50,    0
 18488, 99322,20211125,  -67,    0
 18488, 99322,20211126,  -68,    0
 18488, 99322,20211127,  -95,    0
 18488, 99322,20211128,  -63,    0
 18488, 99322,20211129,  -41,    0
 18488, 99322,20211130,-9999,    9
 18488, 99322,20211201,  -89,    0
 18488, 99322,20211202,  -38,    0
 18488, 99322,20211203,  -52,    0
 18488, 99322,20211204,  -66,    0
 18488, 99322,20211205,  -92,    0
 18488, 99322,20211206, -112,    0
 18488, 99322,20211207,  -83,    0
 18488, 99322,20211208,  -86,    0
 18488, 99322,20211209,  -86,    0
 18488, 99322,20211210,  -20,    0
 18488, 99322,20211211,  -30,    0
 18488, 99322,20211212,    4,    0
 18488, 99322,20211213,    3,    0
 18488, 99322,20211214,   39,    0
 18488, 99322,20211215,   21,    0
 18488, 99322,20211216,   20,    0
 18488, 99322,20211217,   33,    0
 18488, 99322,20211218,   15,    0
 18488, 99322,20211219,    9,    0
 18488, 99322,20211220,  -38,    0
 18488, 99322,20211221,  -76,    0
 18488, 99322,20211222,  -68,    0
 18488, 99322,20211223,  -76,    0
 18488, 99322,20211224,  -52,    0
 18488, 99322,20211225,  -53,    0
 18488, 99322,20211226,  -83,    0
 18488, 99322,20211227,  -67,    0
 18488, 99322,20211228,  -53,    0
 18488, 99322,20211229,  -80,    0
 18488, 99322,20211230,  -22,    0
 18488, 99322,20211231,  -61,    0
 18488, 99322,20220101,  -48,    0
 18488, 99322,20220102,  -26,    0
 18488, 99322,20220103,  -24,    0
 18488, 99322,20220104,  -55,    0
 18488, 99322,20220105,  -53,    0
 18488, 99322,20220106,  -47,    0
 18488, 99322,20220107,  -62,    0
 18488, 99322,20220108,  -58,    0
 18488, 99322,20220109,  -76,    0
 18488, 99322,20220110,  -64,    0
 18488, 99322,20220111,    7,    0
 18488, 99322,20220112,   14,    0
 18488, 99322,20220113,   -6,    0
 18488, 99322,20220114,   -7,    0
 18488, 99322,20220115,  -13,    0
 18488, 99322,20220116,   -9,    0
 18488, 99322,20220117,  -34,    0
 18488, 99322,20220118,   14,    0
 18488, 99322,20220119,   -7,    0
 18488, 99322,20220120,  -25,    0
 18488, 99322,20220121,  -24,    0
 18488, 99322,20220122,   16,    0
 18488, 99322,20220123,   42,    0
 18488, 99322,20220124,  -15,    0
 18488, 99322,20220125,  -26,    0
 18488, 99322,20220126,  -19,    0
 18488, 99322,20220127,  -30,    0
 18488, 99322,20220128,  -45,    0
 18488, 99322,20220129,  -50,    0
 18488, 99322,20220130,  -54,    0
 18488, 99322,20220131,  -40,    0
 18488, 99322,20220201,  -51,    0
 18488, 99322,20220202,  -79,    0
 18488, 99322,20220203,  -84,    0
 18488, 99322,20220204,  -57,    0
 18488, 99322,20220205,   -6,    0
 18488, 99322,20220206,  -10,    0
 18488, 99322,20220207,  -34,    0
 18488, 99322,20220208,   -6,    0
 18488, 99322,20220209,   -9,    0
 18488, 99322,20220210,  -15,    0
 18488, 99322,20220211,  -41,    0
 18488, 99322,20220212,  -53,    0
 18488, 99322,20220213,  -42,    0
 18488, 99322,20220214,  -35,    0
 18488, 99322,20220215,  -64,    0
 18488, 99322,20220216,  -48,    0
 18488, 99322,20220217,  -41,    0
 18488, 99322,20220218,  -44,    0
 18488, 99322,20220219,  -50,    0
 18488, 99322,20220220,  -67,    0
 18488, 99322,20220221,  -72,    0
 18488, 99322,20220222,  -86,    0
 18488, 99322,20220223,  -54,    0
 18488, 99322,20220224,    4,    0
 18488, 99322,20220225,  -32,    0
 18488, 99322,20220226,  -20,    0
 18488, 99322,20220227,   38,    0
 18488, 99322,20220228,   31,    0
 18488, 99322,20220301,   14,    0
 18488, 99322,20220302,    4,    0
 18488, 99322,20220303,-9999,    9
 18488, 99322,20220304,  -17,    0
 18488, 99322,20220305,    1,    0
 18488, 99322,20220306,    2,    0
 18488, 99322,20220307,   -1,    0
 18488, 99322,20220308,   -7,    0
 18488, 99322,20220309,   27,    0
 18488, 99322,20220310,-9999,    9
 18488, 99322,20220311,   32,    0
 18488, 99322,20220312,   54,    0
 18488, 99322,20220313,   40,    0
 18488, 99322,20220314,   39,    0
 18488, 99322,20220315,   51,    0
 18488, 99322,20220316,   40,    0
 18488, 99322,20220317,   48,    0
 18488, 99322,20220318,   22,    0
 18488, 99322,20220319,   36,    0
 18488, 99322,20220320,   59,    0
 18488, 99322,20220321,   28,    0
 18488, 99322,20220322,   21,    0
 18488, 99322,20220323,   27,    0
 18488, 99322,20220324,  -15,    0
 18488, 99322,20220325,  -20,    0
 18488, 99322,20220326,  -44,    0
 18488, 99322,20220327,-9999,    9
 18488, 99322,20220328,  -68,    0
 18488, 99322,20220329,  -53,    0
 18488, 99322,20220330,  -35,    0
 18488, 99322,20220331,  -47,    0
 18488, 99322,20220401,  -42,    0
 18488, 99322,20220402,  -34,    0
 18488, 99322,20220403,  -46,    0
 18488, 99322,20220404,  -61,    0
 18488, 99322,20220405,  -71,    0
 18488, 99322,20220406,  -25,    0
 18488, 99322,20220407,  -22,    0
 18488, 99322,20220408,  -30,    0
 18488, 99322,20220409,    5,    0
 18488, 99322,20220410,   -3,    0
 18488, 99322,20220411,   -6,    0
 18488, 99322,20220412,    7,    0
 18488, 99322,20220413,    5,    0
 18488, 99322,20220414,   -1,    0
 18488, 99322,20220415,-9999,    9
 18488, 99322,20220416,-9999,    9
 18488, 99322,20220417,   39,    0
 18488, 99322,20220418,   44,    0
 18488, 99322,20220419,   78,    0
 18488, 99322,20220420,   59,    0
 18488, 99322,20220421,   35,    0
 18488, 99322,20220422,   23,    0
 18488, 99322,20220423,   36,    0
 18488, 99322,20220424,   24,    0
 18488, 99322,20220425,    5,    0
 18488, 99322,20220426,  -38,    0
 18488, 99322,20220427,  -32,    0
 18488, 99322,20220428,  -30,    0
 18488, 99322,20220429,  -22,    0
 18488, 99322,20220430,  -10,    0
 18488, 99322,20220501,-9999,    9
 18488, 99322,20220502,-9999,    9
 18488, 99322,20220503,-9999,    9
 18488, 99322,20220504,-9999,    9
 18488, 99322,20220505,-9999,    9
 18488, 99322,20220506,-9999,    9
 18488, 99322,20220507,-9999,    9
 18488, 99322,20220508,-9999,    9
 18488, 99322,20220509,-9999,    9
 18488, 99322,20220510,-9999,    9
 18488, 99322,20220511,-9999,    9
 18488, 99322,20220512,-9999,    9
 18488, 99322,20220513,-9999,    9
 18488, 99322,20220514,-9999,    9
 18488, 99322,20220515,   28,    0
 18488, 99322,20220516,    9,    0
 18488, 99322,20220517,    7,    0
 18488, 99322,20220518,   34,    0
 18488, 99322,20220519,-9999,    9
 18488, 99322,20220520,-9999,    9
 18488, 99322,20220521,   84,    0
 18488, 99322,20220522,   79,    0
 18488, 99322,20220523,  121,    0
 18488, 99322,20220524,  142,    0
 18488, 99322,20220525,  131,    0
 18488, 99322,20220526,  100,    0
 18488, 99322,20220527,   93,    0
 18488, 99322,20220528,   59,    0
 18488, 99322,20220529,  104,    0
 18488, 99322,20220530,  135,    0
 18488, 99322,20220531,  148,    0
 18488, 99322,20220601,  130,    0
 18488, 99322,20220602,  137,    0
 18488, 99322,20220603,  107,    0
 18488, 99322,20220604,   64,    0
 18488, 99322,20220605,   30,    0
 18488, 99322,20220606,   62,    0
 18488, 99322,20220607,   36,    0
 18488, 99322,20220608,   43,    0
 18488, 99322,20220609,   61,    0
 18488, 99322,20220610,   76,    0
 18488, 99322,20220611,   89,    0
 18488, 99322,20220612,  100,    0
 18488, 99322,20220613,  102,    0
 18488, 99322,20220614,-9999,    9
 18488, 99322,20220615,   80,    0
 18488, 99322,20220616,-9999,    9
 18488, 99322,20220617,   82,    0
 18488, 99322,20220618,   97,    0
 18488, 99322,20220619,   84,    0
 18488, 99322,20220620,   78,    0
 18488, 99322,20220621,   79,    0
 18488, 99322,20220622,   79,    0
 18488, 99322,20220623,   85,    0
 18488, 99322,20220624,   85,    0
 18488, 99322,20220625,  171,    0
 18488, 99322,20220626,  191,    0
 18488, 99322,20220627,  229,    0
 18488, 99322,20220628,  247,    0
 18488, 99322,20220629,  140,    0
 18488, 99322,20220630,  145,    0
 18488, 99322,20220701,  228,    0
 18488, 99322,20220702,  216,    0
 18488, 99322,20220703,  133,    0
 18488, 99322,20220704,  148,    0
 18488, 99322,20220705,  133,    0
 18488, 99322,20220706,   88,    0
 18488, 99322,20220707,   80,    0
 18488, 99322,20220708,   85,    0
 18488, 99322,20220709,  105,    0
 18488, 99322,20220710,  117,    0
 18488, 99322,20220711,  109,    0
 18488, 99322,20220712,  170,    0
 18488, 99322,20220713,  114,    0
 18488, 99322,20220714,   96,    0
 18488, 99322,20220715,   82,    0
 18488, 99322,20220716,   90,    0
 18488, 99322,20220717,   80,    0
 18488, 99322,20220718,   93,    0
 18488, 99322,20220719,  101,    0
 18488, 99322,20220720,  139,    0
 18488, 99322,20220721,  103,    0
 18488, 99322,20220722,   91,    0
 18488, 99322,20220723,   96,    0
 18488, 99322,20220724,  105,    0
 18488, 99322,20220725,  122,    0
 18488, 99322,20220726,  128,    0
 18488, 99322,20220727,   89,    0
 18488, 99322,20220728,   87,    0
 18488, 99322,20220729,  111,    0
 18488, 99322,20220730,  161,    0
 18488, 99322,20220731,  159,    0
 18488, 99322,20220801,  149,    0
 18488, 99322,20220802,   92,    0
 18488, 99322,20220803,  138,    0
 18488, 99322,20220804,  113,    0
 18488, 99322,20220805,   97,    0
 18488, 99322,20220806,  105,    0
 18488, 99322,20220807,-9999,    9
 18488, 99322,20220808,   94,    0
 18488, 99322,20220809,-9999,    9
 18488, 99322,20220810,-9999,    9
 18488, 99322,20220811,   91,    0
 18488, 99322,20220812,   85,    0
 18488, 99322,20220813,   90,    0
 18488, 99322,20220814,   99,    0
 18488, 99322,20220815,-9999,    9
 18488, 99322,20220816,  194,    0
 18488, 99322,20220817,-9999,    9
 18488, 99322,20220818,  110,    0
 18488, 99322,20220819,  174,    0
 18488, 99322,20220820,  163,    0
 18488, 99322,20220821,  161,    0
 18488, 99322,20220822,  105,    0
 18488, 99322,20220823,   85,    0
 18488, 99322,20220824,  124,    0
 18488, 99322,20220825,  170,    0
 18488, 99322,20220826,  167,    0
 18488, 99322,20220827,   97,    0
 18488, 99322,20220828,   86,    0
 18488, 99322,20220829,   80,    0
 18488, 99322,20220830,   73,    0
 18488, 99322,20220831,   72,    0
 18488, 99322,20220901,   70,    0
 18488, 99322,20220902,   71,    0
 18488, 99322,20220903,   65,    0
 18488, 99322,20220904,   81,    0
 18488, 99322,20220905,   76,    0
 18488, 99322,20220906,   68,    0
 18488, 99322,20220907,   69,    0
 18488, 99322,20220908,   85,    0
 18488, 99322,20220909,   71,    0
 18488, 99322,20220910,   74,    0
 18488, 99322,20220911,   72,    0
 18488, 99322,20220912,   74,    0
 18488, 99322,20220913,   80,    0
 18488, 99322,20220914,   73,    0
 18488, 99322,20220915,   79,    0
 18488, 99322,20220916,   90,    0
 18488, 99322,20220917,   84,    0
 18488, 99322,20220918,   71,    0
 18488, 99322,20220919,   62,    0
 18488, 99322,20220920,   40,    0
 18488, 99322,20220921,   70,    0
 18488, 99322,20220922,  120,    0
 18488, 99322,20220923,   98,    0
 18488, 99322,20220924,   82,    0
 18488, 99322,20220925,  104,    0
 18488, 99322,20220926,   95,    0
 18488, 99322,20220927,   88,    0
 18488, 99322,20220928,   81,    0
 18488, 99322,20220929,   88,    0
 18488, 99322,20220930,   56,    0
 18488, 99322,20221001,   39,    0
 18488, 99322,20221002,   69,    0
 18488, 99322,20221003,   76,    0
 18488, 99322,20221004,   86,    0
 18488, 99322,20221005,   73,    0
 18488, 99322,20221006,   60,    0
 18488, 99322,20221007,   61,    0
 18488, 99322,20221008,   41,    0
 18488, 99322,20221009,   48,    0
 18488, 99322,20221010,   84,    0
 18488, 99322,20221011,   64,    0
 18488, 99322,20221012,   36,    0
 18488, 99322,20221013,   59,    0
 18488, 99322,20221014,   48,    0
 18488, 99322,20221015,   74,    0
 18488, 99322,20221016,   52,    0
 18488, 99322,20221017,   37,    0
 18488, 99322,20221018,   22,    0
 18488, 99322,20221019,   42,    0
 18488, 99322,20221020,   33,    0
 18488, 99322,20221021,   40,    0
 18488, 99322,20221022,   20,    0
 18488, 99322,20221023,   -1,    0
 18488, 99322,20221024,  -15,    0
 18488, 99322,20221025,  -15,    0
 18488, 99322,20221026,   17,    0
 18488, 99322,20221027,   21,    0
 18488, 99322,20221028,   56,    0
 18488, 99322,20221029,   14,    0
 18488, 99322,20221030,-9999,    9
 18488, 99322,20221031,   35,    0
