EUROPEAN CLIMATE ASSESSMENT & DATASET (ECA&D), file created on: 16-11-2022
THESE DATA CAN BE USED FOR NON-COMMERCIAL RESEARCH AND EDUCATION PROVIDED THAT THE FOLLOWING SOURCE IS ACKNOWLEDGED: 

Klein Tank, A.M.G. and Coauthors, 2002. Daily dataset of 20th-century surface
air temperature and precipitation series for the European Climate Assessment.
Int. J. of Climatol., 22, 1441-1453.
Data and metadata available at http://www.ecad.eu

FILE FORMAT (MISSING VALUE CODE = -9999):

01-06 STAID: Station identifier
08-13 SOUID: Source identifier
15-22 DATE : Date YYYYMMDD
24-28 TG   : Mean temperature in 0.1 &#176;C
30-34 Q_TG : quality code for TG (0='valid'; 1='suspect'; 9='missing')

This is the blended series of station RV77 GRADDIS, NORWAY (STAID: 18721)
Blended and updated with sources:99741 
See files sources.txt and stations.txt for more info.

STAID, SOUID,    DATE,   TG, Q_TG
 18721, 99741,20161101,-9999,    9
 18721, 99741,20161102,-9999,    9
 18721, 99741,20161103,-9999,    9
 18721, 99741,20161104,-9999,    9
 18721, 99741,20161105,-9999,    9
 18721, 99741,20161106,-9999,    9
 18721, 99741,20161107,-9999,    9
 18721, 99741,20161108,-9999,    9
 18721, 99741,20161109,-9999,    9
 18721, 99741,20161110,-9999,    9
 18721, 99741,20161111,-9999,    9
 18721, 99741,20161112,-9999,    9
 18721, 99741,20161113,-9999,    9
 18721, 99741,20161114,-9999,    9
 18721, 99741,20161115,-9999,    9
 18721, 99741,20161116,-9999,    9
 18721, 99741,20161117,-9999,    9
 18721, 99741,20161118,-9999,    9
 18721, 99741,20161119,  -21,    0
 18721, 99741,20161120,  -38,    0
 18721, 99741,20161121,  -25,    0
 18721, 99741,20161122,  -55,    0
 18721, 99741,20161123, -113,    0
 18721, 99741,20161124, -146,    0
 18721, 99741,20161125,  -69,    0
 18721, 99741,20161126,  -32,    0
 18721, 99741,20161127,  -49,    0
 18721, 99741,20161128,  -31,    0
 18721, 99741,20161129,    6,    0
 18721, 99741,20161130,  -35,    0
 18721, 99741,20161201,-9999,    9
 18721, 99741,20161202,  -66,    0
 18721, 99741,20161203, -133,    0
 18721, 99741,20161204,  -37,    0
 18721, 99741,20161205,  -28,    0
 18721, 99741,20161206,  -17,    0
 18721, 99741,20161207,    3,    0
 18721, 99741,20161208,  -24,    0
 18721, 99741,20161209,  -78,    0
 18721, 99741,20161210, -227,    0
 18721, 99741,20161211, -219,    0
 18721, 99741,20161212,  -48,    0
 18721, 99741,20161213,  -45,    0
 18721, 99741,20161214,    5,    0
 18721, 99741,20161215,   -6,    0
 18721, 99741,20161216,    9,    0
 18721, 99741,20161217,   17,    0
 18721, 99741,20161218,   14,    0
 18721, 99741,20161219,   54,    0
 18721, 99741,20161220,    4,    0
 18721, 99741,20161221,  -20,    0
 18721, 99741,20161222,  -14,    0
 18721, 99741,20161223,  -31,    0
 18721, 99741,20161224,  -50,    0
 18721, 99741,20161225, -130,    0
 18721, 99741,20161226,  -59,    0
 18721, 99741,20161227,  -27,    0
 18721, 99741,20161228,  -13,    0
 18721, 99741,20161229,   -8,    0
 18721, 99741,20161230,   -9,    0
 18721, 99741,20161231,  -38,    0
 18721, 99741,20170101,-9999,    9
 18721, 99741,20170102,-9999,    9
 18721, 99741,20170103,-9999,    9
 18721, 99741,20170104,-9999,    9
 18721, 99741,20170105,-9999,    9
 18721, 99741,20170106,-9999,    9
 18721, 99741,20170107,-9999,    9
 18721, 99741,20170108,-9999,    9
 18721, 99741,20170109,-9999,    9
 18721, 99741,20170110,-9999,    9
 18721, 99741,20170111,-9999,    9
 18721, 99741,20170112,-9999,    9
 18721, 99741,20170113,-9999,    9
 18721, 99741,20170114,-9999,    9
 18721, 99741,20170115,-9999,    9
 18721, 99741,20170116,-9999,    9
 18721, 99741,20170117,-9999,    9
 18721, 99741,20170118,-9999,    9
 18721, 99741,20170119,-9999,    9
 18721, 99741,20170120,-9999,    9
 18721, 99741,20170121,-9999,    9
 18721, 99741,20170122,-9999,    9
 18721, 99741,20170123,-9999,    9
 18721, 99741,20170124,-9999,    9
 18721, 99741,20170125,-9999,    9
 18721, 99741,20170126,-9999,    9
 18721, 99741,20170127,-9999,    9
 18721, 99741,20170128,-9999,    9
 18721, 99741,20170129,-9999,    9
 18721, 99741,20170130,-9999,    9
 18721, 99741,20170131,-9999,    9
 18721, 99741,20170201,-9999,    9
 18721, 99741,20170202,-9999,    9
 18721, 99741,20170203,-9999,    9
 18721, 99741,20170204,-9999,    9
 18721, 99741,20170205,-9999,    9
 18721, 99741,20170206,-9999,    9
 18721, 99741,20170207,-9999,    9
 18721, 99741,20170208,-9999,    9
 18721, 99741,20170209,-9999,    9
 18721, 99741,20170210,-9999,    9
 18721, 99741,20170211,-9999,    9
 18721, 99741,20170212,-9999,    9
 18721, 99741,20170213,-9999,    9
 18721, 99741,20170214,-9999,    9
 18721, 99741,20170215,-9999,    9
 18721, 99741,20170216,-9999,    9
 18721, 99741,20170217,-9999,    9
 18721, 99741,20170218,-9999,    9
 18721, 99741,20170219,-9999,    9
 18721, 99741,20170220,-9999,    9
 18721, 99741,20170221,-9999,    9
 18721, 99741,20170222,-9999,    9
 18721, 99741,20170223,-9999,    9
 18721, 99741,20170224,-9999,    9
 18721, 99741,20170225,-9999,    9
 18721, 99741,20170226,-9999,    9
 18721, 99741,20170227,-9999,    9
 18721, 99741,20170228,-9999,    9
 18721, 99741,20170301,-9999,    9
 18721, 99741,20170302,-9999,    9
 18721, 99741,20170303,-9999,    9
 18721, 99741,20170304,-9999,    9
 18721, 99741,20170305,-9999,    9
 18721, 99741,20170306,-9999,    9
 18721, 99741,20170307,-9999,    9
 18721, 99741,20170308,-9999,    9
 18721, 99741,20170309,-9999,    9
 18721, 99741,20170310,-9999,    9
 18721, 99741,20170311,-9999,    9
 18721, 99741,20170312,-9999,    9
 18721, 99741,20170313,    0,    0
 18721, 99741,20170314,-9999,    9
 18721, 99741,20170315,-9999,    9
 18721, 99741,20170316,-9999,    9
 18721, 99741,20170317,-9999,    9
 18721, 99741,20170318,-9999,    9
 18721, 99741,20170319,-9999,    9
 18721, 99741,20170320,-9999,    9
 18721, 99741,20170321,-9999,    9
 18721, 99741,20170322,-9999,    9
 18721, 99741,20170323,-9999,    9
 18721, 99741,20170324,-9999,    9
 18721, 99741,20170325,-9999,    9
 18721, 99741,20170326,-9999,    9
 18721, 99741,20170327,-9999,    9
 18721, 99741,20170328,-9999,    9
 18721, 99741,20170329,-9999,    9
 18721, 99741,20170330,-9999,    9
 18721, 99741,20170331,-9999,    9
 18721, 99741,20170401,-9999,    9
 18721, 99741,20170402,-9999,    9
 18721, 99741,20170403,    6,    0
 18721, 99741,20170404,   27,    0
 18721, 99741,20170405,   -4,    0
 18721, 99741,20170406,  -38,    0
 18721, 99741,20170407,  -77,    0
 18721, 99741,20170408,  -66,    0
 18721, 99741,20170409,    4,    0
 18721, 99741,20170410,   -3,    0
 18721, 99741,20170411,  -30,    0
 18721, 99741,20170412,  -48,    0
 18721, 99741,20170413,  -84,    0
 18721, 99741,20170414, -110,    0
 18721, 99741,20170415,  -95,    0
 18721, 99741,20170416,  -77,    0
 18721, 99741,20170417,  -80,    0
 18721, 99741,20170418,  -80,    0
 18721, 99741,20170419,  -18,    0
 18721, 99741,20170420,  -13,    0
 18721, 99741,20170421,  -14,    0
 18721, 99741,20170422,  -31,    0
 18721, 99741,20170423,  -36,    0
 18721, 99741,20170424,  -45,    0
 18721, 99741,20170425,  -48,    0
 18721, 99741,20170426,  -34,    0
 18721, 99741,20170427,-9999,    9
 18721, 99741,20170428,  -64,    0
 18721, 99741,20170429,  -44,    0
 18721, 99741,20170430,  -30,    0
 18721, 99741,20170501,   -8,    0
 18721, 99741,20170502,   -1,    0
 18721, 99741,20170503,   -4,    0
 18721, 99741,20170504,    8,    0
 18721, 99741,20170505,   49,    0
 18721, 99741,20170506,   -4,    0
 18721, 99741,20170507,  -40,    0
 18721, 99741,20170508,  -60,    0
 18721, 99741,20170509,  -46,    0
 18721, 99741,20170510,  -35,    0
 18721, 99741,20170511,  -32,    0
 18721, 99741,20170512,  -14,    0
 18721, 99741,20170513,  -15,    0
 18721, 99741,20170514,  -21,    0
 18721, 99741,20170515,   -8,    0
 18721, 99741,20170516,   25,    0
 18721, 99741,20170517,   34,    0
 18721, 99741,20170518,   33,    0
 18721, 99741,20170519,   31,    0
 18721, 99741,20170520,-9999,    9
 18721, 99741,20170521,   31,    0
 18721, 99741,20170522,   18,    0
 18721, 99741,20170523,   23,    0
 18721, 99741,20170524,   17,    0
 18721, 99741,20170525,   28,    0
 18721, 99741,20170526,   22,    0
 18721, 99741,20170527,   33,    0
 18721, 99741,20170528,   25,    0
 18721, 99741,20170529,    6,    0
 18721, 99741,20170530,   -6,    0
 18721, 99741,20170531,   -8,    0
 18721, 99741,20170601,    2,    0
 18721, 99741,20170602,    8,    0
 18721, 99741,20170603,   29,    0
 18721, 99741,20170604,   51,    0
 18721, 99741,20170605,   42,    0
 18721, 99741,20170606,   67,    0
 18721, 99741,20170607,   97,    0
 18721, 99741,20170608,  109,    0
 18721, 99741,20170609,-9999,    9
 18721, 99741,20170610,  106,    0
 18721, 99741,20170611,  110,    0
 18721, 99741,20170612,   90,    0
 18721, 99741,20170613,  108,    0
 18721, 99741,20170614,   89,    0
 18721, 99741,20170615,   86,    0
 18721, 99741,20170616,  107,    0
 18721, 99741,20170617,   85,    0
 18721, 99741,20170618,   72,    0
 18721, 99741,20170619,   68,    0
 18721, 99741,20170620,   68,    0
 18721, 99741,20170621,   57,    0
 18721, 99741,20170622,   56,    0
 18721, 99741,20170623,   97,    0
 18721, 99741,20170624,   76,    0
 18721, 99741,20170625,   70,    0
 18721, 99741,20170626,   80,    0
 18721, 99741,20170627,   53,    0
 18721, 99741,20170628,   55,    0
 18721, 99741,20170629,   82,    0
 18721, 99741,20170630,  142,    0
 18721, 99741,20170701,  148,    0
 18721, 99741,20170702,  110,    0
 18721, 99741,20170703,   57,    0
 18721, 99741,20170704,   57,    0
 18721, 99741,20170705,   43,    0
 18721, 99741,20170706,   57,    0
 18721, 99741,20170707,   86,    0
 18721, 99741,20170708,  123,    0
 18721, 99741,20170709,  123,    0
 18721, 99741,20170710,   87,    0
 18721, 99741,20170711,   92,    0
 18721, 99741,20170712,   82,    0
 18721, 99741,20170713,   70,    0
 18721, 99741,20170714,   66,    0
 18721, 99741,20170715,   73,    0
 18721, 99741,20170716,   98,    0
 18721, 99741,20170717,   86,    0
 18721, 99741,20170718,   74,    0
 18721, 99741,20170719,   69,    0
 18721, 99741,20170720,   89,    0
 18721, 99741,20170721,  119,    0
 18721, 99741,20170722,  133,    0
 18721, 99741,20170723,  122,    0
 18721, 99741,20170724,  135,    0
 18721, 99741,20170725,  149,    0
 18721, 99741,20170726,  152,    0
 18721, 99741,20170727,  162,    0
 18721, 99741,20170728,  155,    0
 18721, 99741,20170729,  138,    0
 18721, 99741,20170730,  112,    0
 18721, 99741,20170731,  129,    0
 18721, 99741,20170801,  114,    0
 18721, 99741,20170802,  113,    0
 18721, 99741,20170803,  109,    0
 18721, 99741,20170804,  125,    0
 18721, 99741,20170805,  117,    0
 18721, 99741,20170806,  116,    0
 18721, 99741,20170807,  101,    0
 18721, 99741,20170808,  107,    0
 18721, 99741,20170809,  104,    0
 18721, 99741,20170810,  105,    0
 18721, 99741,20170811,  107,    0
 18721, 99741,20170812,  104,    0
 18721, 99741,20170813,   80,    0
 18721, 99741,20170814,   72,    0
 18721, 99741,20170815,   93,    0
 18721, 99741,20170816,   96,    0
 18721, 99741,20170817,  113,    0
 18721, 99741,20170818,  119,    0
 18721, 99741,20170819,  113,    0
 18721, 99741,20170820,  108,    0
 18721, 99741,20170821,   65,    0
 18721, 99741,20170822,   57,    0
 18721, 99741,20170823,   56,    0
 18721, 99741,20170824,   51,    0
 18721, 99741,20170825,   52,    0
 18721, 99741,20170826,   53,    0
 18721, 99741,20170827,   63,    0
 18721, 99741,20170828,   81,    0
 18721, 99741,20170829,   99,    0
 18721, 99741,20170830,   79,    0
 18721, 99741,20170831,   77,    0
 18721, 99741,20170901,   66,    0
 18721, 99741,20170902,   76,    0
 18721, 99741,20170903,   96,    0
 18721, 99741,20170904,   97,    0
 18721, 99741,20170905,   78,    0
 18721, 99741,20170906,   76,    0
 18721, 99741,20170907,   78,    0
 18721, 99741,20170908,   73,    0
 18721, 99741,20170909,   58,    0
 18721, 99741,20170910,   75,    0
 18721, 99741,20170911,   90,    0
 18721, 99741,20170912,   89,    0
 18721, 99741,20170913,   86,    0
 18721, 99741,20170914,   80,    0
 18721, 99741,20170915,   64,    0
 18721, 99741,20170916,   49,    0
 18721, 99741,20170917,   59,    0
 18721, 99741,20170918,   80,    0
 18721, 99741,20170919,   42,    0
 18721, 99741,20170920,   27,    0
 18721, 99741,20170921,   36,    0
 18721, 99741,20170922,   81,    0
 18721, 99741,20170923,   78,    0
 18721, 99741,20170924,   84,    0
 18721, 99741,20170925,   80,    0
 18721, 99741,20170926,   74,    0
 18721, 99741,20170927,   65,    0
 18721, 99741,20170928,   44,    0
 18721, 99741,20170929,   39,    0
 18721, 99741,20170930,   52,    0
 18721, 99741,20171001,   41,    0
 18721, 99741,20171002,   48,    0
 18721, 99741,20171003,   46,    0
 18721, 99741,20171004,-9999,    9
 18721, 99741,20171005,   41,    0
 18721, 99741,20171006,   37,    0
 18721, 99741,20171007,   -3,    0
 18721, 99741,20171008,    8,    0
 18721, 99741,20171009,    2,    0
 18721, 99741,20171010,    5,    0
 18721, 99741,20171011,    8,    0
 18721, 99741,20171012,   13,    0
 18721, 99741,20171013,    9,    0
 18721, 99741,20171014,-9999,    9
 18721, 99741,20171015,   40,    0
 18721, 99741,20171016,   18,    0
 18721, 99741,20171017,-9999,    9
 18721, 99741,20171018,-9999,    9
 18721, 99741,20171019,-9999,    9
 18721, 99741,20171020,-9999,    9
 18721, 99741,20171021,-9999,    9
 18721, 99741,20171022,-9999,    9
 18721, 99741,20171023,-9999,    9
 18721, 99741,20171024,-9999,    9
 18721, 99741,20171025,   -4,    0
 18721, 99741,20171026,  -18,    0
 18721, 99741,20171027,   20,    0
 18721, 99741,20171028,  -13,    0
 18721, 99741,20171029,  -32,    0
 18721, 99741,20171030,  -46,    0
 18721, 99741,20171031,  -47,    0
 18721, 99741,20171101,-9999,    9
 18721, 99741,20171102,-9999,    9
 18721, 99741,20171103,   28,    0
 18721, 99741,20171104,   19,    0
 18721, 99741,20171105,    0,    0
 18721, 99741,20171106,   -8,    0
 18721, 99741,20171107,   -8,    0
 18721, 99741,20171108,  -15,    0
 18721, 99741,20171109,   -7,    0
 18721, 99741,20171110,  -10,    0
 18721, 99741,20171111,  -34,    0
 18721, 99741,20171112,  -96,    0
 18721, 99741,20171113,  -28,    0
 18721, 99741,20171114, -122,    0
 18721, 99741,20171115,  -88,    0
 18721, 99741,20171116,  -39,    0
 18721, 99741,20171117,  -55,    0
 18721, 99741,20171118,  -65,    0
 18721, 99741,20171119, -133,    0
 18721, 99741,20171120, -227,    0
 18721, 99741,20171121, -114,    0
 18721, 99741,20171122,  -90,    0
 18721, 99741,20171123,-9999,    9
 18721, 99741,20171124,  -30,    0
 18721, 99741,20171125,  -50,    0
 18721, 99741,20171126,  -97,    0
 18721, 99741,20171127, -112,    0
 18721, 99741,20171128,-9999,    9
 18721, 99741,20171129,-9999,    9
 18721, 99741,20171130, -160,    0
 18721, 99741,20171201,  -67,    0
 18721, 99741,20171202,  -16,    0
 18721, 99741,20171203,  -24,    0
 18721, 99741,20171204,  -71,    0
 18721, 99741,20171205,  -46,    0
 18721, 99741,20171206,  -94,    0
 18721, 99741,20171207,  -79,    0
 18721, 99741,20171208,  -47,    0
 18721, 99741,20171209,  -33,    0
 18721, 99741,20171210,  -26,    0
 18721, 99741,20171211,-9999,    9
 18721, 99741,20171212,-9999,    9
 18721, 99741,20171213,-9999,    9
 18721, 99741,20171214,-9999,    9
 18721, 99741,20171215, -102,    0
 18721, 99741,20171216, -144,    0
 18721, 99741,20171217,  -60,    0
 18721, 99741,20171218, -114,    0
 18721, 99741,20171219,  -21,    0
 18721, 99741,20171220,   10,    0
 18721, 99741,20171221,  -18,    0
 18721, 99741,20171222,  -44,    0
 18721, 99741,20171223,  -58,    0
 18721, 99741,20171224,  -44,    0
 18721, 99741,20171225,  -67,    0
 18721, 99741,20171226, -167,    0
 18721, 99741,20171227, -117,    0
 18721, 99741,20171228, -119,    0
 18721, 99741,20171229,  -82,    0
 18721, 99741,20171230,  -89,    0
 18721, 99741,20171231, -140,    0
 18721, 99741,20180101,  -80,    0
 18721, 99741,20180102,  -52,    0
 18721, 99741,20180103, -104,    0
 18721, 99741,20180104, -167,    0
 18721, 99741,20180105, -108,    0
 18721, 99741,20180106, -103,    0
 18721, 99741,20180107,  -90,    0
 18721, 99741,20180108,  -59,    0
 18721, 99741,20180109,    8,    0
 18721, 99741,20180110, -116,    0
 18721, 99741,20180111,  -86,    0
 18721, 99741,20180112,  -35,    0
 18721, 99741,20180113, -102,    0
 18721, 99741,20180114, -167,    0
 18721, 99741,20180115,  -82,    0
 18721, 99741,20180116,  -77,    0
 18721, 99741,20180117, -106,    0
 18721, 99741,20180118, -137,    0
 18721, 99741,20180119, -147,    0
 18721, 99741,20180120, -146,    0
 18721, 99741,20180121, -169,    0
 18721, 99741,20180122, -172,    0
 18721, 99741,20180123, -193,    0
 18721, 99741,20180124, -143,    0
 18721, 99741,20180125,  -99,    0
 18721, 99741,20180126,  -68,    0
 18721, 99741,20180127,  -89,    0
 18721, 99741,20180128,  -93,    0
 18721, 99741,20180129,  -85,    0
 18721, 99741,20180130,  -90,    0
 18721, 99741,20180131,  -92,    0
 18721, 99741,20180201, -134,    0
 18721, 99741,20180202, -174,    0
 18721, 99741,20180203, -124,    0
 18721, 99741,20180204, -165,    0
 18721, 99741,20180205,  -89,    0
 18721, 99741,20180206, -127,    0
 18721, 99741,20180207, -172,    0
 18721, 99741,20180208, -163,    0
 18721, 99741,20180209, -121,    0
 18721, 99741,20180210,  -56,    0
 18721, 99741,20180211,  -65,    0
 18721, 99741,20180212,  -94,    0
 18721, 99741,20180213,  -84,    0
 18721, 99741,20180214,  -68,    0
 18721, 99741,20180215,  -72,    0
 18721, 99741,20180216,  -71,    0
 18721, 99741,20180217,  -85,    0
 18721, 99741,20180218,  -81,    0
 18721, 99741,20180219,  -83,    0
 18721, 99741,20180220, -129,    0
 18721, 99741,20180221, -192,    0
 18721, 99741,20180222, -188,    0
 18721, 99741,20180223, -128,    0
 18721, 99741,20180224, -148,    0
 18721, 99741,20180225, -189,    0
 18721, 99741,20180226, -157,    0
 18721, 99741,20180227, -144,    0
 18721, 99741,20180228, -134,    0
 18721, 99741,20180301, -100,    0
 18721, 99741,20180302, -174,    0
 18721, 99741,20180303,-9999,    9
 18721, 99741,20180304, -118,    0
 18721, 99741,20180305, -139,    0
 18721, 99741,20180306, -147,    0
 18721, 99741,20180307, -153,    0
 18721, 99741,20180308, -161,    0
 18721, 99741,20180309, -124,    0
 18721, 99741,20180310,-9999,    9
 18721, 99741,20180311, -134,    0
 18721, 99741,20180312, -136,    0
 18721, 99741,20180313, -154,    0
 18721, 99741,20180314, -204,    0
 18721, 99741,20180315, -225,    0
 18721, 99741,20180316, -187,    0
 18721, 99741,20180317,-9999,    9
 18721, 99741,20180318,  -40,    0
 18721, 99741,20180319,  -52,    0
 18721, 99741,20180320,  -73,    0
 18721, 99741,20180321,  -25,    0
 18721, 99741,20180322,  -84,    0
 18721, 99741,20180323, -105,    0
 18721, 99741,20180324,  -84,    0
 18721, 99741,20180325, -120,    0
 18721, 99741,20180326, -106,    0
 18721, 99741,20180327,  -62,    0
 18721, 99741,20180328,  -81,    0
 18721, 99741,20180329,  -43,    0
 18721, 99741,20180330,  -43,    0
 18721, 99741,20180331,  -57,    0
 18721, 99741,20180401,  -71,    0
 18721, 99741,20180402, -103,    0
 18721, 99741,20180403, -135,    0
 18721, 99741,20180404,  -70,    0
 18721, 99741,20180405,  -33,    0
 18721, 99741,20180406,  -36,    0
 18721, 99741,20180407,-9999,    9
 18721, 99741,20180408,  -84,    0
 18721, 99741,20180409,  -60,    0
 18721, 99741,20180410,  -97,    0
 18721, 99741,20180411,  -92,    0
 18721, 99741,20180412,  -65,    0
 18721, 99741,20180413,   -6,    0
 18721, 99741,20180414,  -14,    0
 18721, 99741,20180415,   -4,    0
 18721, 99741,20180416,-9999,    9
 18721, 99741,20180417,-9999,    9
 18721, 99741,20180418,-9999,    9
 18721, 99741,20180419,-9999,    9
 18721, 99741,20180420,   35,    0
 18721, 99741,20180421,   19,    0
 18721, 99741,20180422,   19,    0
 18721, 99741,20180423,   16,    0
 18721, 99741,20180424,    8,    0
 18721, 99741,20180425,   13,    0
 18721, 99741,20180426,    2,    0
 18721, 99741,20180427,    7,    0
 18721, 99741,20180428,   15,    0
 18721, 99741,20180429,    5,    0
 18721, 99741,20180430,  -18,    0
 18721, 99741,20180501,   -4,    0
 18721, 99741,20180502,    4,    0
 18721, 99741,20180503,   15,    0
 18721, 99741,20180504,   26,    0
 18721, 99741,20180505,-9999,    9
 18721, 99741,20180506,   37,    0
 18721, 99741,20180507,   16,    0
 18721, 99741,20180508,   35,    0
 18721, 99741,20180509,   68,    0
 18721, 99741,20180510,  101,    0
 18721, 99741,20180511,   59,    0
 18721, 99741,20180512,   50,    0
 18721, 99741,20180513,   77,    0
 18721, 99741,20180514,   97,    0
 18721, 99741,20180515,  102,    0
 18721, 99741,20180516,-9999,    9
 18721, 99741,20180517,   41,    0
 18721, 99741,20180518,   36,    0
 18721, 99741,20180519,-9999,    9
 18721, 99741,20180520,   82,    0
 18721, 99741,20180521,   85,    0
 18721, 99741,20180522,   54,    0
 18721, 99741,20180523,   42,    0
 18721, 99741,20180524,   89,    0
 18721, 99741,20180525,   99,    0
 18721, 99741,20180526,-9999,    9
 18721, 99741,20180527,   83,    0
 18721, 99741,20180528,  151,    0
 18721, 99741,20180529,   82,    0
 18721, 99741,20180530,-9999,    9
 18721, 99741,20180531,  148,    0
 18721, 99741,20180601,   96,    0
 18721, 99741,20180602,   55,    0
 18721, 99741,20180603,   48,    0
 18721, 99741,20180604,    3,    0
 18721, 99741,20180605,    7,    0
 18721, 99741,20180606,-9999,    9
 18721, 99741,20180607,   17,    0
 18721, 99741,20180608,   42,    0
 18721, 99741,20180609,   63,    0
 18721, 99741,20180610,   70,    0
 18721, 99741,20180611,   43,    0
 18721, 99741,20180612,   38,    0
 18721, 99741,20180613,   48,    0
 18721, 99741,20180614,   87,    0
 18721, 99741,20180615,   93,    0
 18721, 99741,20180616,   79,    0
 18721, 99741,20180617,  109,    0
 18721, 99741,20180618,-9999,    9
 18721, 99741,20180619,-9999,    9
 18721, 99741,20180620,-9999,    9
 18721, 99741,20180621,-9999,    9
 18721, 99741,20180622,-9999,    9
 18721, 99741,20180623,-9999,    9
 18721, 99741,20180624,-9999,    9
 18721, 99741,20180625,-9999,    9
 18721, 99741,20180626,-9999,    9
 18721, 99741,20180627,-9999,    9
 18721, 99741,20180628,-9999,    9
 18721, 99741,20180629,-9999,    9
 18721, 99741,20180630,-9999,    9
 18721, 99741,20180701,-9999,    9
 18721, 99741,20180702,  177,    0
 18721, 99741,20180703,   96,    0
 18721, 99741,20180704,   76,    0
 18721, 99741,20180705,  136,    0
 18721, 99741,20180706,   98,    0
 18721, 99741,20180707,   78,    0
 18721, 99741,20180708,  119,    0
 18721, 99741,20180709,-9999,    9
 18721, 99741,20180710,  137,    0
 18721, 99741,20180711,  161,    0
 18721, 99741,20180712,  169,    0
 18721, 99741,20180713,  114,    0
 18721, 99741,20180714,  102,    0
 18721, 99741,20180715,  124,    0
 18721, 99741,20180716,  181,    0
 18721, 99741,20180717,  220,    0
 18721, 99741,20180718,  210,    0
 18721, 99741,20180719,  149,    0
 18721, 99741,20180720,  149,    0
 18721, 99741,20180721,  175,    0
 18721, 99741,20180722,  145,    0
 18721, 99741,20180723,  134,    0
 18721, 99741,20180724,  136,    0
 18721, 99741,20180725,  130,    0
 18721, 99741,20180726,  121,    0
 18721, 99741,20180727,  176,    0
 18721, 99741,20180728,  190,    0
 18721, 99741,20180729,  185,    0
 18721, 99741,20180730,  205,    0
 18721, 99741,20180731,  196,    0
 18721, 99741,20180801,  182,    0
 18721, 99741,20180802,  158,    0
 18721, 99741,20180803,  131,    0
 18721, 99741,20180804,  113,    0
 18721, 99741,20180805,  100,    0
 18721, 99741,20180806,   90,    0
 18721, 99741,20180807,  112,    0
 18721, 99741,20180808,  152,    0
 18721, 99741,20180809,  132,    0
 18721, 99741,20180810,   93,    0
 18721, 99741,20180811,  105,    0
 18721, 99741,20180812,   77,    0
 18721, 99741,20180813,   61,    0
 18721, 99741,20180814,   76,    0
 18721, 99741,20180815,  106,    0
 18721, 99741,20180816,  118,    0
 18721, 99741,20180817,  118,    0
 18721, 99741,20180818,  103,    0
 18721, 99741,20180819,   80,    0
 18721, 99741,20180820,   67,    0
 18721, 99741,20180821,   53,    0
 18721, 99741,20180822,   64,    0
 18721, 99741,20180823,   87,    0
 18721, 99741,20180824,   76,    0
 18721, 99741,20180825,   69,    0
 18721, 99741,20180826,   64,    0
 18721, 99741,20180827,   51,    0
 18721, 99741,20180828,   83,    0
 18721, 99741,20180829,  111,    0
 18721, 99741,20180830,   92,    0
 18721, 99741,20180831,   64,    0
 18721, 99741,20180901,   89,    0
 18721, 99741,20180902,  105,    0
 18721, 99741,20180903,  123,    0
 18721, 99741,20180904,   63,    0
 18721, 99741,20180905,   73,    0
 18721, 99741,20180906,   98,    0
 18721, 99741,20180907,  112,    0
 18721, 99741,20180908,  104,    0
 18721, 99741,20180909,   95,    0
 18721, 99741,20180910,  116,    0
 18721, 99741,20180911,   94,    0
 18721, 99741,20180912,   83,    0
 18721, 99741,20180913,   65,    0
 18721, 99741,20180914,   50,    0
 18721, 99741,20180915,   49,    0
 18721, 99741,20180916,   47,    0
 18721, 99741,20180917,   35,    0
 18721, 99741,20180918,   62,    0
 18721, 99741,20180919,   72,    0
 18721, 99741,20180920,   74,    0
 18721, 99741,20180921,   69,    0
 18721, 99741,20180922,   64,    0
 18721, 99741,20180923,   19,    0
 18721, 99741,20180924,  -12,    0
 18721, 99741,20180925,    8,    0
 18721, 99741,20180926,-9999,    9
 18721, 99741,20180927,-9999,    9
 18721, 99741,20180928,-9999,    9
 18721, 99741,20180929,-9999,    9
 18721, 99741,20180930,-9999,    9
 18721, 99741,20181001,-9999,    9
 18721, 99741,20181002,-9999,    9
 18721, 99741,20181003,-9999,    9
 18721, 99741,20181004,  -16,    0
 18721, 99741,20181005,   12,    0
 18721, 99741,20181006,  -11,    0
 18721, 99741,20181007,  -20,    0
 18721, 99741,20181008,    3,    0
 18721, 99741,20181009,   28,    0
 18721, 99741,20181010,   32,    0
 18721, 99741,20181011,-9999,    9
 18721, 99741,20181012,   48,    0
 18721, 99741,20181013,   57,    0
 18721, 99741,20181014,   95,    0
 18721, 99741,20181015,   24,    0
 18721, 99741,20181016,   29,    0
 18721, 99741,20181017,-9999,    9
 18721, 99741,20181018,-9999,    9
 18721, 99741,20181019,   35,    0
 18721, 99741,20181020,   35,    0
 18721, 99741,20181021,   35,    0
 18721, 99741,20181022,-9999,    9
 18721, 99741,20181023,  -25,    0
 18721, 99741,20181024,  -27,    0
 18721, 99741,20181025,  -44,    0
 18721, 99741,20181026,  -99,    0
 18721, 99741,20181027, -115,    0
 18721, 99741,20181028, -150,    0
 18721, 99741,20181029, -106,    0
 18721, 99741,20181030,  -66,    0
 18721, 99741,20181031,  -20,    0
 18721, 99741,20181101,   10,    0
 18721, 99741,20181102,    1,    0
 18721, 99741,20181103,  -11,    0
 18721, 99741,20181104,   -9,    0
 18721, 99741,20181105,   22,    0
 18721, 99741,20181106,    9,    0
 18721, 99741,20181107,   -5,    0
 18721, 99741,20181108,    3,    0
 18721, 99741,20181109,    6,    0
 18721, 99741,20181110,    9,    0
 18721, 99741,20181111,   12,    0
 18721, 99741,20181112,   17,    0
 18721, 99741,20181113,    5,    0
 18721, 99741,20181114,   11,    0
 18721, 99741,20181115,   47,    0
 18721, 99741,20181116,   53,    0
 18721, 99741,20181117,   25,    0
 18721, 99741,20181118,  -32,    0
 18721, 99741,20181119,  -59,    0
 18721, 99741,20181120,   -2,    0
 18721, 99741,20181121,  -73,    0
 18721, 99741,20181122,  -45,    0
 18721, 99741,20181123,  -22,    0
 18721, 99741,20181124,  -18,    0
 18721, 99741,20181125,  -27,    0
 18721, 99741,20181126,  -63,    0
 18721, 99741,20181127, -103,    0
 18721, 99741,20181128,  -34,    0
 18721, 99741,20181129,  -64,    0
 18721, 99741,20181130,   -8,    0
 18721, 99741,20181201,   20,    0
 18721, 99741,20181202,   -7,    0
 18721, 99741,20181203,   -9,    0
 18721, 99741,20181204,  -28,    0
 18721, 99741,20181205,  -93,    0
 18721, 99741,20181206,  -73,    0
 18721, 99741,20181207, -104,    0
 18721, 99741,20181208,  -67,    0
 18721, 99741,20181209,  -55,    0
 18721, 99741,20181210,  -48,    0
 18721, 99741,20181211,  -83,    0
 18721, 99741,20181212, -174,    0
 18721, 99741,20181213, -160,    0
 18721, 99741,20181214, -176,    0
 18721, 99741,20181215, -143,    0
 18721, 99741,20181216, -163,    0
 18721, 99741,20181217,  -76,    0
 18721, 99741,20181218,  -81,    0
 18721, 99741,20181219,  -63,    0
 18721, 99741,20181220,  -43,    0
 18721, 99741,20181221,  -56,    0
 18721, 99741,20181222, -132,    0
 18721, 99741,20181223,  -64,    0
 18721, 99741,20181224,  -29,    0
 18721, 99741,20181225,  -18,    0
 18721, 99741,20181226,  -23,    0
 18721, 99741,20181227,    5,    0
 18721, 99741,20181228,  -11,    0
 18721, 99741,20181229,  -13,    0
 18721, 99741,20181230,  -50,    0
 18721, 99741,20181231,  -57,    0
 18721, 99741,20190101,  -44,    0
 18721, 99741,20190102, -100,    0
 18721, 99741,20190103,  -33,    0
 18721, 99741,20190104,   -1,    0
 18721, 99741,20190105,  -13,    0
 18721, 99741,20190106,   13,    0
 18721, 99741,20190107,  -26,    0
 18721, 99741,20190108,  -35,    0
 18721, 99741,20190109,  -42,    0
 18721, 99741,20190110,  -11,    0
 18721, 99741,20190111,  -23,    0
 18721, 99741,20190112,  -60,    0
 18721, 99741,20190113, -101,    0
 18721, 99741,20190114, -164,    0
 18721, 99741,20190115, -216,    0
 18721, 99741,20190116, -225,    0
 18721, 99741,20190117, -159,    0
 18721, 99741,20190118,-9999,    9
 18721, 99741,20190119,-9999,    9
 18721, 99741,20190120, -137,    0
 18721, 99741,20190121, -245,    0
 18721, 99741,20190122, -213,    0
 18721, 99741,20190123, -121,    0
 18721, 99741,20190124, -135,    0
 18721, 99741,20190125, -143,    0
 18721, 99741,20190126, -156,    0
 18721, 99741,20190127, -203,    0
 18721, 99741,20190128, -204,    0
 18721, 99741,20190129, -170,    0
 18721, 99741,20190130,-9999,    9
 18721, 99741,20190131, -187,    0
 18721, 99741,20190201, -147,    0
 18721, 99741,20190202, -154,    0
 18721, 99741,20190203, -157,    0
 18721, 99741,20190204, -180,    0
 18721, 99741,20190205, -172,    0
 18721, 99741,20190206, -199,    0
 18721, 99741,20190207, -159,    0
 18721, 99741,20190208, -118,    0
 18721, 99741,20190209, -115,    0
 18721, 99741,20190210, -114,    0
 18721, 99741,20190211,  -50,    0
 18721, 99741,20190212,  -76,    0
 18721, 99741,20190213,-9999,    9
 18721, 99741,20190214,-9999,    9
 18721, 99741,20190215,-9999,    9
 18721, 99741,20190216,  -11,    0
 18721, 99741,20190217,  -60,    0
 18721, 99741,20190218,  -35,    0
 18721, 99741,20190219,   -9,    0
 18721, 99741,20190220, -120,    0
 18721, 99741,20190221, -150,    0
 18721, 99741,20190222,  -61,    0
 18721, 99741,20190223,   41,    0
 18721, 99741,20190224,   12,    0
 18721, 99741,20190225,   -4,    0
 18721, 99741,20190226,    5,    0
 18721, 99741,20190227,   -1,    0
 18721, 99741,20190228,  -73,    0
 18721, 99741,20190301,  -55,    0
 18721, 99741,20190302, -111,    0
 18721, 99741,20190303, -173,    0
 18721, 99741,20190304, -204,    0
 18721, 99741,20190305, -246,    0
 18721, 99741,20190306,  -77,    0
 18721, 99741,20190307,  -95,    0
 18721, 99741,20190308,  -96,    0
 18721, 99741,20190309, -111,    0
 18721, 99741,20190310, -147,    0
 18721, 99741,20190311, -249,    0
 18721, 99741,20190312, -174,    0
 18721, 99741,20190313,  -95,    0
 18721, 99741,20190314,  -70,    0
 18721, 99741,20190315,  -52,    0
 18721, 99741,20190316, -112,    0
 18721, 99741,20190317, -146,    0
 18721, 99741,20190318,  -66,    0
 18721, 99741,20190319,  -56,    0
 18721, 99741,20190320,  -16,    0
 18721, 99741,20190321,  -27,    0
 18721, 99741,20190322,  -25,    0
 18721, 99741,20190323,   -8,    0
 18721, 99741,20190324,  -39,    0
 18721, 99741,20190325,  -60,    0
 18721, 99741,20190326, -113,    0
 18721, 99741,20190327,-9999,    9
 18721, 99741,20190328,-9999,    9
 18721, 99741,20190329,-9999,    9
 18721, 99741,20190330,-9999,    9
 18721, 99741,20190331,-9999,    9
 18721, 99741,20190401,-9999,    9
 18721, 99741,20190402,-9999,    9
 18721, 99741,20190403,-9999,    9
 18721, 99741,20190404,-9999,    9
 18721, 99741,20190405,-9999,    9
 18721, 99741,20190406,  -32,    0
 18721, 99741,20190407,  -59,    0
 18721, 99741,20190408, -113,    0
 18721, 99741,20190409,-9999,    9
 18721, 99741,20190410,-9999,    9
 18721, 99741,20190411,-9999,    9
 18721, 99741,20190412,  -44,    0
 18721, 99741,20190413,  -16,    0
 18721, 99741,20190414,  -19,    0
 18721, 99741,20190415,  -30,    0
 18721, 99741,20190416,  -26,    0
 18721, 99741,20190417,  -33,    0
 18721, 99741,20190418,  -12,    0
 18721, 99741,20190419,   38,    0
 18721, 99741,20190420,   58,    0
 18721, 99741,20190421,   31,    0
 18721, 99741,20190422,   38,    0
 18721, 99741,20190423,   60,    0
 18721, 99741,20190424,   47,    0
 18721, 99741,20190425,   51,    0
 18721, 99741,20190426,   54,    0
 18721, 99741,20190427,   51,    0
 18721, 99741,20190428,   26,    0
 18721, 99741,20190429,   46,    0
 18721, 99741,20190430,    3,    0
 18721, 99741,20190501,   -9,    0
 18721, 99741,20190502,  -52,    0
 18721, 99741,20190503,  -57,    0
 18721, 99741,20190504,  -38,    0
 18721, 99741,20190505,  -40,    0
 18721, 99741,20190506,  -18,    0
 18721, 99741,20190507,    4,    0
 18721, 99741,20190508,    2,    0
 18721, 99741,20190509,   23,    0
 18721, 99741,20190510,   48,    0
 18721, 99741,20190511,   45,    0
 18721, 99741,20190512,   -3,    0
 18721, 99741,20190513,   -1,    0
 18721, 99741,20190514,   13,    0
 18721, 99741,20190515,   28,    0
 18721, 99741,20190516,   43,    0
 18721, 99741,20190517,   59,    0
 18721, 99741,20190518,   89,    0
 18721, 99741,20190519,   93,    0
 18721, 99741,20190520,   87,    0
 18721, 99741,20190521,   91,    0
 18721, 99741,20190522,   74,    0
 18721, 99741,20190523,   16,    0
 18721, 99741,20190524,   18,    0
 18721, 99741,20190525,   41,    0
 18721, 99741,20190526,   18,    0
 18721, 99741,20190527,   33,    0
 18721, 99741,20190528,   14,    0
 18721, 99741,20190529,-9999,    9
 18721, 99741,20190530,-9999,    9
 18721, 99741,20190531,-9999,    9
 18721, 99741,20190601,   21,    0
 18721, 99741,20190602,   31,    0
 18721, 99741,20190603,   43,    0
 18721, 99741,20190604,   64,    0
 18721, 99741,20190605,   86,    0
 18721, 99741,20190606,  130,    0
 18721, 99741,20190607,  150,    0
 18721, 99741,20190608,   90,    0
 18721, 99741,20190609,  119,    0
 18721, 99741,20190610,   54,    0
 18721, 99741,20190611,   52,    0
 18721, 99741,20190612,   93,    0
 18721, 99741,20190613,  100,    0
 18721, 99741,20190614,  112,    0
 18721, 99741,20190615,  139,    0
 18721, 99741,20190616,  136,    0
 18721, 99741,20190617,  108,    0
 18721, 99741,20190618,   87,    0
 18721, 99741,20190619,   90,    0
 18721, 99741,20190620,   93,    0
 18721, 99741,20190621,   91,    0
 18721, 99741,20190622,   65,    0
 18721, 99741,20190623,   79,    0
 18721, 99741,20190624,   72,    0
 18721, 99741,20190625,-9999,    9
 18721, 99741,20190626,   70,    0
 18721, 99741,20190627,   62,    0
 18721, 99741,20190628,   69,    0
 18721, 99741,20190629,   53,    0
 18721, 99741,20190630,   74,    0
 18721, 99741,20190701,   58,    0
 18721, 99741,20190702,   57,    0
 18721, 99741,20190703,   73,    0
 18721, 99741,20190704,   71,    0
 18721, 99741,20190705,   89,    0
 18721, 99741,20190706,   61,    0
 18721, 99741,20190707,   96,    0
 18721, 99741,20190708,  120,    0
 18721, 99741,20190709,  136,    0
 18721, 99741,20190710,  135,    0
 18721, 99741,20190711,  142,    0
 18721, 99741,20190712,  142,    0
 18721, 99741,20190713,  125,    0
 18721, 99741,20190714,   96,    0
 18721, 99741,20190715,   68,    0
 18721, 99741,20190716,   84,    0
 18721, 99741,20190717,   98,    0
 18721, 99741,20190718,  126,    0
 18721, 99741,20190719,  141,    0
 18721, 99741,20190720,  147,    0
 18721, 99741,20190721,  162,    0
 18721, 99741,20190722,  143,    0
 18721, 99741,20190723,  163,    0
 18721, 99741,20190724,  153,    0
 18721, 99741,20190725,  198,    0
 18721, 99741,20190726,  185,    0
 18721, 99741,20190727,  230,    0
 18721, 99741,20190728,  184,    0
 18721, 99741,20190729,  134,    0
 18721, 99741,20190730,   94,    0
 18721, 99741,20190731,  125,    0
 18721, 99741,20190801,  123,    0
 18721, 99741,20190802,  110,    0
 18721, 99741,20190803,  110,    0
 18721, 99741,20190804,  103,    0
 18721, 99741,20190805,   94,    0
 18721, 99741,20190806,  119,    0
 18721, 99741,20190807,  114,    0
 18721, 99741,20190808,  109,    0
 18721, 99741,20190809,  122,    0
 18721, 99741,20190810,  122,    0
 18721, 99741,20190811,  115,    0
 18721, 99741,20190812,  140,    0
 18721, 99741,20190813,  138,    0
 18721, 99741,20190814,  107,    0
 18721, 99741,20190815,   82,    0
 18721, 99741,20190816,   96,    0
 18721, 99741,20190817,  114,    0
 18721, 99741,20190818,  125,    0
 18721, 99741,20190819,  115,    0
 18721, 99741,20190820,  100,    0
 18721, 99741,20190821,   97,    0
 18721, 99741,20190822,-9999,    9
 18721, 99741,20190823,   95,    0
 18721, 99741,20190824,  100,    0
 18721, 99741,20190825,  103,    0
 18721, 99741,20190826,-9999,    9
 18721, 99741,20190827,  143,    0
 18721, 99741,20190828,  171,    0
 18721, 99741,20190829,-9999,    9
 18721, 99741,20190830,-9999,    9
 18721, 99741,20190831,  133,    0
 18721, 99741,20190901,  136,    0
 18721, 99741,20190902,-9999,    9
 18721, 99741,20190903,-9999,    9
 18721, 99741,20190904,-9999,    9
 18721, 99741,20190905,-9999,    9
 18721, 99741,20190906,-9999,    9
 18721, 99741,20190907,-9999,    9
 18721, 99741,20190908,-9999,    9
 18721, 99741,20190909,-9999,    9
 18721, 99741,20190910,-9999,    9
 18721, 99741,20190911,-9999,    9
 18721, 99741,20190912,-9999,    9
 18721, 99741,20190913,-9999,    9
 18721, 99741,20190914,-9999,    9
 18721, 99741,20190915,-9999,    9
 18721, 99741,20190916,-9999,    9
 18721, 99741,20190917,-9999,    9
 18721, 99741,20190918,-9999,    9
 18721, 99741,20190919,    1,    0
 18721, 99741,20190920,   14,    0
 18721, 99741,20190921,    3,    0
 18721, 99741,20190922,  -13,    0
 18721, 99741,20190923,   14,    0
 18721, 99741,20190924,   27,    0
 18721, 99741,20190925,   32,    0
 18721, 99741,20190926,   60,    0
 18721, 99741,20190927,   68,    0
 18721, 99741,20190928,   46,    0
 18721, 99741,20190929,   26,    0
 18721, 99741,20190930,    2,    0
 18721, 99741,20191001,   17,    0
 18721, 99741,20191002,   -7,    0
 18721, 99741,20191003,  -27,    0
 18721, 99741,20191004,  -50,    0
 18721, 99741,20191005,  -24,    0
 18721, 99741,20191006,   12,    0
 18721, 99741,20191007,   12,    0
 18721, 99741,20191008,   -9,    0
 18721, 99741,20191009,  -29,    0
 18721, 99741,20191010,  -13,    0
 18721, 99741,20191011,   -6,    0
 18721, 99741,20191012,  -25,    0
 18721, 99741,20191013,  -28,    0
 18721, 99741,20191014,  -57,    0
 18721, 99741,20191015,  -50,    0
 18721, 99741,20191016,  -47,    0
 18721, 99741,20191017,  -26,    0
 18721, 99741,20191018,  -15,    0
 18721, 99741,20191019,  -41,    0
 18721, 99741,20191020,  -90,    0
 18721, 99741,20191021,  -36,    0
 18721, 99741,20191022,    9,    0
 18721, 99741,20191023,-9999,    9
 18721, 99741,20191024,-9999,    9
 18721, 99741,20191025,-9999,    9
 18721, 99741,20191026,-9999,    9
 18721, 99741,20191027,  -57,    0
 18721, 99741,20191028,  -45,    0
 18721, 99741,20191029,  -74,    0
 18721, 99741,20191030,  -29,    0
 18721, 99741,20191031,-9999,    9
 18721, 99741,20191101,  -46,    0
 18721, 99741,20191102,  -94,    0
 18721, 99741,20191103,  -52,    0
 18721, 99741,20191104, -131,    0
 18721, 99741,20191105, -160,    0
 18721, 99741,20191106, -106,    0
 18721, 99741,20191107,  -93,    0
 18721, 99741,20191108, -121,    0
 18721, 99741,20191109, -143,    0
 18721, 99741,20191110, -184,    0
 18721, 99741,20191111, -116,    0
 18721, 99741,20191112,  -87,    0
 18721, 99741,20191113,  -28,    0
 18721, 99741,20191114,  -71,    0
 18721, 99741,20191115,  -95,    0
 18721, 99741,20191116,  -64,    0
 18721, 99741,20191117,  -58,    0
 18721, 99741,20191118,  -47,    0
 18721, 99741,20191119,  -24,    0
 18721, 99741,20191120,    7,    0
 18721, 99741,20191121,  -82,    0
 18721, 99741,20191122,  -17,    0
 18721, 99741,20191123,   -2,    0
 18721, 99741,20191124,  -38,    0
 18721, 99741,20191125, -117,    0
 18721, 99741,20191126,  -70,    0
 18721, 99741,20191127,-9999,    9
 18721, 99741,20191128,-9999,    9
 18721, 99741,20191129,-9999,    9
 18721, 99741,20191130,  -78,    0
 18721, 99741,20191201,  -57,    0
 18721, 99741,20191202,  -45,    0
 18721, 99741,20191203,  -15,    0
 18721, 99741,20191204,   36,    0
 18721, 99741,20191205,   -5,    0
 18721, 99741,20191206,  -15,    0
 18721, 99741,20191207,-9999,    9
 18721, 99741,20191208,  -76,    0
 18721, 99741,20191209, -102,    0
 18721, 99741,20191210, -136,    0
 18721, 99741,20191211,  -36,    0
 18721, 99741,20191212,  -30,    0
 18721, 99741,20191213,  -28,    0
 18721, 99741,20191214,-9999,    9
 18721, 99741,20191215,  -27,    0
 18721, 99741,20191216,  -47,    0
 18721, 99741,20191217, -130,    0
 18721, 99741,20191218,  -63,    0
 18721, 99741,20191219,  -30,    0
 18721, 99741,20191220,  -77,    0
 18721, 99741,20191221,-9999,    9
 18721, 99741,20191222,-9999,    9
 18721, 99741,20191223,-9999,    9
 18721, 99741,20191224,  -43,    0
 18721, 99741,20191225,  -54,    0
 18721, 99741,20191226,  -57,    0
 18721, 99741,20191227, -117,    0
 18721, 99741,20191228,  -82,    0
 18721, 99741,20191229,   34,    0
 18721, 99741,20191230,   -1,    0
 18721, 99741,20191231,  -34,    0
 18721, 99741,20200101,    4,    0
 18721, 99741,20200102,   23,    0
 18721, 99741,20200103,  -32,    0
 18721, 99741,20200104,  -51,    0
 18721, 99741,20200105,-9999,    9
 18721, 99741,20200106,-9999,    9
 18721, 99741,20200107,   13,    0
 18721, 99741,20200108,  -11,    0
 18721, 99741,20200109,  -28,    0
 18721, 99741,20200110,  -13,    0
 18721, 99741,20200111,  -28,    0
 18721, 99741,20200112,-9999,    9
 18721, 99741,20200113,-9999,    9
 18721, 99741,20200114,-9999,    9
 18721, 99741,20200115,-9999,    9
 18721, 99741,20200116,  -75,    0
 18721, 99741,20200117,  -30,    0
 18721, 99741,20200118,  -76,    0
 18721, 99741,20200119,  -59,    0
 18721, 99741,20200120,   10,    0
 18721, 99741,20200121,  -39,    0
 18721, 99741,20200122,  -38,    0
 18721, 99741,20200123,  -26,    0
 18721, 99741,20200124,  -50,    0
 18721, 99741,20200125,  -73,    0
 18721, 99741,20200126, -106,    0
 18721, 99741,20200127,-9999,    9
 18721, 99741,20200128,-9999,    9
 18721, 99741,20200129, -118,    0
 18721, 99741,20200130, -106,    0
 18721, 99741,20200131,  -64,    0
 18721, 99741,20200201,  -32,    0
 18721, 99741,20200202,  -42,    0
 18721, 99741,20200203,  -95,    0
 18721, 99741,20200204, -145,    0
 18721, 99741,20200205,  -81,    0
 18721, 99741,20200206,  -77,    0
 18721, 99741,20200207,   -4,    0
 18721, 99741,20200208,  -75,    0
 18721, 99741,20200209,  -22,    0
 18721, 99741,20200210,  -20,    0
 18721, 99741,20200211,  -27,    0
 18721, 99741,20200212,  -57,    0
 18721, 99741,20200213, -111,    0
 18721, 99741,20200214, -105,    0
 18721, 99741,20200215,  -84,    0
 18721, 99741,20200216,  -44,    0
 18721, 99741,20200217,  -50,    0
 18721, 99741,20200218,  -39,    0
 18721, 99741,20200219, -139,    0
 18721, 99741,20200220,  -86,    0
 18721, 99741,20200221,  -10,    0
 18721, 99741,20200222,  -13,    0
 18721, 99741,20200223,  -32,    0
 18721, 99741,20200224,  -61,    0
 18721, 99741,20200225, -109,    0
 18721, 99741,20200226, -179,    0
 18721, 99741,20200227, -118,    0
 18721, 99741,20200228, -108,    0
 18721, 99741,20200229,  -95,    0
 18721, 99741,20200301, -192,    0
 18721, 99741,20200302, -144,    0
 18721, 99741,20200303, -108,    0
 18721, 99741,20200304,  -92,    0
 18721, 99741,20200305, -106,    0
 18721, 99741,20200306,  -45,    0
 18721, 99741,20200307,  -23,    0
 18721, 99741,20200308,  -37,    0
 18721, 99741,20200309,    7,    0
 18721, 99741,20200310,  -14,    0
 18721, 99741,20200311,  -33,    0
 18721, 99741,20200312,  -33,    0
 18721, 99741,20200313,  -95,    0
 18721, 99741,20200314,  -76,    0
 18721, 99741,20200315,  -41,    0
 18721, 99741,20200316,  -48,    0
 18721, 99741,20200317,  -20,    0
 18721, 99741,20200318,  -12,    0
 18721, 99741,20200319,  -66,    0
 18721, 99741,20200320,-9999,    9
 18721, 99741,20200321,-9999,    9
 18721, 99741,20200322,-9999,    9
 18721, 99741,20200323,-9999,    9
 18721, 99741,20200324,-9999,    9
 18721, 99741,20200325,-9999,    9
 18721, 99741,20200326,-9999,    9
 18721, 99741,20200327,    0,    0
 18721, 99741,20200328,  -79,    0
 18721, 99741,20200329,  -90,    0
 18721, 99741,20200330,  -86,    0
 18721, 99741,20200331,  -19,    0
 18721, 99741,20200401,  -64,    0
 18721, 99741,20200402,  -73,    0
 18721, 99741,20200403,  -71,    0
 18721, 99741,20200404,  -83,    0
 18721, 99741,20200405,  -78,    0
 18721, 99741,20200406,  -38,    0
 18721, 99741,20200407,   13,    0
 18721, 99741,20200408,    0,    0
 18721, 99741,20200409,  -38,    0
 18721, 99741,20200410,  -51,    0
 18721, 99741,20200411,-9999,    9
 18721, 99741,20200412,-9999,    9
 18721, 99741,20200413,-9999,    9
 18721, 99741,20200414,-9999,    9
 18721, 99741,20200415,-9999,    9
 18721, 99741,20200416,-9999,    9
 18721, 99741,20200417,  -29,    0
 18721, 99741,20200418,    1,    0
 18721, 99741,20200419,   12,    0
 18721, 99741,20200420,   21,    0
 18721, 99741,20200421,    7,    0
 18721, 99741,20200422,    1,    0
 18721, 99741,20200423,    6,    0
 18721, 99741,20200424,  -11,    0
 18721, 99741,20200425,  -23,    0
 18721, 99741,20200426,  -15,    0
 18721, 99741,20200427,  -30,    0
 18721, 99741,20200428,  -40,    0
 18721, 99741,20200429,  -30,    0
 18721, 99741,20200430,  -17,    0
 18721, 99741,20200501,  -11,    0
 18721, 99741,20200502,   -6,    0
 18721, 99741,20200503,   -4,    0
 18721, 99741,20200504,   -5,    0
 18721, 99741,20200505,    4,    0
 18721, 99741,20200506,   -8,    0
 18721, 99741,20200507,  -27,    0
 18721, 99741,20200508,  -28,    0
 18721, 99741,20200509,  -32,    0
 18721, 99741,20200510,  -43,    0
 18721, 99741,20200511,  -39,    0
 18721, 99741,20200512,  -29,    0
 18721, 99741,20200513,  -36,    0
 18721, 99741,20200514,  -41,    0
 18721, 99741,20200515,  -27,    0
 18721, 99741,20200516,  -10,    0
 18721, 99741,20200517,  -11,    0
 18721, 99741,20200518,  -15,    0
 18721, 99741,20200519,  -17,    0
 18721, 99741,20200520,   -4,    0
 18721, 99741,20200521,    1,    0
 18721, 99741,20200522,   37,    0
 18721, 99741,20200523,   46,    0
 18721, 99741,20200524,   26,    0
 18721, 99741,20200525,   34,    0
 18721, 99741,20200526,   43,    0
 18721, 99741,20200527,   36,    0
 18721, 99741,20200528,   30,    0
 18721, 99741,20200529,   33,    0
 18721, 99741,20200530,   44,    0
 18721, 99741,20200531,   61,    0
 18721, 99741,20200601,   71,    0
 18721, 99741,20200602,-9999,    9
 18721, 99741,20200603,   45,    0
 18721, 99741,20200604,   83,    0
 18721, 99741,20200605,   80,    0
 18721, 99741,20200606,   65,    0
 18721, 99741,20200607,   51,    0
 18721, 99741,20200608,   35,    0
 18721, 99741,20200609,   40,    0
 18721, 99741,20200610,   77,    0
 18721, 99741,20200611,   65,    0
 18721, 99741,20200612,   88,    0
 18721, 99741,20200613,  122,    0
 18721, 99741,20200614,  116,    0
 18721, 99741,20200615,   69,    0
 18721, 99741,20200616,   94,    0
 18721, 99741,20200617,  140,    0
 18721, 99741,20200618,  131,    0
 18721, 99741,20200619,  116,    0
 18721, 99741,20200620,  146,    0
 18721, 99741,20200621,  165,    0
 18721, 99741,20200622,  167,    0
 18721, 99741,20200623,  143,    0
 18721, 99741,20200624,  138,    0
 18721, 99741,20200625,  127,    0
 18721, 99741,20200626,  116,    0
 18721, 99741,20200627,-9999,    9
 18721, 99741,20200628,  154,    0
 18721, 99741,20200629,  141,    0
 18721, 99741,20200630,-9999,    9
 18721, 99741,20200701,   48,    0
 18721, 99741,20200702,   57,    0
 18721, 99741,20200703,   72,    0
 18721, 99741,20200704,   82,    0
 18721, 99741,20200705,   85,    0
 18721, 99741,20200706,  110,    0
 18721, 99741,20200707,   79,    0
 18721, 99741,20200708,   78,    0
 18721, 99741,20200709,   87,    0
 18721, 99741,20200710,   81,    0
 18721, 99741,20200711,   94,    0
 18721, 99741,20200712,   84,    0
 18721, 99741,20200713,   83,    0
 18721, 99741,20200714,  105,    0
 18721, 99741,20200715,  117,    0
 18721, 99741,20200716,  140,    0
 18721, 99741,20200717,  140,    0
 18721, 99741,20200718,  129,    0
 18721, 99741,20200719,  114,    0
 18721, 99741,20200720,   87,    0
 18721, 99741,20200721,   70,    0
 18721, 99741,20200722,   75,    0
 18721, 99741,20200723,   68,    0
 18721, 99741,20200724,   87,    0
 18721, 99741,20200725,  100,    0
 18721, 99741,20200726,  136,    0
 18721, 99741,20200727,  126,    0
 18721, 99741,20200728,  137,    0
 18721, 99741,20200729,  136,    0
 18721, 99741,20200730,  151,    0
 18721, 99741,20200731,  138,    0
 18721, 99741,20200801,  138,    0
 18721, 99741,20200802,  153,    0
 18721, 99741,20200803,  127,    0
 18721, 99741,20200804,  107,    0
 18721, 99741,20200805,  117,    0
 18721, 99741,20200806,  119,    0
 18721, 99741,20200807,  153,    0
 18721, 99741,20200808,  165,    0
 18721, 99741,20200809,   92,    0
 18721, 99741,20200810,  112,    0
 18721, 99741,20200811,  134,    0
 18721, 99741,20200812,  105,    0
 18721, 99741,20200813,  120,    0
 18721, 99741,20200814,  125,    0
 18721, 99741,20200815,  113,    0
 18721, 99741,20200816,   66,    0
 18721, 99741,20200817,   62,    0
 18721, 99741,20200818,   95,    0
 18721, 99741,20200819,   96,    0
 18721, 99741,20200820,   83,    0
 18721, 99741,20200821,  147,    0
 18721, 99741,20200822,  146,    0
 18721, 99741,20200823,   98,    0
 18721, 99741,20200824,-9999,    9
 18721, 99741,20200825,-9999,    9
 18721, 99741,20200826,   60,    0
 18721, 99741,20200827,   52,    0
 18721, 99741,20200828,   55,    0
 18721, 99741,20200829,   55,    0
 18721, 99741,20200830,   43,    0
 18721, 99741,20200831,   36,    0
 18721, 99741,20200901,   85,    0
 18721, 99741,20200902,  106,    0
 18721, 99741,20200903,  107,    0
 18721, 99741,20200904,   98,    0
 18721, 99741,20200905,   70,    0
 18721, 99741,20200906,   72,    0
 18721, 99741,20200907,   76,    0
 18721, 99741,20200908,   80,    0
 18721, 99741,20200909,   64,    0
 18721, 99741,20200910,   47,    0
 18721, 99741,20200911,   54,    0
 18721, 99741,20200912,   63,    0
 18721, 99741,20200913,   49,    0
 18721, 99741,20200914,   58,    0
 18721, 99741,20200915,   45,    0
 18721, 99741,20200916,   34,    0
 18721, 99741,20200917,   35,    0
 18721, 99741,20200918,   48,    0
 18721, 99741,20200919,   39,    0
 18721, 99741,20200920,   46,    0
 18721, 99741,20200921,   51,    0
 18721, 99741,20200922,   15,    0
 18721, 99741,20200923,   40,    0
 18721, 99741,20200924,   15,    0
 18721, 99741,20200925,   49,    0
 18721, 99741,20200926,    4,    0
 18721, 99741,20200927,   20,    0
 18721, 99741,20200928,   51,    0
 18721, 99741,20200929,   73,    0
 18721, 99741,20200930,   84,    0
 18721, 99741,20201001,   83,    0
 18721, 99741,20201002,   77,    0
 18721, 99741,20201003,   71,    0
 18721, 99741,20201004,   62,    0
 18721, 99741,20201005,   54,    0
 18721, 99741,20201006,   67,    0
 18721, 99741,20201007,   76,    0
 18721, 99741,20201008,   83,    0
 18721, 99741,20201009,   62,    0
 18721, 99741,20201010,   45,    0
 18721, 99741,20201011,   42,    0
 18721, 99741,20201012,   30,    0
 18721, 99741,20201013,   16,    0
 18721, 99741,20201014,   25,    0
 18721, 99741,20201015,   17,    0
 18721, 99741,20201016,   24,    0
 18721, 99741,20201017,   -4,    0
 18721, 99741,20201018,  -44,    0
 18721, 99741,20201019,  -49,    0
 18721, 99741,20201020,  -35,    0
 18721, 99741,20201021,  -48,    0
 18721, 99741,20201022,  -58,    0
 18721, 99741,20201023,  -21,    0
 18721, 99741,20201024,  -58,    0
 18721, 99741,20201025,  -34,    0
 18721, 99741,20201026,   -4,    0
 18721, 99741,20201027,   -6,    0
 18721, 99741,20201028,   -5,    0
 18721, 99741,20201029,   -8,    0
 18721, 99741,20201030,  -43,    0
 18721, 99741,20201031,  -30,    0
 18721, 99741,20201101,   12,    0
 18721, 99741,20201102,   40,    0
 18721, 99741,20201103,   25,    0
 18721, 99741,20201104,   24,    0
 18721, 99741,20201105,    7,    0
 18721, 99741,20201106,   28,    0
 18721, 99741,20201107,    8,    0
 18721, 99741,20201108,    1,    0
 18721, 99741,20201109,   -2,    0
 18721, 99741,20201110,  -25,    0
 18721, 99741,20201111,   16,    0
 18721, 99741,20201112,  -23,    0
 18721, 99741,20201113,  -25,    0
 18721, 99741,20201114,   11,    0
 18721, 99741,20201115,   16,    0
 18721, 99741,20201116,   36,    0
 18721, 99741,20201117,   40,    0
 18721, 99741,20201118,   -1,    0
 18721, 99741,20201119,  -58,    0
 18721, 99741,20201120,  -38,    0
 18721, 99741,20201121,  -39,    0
 18721, 99741,20201122,    1,    0
 18721, 99741,20201123,  -12,    0
 18721, 99741,20201124,  -43,    0
 18721, 99741,20201125,  -35,    0
 18721, 99741,20201126,  -29,    0
 18721, 99741,20201127,  -20,    0
 18721, 99741,20201128,  -18,    0
 18721, 99741,20201129,  -10,    0
 18721, 99741,20201130,  -57,    0
 18721, 99741,20201201,  -46,    0
 18721, 99741,20201202,  -51,    0
 18721, 99741,20201203,  -23,    0
 18721, 99741,20201204,  -24,    0
 18721, 99741,20201205,  -34,    0
 18721, 99741,20201206,  -53,    0
 18721, 99741,20201207,-9999,    9
 18721, 99741,20201208,-9999,    9
 18721, 99741,20201209,  -32,    0
 18721, 99741,20201210,  -34,    0
 18721, 99741,20201211,  -27,    0
 18721, 99741,20201212,  -54,    0
 18721, 99741,20201213,  -63,    0
 18721, 99741,20201214,-9999,    9
 18721, 99741,20201215,  -33,    0
 18721, 99741,20201216,  -40,    0
 18721, 99741,20201217,  -61,    0
 18721, 99741,20201218,  -67,    0
 18721, 99741,20201219,  -54,    0
 18721, 99741,20201220,  -17,    0
 18721, 99741,20201221,  -17,    0
 18721, 99741,20201222,-9999,    9
 18721, 99741,20201223,  -30,    0
 18721, 99741,20201224,  -85,    0
 18721, 99741,20201225, -101,    0
 18721, 99741,20201226,  -99,    0
 18721, 99741,20201227,-9999,    9
 18721, 99741,20201228,  -22,    0
 18721, 99741,20201229,  -39,    0
 18721, 99741,20201230,  -49,    0
 18721, 99741,20201231,  -60,    0
 18721, 99741,20210101,  -59,    0
 18721, 99741,20210102, -100,    0
 18721, 99741,20210103,  -60,    0
 18721, 99741,20210104,  -61,    0
 18721, 99741,20210105,  -67,    0
 18721, 99741,20210106,  -71,    0
 18721, 99741,20210107, -145,    0
 18721, 99741,20210108, -166,    0
 18721, 99741,20210109, -144,    0
 18721, 99741,20210110,  -77,    0
 18721, 99741,20210111, -130,    0
 18721, 99741,20210112, -105,    0
 18721, 99741,20210113, -139,    0
 18721, 99741,20210114, -111,    0
 18721, 99741,20210115,  -36,    0
 18721, 99741,20210116,  -82,    0
 18721, 99741,20210117, -129,    0
 18721, 99741,20210118, -218,    0
 18721, 99741,20210119,  -81,    0
 18721, 99741,20210120, -118,    0
 18721, 99741,20210121, -141,    0
 18721, 99741,20210122, -143,    0
 18721, 99741,20210123, -154,    0
 18721, 99741,20210124, -169,    0
 18721, 99741,20210125, -142,    0
 18721, 99741,20210126,  -94,    0
 18721, 99741,20210127, -104,    0
 18721, 99741,20210128, -116,    0
 18721, 99741,20210129, -177,    0
 18721, 99741,20210130, -188,    0
 18721, 99741,20210131, -203,    0
 18721, 99741,20210201, -221,    0
 18721, 99741,20210202, -183,    0
 18721, 99741,20210203, -196,    0
 18721, 99741,20210204, -202,    0
 18721, 99741,20210205, -126,    0
 18721, 99741,20210206, -125,    0
 18721, 99741,20210207,  -77,    0
 18721, 99741,20210208,  -78,    0
 18721, 99741,20210209, -177,    0
 18721, 99741,20210210, -212,    0
 18721, 99741,20210211,  -85,    0
 18721, 99741,20210212,  -40,    0
 18721, 99741,20210213,  -58,    0
 18721, 99741,20210214,  -69,    0
 18721, 99741,20210215, -131,    0
 18721, 99741,20210216, -102,    0
 18721, 99741,20210217, -155,    0
 18721, 99741,20210218, -155,    0
 18721, 99741,20210219, -126,    0
 18721, 99741,20210220, -125,    0
 18721, 99741,20210221, -147,    0
 18721, 99741,20210222, -136,    0
 18721, 99741,20210223, -110,    0
 18721, 99741,20210224,  -53,    0
 18721, 99741,20210225,   26,    0
 18721, 99741,20210226,   -6,    0
 18721, 99741,20210227,   -7,    0
 18721, 99741,20210228,   28,    0
 18721, 99741,20210301,  -18,    0
 18721, 99741,20210302,  -23,    0
 18721, 99741,20210303,  -45,    0
 18721, 99741,20210304,  -69,    0
 18721, 99741,20210305,  -86,    0
 18721, 99741,20210306,  -81,    0
 18721, 99741,20210307,  -84,    0
 18721, 99741,20210308,  -91,    0
 18721, 99741,20210309, -101,    0
 18721, 99741,20210310, -135,    0
 18721, 99741,20210311,  -88,    0
 18721, 99741,20210312,  -54,    0
 18721, 99741,20210313,  -72,    0
 18721, 99741,20210314,  -72,    0
 18721, 99741,20210315,  -43,    0
 18721, 99741,20210316, -105,    0
 18721, 99741,20210317, -106,    0
 18721, 99741,20210318, -118,    0
 18721, 99741,20210319,  -58,    0
 18721, 99741,20210320,   -1,    0
 18721, 99741,20210321,-9999,    9
 18721, 99741,20210322,  -21,    0
 18721, 99741,20210323,    9,    0
 18721, 99741,20210324,    4,    0
 18721, 99741,20210325,  -15,    0
 18721, 99741,20210326,   -7,    0
 18721, 99741,20210327,   13,    0
 18721, 99741,20210328,   -2,    0
 18721, 99741,20210329,   -4,    0
 18721, 99741,20210330,   -4,    0
 18721, 99741,20210331,   -8,    0
 18721, 99741,20210401,  -10,    0
 18721, 99741,20210402,  -31,    0
 18721, 99741,20210403,   -6,    0
 18721, 99741,20210404,   -8,    0
 18721, 99741,20210405,  -41,    0
 18721, 99741,20210406,  -20,    0
 18721, 99741,20210407,  -50,    0
 18721, 99741,20210408, -104,    0
 18721, 99741,20210409,  -69,    0
 18721, 99741,20210410,  -46,    0
 18721, 99741,20210411,  -24,    0
 18721, 99741,20210412,  -68,    0
 18721, 99741,20210413,  -98,    0
 18721, 99741,20210414,  -28,    0
 18721, 99741,20210415,   17,    0
 18721, 99741,20210416,-9999,    9
 18721, 99741,20210417,-9999,    9
 18721, 99741,20210418,   -4,    0
 18721, 99741,20210419,   14,    0
 18721, 99741,20210420,   33,    0
 18721, 99741,20210421,  -10,    0
 18721, 99741,20210422,  -37,    0
 18721, 99741,20210423,  -37,    0
 18721, 99741,20210424,  -32,    0
 18721, 99741,20210425,  -34,    0
 18721, 99741,20210426,  -28,    0
 18721, 99741,20210427,  -32,    0
 18721, 99741,20210428,  -37,    0
 18721, 99741,20210429,  -33,    0
 18721, 99741,20210430,  -36,    0
 18721, 99741,20210501,  -35,    0
 18721, 99741,20210502,  -45,    0
 18721, 99741,20210503,  -78,    0
 18721, 99741,20210504,  -26,    0
 18721, 99741,20210505,  -24,    0
 18721, 99741,20210506,  -53,    0
 18721, 99741,20210507,  -49,    0
 18721, 99741,20210508,  -14,    0
 18721, 99741,20210509,   -2,    0
 18721, 99741,20210510,-9999,    9
 18721, 99741,20210511,-9999,    9
 18721, 99741,20210512,   57,    0
 18721, 99741,20210513,   19,    0
 18721, 99741,20210514,   12,    0
 18721, 99741,20210515,   17,    0
 18721, 99741,20210516,   32,    0
 18721, 99741,20210517,   43,    0
 18721, 99741,20210518,   53,    0
 18721, 99741,20210519,   59,    0
 18721, 99741,20210520,   28,    0
 18721, 99741,20210521,   44,    0
 18721, 99741,20210522,   18,    0
 18721, 99741,20210523,    2,    0
 18721, 99741,20210524,   31,    0
 18721, 99741,20210525,   60,    0
 18721, 99741,20210526,   40,    0
 18721, 99741,20210527,   55,    0
 18721, 99741,20210528,   35,    0
 18721, 99741,20210529,   43,    0
 18721, 99741,20210530,   60,    0
 18721, 99741,20210531,   68,    0
 18721, 99741,20210601,  102,    0
 18721, 99741,20210602,  135,    0
 18721, 99741,20210603,  143,    0
 18721, 99741,20210604,  147,    0
 18721, 99741,20210605,   92,    0
 18721, 99741,20210606,  133,    0
 18721, 99741,20210607,  -72,    0
 18721, 99741,20210608,   21,    0
 18721, 99741,20210609,   62,    0
 18721, 99741,20210610,  114,    0
 18721, 99741,20210611,-9999,    9
 18721, 99741,20210612,-9999,    9
 18721, 99741,20210613,   56,    0
 18721, 99741,20210614,   57,    0
 18721, 99741,20210615,   37,    0
 18721, 99741,20210616,   47,    0
 18721, 99741,20210617,    5,    0
 18721, 99741,20210618,-9999,    9
 18721, 99741,20210619,   79,    0
 18721, 99741,20210620,   33,    0
 18721, 99741,20210621,   46,    0
 18721, 99741,20210622,   82,    0
 18721, 99741,20210623,  114,    0
 18721, 99741,20210624,  110,    0
 18721, 99741,20210625,   -5,    0
 18721, 99741,20210626,   56,    0
 18721, 99741,20210627,   91,    0
 18721, 99741,20210628,   91,    0
 18721, 99741,20210629,   72,    0
 18721, 99741,20210630,    7,    0
 18721, 99741,20210701,   90,    0
 18721, 99741,20210702,   77,    0
 18721, 99741,20210703,  137,    0
 18721, 99741,20210704,  199,    0
 18721, 99741,20210705,  200,    0
 18721, 99741,20210706,  188,    0
 18721, 99741,20210707,  156,    0
 18721, 99741,20210708,  132,    0
 18721, 99741,20210709,  152,    0
 18721, 99741,20210710,  148,    0
 18721, 99741,20210711,   -3,    0
 18721, 99741,20210712,  140,    0
 18721, 99741,20210713,  111,    0
 18721, 99741,20210714,  155,    0
 18721, 99741,20210715,   82,    0
 18721, 99741,20210716,  -99,    0
 18721, 99741,20210717,-9999,    9
 18721, 99741,20210718,-9999,    9
 18721, 99741,20210719,-9999,    9
 18721, 99741,20210720,-9999,    9
 18721, 99741,20210721,-9999,    9
 18721, 99741,20210722,-9999,    9
 18721, 99741,20210723,-9999,    9
 18721, 99741,20210724,-9999,    9
 18721, 99741,20210725,-9999,    9
 18721, 99741,20210726,-9999,    9
 18721, 99741,20210727,-9999,    9
 18721, 99741,20210728,-9999,    9
 18721, 99741,20210729,-9999,    9
 18721, 99741,20210730,-9999,    9
 18721, 99741,20210731,-9999,    9
 18721, 99741,20210801,-9999,    9
 18721, 99741,20210802,-9999,    9
 18721, 99741,20210803,-9999,    9
 18721, 99741,20210804,-9999,    9
 18721, 99741,20210805,-9999,    9
 18721, 99741,20210806,-9999,    9
 18721, 99741,20210807,-9999,    9
 18721, 99741,20210808,-9999,    9
 18721, 99741,20210809,-9999,    9
 18721, 99741,20210810,-9999,    9
 18721, 99741,20210811,-9999,    9
 18721, 99741,20210812,-9999,    9
 18721, 99741,20210813,-9999,    9
 18721, 99741,20210814,-9999,    9
 18721, 99741,20210815,-9999,    9
 18721, 99741,20210816,-9999,    9
 18721, 99741,20210817,-9999,    9
 18721, 99741,20210818,-9999,    9
 18721, 99741,20210819,-9999,    9
 18721, 99741,20210820,-9999,    9
 18721, 99741,20210821,-9999,    9
 18721, 99741,20210822,-9999,    9
 18721, 99741,20210823,-9999,    9
 18721, 99741,20210824,-9999,    9
 18721, 99741,20210825,   68,    0
 18721, 99741,20210826,   76,    0
 18721, 99741,20210827,   86,    0
 18721, 99741,20210828,   87,    0
 18721, 99741,20210829,   92,    0
 18721, 99741,20210830,   82,    0
 18721, 99741,20210831,   59,    0
 18721, 99741,20210901,   32,    0
 18721, 99741,20210902,   31,    0
 18721, 99741,20210903,   28,    0
 18721, 99741,20210904,   36,    0
 18721, 99741,20210905,   55,    0
 18721, 99741,20210906,   72,    0
 18721, 99741,20210907,   88,    0
 18721, 99741,20210908,   63,    0
 18721, 99741,20210909,   46,    0
 18721, 99741,20210910,   57,    0
 18721, 99741,20210911,   63,    0
 18721, 99741,20210912,   60,    0
 18721, 99741,20210913,   12,    0
 18721, 99741,20210914,   19,    0
 18721, 99741,20210915,   32,    0
 18721, 99741,20210916,   28,    0
 18721, 99741,20210917,   34,    0
 18721, 99741,20210918,   39,    0
 18721, 99741,20210919,   39,    0
 18721, 99741,20210920,   31,    0
 18721, 99741,20210921,   20,    0
 18721, 99741,20210922,   61,    0
 18721, 99741,20210923,   55,    0
 18721, 99741,20210924,   33,    0
 18721, 99741,20210925,   32,    0
 18721, 99741,20210926,   55,    0
 18721, 99741,20210927,-9999,    9
 18721, 99741,20210928,   68,    0
 18721, 99741,20210929,   67,    0
 18721, 99741,20210930,   54,    0
 18721, 99741,20211001,   52,    0
 18721, 99741,20211002,   85,    0
 18721, 99741,20211003,   64,    0
 18721, 99741,20211004,  102,    0
 18721, 99741,20211005,   80,    0
 18721, 99741,20211006,   55,    0
 18721, 99741,20211007,   33,    0
 18721, 99741,20211008,   45,    0
 18721, 99741,20211009,   82,    0
 18721, 99741,20211010,   80,    0
 18721, 99741,20211011,   36,    0
 18721, 99741,20211012,    6,    0
 18721, 99741,20211013,  -13,    0
 18721, 99741,20211014,  -10,    0
 18721, 99741,20211015,  -15,    0
 18721, 99741,20211016,  -15,    0
 18721, 99741,20211017,   -7,    0
 18721, 99741,20211018,  -26,    0
 18721, 99741,20211019,  -59,    0
 18721, 99741,20211020,  -37,    0
 18721, 99741,20211021,  -46,    0
 18721, 99741,20211022,  -44,    0
 18721, 99741,20211023, -107,    0
 18721, 99741,20211024,  -48,    0
 18721, 99741,20211025,   -6,    0
 18721, 99741,20211026,   16,    0
 18721, 99741,20211027,  -24,    0
 18721, 99741,20211028,    9,    0
 18721, 99741,20211029,   24,    0
 18721, 99741,20211030,   22,    0
 18721, 99741,20211031,   15,    0
 18721, 99741,20211101,-9999,    9
 18721, 99741,20211102,   37,    0
 18721, 99741,20211103,   23,    0
 18721, 99741,20211104,  -23,    0
 18721, 99741,20211105,  -12,    0
 18721, 99741,20211106,  -11,    0
 18721, 99741,20211107,-9999,    9
 18721, 99741,20211108,-9999,    9
 18721, 99741,20211109,  -68,    0
 18721, 99741,20211110,    7,    0
 18721, 99741,20211111,   11,    0
 18721, 99741,20211112,   -9,    0
 18721, 99741,20211113,  -30,    0
 18721, 99741,20211114,  -51,    0
 18721, 99741,20211115,    6,    0
 18721, 99741,20211116,   23,    0
 18721, 99741,20211117,    8,    0
 18721, 99741,20211118,  -14,    0
 18721, 99741,20211119,  -13,    0
 18721, 99741,20211120,  -19,    0
 18721, 99741,20211121,  -71,    0
 18721, 99741,20211122, -143,    0
 18721, 99741,20211123,  -34,    0
 18721, 99741,20211124,  -80,    0
 18721, 99741,20211125, -151,    0
 18721, 99741,20211126, -200,    0
 18721, 99741,20211127, -182,    0
 18721, 99741,20211128, -214,    0
 18721, 99741,20211129, -216,    0
 18721, 99741,20211130,-9999,    9
 18721, 99741,20211201, -198,    0
 18721, 99741,20211202,  -97,    0
 18721, 99741,20211203,  -92,    0
 18721, 99741,20211204, -119,    0
 18721, 99741,20211205, -166,    0
 18721, 99741,20211206, -192,    0
 18721, 99741,20211207, -149,    0
 18721, 99741,20211208,-9999,    9
 18721, 99741,20211209, -118,    0
 18721, 99741,20211210,  -71,    0
 18721, 99741,20211211,  -61,    0
 18721, 99741,20211212,  -68,    0
 18721, 99741,20211213,-9999,    9
 18721, 99741,20211214,-9999,    9
 18721, 99741,20211215,   -6,    0
 18721, 99741,20211216,-9999,    9
 18721, 99741,20211217,    4,    0
 18721, 99741,20211218,   -5,    0
 18721, 99741,20211219,   -9,    0
 18721, 99741,20211220, -174,    0
 18721, 99741,20211221, -149,    0
 18721, 99741,20211222, -167,    0
 18721, 99741,20211223, -101,    0
 18721, 99741,20211224, -107,    0
 18721, 99741,20211225,  -82,    0
 18721, 99741,20211226, -227,    0
 18721, 99741,20211227, -209,    0
 18721, 99741,20211228, -146,    0
 18721, 99741,20211229, -119,    0
 18721, 99741,20211230, -101,    0
 18721, 99741,20211231,  -98,    0
 18721, 99741,20220101, -209,    0
 18721, 99741,20220102,  -95,    0
 18721, 99741,20220103,  -78,    0
 18721, 99741,20220104, -111,    0
 18721, 99741,20220105,  -98,    0
 18721, 99741,20220106, -110,    0
 18721, 99741,20220107, -209,    0
 18721, 99741,20220108, -183,    0
 18721, 99741,20220109, -168,    0
 18721, 99741,20220110, -187,    0
 18721, 99741,20220111, -101,    0
 18721, 99741,20220112,   -6,    0
 18721, 99741,20220113,  -34,    0
 18721, 99741,20220114,  -30,    0
 18721, 99741,20220115,  -34,    0
 18721, 99741,20220116,  -32,    0
 18721, 99741,20220117,  -60,    0
 18721, 99741,20220118,    2,    0
 18721, 99741,20220119,  -22,    0
 18721, 99741,20220120,  -59,    0
 18721, 99741,20220121, -131,    0
 18721, 99741,20220122,  -42,    0
 18721, 99741,20220123,   30,    0
 18721, 99741,20220124,  -35,    0
 18721, 99741,20220125,  -59,    0
 18721, 99741,20220126,  -61,    0
 18721, 99741,20220127,  -80,    0
 18721, 99741,20220128,  -74,    0
 18721, 99741,20220129,  -86,    0
 18721, 99741,20220130,  -79,    0
 18721, 99741,20220131, -154,    0
 18721, 99741,20220201, -138,    0
 18721, 99741,20220202, -125,    0
 18721, 99741,20220203, -144,    0
 18721, 99741,20220204, -137,    0
 18721, 99741,20220205,  -61,    0
 18721, 99741,20220206,  -71,    0
 18721, 99741,20220207,  -93,    0
 18721, 99741,20220208,  -80,    0
 18721, 99741,20220209,  -36,    0
 18721, 99741,20220210,  -36,    0
 18721, 99741,20220211,  -89,    0
 18721, 99741,20220212, -112,    0
 18721, 99741,20220213,  -82,    0
 18721, 99741,20220214, -105,    0
 18721, 99741,20220215, -149,    0
 18721, 99741,20220216,  -95,    0
 18721, 99741,20220217, -105,    0
 18721, 99741,20220218, -163,    0
 18721, 99741,20220219,  -98,    0
 18721, 99741,20220220, -100,    0
 18721, 99741,20220221, -109,    0
 18721, 99741,20220222, -170,    0
 18721, 99741,20220223, -115,    0
 18721, 99741,20220224,  -30,    0
 18721, 99741,20220225,  -55,    0
 18721, 99741,20220226,  -69,    0
 18721, 99741,20220227,-9999,    9
 18721, 99741,20220228,   -4,    0
 18721, 99741,20220301,   -4,    0
 18721, 99741,20220302,   -9,    0
 18721, 99741,20220303,-9999,    9
 18721, 99741,20220304,  -71,    0
 18721, 99741,20220305,  -25,    0
 18721, 99741,20220306,  -21,    0
 18721, 99741,20220307,  -37,    0
 18721, 99741,20220308,  -26,    0
 18721, 99741,20220309,  -63,    0
 18721, 99741,20220310,  -38,    0
 18721, 99741,20220311,    2,    0
 18721, 99741,20220312,  -10,    0
 18721, 99741,20220313,  -33,    0
 18721, 99741,20220314,  -25,    0
 18721, 99741,20220315,  -36,    0
 18721, 99741,20220316,  -53,    0
 18721, 99741,20220317,   -6,    0
 18721, 99741,20220318,   -2,    0
 18721, 99741,20220319,   36,    0
 18721, 99741,20220320,   36,    0
 18721, 99741,20220321,   11,    0
 18721, 99741,20220322,  -11,    0
 18721, 99741,20220323,   22,    0
 18721, 99741,20220324,   -6,    0
 18721, 99741,20220325,  -18,    0
 18721, 99741,20220326,  -59,    0
 18721, 99741,20220327,  -67,    0
 18721, 99741,20220328, -130,    0
 18721, 99741,20220329, -114,    0
 18721, 99741,20220330,  -62,    0
 18721, 99741,20220331, -134,    0
 18721, 99741,20220401, -141,    0
 18721, 99741,20220402,  -55,    0
 18721, 99741,20220403,  -64,    0
 18721, 99741,20220404,  -95,    0
 18721, 99741,20220405, -152,    0
 18721, 99741,20220406,  -68,    0
 18721, 99741,20220407,  -59,    0
 18721, 99741,20220408,  -53,    0
 18721, 99741,20220409,  -14,    0
 18721, 99741,20220410,  -28,    0
 18721, 99741,20220411,  -64,    0
 18721, 99741,20220412,  -38,    0
 18721, 99741,20220413,  -40,    0
 18721, 99741,20220414,  -64,    0
 18721, 99741,20220415,  -85,    0
 18721, 99741,20220416,   15,    0
 18721, 99741,20220417,   30,    0
 18721, 99741,20220418,   32,    0
 18721, 99741,20220419,   34,    0
 18721, 99741,20220420,   13,    0
 18721, 99741,20220421,   -2,    0
 18721, 99741,20220422,    6,    0
 18721, 99741,20220423,  -10,    0
 18721, 99741,20220424,    8,    0
 18721, 99741,20220425,   -9,    0
 18721, 99741,20220426,  -61,    0
 18721, 99741,20220427,  -57,    0
 18721, 99741,20220428,  -51,    0
 18721, 99741,20220429,  -29,    0
 18721, 99741,20220430,  -23,    0
 18721, 99741,20220501,-9999,    9
 18721, 99741,20220502,-9999,    9
 18721, 99741,20220503,-9999,    9
 18721, 99741,20220504,-9999,    9
 18721, 99741,20220505,-9999,    9
 18721, 99741,20220506,-9999,    9
 18721, 99741,20220507,-9999,    9
 18721, 99741,20220508,-9999,    9
 18721, 99741,20220509,-9999,    9
 18721, 99741,20220510,-9999,    9
 18721, 99741,20220511,-9999,    9
 18721, 99741,20220512,-9999,    9
 18721, 99741,20220513,-9999,    9
 18721, 99741,20220514,-9999,    9
 18721, 99741,20220515,   15,    0
 18721, 99741,20220516,  -12,    0
 18721, 99741,20220517,   -3,    0
 18721, 99741,20220518,   31,    0
 18721, 99741,20220519,-9999,    9
 18721, 99741,20220520,-9999,    9
 18721, 99741,20220521,   57,    0
 18721, 99741,20220522,   50,    0
 18721, 99741,20220523,   68,    0
 18721, 99741,20220524,   80,    0
 18721, 99741,20220525,   63,    0
 18721, 99741,20220526,   52,    0
 18721, 99741,20220527,   55,    0
 18721, 99741,20220528,   36,    0
 18721, 99741,20220529,   53,    0
 18721, 99741,20220530,   63,    0
 18721, 99741,20220531,   77,    0
 18721, 99741,20220601,   73,    0
 18721, 99741,20220602,   83,    0
 18721, 99741,20220603,   79,    0
 18721, 99741,20220604,   56,    0
 18721, 99741,20220605,   30,    0
 18721, 99741,20220606,   53,    0
 18721, 99741,20220607,   33,    0
 18721, 99741,20220608,   40,    0
 18721, 99741,20220609,   51,    0
 18721, 99741,20220610,   87,    0
 18721, 99741,20220611,   94,    0
 18721, 99741,20220612,  101,    0
 18721, 99741,20220613,   89,    0
 18721, 99741,20220614,   69,    0
 18721, 99741,20220615,   75,    0
 18721, 99741,20220616,   94,    0
 18721, 99741,20220617,   98,    0
 18721, 99741,20220618,   77,    0
 18721, 99741,20220619,   71,    0
 18721, 99741,20220620,   84,    0
 18721, 99741,20220621,   65,    0
 18721, 99741,20220622,   69,    0
 18721, 99741,20220623,   83,    0
 18721, 99741,20220624,  109,    0
 18721, 99741,20220625,  176,    0
 18721, 99741,20220626,  187,    0
 18721, 99741,20220627,  201,    0
 18721, 99741,20220628,  209,    0
 18721, 99741,20220629,  147,    0
 18721, 99741,20220630,  159,    0
 18721, 99741,20220701,  196,    0
 18721, 99741,20220702,  183,    0
 18721, 99741,20220703,  138,    0
 18721, 99741,20220704,  143,    0
 18721, 99741,20220705,  110,    0
 18721, 99741,20220706,   75,    0
 18721, 99741,20220707,   70,    0
 18721, 99741,20220708,   83,    0
 18721, 99741,20220709,  100,    0
 18721, 99741,20220710,  101,    0
 18721, 99741,20220711,  121,    0
 18721, 99741,20220712,  161,    0
 18721, 99741,20220713,  113,    0
 18721, 99741,20220714,   74,    0
 18721, 99741,20220715,   71,    0
 18721, 99741,20220716,   67,    0
 18721, 99741,20220717,   73,    0
 18721, 99741,20220718,   84,    0
 18721, 99741,20220719,   93,    0
 18721, 99741,20220720,  110,    0
 18721, 99741,20220721,  120,    0
 18721, 99741,20220722,   94,    0
 18721, 99741,20220723,   87,    0
 18721, 99741,20220724,  112,    0
 18721, 99741,20220725,  111,    0
 18721, 99741,20220726,  130,    0
 18721, 99741,20220727,   72,    0
 18721, 99741,20220728,   72,    0
 18721, 99741,20220729,  103,    0
 18721, 99741,20220730,  135,    0
 18721, 99741,20220731,  143,    0
 18721, 99741,20220801,  124,    0
 18721, 99741,20220802,   71,    0
 18721, 99741,20220803,   91,    0
 18721, 99741,20220804,  126,    0
 18721, 99741,20220805,   89,    0
 18721, 99741,20220806,   84,    0
 18721, 99741,20220807,   64,    0
 18721, 99741,20220808,   97,    0
 18721, 99741,20220809,-9999,    9
 18721, 99741,20220810,  120,    0
 18721, 99741,20220811,   97,    0
 18721, 99741,20220812,   72,    0
 18721, 99741,20220813,   89,    0
 18721, 99741,20220814,  116,    0
 18721, 99741,20220815,-9999,    9
 18721, 99741,20220816,  162,    0
 18721, 99741,20220817,-9999,    9
 18721, 99741,20220818,   97,    0
 18721, 99741,20220819,  125,    0
 18721, 99741,20220820,  141,    0
 18721, 99741,20220821,  141,    0
 18721, 99741,20220822,   97,    0
 18721, 99741,20220823,   76,    0
 18721, 99741,20220824,  111,    0
 18721, 99741,20220825,  140,    0
 18721, 99741,20220826,  150,    0
 18721, 99741,20220827,  102,    0
 18721, 99741,20220828,   74,    0
 18721, 99741,20220829,   67,    0
 18721, 99741,20220830,   63,    0
 18721, 99741,20220831,   51,    0
 18721, 99741,20220901,   57,    0
 18721, 99741,20220902,   48,    0
 18721, 99741,20220903,   33,    0
 18721, 99741,20220904,   44,    0
 18721, 99741,20220905,   55,    0
 18721, 99741,20220906,   55,    0
 18721, 99741,20220907,   65,    0
 18721, 99741,20220908,   68,    0
 18721, 99741,20220909,   65,    0
 18721, 99741,20220910,   43,    0
 18721, 99741,20220911,   54,    0
 18721, 99741,20220912,   73,    0
 18721, 99741,20220913,   77,    0
 18721, 99741,20220914,   77,    0
 18721, 99741,20220915,   72,    0
 18721, 99741,20220916,   66,    0
 18721, 99741,20220917,   61,    0
 18721, 99741,20220918,   32,    0
 18721, 99741,20220919,   53,    0
 18721, 99741,20220920,   38,    0
 18721, 99741,20220921,   49,    0
 18721, 99741,20220922,   84,    0
 18721, 99741,20220923,   61,    0
 18721, 99741,20220924,   59,    0
 18721, 99741,20220925,   64,    0
 18721, 99741,20220926,   54,    0
 18721, 99741,20220927,   53,    0
 18721, 99741,20220928,   56,    0
 18721, 99741,20220929,   48,    0
 18721, 99741,20220930,   23,    0
 18721, 99741,20221001,   32,    0
 18721, 99741,20221002,   59,    0
 18721, 99741,20221003,   54,    0
 18721, 99741,20221004,   43,    0
 18721, 99741,20221005,   39,    0
 18721, 99741,20221006,   49,    0
 18721, 99741,20221007,   46,    0
 18721, 99741,20221008,   32,    0
 18721, 99741,20221009,   18,    0
 18721, 99741,20221010,   45,    0
 18721, 99741,20221011,   33,    0
 18721, 99741,20221012,    8,    0
 18721, 99741,20221013,   38,    0
 18721, 99741,20221014,    1,    0
 18721, 99741,20221015,   32,    0
 18721, 99741,20221016,   -5,    0
 18721, 99741,20221017,   13,    0
 18721, 99741,20221018,   -4,    0
 18721, 99741,20221019,   27,    0
 18721, 99741,20221020,   23,    0
 18721, 99741,20221021,   -9,    0
 18721, 99741,20221022,  -11,    0
 18721, 99741,20221023,  -26,    0
 18721, 99741,20221024,  -60,    0
 18721, 99741,20221025,  -10,    0
 18721, 99741,20221026,   12,    0
 18721, 99741,20221027,    0,    0
 18721, 99741,20221028,   39,    0
 18721, 99741,20221029,    3,    0
 18721, 99741,20221030,    4,    0
 18721, 99741,20221031,   -4,    0
