EUROPEAN CLIMATE ASSESSMENT & DATASET (ECA&D), file created on: 16-11-2022
THESE DATA CAN BE USED FOR NON-COMMERCIAL RESEARCH AND EDUCATION PROVIDED THAT THE FOLLOWING SOURCE IS ACKNOWLEDGED: 

Klein Tank, A.M.G. and Coauthors, 2002. Daily dataset of 20th-century surface
air temperature and precipitation series for the European Climate Assessment.
Int. J. of Climatol., 22, 1441-1453.
Data and metadata available at http://www.ecad.eu

FILE FORMAT (MISSING VALUE CODE = -9999):

01-06 STAID: Station identifier
08-13 SOUID: Source identifier
15-22 DATE : Date YYYYMMDD
24-28 TG   : Mean temperature in 0.1 &#176;C
30-34 Q_TG : quality code for TG (0='valid'; 1='suspect'; 9='missing')

This is the blended series of station E16 OEYERMOEN, NORWAY (STAID: 18617)
Blended and updated with sources:99572 
See files sources.txt and stations.txt for more info.

STAID, SOUID,    DATE,   TG, Q_TG
 18617, 99572,20150901,-9999,    9
 18617, 99572,20150902,-9999,    9
 18617, 99572,20150903,-9999,    9
 18617, 99572,20150904,-9999,    9
 18617, 99572,20150905,-9999,    9
 18617, 99572,20150906,-9999,    9
 18617, 99572,20150907,-9999,    9
 18617, 99572,20150908,-9999,    9
 18617, 99572,20150909,-9999,    9
 18617, 99572,20150910,-9999,    9
 18617, 99572,20150911,-9999,    9
 18617, 99572,20150912,-9999,    9
 18617, 99572,20150913,-9999,    9
 18617, 99572,20150914,-9999,    9
 18617, 99572,20150915,-9999,    9
 18617, 99572,20150916,-9999,    9
 18617, 99572,20150917,-9999,    9
 18617, 99572,20150918,-9999,    9
 18617, 99572,20150919,-9999,    9
 18617, 99572,20150920,-9999,    9
 18617, 99572,20150921,-9999,    9
 18617, 99572,20150922,-9999,    9
 18617, 99572,20150923,  108,    0
 18617, 99572,20150924,  109,    0
 18617, 99572,20150925,   88,    0
 18617, 99572,20150926,   50,    0
 18617, 99572,20150927,   62,    0
 18617, 99572,20150928,   57,    0
 18617, 99572,20150929,-9999,    9
 18617, 99572,20150930,-9999,    9
 18617, 99572,20151001,-9999,    9
 18617, 99572,20151002,-9999,    9
 18617, 99572,20151003,   54,    0
 18617, 99572,20151004,   70,    0
 18617, 99572,20151005,   42,    0
 18617, 99572,20151006,   54,    0
 18617, 99572,20151007,   47,    0
 18617, 99572,20151008,-9999,    9
 18617, 99572,20151009,   45,    0
 18617, 99572,20151010,   48,    0
 18617, 99572,20151011,   54,    0
 18617, 99572,20151012,   50,    0
 18617, 99572,20151013,   23,    0
 18617, 99572,20151014,   -7,    0
 18617, 99572,20151015,-9999,    9
 18617, 99572,20151016,-9999,    9
 18617, 99572,20151017,-9999,    9
 18617, 99572,20151018,-9999,    9
 18617, 99572,20151019,-9999,    9
 18617, 99572,20151020,-9999,    9
 18617, 99572,20151021,   58,    0
 18617, 99572,20151022,   79,    0
 18617, 99572,20151023,-9999,    9
 18617, 99572,20151024,-9999,    9
 18617, 99572,20151025,-9999,    9
 18617, 99572,20151026,    8,    0
 18617, 99572,20151027,    8,    0
 18617, 99572,20151028,-9999,    9
 18617, 99572,20151029,-9999,    9
 18617, 99572,20151030,-9999,    9
 18617, 99572,20151031,-9999,    9
 18617, 99572,20151101,-9999,    9
 18617, 99572,20151102,-9999,    9
 18617, 99572,20151103,   48,    0
 18617, 99572,20151104,   43,    0
 18617, 99572,20151105,-9999,    9
 18617, 99572,20151106,-9999,    9
 18617, 99572,20151107,   76,    0
 18617, 99572,20151108,   38,    0
 18617, 99572,20151109,   51,    0
 18617, 99572,20151110,    6,    0
 18617, 99572,20151111,-9999,    9
 18617, 99572,20151112,   10,    0
 18617, 99572,20151113,-9999,    9
 18617, 99572,20151114,-9999,    9
 18617, 99572,20151115,-9999,    9
 18617, 99572,20151116,-9999,    9
 18617, 99572,20151117,-9999,    9
 18617, 99572,20151118,   10,    0
 18617, 99572,20151119,  -21,    0
 18617, 99572,20151120,  -72,    0
 18617, 99572,20151121,-9999,    9
 18617, 99572,20151122, -105,    0
 18617, 99572,20151123,-9999,    9
 18617, 99572,20151124,-9999,    9
 18617, 99572,20151125,-9999,    9
 18617, 99572,20151126,-9999,    9
 18617, 99572,20151127,-9999,    9
 18617, 99572,20151128,-9999,    9
 18617, 99572,20151129,    7,    0
 18617, 99572,20151130,  -42,    0
 18617, 99572,20151201,  -52,    0
 18617, 99572,20151202,  -21,    0
 18617, 99572,20151203,-9999,    9
 18617, 99572,20151204,-9999,    9
 18617, 99572,20151205,   67,    0
 18617, 99572,20151206,-9999,    9
 18617, 99572,20151207,-9999,    9
 18617, 99572,20151208,-9999,    9
 18617, 99572,20151209,-9999,    9
 18617, 99572,20151210,-9999,    9
 18617, 99572,20151211,-9999,    9
 18617, 99572,20151212,-9999,    9
 18617, 99572,20151213,-9999,    9
 18617, 99572,20151214,-9999,    9
 18617, 99572,20151215,-9999,    9
 18617, 99572,20151216,-9999,    9
 18617, 99572,20151217,-9999,    9
 18617, 99572,20151218,-9999,    9
 18617, 99572,20151219,-9999,    9
 18617, 99572,20151220,-9999,    9
 18617, 99572,20151221,-9999,    9
 18617, 99572,20151222,-9999,    9
 18617, 99572,20151223,   12,    0
 18617, 99572,20151224,   36,    0
 18617, 99572,20151225,   19,    0
 18617, 99572,20151226,  -63,    0
 18617, 99572,20151227,  -71,    0
 18617, 99572,20151228,  -40,    0
 18617, 99572,20151229,  -49,    0
 18617, 99572,20151230,  -12,    0
 18617, 99572,20151231,  -30,    0
 18617, 99572,20160101,-9999,    9
 18617, 99572,20160102,-9999,    9
 18617, 99572,20160103,-9999,    9
 18617, 99572,20160104,-9999,    9
 18617, 99572,20160105,-9999,    9
 18617, 99572,20160106,-9999,    9
 18617, 99572,20160107,-9999,    9
 18617, 99572,20160108,-9999,    9
 18617, 99572,20160109,-9999,    9
 18617, 99572,20160110,-9999,    9
 18617, 99572,20160111,-9999,    9
 18617, 99572,20160112,-9999,    9
 18617, 99572,20160113,-9999,    9
 18617, 99572,20160114,-9999,    9
 18617, 99572,20160115,-9999,    9
 18617, 99572,20160116,-9999,    9
 18617, 99572,20160117,-9999,    9
 18617, 99572,20160118,-9999,    9
 18617, 99572,20160119,-9999,    9
 18617, 99572,20160120,-9999,    9
 18617, 99572,20160121,-9999,    9
 18617, 99572,20160122,-9999,    9
 18617, 99572,20160123,-9999,    9
 18617, 99572,20160124,-9999,    9
 18617, 99572,20160125,-9999,    9
 18617, 99572,20160126,-9999,    9
 18617, 99572,20160127,-9999,    9
 18617, 99572,20160128,-9999,    9
 18617, 99572,20160129,-9999,    9
 18617, 99572,20160130,-9999,    9
 18617, 99572,20160131,-9999,    9
 18617, 99572,20160201,-9999,    9
 18617, 99572,20160202,-9999,    9
 18617, 99572,20160203,-9999,    9
 18617, 99572,20160204,-9999,    9
 18617, 99572,20160205,-9999,    9
 18617, 99572,20160206,-9999,    9
 18617, 99572,20160207,-9999,    9
 18617, 99572,20160208,-9999,    9
 18617, 99572,20160209,-9999,    9
 18617, 99572,20160210,-9999,    9
 18617, 99572,20160211,-9999,    9
 18617, 99572,20160212,-9999,    9
 18617, 99572,20160213,-9999,    9
 18617, 99572,20160214,-9999,    9
 18617, 99572,20160215,-9999,    9
 18617, 99572,20160216,-9999,    9
 18617, 99572,20160217,-9999,    9
 18617, 99572,20160218,-9999,    9
 18617, 99572,20160219,-9999,    9
 18617, 99572,20160220,-9999,    9
 18617, 99572,20160221,-9999,    9
 18617, 99572,20160222,-9999,    9
 18617, 99572,20160223,-9999,    9
 18617, 99572,20160224,-9999,    9
 18617, 99572,20160225,-9999,    9
 18617, 99572,20160226,-9999,    9
 18617, 99572,20160227,-9999,    9
 18617, 99572,20160228,-9999,    9
 18617, 99572,20160229,-9999,    9
 18617, 99572,20160301,-9999,    9
 18617, 99572,20160302,-9999,    9
 18617, 99572,20160303,-9999,    9
 18617, 99572,20160304,-9999,    9
 18617, 99572,20160305,-9999,    9
 18617, 99572,20160306,-9999,    9
 18617, 99572,20160307,-9999,    9
 18617, 99572,20160308,-9999,    9
 18617, 99572,20160309,-9999,    9
 18617, 99572,20160310,-9999,    9
 18617, 99572,20160311,-9999,    9
 18617, 99572,20160312,-9999,    9
 18617, 99572,20160313,-9999,    9
 18617, 99572,20160314,-9999,    9
 18617, 99572,20160315,-9999,    9
 18617, 99572,20160316,-9999,    9
 18617, 99572,20160317,-9999,    9
 18617, 99572,20160318,-9999,    9
 18617, 99572,20160319,-9999,    9
 18617, 99572,20160320,-9999,    9
 18617, 99572,20160321,-9999,    9
 18617, 99572,20160322,-9999,    9
 18617, 99572,20160323,-9999,    9
 18617, 99572,20160324,-9999,    9
 18617, 99572,20160325,-9999,    9
 18617, 99572,20160326,-9999,    9
 18617, 99572,20160327,-9999,    9
 18617, 99572,20160328,-9999,    9
 18617, 99572,20160329,-9999,    9
 18617, 99572,20160330,-9999,    9
 18617, 99572,20160331,-9999,    9
 18617, 99572,20160401,-9999,    9
 18617, 99572,20160402,-9999,    9
 18617, 99572,20160403,-9999,    9
 18617, 99572,20160404,-9999,    9
 18617, 99572,20160405,-9999,    9
 18617, 99572,20160406,-9999,    9
 18617, 99572,20160407,-9999,    9
 18617, 99572,20160408,-9999,    9
 18617, 99572,20160409,-9999,    9
 18617, 99572,20160410,-9999,    9
 18617, 99572,20160411,-9999,    9
 18617, 99572,20160412,-9999,    9
 18617, 99572,20160413,-9999,    9
 18617, 99572,20160414,-9999,    9
 18617, 99572,20160415,-9999,    9
 18617, 99572,20160416,-9999,    9
 18617, 99572,20160417,-9999,    9
 18617, 99572,20160418,-9999,    9
 18617, 99572,20160419,-9999,    9
 18617, 99572,20160420,-9999,    9
 18617, 99572,20160421,-9999,    9
 18617, 99572,20160422,-9999,    9
 18617, 99572,20160423,-9999,    9
 18617, 99572,20160424,-9999,    9
 18617, 99572,20160425,-9999,    9
 18617, 99572,20160426,-9999,    9
 18617, 99572,20160427,-9999,    9
 18617, 99572,20160428,-9999,    9
 18617, 99572,20160429,-9999,    9
 18617, 99572,20160430,-9999,    9
 18617, 99572,20160501,-9999,    9
 18617, 99572,20160502,-9999,    9
 18617, 99572,20160503,-9999,    9
 18617, 99572,20160504,-9999,    9
 18617, 99572,20160505,-9999,    9
 18617, 99572,20160506,-9999,    9
 18617, 99572,20160507,-9999,    9
 18617, 99572,20160508,-9999,    9
 18617, 99572,20160509,-9999,    9
 18617, 99572,20160510,-9999,    9
 18617, 99572,20160511,-9999,    9
 18617, 99572,20160512,-9999,    9
 18617, 99572,20160513,-9999,    9
 18617, 99572,20160514,-9999,    9
 18617, 99572,20160515,-9999,    9
 18617, 99572,20160516,-9999,    9
 18617, 99572,20160517,-9999,    9
 18617, 99572,20160518,-9999,    9
 18617, 99572,20160519,-9999,    9
 18617, 99572,20160520,-9999,    9
 18617, 99572,20160521,-9999,    9
 18617, 99572,20160522,-9999,    9
 18617, 99572,20160523,-9999,    9
 18617, 99572,20160524,-9999,    9
 18617, 99572,20160525,-9999,    9
 18617, 99572,20160526,-9999,    9
 18617, 99572,20160527,-9999,    9
 18617, 99572,20160528,-9999,    9
 18617, 99572,20160529,-9999,    9
 18617, 99572,20160530,-9999,    9
 18617, 99572,20160531,-9999,    9
 18617, 99572,20160601,-9999,    9
 18617, 99572,20160602,-9999,    9
 18617, 99572,20160603,-9999,    9
 18617, 99572,20160604,-9999,    9
 18617, 99572,20160605,-9999,    9
 18617, 99572,20160606,-9999,    9
 18617, 99572,20160607,-9999,    9
 18617, 99572,20160608,-9999,    9
 18617, 99572,20160609,-9999,    9
 18617, 99572,20160610,-9999,    9
 18617, 99572,20160611,-9999,    9
 18617, 99572,20160612,-9999,    9
 18617, 99572,20160613,-9999,    9
 18617, 99572,20160614,-9999,    9
 18617, 99572,20160615,-9999,    9
 18617, 99572,20160616,-9999,    9
 18617, 99572,20160617,-9999,    9
 18617, 99572,20160618,-9999,    9
 18617, 99572,20160619,-9999,    9
 18617, 99572,20160620,-9999,    9
 18617, 99572,20160621,-9999,    9
 18617, 99572,20160622,-9999,    9
 18617, 99572,20160623,-9999,    9
 18617, 99572,20160624,-9999,    9
 18617, 99572,20160625,-9999,    9
 18617, 99572,20160626,-9999,    9
 18617, 99572,20160627,-9999,    9
 18617, 99572,20160628,-9999,    9
 18617, 99572,20160629,-9999,    9
 18617, 99572,20160630,-9999,    9
 18617, 99572,20160701,-9999,    9
 18617, 99572,20160702,-9999,    9
 18617, 99572,20160703,-9999,    9
 18617, 99572,20160704,-9999,    9
 18617, 99572,20160705,-9999,    9
 18617, 99572,20160706,-9999,    9
 18617, 99572,20160707,-9999,    9
 18617, 99572,20160708,-9999,    9
 18617, 99572,20160709,-9999,    9
 18617, 99572,20160710,-9999,    9
 18617, 99572,20160711,-9999,    9
 18617, 99572,20160712,-9999,    9
 18617, 99572,20160713,-9999,    9
 18617, 99572,20160714,-9999,    9
 18617, 99572,20160715,-9999,    9
 18617, 99572,20160716,-9999,    9
 18617, 99572,20160717,-9999,    9
 18617, 99572,20160718,-9999,    9
 18617, 99572,20160719,-9999,    9
 18617, 99572,20160720,-9999,    9
 18617, 99572,20160721,-9999,    9
 18617, 99572,20160722,-9999,    9
 18617, 99572,20160723,-9999,    9
 18617, 99572,20160724,-9999,    9
 18617, 99572,20160725,-9999,    9
 18617, 99572,20160726,-9999,    9
 18617, 99572,20160727,-9999,    9
 18617, 99572,20160728,-9999,    9
 18617, 99572,20160729,-9999,    9
 18617, 99572,20160730,-9999,    9
 18617, 99572,20160731,-9999,    9
 18617, 99572,20160801,-9999,    9
 18617, 99572,20160802,-9999,    9
 18617, 99572,20160803,-9999,    9
 18617, 99572,20160804,-9999,    9
 18617, 99572,20160805,-9999,    9
 18617, 99572,20160806,-9999,    9
 18617, 99572,20160807,-9999,    9
 18617, 99572,20160808,-9999,    9
 18617, 99572,20160809,-9999,    9
 18617, 99572,20160810,-9999,    9
 18617, 99572,20160811,-9999,    9
 18617, 99572,20160812,-9999,    9
 18617, 99572,20160813,-9999,    9
 18617, 99572,20160814,-9999,    9
 18617, 99572,20160815,-9999,    9
 18617, 99572,20160816,-9999,    9
 18617, 99572,20160817,-9999,    9
 18617, 99572,20160818,-9999,    9
 18617, 99572,20160819,-9999,    9
 18617, 99572,20160820,-9999,    9
 18617, 99572,20160821,-9999,    9
 18617, 99572,20160822,-9999,    9
 18617, 99572,20160823,-9999,    9
 18617, 99572,20160824,-9999,    9
 18617, 99572,20160825,-9999,    9
 18617, 99572,20160826,-9999,    9
 18617, 99572,20160827,-9999,    9
 18617, 99572,20160828,-9999,    9
 18617, 99572,20160829,-9999,    9
 18617, 99572,20160830,-9999,    9
 18617, 99572,20160831,-9999,    9
 18617, 99572,20160901,-9999,    9
 18617, 99572,20160902,-9999,    9
 18617, 99572,20160903,-9999,    9
 18617, 99572,20160904,-9999,    9
 18617, 99572,20160905,-9999,    9
 18617, 99572,20160906,-9999,    9
 18617, 99572,20160907,-9999,    9
 18617, 99572,20160908,-9999,    9
 18617, 99572,20160909,-9999,    9
 18617, 99572,20160910,-9999,    9
 18617, 99572,20160911,-9999,    9
 18617, 99572,20160912,-9999,    9
 18617, 99572,20160913,-9999,    9
 18617, 99572,20160914,-9999,    9
 18617, 99572,20160915,-9999,    9
 18617, 99572,20160916,-9999,    9
 18617, 99572,20160917,-9999,    9
 18617, 99572,20160918,-9999,    9
 18617, 99572,20160919,-9999,    9
 18617, 99572,20160920,-9999,    9
 18617, 99572,20160921,-9999,    9
 18617, 99572,20160922,-9999,    9
 18617, 99572,20160923,-9999,    9
 18617, 99572,20160924,-9999,    9
 18617, 99572,20160925,-9999,    9
 18617, 99572,20160926,-9999,    9
 18617, 99572,20160927,-9999,    9
 18617, 99572,20160928,-9999,    9
 18617, 99572,20160929,-9999,    9
 18617, 99572,20160930,-9999,    9
 18617, 99572,20161001,-9999,    9
 18617, 99572,20161002,-9999,    9
 18617, 99572,20161003,-9999,    9
 18617, 99572,20161004,-9999,    9
 18617, 99572,20161005,-9999,    9
 18617, 99572,20161006,-9999,    9
 18617, 99572,20161007,-9999,    9
 18617, 99572,20161008,-9999,    9
 18617, 99572,20161009,-9999,    9
 18617, 99572,20161010,-9999,    9
 18617, 99572,20161011,-9999,    9
 18617, 99572,20161012,-9999,    9
 18617, 99572,20161013,-9999,    9
 18617, 99572,20161014,-9999,    9
 18617, 99572,20161015,-9999,    9
 18617, 99572,20161016,-9999,    9
 18617, 99572,20161017,-9999,    9
 18617, 99572,20161018,-9999,    9
 18617, 99572,20161019,-9999,    9
 18617, 99572,20161020,-9999,    9
 18617, 99572,20161021,-9999,    9
 18617, 99572,20161022,-9999,    9
 18617, 99572,20161023,-9999,    9
 18617, 99572,20161024,-9999,    9
 18617, 99572,20161025,-9999,    9
 18617, 99572,20161026,-9999,    9
 18617, 99572,20161027,-9999,    9
 18617, 99572,20161028,-9999,    9
 18617, 99572,20161029,-9999,    9
 18617, 99572,20161030,-9999,    9
 18617, 99572,20161031,-9999,    9
 18617, 99572,20161101,-9999,    9
 18617, 99572,20161102,-9999,    9
 18617, 99572,20161103,-9999,    9
 18617, 99572,20161104,-9999,    9
 18617, 99572,20161105,-9999,    9
 18617, 99572,20161106,-9999,    9
 18617, 99572,20161107,-9999,    9
 18617, 99572,20161108,-9999,    9
 18617, 99572,20161109,-9999,    9
 18617, 99572,20161110,-9999,    9
 18617, 99572,20161111,-9999,    9
 18617, 99572,20161112,-9999,    9
 18617, 99572,20161113,-9999,    9
 18617, 99572,20161114,-9999,    9
 18617, 99572,20161115,-9999,    9
 18617, 99572,20161116,-9999,    9
 18617, 99572,20161117,-9999,    9
 18617, 99572,20161118,-9999,    9
 18617, 99572,20161119,-9999,    9
 18617, 99572,20161120,-9999,    9
 18617, 99572,20161121,-9999,    9
 18617, 99572,20161122,-9999,    9
 18617, 99572,20161123,-9999,    9
 18617, 99572,20161124,-9999,    9
 18617, 99572,20161125,-9999,    9
 18617, 99572,20161126,-9999,    9
 18617, 99572,20161127,-9999,    9
 18617, 99572,20161128,-9999,    9
 18617, 99572,20161129,-9999,    9
 18617, 99572,20161130,-9999,    9
 18617, 99572,20161201,-9999,    9
 18617, 99572,20161202,-9999,    9
 18617, 99572,20161203,-9999,    9
 18617, 99572,20161204,-9999,    9
 18617, 99572,20161205,-9999,    9
 18617, 99572,20161206,-9999,    9
 18617, 99572,20161207,-9999,    9
 18617, 99572,20161208,-9999,    9
 18617, 99572,20161209,-9999,    9
 18617, 99572,20161210,-9999,    9
 18617, 99572,20161211,-9999,    9
 18617, 99572,20161212,-9999,    9
 18617, 99572,20161213,-9999,    9
 18617, 99572,20161214,-9999,    9
 18617, 99572,20161215,-9999,    9
 18617, 99572,20161216,-9999,    9
 18617, 99572,20161217,-9999,    9
 18617, 99572,20161218,-9999,    9
 18617, 99572,20161219,-9999,    9
 18617, 99572,20161220,-9999,    9
 18617, 99572,20161221,-9999,    9
 18617, 99572,20161222,-9999,    9
 18617, 99572,20161223,-9999,    9
 18617, 99572,20161224,-9999,    9
 18617, 99572,20161225,-9999,    9
 18617, 99572,20161226,-9999,    9
 18617, 99572,20161227,-9999,    9
 18617, 99572,20161228,-9999,    9
 18617, 99572,20161229,-9999,    9
 18617, 99572,20161230,-9999,    9
 18617, 99572,20161231,-9999,    9
 18617, 99572,20170101,  -21,    0
 18617, 99572,20170102,  -54,    0
 18617, 99572,20170103,  -64,    0
 18617, 99572,20170104,  -69,    0
 18617, 99572,20170105, -194,    0
 18617, 99572,20170106, -112,    0
 18617, 99572,20170107,  -51,    0
 18617, 99572,20170108,  -82,    0
 18617, 99572,20170109,  -29,    0
 18617, 99572,20170110,    1,    0
 18617, 99572,20170111,    2,    0
 18617, 99572,20170112,  -42,    0
 18617, 99572,20170113, -103,    0
 18617, 99572,20170114, -126,    0
 18617, 99572,20170115, -150,    0
 18617, 99572,20170116, -130,    0
 18617, 99572,20170117,  -67,    0
 18617, 99572,20170118,  -27,    0
 18617, 99572,20170119,  -40,    0
 18617, 99572,20170120,  -31,    0
 18617, 99572,20170121,-9999,    9
 18617, 99572,20170122,-9999,    9
 18617, 99572,20170123,-9999,    9
 18617, 99572,20170124,  -95,    0
 18617, 99572,20170125,   -7,    0
 18617, 99572,20170126,   11,    0
 18617, 99572,20170127,-9999,    9
 18617, 99572,20170128,-9999,    9
 18617, 99572,20170129,-9999,    9
 18617, 99572,20170130,-9999,    9
 18617, 99572,20170131,-9999,    9
 18617, 99572,20170201,-9999,    9
 18617, 99572,20170202,  -22,    0
 18617, 99572,20170203,  -15,    0
 18617, 99572,20170204,  -20,    0
 18617, 99572,20170205,  -14,    0
 18617, 99572,20170206,  -31,    0
 18617, 99572,20170207,  -83,    0
 18617, 99572,20170208,  -92,    0
 18617, 99572,20170209,  -67,    0
 18617, 99572,20170210,  -64,    0
 18617, 99572,20170211,  -54,    0
 18617, 99572,20170212,  -57,    0
 18617, 99572,20170213,  -53,    0
 18617, 99572,20170214,  -65,    0
 18617, 99572,20170215,  -74,    0
 18617, 99572,20170216,  -40,    0
 18617, 99572,20170217,  -50,    0
 18617, 99572,20170218,  -45,    0
 18617, 99572,20170219,   10,    0
 18617, 99572,20170220,   11,    0
 18617, 99572,20170221,  -10,    0
 18617, 99572,20170222,   -3,    0
 18617, 99572,20170223,  -51,    0
 18617, 99572,20170224,  -80,    0
 18617, 99572,20170225,  -59,    0
 18617, 99572,20170226,  -11,    0
 18617, 99572,20170227,    5,    0
 18617, 99572,20170228,   14,    0
 18617, 99572,20170301,    1,    0
 18617, 99572,20170302,   -8,    0
 18617, 99572,20170303,  -13,    0
 18617, 99572,20170304,  -23,    0
 18617, 99572,20170305,  -38,    0
 18617, 99572,20170306,  -48,    0
 18617, 99572,20170307,  -48,    0
 18617, 99572,20170308,  -43,    0
 18617, 99572,20170309,    0,    0
 18617, 99572,20170310,   -2,    0
 18617, 99572,20170311,  -14,    0
 18617, 99572,20170312,   12,    0
 18617, 99572,20170313,    7,    0
 18617, 99572,20170314,   22,    0
 18617, 99572,20170315,   36,    0
 18617, 99572,20170316,   14,    0
 18617, 99572,20170317,   18,    0
 18617, 99572,20170318,  -16,    0
 18617, 99572,20170319,  -21,    0
 18617, 99572,20170320,    3,    0
 18617, 99572,20170321,   18,    0
 18617, 99572,20170322,    9,    0
 18617, 99572,20170323,  -18,    0
 18617, 99572,20170324,   -7,    0
 18617, 99572,20170325,   15,    0
 18617, 99572,20170326,-9999,    9
 18617, 99572,20170327,-9999,    9
 18617, 99572,20170328,   25,    0
 18617, 99572,20170329,    4,    0
 18617, 99572,20170330,  -14,    0
 18617, 99572,20170331,   12,    0
 18617, 99572,20170401,   42,    0
 18617, 99572,20170402,   40,    0
 18617, 99572,20170403,   42,    0
 18617, 99572,20170404,   35,    0
 18617, 99572,20170405,   26,    0
 18617, 99572,20170406,   15,    0
 18617, 99572,20170407,   45,    0
 18617, 99572,20170408,   50,    0
 18617, 99572,20170409,   58,    0
 18617, 99572,20170410,   58,    0
 18617, 99572,20170411,   24,    0
 18617, 99572,20170412,   14,    0
 18617, 99572,20170413,   -2,    0
 18617, 99572,20170414,  -28,    0
 18617, 99572,20170415,  -35,    0
 18617, 99572,20170416,  -23,    0
 18617, 99572,20170417,  -17,    0
 18617, 99572,20170418,  -16,    0
 18617, 99572,20170419,    3,    0
 18617, 99572,20170420,   37,    0
 18617, 99572,20170421,   40,    0
 18617, 99572,20170422,   30,    0
 18617, 99572,20170423,    7,    0
 18617, 99572,20170424,  -13,    0
 18617, 99572,20170425,    4,    0
 18617, 99572,20170426,   22,    0
 18617, 99572,20170427,-9999,    9
 18617, 99572,20170428,   23,    0
 18617, 99572,20170429,   26,    0
 18617, 99572,20170430,   33,    0
 18617, 99572,20170501,   47,    0
 18617, 99572,20170502,   76,    0
 18617, 99572,20170503,   72,    0
 18617, 99572,20170504,   62,    0
 18617, 99572,20170505,   99,    0
 18617, 99572,20170506,  110,    0
 18617, 99572,20170507,   64,    0
 18617, 99572,20170508,   30,    0
 18617, 99572,20170509,   23,    0
 18617, 99572,20170510,   17,    0
 18617, 99572,20170511,    8,    0
 18617, 99572,20170512,   40,    0
 18617, 99572,20170513,   66,    0
 18617, 99572,20170514,   90,    0
 18617, 99572,20170515,   53,    0
 18617, 99572,20170516,   54,    0
 18617, 99572,20170517,  108,    0
 18617, 99572,20170518,  149,    0
 18617, 99572,20170519,  149,    0
 18617, 99572,20170520,-9999,    9
 18617, 99572,20170521,  109,    0
 18617, 99572,20170522,   85,    0
 18617, 99572,20170523,  102,    0
 18617, 99572,20170524,  140,    0
 18617, 99572,20170525,  125,    0
 18617, 99572,20170526,  154,    0
 18617, 99572,20170527,  180,    0
 18617, 99572,20170528,  153,    0
 18617, 99572,20170529,  154,    0
 18617, 99572,20170530,  119,    0
 18617, 99572,20170531,  103,    0
 18617, 99572,20170601,   84,    0
 18617, 99572,20170602,   90,    0
 18617, 99572,20170603,   89,    0
 18617, 99572,20170604,  114,    0
 18617, 99572,20170605,  128,    0
 18617, 99572,20170606,  145,    0
 18617, 99572,20170607,  123,    0
 18617, 99572,20170608,-9999,    9
 18617, 99572,20170609,-9999,    9
 18617, 99572,20170610,  143,    0
 18617, 99572,20170611,  125,    0
 18617, 99572,20170612,  132,    0
 18617, 99572,20170613,  138,    0
 18617, 99572,20170614,  146,    0
 18617, 99572,20170615,  154,    0
 18617, 99572,20170616,  147,    0
 18617, 99572,20170617,  160,    0
 18617, 99572,20170618,  168,    0
 18617, 99572,20170619,  142,    0
 18617, 99572,20170620,  125,    0
 18617, 99572,20170621,  115,    0
 18617, 99572,20170622,  124,    0
 18617, 99572,20170623,  128,    0
 18617, 99572,20170624,  144,    0
 18617, 99572,20170625,  112,    0
 18617, 99572,20170626,  116,    0
 18617, 99572,20170627,  104,    0
 18617, 99572,20170628,  123,    0
 18617, 99572,20170629,  134,    0
 18617, 99572,20170630,  162,    0
 18617, 99572,20170701,  163,    0
 18617, 99572,20170702,  141,    0
 18617, 99572,20170703,  120,    0
 18617, 99572,20170704,  121,    0
 18617, 99572,20170705,  109,    0
 18617, 99572,20170706,  126,    0
 18617, 99572,20170707,  137,    0
 18617, 99572,20170708,  131,    0
 18617, 99572,20170709,-9999,    9
 18617, 99572,20170710,-9999,    9
 18617, 99572,20170711,  138,    0
 18617, 99572,20170712,-9999,    9
 18617, 99572,20170713,-9999,    9
 18617, 99572,20170714,  122,    0
 18617, 99572,20170715,  139,    0
 18617, 99572,20170716,  124,    0
 18617, 99572,20170717,  115,    0
 18617, 99572,20170718,  124,    0
 18617, 99572,20170719,  129,    0
 18617, 99572,20170720,  145,    0
 18617, 99572,20170721,  154,    0
 18617, 99572,20170722,  150,    0
 18617, 99572,20170723,  149,    0
 18617, 99572,20170724,  150,    0
 18617, 99572,20170725,  140,    0
 18617, 99572,20170726,  150,    0
 18617, 99572,20170727,  150,    0
 18617, 99572,20170728,  141,    0
 18617, 99572,20170729,  128,    0
 18617, 99572,20170730,  147,    0
 18617, 99572,20170731,  151,    0
 18617, 99572,20170801,  151,    0
 18617, 99572,20170802,  117,    0
 18617, 99572,20170803,  144,    0
 18617, 99572,20170804,  141,    0
 18617, 99572,20170805,  139,    0
 18617, 99572,20170806,  135,    0
 18617, 99572,20170807,  133,    0
 18617, 99572,20170808,  146,    0
 18617, 99572,20170809,  130,    0
 18617, 99572,20170810,  143,    0
 18617, 99572,20170811,  152,    0
 18617, 99572,20170812,  140,    0
 18617, 99572,20170813,  113,    0
 18617, 99572,20170814,  107,    0
 18617, 99572,20170815,  135,    0
 18617, 99572,20170816,  143,    0
 18617, 99572,20170817,  142,    0
 18617, 99572,20170818,  140,    0
 18617, 99572,20170819,  134,    0
 18617, 99572,20170820,  124,    0
 18617, 99572,20170821,  120,    0
 18617, 99572,20170822,   97,    0
 18617, 99572,20170823,   94,    0
 18617, 99572,20170824,  121,    0
 18617, 99572,20170825,  110,    0
 18617, 99572,20170826,   97,    0
 18617, 99572,20170827,   92,    0
 18617, 99572,20170828,  112,    0
 18617, 99572,20170829,  146,    0
 18617, 99572,20170830,  118,    0
 18617, 99572,20170831,   93,    0
 18617, 99572,20170901,   97,    0
 18617, 99572,20170902,-9999,    9
 18617, 99572,20170903,  104,    0
 18617, 99572,20170904,   92,    0
 18617, 99572,20170905,  101,    0
 18617, 99572,20170906,   96,    0
 18617, 99572,20170907,   89,    0
 18617, 99572,20170908,   89,    0
 18617, 99572,20170909,  103,    0
 18617, 99572,20170910,  112,    0
 18617, 99572,20170911,  116,    0
 18617, 99572,20170912,  114,    0
 18617, 99572,20170913,  104,    0
 18617, 99572,20170914,   93,    0
 18617, 99572,20170915,   84,    0
 18617, 99572,20170916,   74,    0
 18617, 99572,20170917,   67,    0
 18617, 99572,20170918,   93,    0
 18617, 99572,20170919,-9999,    9
 18617, 99572,20170920,-9999,    9
 18617, 99572,20170921,   64,    0
 18617, 99572,20170922,   97,    0
 18617, 99572,20170923,  103,    0
 18617, 99572,20170924,  117,    0
 18617, 99572,20170925,  111,    0
 18617, 99572,20170926,  109,    0
 18617, 99572,20170927,  111,    0
 18617, 99572,20170928,  106,    0
 18617, 99572,20170929,   91,    0
 18617, 99572,20170930,   98,    0
 18617, 99572,20171001,   95,    0
 18617, 99572,20171002,   95,    0
 18617, 99572,20171003,   94,    0
 18617, 99572,20171004,-9999,    9
 18617, 99572,20171005,   29,    0
 18617, 99572,20171006,   51,    0
 18617, 99572,20171007,   33,    0
 18617, 99572,20171008,   35,    0
 18617, 99572,20171009,   33,    0
 18617, 99572,20171010,   31,    0
 18617, 99572,20171011,   42,    0
 18617, 99572,20171012,   64,    0
 18617, 99572,20171013,   38,    0
 18617, 99572,20171014,-9999,    9
 18617, 99572,20171015,   67,    0
 18617, 99572,20171016,  101,    0
 18617, 99572,20171017,-9999,    9
 18617, 99572,20171018,-9999,    9
 18617, 99572,20171019,-9999,    9
 18617, 99572,20171020,-9999,    9
 18617, 99572,20171021,-9999,    9
 18617, 99572,20171022,-9999,    9
 18617, 99572,20171023,-9999,    9
 18617, 99572,20171024,-9999,    9
 18617, 99572,20171025,   18,    0
 18617, 99572,20171026,   16,    0
 18617, 99572,20171027,   11,    0
 18617, 99572,20171028,   35,    0
 18617, 99572,20171029,   22,    0
 18617, 99572,20171030,   -7,    0
 18617, 99572,20171031,   -2,    0
 18617, 99572,20171101,-9999,    9
 18617, 99572,20171102,-9999,    9
 18617, 99572,20171103,   -6,    0
 18617, 99572,20171104,   28,    0
 18617, 99572,20171105,   55,    0
 18617, 99572,20171106,    5,    0
 18617, 99572,20171107,   22,    0
 18617, 99572,20171108,   32,    0
 18617, 99572,20171109,   38,    0
 18617, 99572,20171110,    3,    0
 18617, 99572,20171111,  -31,    0
 18617, 99572,20171112,  -55,    0
 18617, 99572,20171113,  -46,    0
 18617, 99572,20171114,  -42,    0
 18617, 99572,20171115,  -35,    0
 18617, 99572,20171116,  -32,    0
 18617, 99572,20171117,   -1,    0
 18617, 99572,20171118,   -9,    0
 18617, 99572,20171119,  -45,    0
 18617, 99572,20171120, -112,    0
 18617, 99572,20171121,  -98,    0
 18617, 99572,20171122,  -61,    0
 18617, 99572,20171123,   43,    0
 18617, 99572,20171124,   -1,    0
 18617, 99572,20171125,   -8,    0
 18617, 99572,20171126,    4,    0
 18617, 99572,20171127,   -7,    0
 18617, 99572,20171128,-9999,    9
 18617, 99572,20171129,-9999,    9
 18617, 99572,20171130,  -32,    0
 18617, 99572,20171201,  -86,    0
 18617, 99572,20171202,  -71,    0
 18617, 99572,20171203,  -77,    0
 18617, 99572,20171204, -123,    0
 18617, 99572,20171205,  -93,    0
 18617, 99572,20171206,  -44,    0
 18617, 99572,20171207,   19,    0
 18617, 99572,20171208,    6,    0
 18617, 99572,20171209,  -44,    0
 18617, 99572,20171210,  -84,    0
 18617, 99572,20171211,  -42,    0
 18617, 99572,20171212, -104,    0
 18617, 99572,20171213,  -64,    0
 18617, 99572,20171214,   -9,    0
 18617, 99572,20171215,  -43,    0
 18617, 99572,20171216,  -61,    0
 18617, 99572,20171217, -162,    0
 18617, 99572,20171218,  -41,    0
 18617, 99572,20171219,  -86,    0
 18617, 99572,20171220,  -10,    0
 18617, 99572,20171221,  -75,    0
 18617, 99572,20171222, -118,    0
 18617, 99572,20171223,   -8,    0
 18617, 99572,20171224,  -65,    0
 18617, 99572,20171225,  -42,    0
 18617, 99572,20171226,   -4,    0
 18617, 99572,20171227,    4,    0
 18617, 99572,20171228,   -2,    0
 18617, 99572,20171229,  -14,    0
 18617, 99572,20171230,  -40,    0
 18617, 99572,20171231,  -26,    0
 18617, 99572,20180101,    0,    0
 18617, 99572,20180102,  -15,    0
 18617, 99572,20180103,  -25,    0
 18617, 99572,20180104,   -5,    0
 18617, 99572,20180105,  -63,    0
 18617, 99572,20180106, -108,    0
 18617, 99572,20180107, -151,    0
 18617, 99572,20180108, -108,    0
 18617, 99572,20180109, -120,    0
 18617, 99572,20180110, -143,    0
 18617, 99572,20180111,  -69,    0
 18617, 99572,20180112,  -49,    0
 18617, 99572,20180113,  -42,    0
 18617, 99572,20180114,  -48,    0
 18617, 99572,20180115,  -42,    0
 18617, 99572,20180116,  -15,    0
 18617, 99572,20180117,  -21,    0
 18617, 99572,20180118,  -52,    0
 18617, 99572,20180119,  -43,    0
 18617, 99572,20180120,  -44,    0
 18617, 99572,20180121,  -52,    0
 18617, 99572,20180122,  -63,    0
 18617, 99572,20180123,  -38,    0
 18617, 99572,20180124,   10,    0
 18617, 99572,20180125,   22,    0
 18617, 99572,20180126,   -2,    0
 18617, 99572,20180127,  -88,    0
 18617, 99572,20180128,  -13,    0
 18617, 99572,20180129,  -34,    0
 18617, 99572,20180130,  -84,    0
 18617, 99572,20180131,  -21,    0
 18617, 99572,20180201,  -16,    0
 18617, 99572,20180202,  -97,    0
 18617, 99572,20180203, -111,    0
 18617, 99572,20180204, -144,    0
 18617, 99572,20180205, -145,    0
 18617, 99572,20180206,  -83,    0
 18617, 99572,20180207,  -86,    0
 18617, 99572,20180208,  -46,    0
 18617, 99572,20180209,  -29,    0
 18617, 99572,20180210,  -36,    0
 18617, 99572,20180211,  -40,    0
 18617, 99572,20180212,  -25,    0
 18617, 99572,20180213,  -54,    0
 18617, 99572,20180214,  -16,    0
 18617, 99572,20180215,  -25,    0
 18617, 99572,20180216,  -27,    0
 18617, 99572,20180217,  -47,    0
 18617, 99572,20180218,  -20,    0
 18617, 99572,20180219,  -35,    0
 18617, 99572,20180220,  -69,    0
 18617, 99572,20180221,  -71,    0
 18617, 99572,20180222,  -69,    0
 18617, 99572,20180223,  -85,    0
 18617, 99572,20180224,  -73,    0
 18617, 99572,20180225, -117,    0
 18617, 99572,20180226, -147,    0
 18617, 99572,20180227, -123,    0
 18617, 99572,20180228, -138,    0
 18617, 99572,20180301, -141,    0
 18617, 99572,20180302, -120,    0
 18617, 99572,20180303,-9999,    9
 18617, 99572,20180304,  -65,    0
 18617, 99572,20180305,  -68,    0
 18617, 99572,20180306,  -55,    0
 18617, 99572,20180307,  -37,    0
 18617, 99572,20180308,  -46,    0
 18617, 99572,20180309,  -50,    0
 18617, 99572,20180310,-9999,    9
 18617, 99572,20180311,  -46,    0
 18617, 99572,20180312,  -13,    0
 18617, 99572,20180313,  -24,    0
 18617, 99572,20180314,  -76,    0
 18617, 99572,20180315,  -77,    0
 18617, 99572,20180316, -138,    0
 18617, 99572,20180317,-9999,    9
 18617, 99572,20180318, -117,    0
 18617, 99572,20180319,  -35,    0
 18617, 99572,20180320,  -34,    0
 18617, 99572,20180321,  -19,    0
 18617, 99572,20180322,    1,    0
 18617, 99572,20180323,  -12,    0
 18617, 99572,20180324,    8,    0
 18617, 99572,20180325,-9999,    9
 18617, 99572,20180326,  -47,    0
 18617, 99572,20180327,  -87,    0
 18617, 99572,20180328,  -79,    0
 18617, 99572,20180329,  -73,    0
 18617, 99572,20180330,  -67,    0
 18617, 99572,20180331,  -45,    0
 18617, 99572,20180401,  -43,    0
 18617, 99572,20180402,  -53,    0
 18617, 99572,20180403,  -35,    0
 18617, 99572,20180404,   12,    0
 18617, 99572,20180405,   16,    0
 18617, 99572,20180406,    8,    0
 18617, 99572,20180407,-9999,    9
 18617, 99572,20180408,   15,    0
 18617, 99572,20180409,    7,    0
 18617, 99572,20180410,   12,    0
 18617, 99572,20180411,    6,    0
 18617, 99572,20180412,   16,    0
 18617, 99572,20180413,   33,    0
 18617, 99572,20180414,   52,    0
 18617, 99572,20180415,   47,    0
 18617, 99572,20180416,   35,    0
 18617, 99572,20180417,   50,    0
 18617, 99572,20180418,   59,    0
 18617, 99572,20180419,   68,    0
 18617, 99572,20180420,   65,    0
 18617, 99572,20180421,   73,    0
 18617, 99572,20180422,   58,    0
 18617, 99572,20180423,   44,    0
 18617, 99572,20180424,   54,    0
 18617, 99572,20180425,   43,    0
 18617, 99572,20180426,   44,    0
 18617, 99572,20180427,   36,    0
 18617, 99572,20180428,   24,    0
 18617, 99572,20180429,   45,    0
 18617, 99572,20180430,   70,    0
 18617, 99572,20180501,   30,    0
 18617, 99572,20180502,   49,    0
 18617, 99572,20180503,   47,    0
 18617, 99572,20180504,   65,    0
 18617, 99572,20180505,-9999,    9
 18617, 99572,20180506,  126,    0
 18617, 99572,20180507,  121,    0
 18617, 99572,20180508,  145,    0
 18617, 99572,20180509,  159,    0
 18617, 99572,20180510,  152,    0
 18617, 99572,20180511,  131,    0
 18617, 99572,20180512,  134,    0
 18617, 99572,20180513,  147,    0
 18617, 99572,20180514,  151,    0
 18617, 99572,20180515,  165,    0
 18617, 99572,20180516,-9999,    9
 18617, 99572,20180517,   92,    0
 18617, 99572,20180518,  100,    0
 18617, 99572,20180519,-9999,    9
 18617, 99572,20180520,  140,    0
 18617, 99572,20180521,  148,    0
 18617, 99572,20180522,  150,    0
 18617, 99572,20180523,  159,    0
 18617, 99572,20180524,  179,    0
 18617, 99572,20180525,  179,    0
 18617, 99572,20180526,-9999,    9
 18617, 99572,20180527,  185,    0
 18617, 99572,20180528,  167,    0
 18617, 99572,20180529,  184,    0
 18617, 99572,20180530,-9999,    9
 18617, 99572,20180531,  189,    0
 18617, 99572,20180601,  187,    0
 18617, 99572,20180602,  204,    0
 18617, 99572,20180603,  218,    0
 18617, 99572,20180604,  153,    0
 18617, 99572,20180605,  102,    0
 18617, 99572,20180606,-9999,    9
 18617, 99572,20180607,  169,    0
 18617, 99572,20180608,  170,    0
 18617, 99572,20180609,  192,    0
 18617, 99572,20180610,  193,    0
 18617, 99572,20180611,  144,    0
 18617, 99572,20180612,  139,    0
 18617, 99572,20180613,  124,    0
 18617, 99572,20180614,  127,    0
 18617, 99572,20180615,  136,    0
 18617, 99572,20180616,  136,    0
 18617, 99572,20180617,  114,    0
 18617, 99572,20180618,  125,    0
 18617, 99572,20180619,  141,    0
 18617, 99572,20180620,  100,    0
 18617, 99572,20180621,   91,    0
 18617, 99572,20180622,   94,    0
 18617, 99572,20180623,  124,    0
 18617, 99572,20180624,  148,    0
 18617, 99572,20180625,  185,    0
 18617, 99572,20180626,  203,    0
 18617, 99572,20180627,  206,    0
 18617, 99572,20180628,  190,    0
 18617, 99572,20180629,  136,    0
 18617, 99572,20180630,  127,    0
 18617, 99572,20180701,  154,    0
 18617, 99572,20180702,  170,    0
 18617, 99572,20180703,  193,    0
 18617, 99572,20180704,  187,    0
 18617, 99572,20180705,  198,    0
 18617, 99572,20180706,  196,    0
 18617, 99572,20180707,  173,    0
 18617, 99572,20180708,  180,    0
 18617, 99572,20180709,  153,    0
 18617, 99572,20180710,  194,    0
 18617, 99572,20180711,  188,    0
 18617, 99572,20180712,  178,    0
 18617, 99572,20180713,  173,    0
 18617, 99572,20180714,  193,    0
 18617, 99572,20180715,  181,    0
 18617, 99572,20180716,  201,    0
 18617, 99572,20180717,  209,    0
 18617, 99572,20180718,  190,    0
 18617, 99572,20180719,  194,    0
 18617, 99572,20180720,  210,    0
 18617, 99572,20180721,  188,    0
 18617, 99572,20180722,  181,    0
 18617, 99572,20180723,  186,    0
 18617, 99572,20180724,  215,    0
 18617, 99572,20180725,  214,    0
 18617, 99572,20180726,  209,    0
 18617, 99572,20180727,  219,    0
 18617, 99572,20180728,  205,    0
 18617, 99572,20180729,  198,    0
 18617, 99572,20180730,  187,    0
 18617, 99572,20180731,  222,    0
 18617, 99572,20180801,  188,    0
 18617, 99572,20180802,  168,    0
 18617, 99572,20180803,  177,    0
 18617, 99572,20180804,  184,    0
 18617, 99572,20180805,  165,    0
 18617, 99572,20180806,  128,    0
 18617, 99572,20180807,  159,    0
 18617, 99572,20180808,  172,    0
 18617, 99572,20180809,  191,    0
 18617, 99572,20180810,  151,    0
 18617, 99572,20180811,-9999,    9
 18617, 99572,20180812,-9999,    9
 18617, 99572,20180813,  108,    0
 18617, 99572,20180814,  108,    0
 18617, 99572,20180815,  130,    0
 18617, 99572,20180816,  167,    0
 18617, 99572,20180817,  143,    0
 18617, 99572,20180818,  126,    0
 18617, 99572,20180819,  131,    0
 18617, 99572,20180820,   91,    0
 18617, 99572,20180821,   91,    0
 18617, 99572,20180822,  125,    0
 18617, 99572,20180823,  148,    0
 18617, 99572,20180824,  122,    0
 18617, 99572,20180825,   94,    0
 18617, 99572,20180826,   78,    0
 18617, 99572,20180827,  106,    0
 18617, 99572,20180828,  109,    0
 18617, 99572,20180829,  119,    0
 18617, 99572,20180830,  116,    0
 18617, 99572,20180831,  109,    0
 18617, 99572,20180901,  126,    0
 18617, 99572,20180902,  110,    0
 18617, 99572,20180903,  117,    0
 18617, 99572,20180904,  120,    0
 18617, 99572,20180905,  125,    0
 18617, 99572,20180906,  126,    0
 18617, 99572,20180907,  132,    0
 18617, 99572,20180908,  126,    0
 18617, 99572,20180909,  121,    0
 18617, 99572,20180910,  126,    0
 18617, 99572,20180911,  104,    0
 18617, 99572,20180912,  100,    0
 18617, 99572,20180913,   95,    0
 18617, 99572,20180914,  104,    0
 18617, 99572,20180915,   80,    0
 18617, 99572,20180916,   64,    0
 18617, 99572,20180917,  102,    0
 18617, 99572,20180918,  130,    0
 18617, 99572,20180919,  154,    0
 18617, 99572,20180920,  122,    0
 18617, 99572,20180921,   99,    0
 18617, 99572,20180922,   83,    0
 18617, 99572,20180923,   54,    0
 18617, 99572,20180924,   35,    0
 18617, 99572,20180925,   43,    0
 18617, 99572,20180926,-9999,    9
 18617, 99572,20180927,-9999,    9
 18617, 99572,20180928,-9999,    9
 18617, 99572,20180929,-9999,    9
 18617, 99572,20180930,-9999,    9
 18617, 99572,20181001,-9999,    9
 18617, 99572,20181002,-9999,    9
 18617, 99572,20181003,-9999,    9
 18617, 99572,20181004,   30,    0
 18617, 99572,20181005,   75,    0
 18617, 99572,20181006,   46,    0
 18617, 99572,20181007,   30,    0
 18617, 99572,20181008,   72,    0
 18617, 99572,20181009,  114,    0
 18617, 99572,20181010,  117,    0
 18617, 99572,20181011,-9999,    9
 18617, 99572,20181012,   79,    0
 18617, 99572,20181013,  144,    0
 18617, 99572,20181014,  126,    0
 18617, 99572,20181015,  103,    0
 18617, 99572,20181016,   52,    0
 18617, 99572,20181017,-9999,    9
 18617, 99572,20181018,-9999,    9
 18617, 99572,20181019,    6,    0
 18617, 99572,20181020,   18,    0
 18617, 99572,20181021,   75,    0
 18617, 99572,20181022,-9999,    9
 18617, 99572,20181023,   27,    0
 18617, 99572,20181024,    7,    0
 18617, 99572,20181025,  -16,    0
 18617, 99572,20181026,  -29,    0
 18617, 99572,20181027,  -26,    0
 18617, 99572,20181028,  -46,    0
 18617, 99572,20181029,  -46,    0
 18617, 99572,20181030,    4,    0
 18617, 99572,20181031,   39,    0
 18617, 99572,20181101,   15,    0
 18617, 99572,20181102,   57,    0
 18617, 99572,20181103,   29,    0
 18617, 99572,20181104,   52,    0
 18617, 99572,20181105,   39,    0
 18617, 99572,20181106,   53,    0
 18617, 99572,20181107,   58,    0
 18617, 99572,20181108,   55,    0
 18617, 99572,20181109,   56,    0
 18617, 99572,20181110,   58,    0
 18617, 99572,20181111,   69,    0
 18617, 99572,20181112,   69,    0
 18617, 99572,20181113,   61,    0
 18617, 99572,20181114,   43,    0
 18617, 99572,20181115,   81,    0
 18617, 99572,20181116,   61,    0
 18617, 99572,20181117,   38,    0
 18617, 99572,20181118,   -8,    0
 18617, 99572,20181119,  -15,    0
 18617, 99572,20181120,  -42,    0
 18617, 99572,20181121,   -2,    0
 18617, 99572,20181122,  -64,    0
 18617, 99572,20181123, -128,    0
 18617, 99572,20181124,  -98,    0
 18617, 99572,20181125,  -60,    0
 18617, 99572,20181126,  -93,    0
 18617, 99572,20181127, -138,    0
 18617, 99572,20181128,  -97,    0
 18617, 99572,20181129,   -7,    0
 18617, 99572,20181130,   25,    0
 18617, 99572,20181201,   31,    0
 18617, 99572,20181202,   21,    0
 18617, 99572,20181203,   29,    0
 18617, 99572,20181204,   -3,    0
 18617, 99572,20181205,  -65,    0
 18617, 99572,20181206,  -47,    0
 18617, 99572,20181207,  -19,    0
 18617, 99572,20181208,  -17,    0
 18617, 99572,20181209,  -52,    0
 18617, 99572,20181210,   -7,    0
 18617, 99572,20181211,  -18,    0
 18617, 99572,20181212,  -92,    0
 18617, 99572,20181213, -117,    0
 18617, 99572,20181214, -190,    0
 18617, 99572,20181215, -109,    0
 18617, 99572,20181216,  -40,    0
 18617, 99572,20181217,  -48,    0
 18617, 99572,20181218,  -59,    0
 18617, 99572,20181219,  -27,    0
 18617, 99572,20181220,  -11,    0
 18617, 99572,20181221,  -36,    0
 18617, 99572,20181222,  -75,    0
 18617, 99572,20181223, -101,    0
 18617, 99572,20181224, -112,    0
 18617, 99572,20181225,  -80,    0
 18617, 99572,20181226,  -54,    0
 18617, 99572,20181227,  -63,    0
 18617, 99572,20181228, -118,    0
 18617, 99572,20181229,  -90,    0
 18617, 99572,20181230,  -92,    0
 18617, 99572,20181231,  -17,    0
 18617, 99572,20190101,    9,    0
 18617, 99572,20190102,-9999,    9
 18617, 99572,20190103,  -27,    0
 18617, 99572,20190104,  -41,    0
 18617, 99572,20190105,  -44,    0
 18617, 99572,20190106,  -40,    0
 18617, 99572,20190107,  -26,    0
 18617, 99572,20190108,  -16,    0
 18617, 99572,20190109,  -64,    0
 18617, 99572,20190110, -100,    0
 18617, 99572,20190111,  -60,    0
 18617, 99572,20190112,  -78,    0
 18617, 99572,20190113,  -87,    0
 18617, 99572,20190114,  -63,    0
 18617, 99572,20190115,  -86,    0
 18617, 99572,20190116,  -83,    0
 18617, 99572,20190117, -159,    0
 18617, 99572,20190118,-9999,    9
 18617, 99572,20190119,-9999,    9
 18617, 99572,20190120, -196,    0
 18617, 99572,20190121,  -80,    0
 18617, 99572,20190122,  -60,    0
 18617, 99572,20190123,  -55,    0
 18617, 99572,20190124,  -59,    0
 18617, 99572,20190125,  -59,    0
 18617, 99572,20190126,  -66,    0
 18617, 99572,20190127,  -86,    0
 18617, 99572,20190128,  -60,    0
 18617, 99572,20190129, -183,    0
 18617, 99572,20190130,-9999,    9
 18617, 99572,20190131, -104,    0
 18617, 99572,20190201,  -45,    0
 18617, 99572,20190202,  -56,    0
 18617, 99572,20190203,  -88,    0
 18617, 99572,20190204, -121,    0
 18617, 99572,20190205,  -59,    0
 18617, 99572,20190206, -130,    0
 18617, 99572,20190207,  -23,    0
 18617, 99572,20190208,-9999,    9
 18617, 99572,20190209,   13,    0
 18617, 99572,20190210,    6,    0
 18617, 99572,20190211,  -29,    0
 18617, 99572,20190212,  -64,    0
 18617, 99572,20190213,-9999,    9
 18617, 99572,20190214,-9999,    9
 18617, 99572,20190215,-9999,    9
 18617, 99572,20190216,    2,    0
 18617, 99572,20190217,    0,    0
 18617, 99572,20190218,   26,    0
 18617, 99572,20190219,   17,    0
 18617, 99572,20190220,   -7,    0
 18617, 99572,20190221,  -32,    0
 18617, 99572,20190222,  -21,    0
 18617, 99572,20190223,    9,    0
 18617, 99572,20190224,   18,    0
 18617, 99572,20190225,  -19,    0
 18617, 99572,20190226,  -12,    0
 18617, 99572,20190227,  -13,    0
 18617, 99572,20190228,    0,    0
 18617, 99572,20190301,  -25,    0
 18617, 99572,20190302,  -30,    0
 18617, 99572,20190303,   -3,    0
 18617, 99572,20190304,  -16,    0
 18617, 99572,20190305,  -50,    0
 18617, 99572,20190306,  -49,    0
 18617, 99572,20190307,   -4,    0
 18617, 99572,20190308,  -26,    0
 18617, 99572,20190309,  -66,    0
 18617, 99572,20190310,  -84,    0
 18617, 99572,20190311,  -82,    0
 18617, 99572,20190312,  -90,    0
 18617, 99572,20190313,   -7,    0
 18617, 99572,20190314,  -20,    0
 18617, 99572,20190315,  -19,    0
 18617, 99572,20190316,  -28,    0
 18617, 99572,20190317,   -1,    0
 18617, 99572,20190318,   -2,    0
 18617, 99572,20190319,  -18,    0
 18617, 99572,20190320,   27,    0
 18617, 99572,20190321,   47,    0
 18617, 99572,20190322,   11,    0
 18617, 99572,20190323,   46,    0
 18617, 99572,20190324,    5,    0
 18617, 99572,20190325,   -4,    0
 18617, 99572,20190326,    4,    0
 18617, 99572,20190327,   11,    0
 18617, 99572,20190328,   30,    0
 18617, 99572,20190329,   67,    0
 18617, 99572,20190330,   20,    0
 18617, 99572,20190331,   12,    0
 18617, 99572,20190401,  -15,    0
 18617, 99572,20190402,   -2,    0
 18617, 99572,20190403,   11,    0
 18617, 99572,20190404,   36,    0
 18617, 99572,20190405,   18,    0
 18617, 99572,20190406,   23,    0
 18617, 99572,20190407,   22,    0
 18617, 99572,20190408,   11,    0
 18617, 99572,20190409,-9999,    9
 18617, 99572,20190410,-9999,    9
 18617, 99572,20190411,-9999,    9
 18617, 99572,20190412,  -13,    0
 18617, 99572,20190413,    3,    0
 18617, 99572,20190414,    6,    0
 18617, 99572,20190415,   20,    0
 18617, 99572,20190416,   30,    0
 18617, 99572,20190417,   29,    0
 18617, 99572,20190418,   53,    0
 18617, 99572,20190419,   59,    0
 18617, 99572,20190420,   77,    0
 18617, 99572,20190421,   94,    0
 18617, 99572,20190422,   92,    0
 18617, 99572,20190423,   83,    0
 18617, 99572,20190424,  109,    0
 18617, 99572,20190425,  124,    0
 18617, 99572,20190426,  128,    0
 18617, 99572,20190427,  145,    0
 18617, 99572,20190428,  125,    0
 18617, 99572,20190429,  132,    0
 18617, 99572,20190430,  146,    0
 18617, 99572,20190501,   95,    0
 18617, 99572,20190502,   35,    0
 18617, 99572,20190503,   14,    0
 18617, 99572,20190504,   17,    0
 18617, 99572,20190505,   37,    0
 18617, 99572,20190506,   17,    0
 18617, 99572,20190507,   12,    0
 18617, 99572,20190508,   32,    0
 18617, 99572,20190509,   45,    0
 18617, 99572,20190510,   70,    0
 18617, 99572,20190511,   68,    0
 18617, 99572,20190512,   42,    0
 18617, 99572,20190513,   37,    0
 18617, 99572,20190514,   64,    0
 18617, 99572,20190515,   90,    0
 18617, 99572,20190516,  118,    0
 18617, 99572,20190517,  137,    0
 18617, 99572,20190518,  123,    0
 18617, 99572,20190519,  111,    0
 18617, 99572,20190520,  115,    0
 18617, 99572,20190521,  164,    0
 18617, 99572,20190522,  174,    0
 18617, 99572,20190523,  118,    0
 18617, 99572,20190524,   82,    0
 18617, 99572,20190525,  105,    0
 18617, 99572,20190526,   72,    0
 18617, 99572,20190527,   59,    0
 18617, 99572,20190528,   78,    0
 18617, 99572,20190529,-9999,    9
 18617, 99572,20190530,-9999,    9
 18617, 99572,20190531,-9999,    9
 18617, 99572,20190601,   81,    0
 18617, 99572,20190602,  112,    0
 18617, 99572,20190603,  133,    0
 18617, 99572,20190604,  127,    0
 18617, 99572,20190605,  136,    0
 18617, 99572,20190606,  195,    0
 18617, 99572,20190607,  169,    0
 18617, 99572,20190608,  147,    0
 18617, 99572,20190609,  116,    0
 18617, 99572,20190610,  126,    0
 18617, 99572,20190611,  129,    0
 18617, 99572,20190612,   80,    0
 18617, 99572,20190613,  104,    0
 18617, 99572,20190614,  133,    0
 18617, 99572,20190615,  163,    0
 18617, 99572,20190616,  154,    0
 18617, 99572,20190617,  155,    0
 18617, 99572,20190618,  147,    0
 18617, 99572,20190619,  145,    0
 18617, 99572,20190620,  153,    0
 18617, 99572,20190621,  140,    0
 18617, 99572,20190622,  128,    0
 18617, 99572,20190623,  119,    0
 18617, 99572,20190624,  149,    0
 18617, 99572,20190625,  137,    0
 18617, 99572,20190626,  149,    0
 18617, 99572,20190627,  144,    0
 18617, 99572,20190628,  157,    0
 18617, 99572,20190629,  188,    0
 18617, 99572,20190630,  192,    0
 18617, 99572,20190701,  139,    0
 18617, 99572,20190702,  108,    0
 18617, 99572,20190703,   90,    0
 18617, 99572,20190704,   78,    0
 18617, 99572,20190705,  115,    0
 18617, 99572,20190706,  104,    0
 18617, 99572,20190707,  128,    0
 18617, 99572,20190708,  120,    0
 18617, 99572,20190709,  147,    0
 18617, 99572,20190710,  162,    0
 18617, 99572,20190711,  167,    0
 18617, 99572,20190712,  157,    0
 18617, 99572,20190713,  153,    0
 18617, 99572,20190714,  143,    0
 18617, 99572,20190715,  124,    0
 18617, 99572,20190716,  134,    0
 18617, 99572,20190717,  152,    0
 18617, 99572,20190718,  157,    0
 18617, 99572,20190719,  150,    0
 18617, 99572,20190720,  164,    0
 18617, 99572,20190721,  150,    0
 18617, 99572,20190722,  165,    0
 18617, 99572,20190723,  169,    0
 18617, 99572,20190724,  204,    0
 18617, 99572,20190725,  206,    0
 18617, 99572,20190726,  230,    0
 18617, 99572,20190727,  210,    0
 18617, 99572,20190728,  220,    0
 18617, 99572,20190729,  209,    0
 18617, 99572,20190730,  116,    0
 18617, 99572,20190731,  119,    0
 18617, 99572,20190801,  142,    0
 18617, 99572,20190802,  163,    0
 18617, 99572,20190803,  148,    0
 18617, 99572,20190804,  155,    0
 18617, 99572,20190805,  133,    0
 18617, 99572,20190806,  132,    0
 18617, 99572,20190807,  156,    0
 18617, 99572,20190808,  133,    0
 18617, 99572,20190809,  145,    0
 18617, 99572,20190810,  136,    0
 18617, 99572,20190811,  154,    0
 18617, 99572,20190812,  157,    0
 18617, 99572,20190813,  142,    0
 18617, 99572,20190814,  105,    0
 18617, 99572,20190815,  124,    0
 18617, 99572,20190816,  135,    0
 18617, 99572,20190817,  130,    0
 18617, 99572,20190818,  141,    0
 18617, 99572,20190819,  137,    0
 18617, 99572,20190820,  146,    0
 18617, 99572,20190821,  134,    0
 18617, 99572,20190822,-9999,    9
 18617, 99572,20190823,  143,    0
 18617, 99572,20190824,  140,    0
 18617, 99572,20190825,  155,    0
 18617, 99572,20190826,  167,    0
 18617, 99572,20190827,-9999,    9
 18617, 99572,20190828,  162,    0
 18617, 99572,20190829,  164,    0
 18617, 99572,20190830,  138,    0
 18617, 99572,20190831,  150,    0
 18617, 99572,20190901,  146,    0
 18617, 99572,20190902,   95,    0
 18617, 99572,20190903,   81,    0
 18617, 99572,20190904,   82,    0
 18617, 99572,20190905,  101,    0
 18617, 99572,20190906,   80,    0
 18617, 99572,20190907,  101,    0
 18617, 99572,20190908,   87,    0
 18617, 99572,20190909,  103,    0
 18617, 99572,20190910,  141,    0
 18617, 99572,20190911,  126,    0
 18617, 99572,20190912,  105,    0
 18617, 99572,20190913,   94,    0
 18617, 99572,20190914,   75,    0
 18617, 99572,20190915,  113,    0
 18617, 99572,20190916,   62,    0
 18617, 99572,20190917,   44,    0
 18617, 99572,20190918,   71,    0
 18617, 99572,20190919,   49,    0
 18617, 99572,20190920,   81,    0
 18617, 99572,20190921,   95,    0
 18617, 99572,20190922,   81,    0
 18617, 99572,20190923,   67,    0
 18617, 99572,20190924,   75,    0
 18617, 99572,20190925,   78,    0
 18617, 99572,20190926,   71,    0
 18617, 99572,20190927,   75,    0
 18617, 99572,20190928,  103,    0
 18617, 99572,20190929,   84,    0
 18617, 99572,20190930,   32,    0
 18617, 99572,20191001,   31,    0
 18617, 99572,20191002,   53,    0
 18617, 99572,20191003,   16,    0
 18617, 99572,20191004,    7,    0
 18617, 99572,20191005,   -8,    0
 18617, 99572,20191006,  -15,    0
 18617, 99572,20191007,  -15,    0
 18617, 99572,20191008,   -3,    0
 18617, 99572,20191009,   25,    0
 18617, 99572,20191010,   58,    0
 18617, 99572,20191011,   65,    0
 18617, 99572,20191012,   71,    0
 18617, 99572,20191013,   30,    0
 18617, 99572,20191014,   50,    0
 18617, 99572,20191015,   44,    0
 18617, 99572,20191016,   51,    0
 18617, 99572,20191017,   45,    0
 18617, 99572,20191018,   67,    0
 18617, 99572,20191019,   66,    0
 18617, 99572,20191020,   35,    0
 18617, 99572,20191021,   10,    0
 18617, 99572,20191022,   50,    0
 18617, 99572,20191023,-9999,    9
 18617, 99572,20191024,-9999,    9
 18617, 99572,20191025,-9999,    9
 18617, 99572,20191026,-9999,    9
 18617, 99572,20191027,-9999,    9
 18617, 99572,20191028,   -9,    0
 18617, 99572,20191029,  -11,    0
 18617, 99572,20191030,  -30,    0
 18617, 99572,20191031,  -36,    0
 18617, 99572,20191101,  -26,    0
 18617, 99572,20191102,   -2,    0
 18617, 99572,20191103,  -30,    0
 18617, 99572,20191104,  -33,    0
 18617, 99572,20191105,  -57,    0
 18617, 99572,20191106,  -53,    0
 18617, 99572,20191107,  -55,    0
 18617, 99572,20191108,  -27,    0
 18617, 99572,20191109,  -29,    0
 18617, 99572,20191110,  -42,    0
 18617, 99572,20191111,  -40,    0
 18617, 99572,20191112,    1,    0
 18617, 99572,20191113,   10,    0
 18617, 99572,20191114,    3,    0
 18617, 99572,20191115,    5,    0
 18617, 99572,20191116,    5,    0
 18617, 99572,20191117,    7,    0
 18617, 99572,20191118,   18,    0
 18617, 99572,20191119,   33,    0
 18617, 99572,20191120,   18,    0
 18617, 99572,20191121,   39,    0
 18617, 99572,20191122,   34,    0
 18617, 99572,20191123,   30,    0
 18617, 99572,20191124,    9,    0
 18617, 99572,20191125,   -2,    0
 18617, 99572,20191126,   -1,    0
 18617, 99572,20191127,   -4,    0
 18617, 99572,20191128,  -19,    0
 18617, 99572,20191129,  -60,    0
 18617, 99572,20191130, -120,    0
 18617, 99572,20191201, -119,    0
 18617, 99572,20191202, -138,    0
 18617, 99572,20191203,  -51,    0
 18617, 99572,20191204,  -34,    0
 18617, 99572,20191205,   33,    0
 18617, 99572,20191206,    5,    0
 18617, 99572,20191207,-9999,    9
 18617, 99572,20191208,  -20,    0
 18617, 99572,20191209,   -8,    0
 18617, 99572,20191210,  -72,    0
 18617, 99572,20191211,   21,    0
 18617, 99572,20191212,   14,    0
 18617, 99572,20191213,    5,    0
 18617, 99572,20191214,-9999,    9
 18617, 99572,20191215,    1,    0
 18617, 99572,20191216,    4,    0
 18617, 99572,20191217,   -2,    0
 18617, 99572,20191218,  -57,    0
 18617, 99572,20191219,  -66,    0
 18617, 99572,20191220,    2,    0
 18617, 99572,20191221,-9999,    9
 18617, 99572,20191222,-9999,    9
 18617, 99572,20191223,-9999,    9
 18617, 99572,20191224,   -3,    0
 18617, 99572,20191225,  -27,    0
 18617, 99572,20191226,  -94,    0
 18617, 99572,20191227,  -85,    0
 18617, 99572,20191228,  -44,    0
 18617, 99572,20191229,   29,    0
 18617, 99572,20191230,   16,    0
 18617, 99572,20191231,  -23,    0
 18617, 99572,20200101,   -3,    0
 18617, 99572,20200102,   30,    0
 18617, 99572,20200103,   26,    0
 18617, 99572,20200104,  -14,    0
 18617, 99572,20200105,-9999,    9
 18617, 99572,20200106,-9999,    9
 18617, 99572,20200107,   34,    0
 18617, 99572,20200108,   42,    0
 18617, 99572,20200109,  -18,    0
 18617, 99572,20200110,  -73,    0
 18617, 99572,20200111,   -5,    0
 18617, 99572,20200112,-9999,    9
 18617, 99572,20200113,-9999,    9
 18617, 99572,20200114,-9999,    9
 18617, 99572,20200115,-9999,    9
 18617, 99572,20200116,   34,    0
 18617, 99572,20200117,   36,    0
 18617, 99572,20200118,   21,    0
 18617, 99572,20200119,  -34,    0
 18617, 99572,20200120,   -6,    0
 18617, 99572,20200121,    0,    0
 18617, 99572,20200122,  -19,    0
 18617, 99572,20200123,  -23,    0
 18617, 99572,20200124,  -22,    0
 18617, 99572,20200125,  -29,    0
 18617, 99572,20200126,   26,    0
 18617, 99572,20200127,-9999,    9
 18617, 99572,20200128,-9999,    9
 18617, 99572,20200129,    1,    0
 18617, 99572,20200130,  -10,    0
 18617, 99572,20200131,   -4,    0
 18617, 99572,20200201,   29,    0
 18617, 99572,20200202,  -12,    0
 18617, 99572,20200203,  -47,    0
 18617, 99572,20200204,  -53,    0
 18617, 99572,20200205,  -73,    0
 18617, 99572,20200206,  -33,    0
 18617, 99572,20200207,  -23,    0
 18617, 99572,20200208,   10,    0
 18617, 99572,20200209,   20,    0
 18617, 99572,20200210,   20,    0
 18617, 99572,20200211,  -12,    0
 18617, 99572,20200212,   -4,    0
 18617, 99572,20200213,  -48,    0
 18617, 99572,20200214,  -50,    0
 18617, 99572,20200215,   20,    0
 18617, 99572,20200216,   43,    0
 18617, 99572,20200217,   40,    0
 18617, 99572,20200218,   20,    0
 18617, 99572,20200219,  -26,    0
 18617, 99572,20200220,  -11,    0
 18617, 99572,20200221,   22,    0
 18617, 99572,20200222,   36,    0
 18617, 99572,20200223,   11,    0
 18617, 99572,20200224,  -33,    0
 18617, 99572,20200225,  -32,    0
 18617, 99572,20200226,  -50,    0
 18617, 99572,20200227,  -89,    0
 18617, 99572,20200228,  -71,    0
 18617, 99572,20200229,  -41,    0
 18617, 99572,20200301,   -2,    0
 18617, 99572,20200302,   10,    0
 18617, 99572,20200303,   -4,    0
 18617, 99572,20200304,   -5,    0
 18617, 99572,20200305,  -18,    0
 18617, 99572,20200306,  -28,    0
 18617, 99572,20200307,  -30,    0
 18617, 99572,20200308,   20,    0
 18617, 99572,20200309,   34,    0
 18617, 99572,20200310,   17,    0
 18617, 99572,20200311,   23,    0
 18617, 99572,20200312,    6,    0
 18617, 99572,20200313,  -16,    0
 18617, 99572,20200314,  -39,    0
 18617, 99572,20200315,   17,    0
 18617, 99572,20200316,   12,    0
 18617, 99572,20200317,   38,    0
 18617, 99572,20200318,   30,    0
 18617, 99572,20200319,   12,    0
 18617, 99572,20200320,-9999,    9
 18617, 99572,20200321,-9999,    9
 18617, 99572,20200322,-9999,    9
 18617, 99572,20200323,-9999,    9
 18617, 99572,20200324,-9999,    9
 18617, 99572,20200325,-9999,    9
 18617, 99572,20200326,-9999,    9
 18617, 99572,20200327,   29,    0
 18617, 99572,20200328,   -6,    0
 18617, 99572,20200329,    2,    0
 18617, 99572,20200330,  -19,    0
 18617, 99572,20200331,   16,    0
 18617, 99572,20200401,   31,    0
 18617, 99572,20200402,   -5,    0
 18617, 99572,20200403,    0,    0
 18617, 99572,20200404,  -13,    0
 18617, 99572,20200405,    9,    0
 18617, 99572,20200406,   47,    0
 18617, 99572,20200407,   54,    0
 18617, 99572,20200408,   43,    0
 18617, 99572,20200409,   24,    0
 18617, 99572,20200410,   17,    0
 18617, 99572,20200411,-9999,    9
 18617, 99572,20200412,-9999,    9
 18617, 99572,20200413,-9999,    9
 18617, 99572,20200414,-9999,    9
 18617, 99572,20200415,-9999,    9
 18617, 99572,20200416,-9999,    9
 18617, 99572,20200417,   25,    0
 18617, 99572,20200418,   28,    0
 18617, 99572,20200419,   54,    0
 18617, 99572,20200420,   71,    0
 18617, 99572,20200421,   83,    0
 18617, 99572,20200422,   89,    0
 18617, 99572,20200423,   83,    0
 18617, 99572,20200424,   66,    0
 18617, 99572,20200425,   57,    0
 18617, 99572,20200426,   45,    0
 18617, 99572,20200427,   25,    0
 18617, 99572,20200428,   19,    0
 18617, 99572,20200429,   23,    0
 18617, 99572,20200430,   31,    0
 18617, 99572,20200501,   32,    0
 18617, 99572,20200502,   62,    0
 18617, 99572,20200503,   57,    0
 18617, 99572,20200504,   47,    0
 18617, 99572,20200505,   51,    0
 18617, 99572,20200506,   73,    0
 18617, 99572,20200507,   60,    0
 18617, 99572,20200508,   76,    0
 18617, 99572,20200509,   74,    0
 18617, 99572,20200510,   13,    0
 18617, 99572,20200511,   18,    0
 18617, 99572,20200512,   11,    0
 18617, 99572,20200513,   35,    0
 18617, 99572,20200514,   37,    0
 18617, 99572,20200515,   34,    0
 18617, 99572,20200516,   39,    0
 18617, 99572,20200517,   44,    0
 18617, 99572,20200518,   60,    0
 18617, 99572,20200519,   64,    0
 18617, 99572,20200520,   62,    0
 18617, 99572,20200521,   96,    0
 18617, 99572,20200522,  119,    0
 18617, 99572,20200523,   82,    0
 18617, 99572,20200524,   93,    0
 18617, 99572,20200525,  113,    0
 18617, 99572,20200526,  127,    0
 18617, 99572,20200527,  103,    0
 18617, 99572,20200528,   92,    0
 18617, 99572,20200529,  132,    0
 18617, 99572,20200530,  142,    0
 18617, 99572,20200531,  149,    0
 18617, 99572,20200601,  176,    0
 18617, 99572,20200602,  174,    0
 18617, 99572,20200603,  114,    0
 18617, 99572,20200604,  132,    0
 18617, 99572,20200605,  121,    0
 18617, 99572,20200606,   96,    0
 18617, 99572,20200607,  103,    0
 18617, 99572,20200608,   93,    0
 18617, 99572,20200609,  112,    0
 18617, 99572,20200610,  138,    0
 18617, 99572,20200611,  173,    0
 18617, 99572,20200612,  174,    0
 18617, 99572,20200613,  172,    0
 18617, 99572,20200614,  167,    0
 18617, 99572,20200615,  197,    0
 18617, 99572,20200616,  193,    0
 18617, 99572,20200617,  143,    0
 18617, 99572,20200618,  183,    0
 18617, 99572,20200619,  211,    0
 18617, 99572,20200620,  214,    0
 18617, 99572,20200621,  196,    0
 18617, 99572,20200622,  124,    0
 18617, 99572,20200623,  171,    0
 18617, 99572,20200624,  205,    0
 18617, 99572,20200625,  204,    0
 18617, 99572,20200626,  202,    0
 18617, 99572,20200627,-9999,    9
 18617, 99572,20200628,  184,    0
 18617, 99572,20200629,  158,    0
 18617, 99572,20200630,-9999,    9
 18617, 99572,20200701,  117,    0
 18617, 99572,20200702,  113,    0
 18617, 99572,20200703,   97,    0
 18617, 99572,20200704,  115,    0
 18617, 99572,20200705,  114,    0
 18617, 99572,20200706,  103,    0
 18617, 99572,20200707,   90,    0
 18617, 99572,20200708,  100,    0
 18617, 99572,20200709,  116,    0
 18617, 99572,20200710,  107,    0
 18617, 99572,20200711,  112,    0
 18617, 99572,20200712,  118,    0
 18617, 99572,20200713,  123,    0
 18617, 99572,20200714,  113,    0
 18617, 99572,20200715,  135,    0
 18617, 99572,20200716,  142,    0
 18617, 99572,20200717,  137,    0
 18617, 99572,20200718,  153,    0
 18617, 99572,20200719,  149,    0
 18617, 99572,20200720,  140,    0
 18617, 99572,20200721,  121,    0
 18617, 99572,20200722,   98,    0
 18617, 99572,20200723,  100,    0
 18617, 99572,20200724,  102,    0
 18617, 99572,20200725,  133,    0
 18617, 99572,20200726,  138,    0
 18617, 99572,20200727,  150,    0
 18617, 99572,20200728,  123,    0
 18617, 99572,20200729,  118,    0
 18617, 99572,20200730,  149,    0
 18617, 99572,20200731,  161,    0
 18617, 99572,20200801,  165,    0
 18617, 99572,20200802,  154,    0
 18617, 99572,20200803,  133,    0
 18617, 99572,20200804,  119,    0
 18617, 99572,20200805,  121,    0
 18617, 99572,20200806,  158,    0
 18617, 99572,20200807,  182,    0
 18617, 99572,20200808,  184,    0
 18617, 99572,20200809,  162,    0
 18617, 99572,20200810,  160,    0
 18617, 99572,20200811,  170,    0
 18617, 99572,20200812,  172,    0
 18617, 99572,20200813,  181,    0
 18617, 99572,20200814,  174,    0
 18617, 99572,20200815,  169,    0
 18617, 99572,20200816,  176,    0
 18617, 99572,20200817,  169,    0
 18617, 99572,20200818,  180,    0
 18617, 99572,20200819,  167,    0
 18617, 99572,20200820,  163,    0
 18617, 99572,20200821,  159,    0
 18617, 99572,20200822,  167,    0
 18617, 99572,20200823,  138,    0
 18617, 99572,20200824,-9999,    9
 18617, 99572,20200825,-9999,    9
 18617, 99572,20200826,   84,    0
 18617, 99572,20200827,   94,    0
 18617, 99572,20200828,  100,    0
 18617, 99572,20200829,   94,    0
 18617, 99572,20200830,   98,    0
 18617, 99572,20200831,   74,    0
 18617, 99572,20200901,   88,    0
 18617, 99572,20200902,   99,    0
 18617, 99572,20200903,  100,    0
 18617, 99572,20200904,  127,    0
 18617, 99572,20200905,  102,    0
 18617, 99572,20200906,   75,    0
 18617, 99572,20200907,   90,    0
 18617, 99572,20200908,  113,    0
 18617, 99572,20200909,   93,    0
 18617, 99572,20200910,   70,    0
 18617, 99572,20200911,   79,    0
 18617, 99572,20200912,   96,    0
 18617, 99572,20200913,   80,    0
 18617, 99572,20200914,  148,    0
 18617, 99572,20200915,  130,    0
 18617, 99572,20200916,  103,    0
 18617, 99572,20200917,   63,    0
 18617, 99572,20200918,   89,    0
 18617, 99572,20200919,   66,    0
 18617, 99572,20200920,   92,    0
 18617, 99572,20200921,  121,    0
 18617, 99572,20200922,  108,    0
 18617, 99572,20200923,  125,    0
 18617, 99572,20200924,  120,    0
 18617, 99572,20200925,   99,    0
 18617, 99572,20200926,   66,    0
 18617, 99572,20200927,   94,    0
 18617, 99572,20200928,  106,    0
 18617, 99572,20200929,  107,    0
 18617, 99572,20200930,  103,    0
 18617, 99572,20201001,   95,    0
 18617, 99572,20201002,  111,    0
 18617, 99572,20201003,  107,    0
 18617, 99572,20201004,  115,    0
 18617, 99572,20201005,   97,    0
 18617, 99572,20201006,   95,    0
 18617, 99572,20201007,   98,    0
 18617, 99572,20201008,   91,    0
 18617, 99572,20201009,   65,    0
 18617, 99572,20201010,   61,    0
 18617, 99572,20201011,   45,    0
 18617, 99572,20201012,   29,    0
 18617, 99572,20201013,   11,    0
 18617, 99572,20201014,    8,    0
 18617, 99572,20201015,   15,    0
 18617, 99572,20201016,   38,    0
 18617, 99572,20201017,   15,    0
 18617, 99572,20201018,   24,    0
 18617, 99572,20201019,   -7,    0
 18617, 99572,20201020,   -4,    0
 18617, 99572,20201021,   60,    0
 18617, 99572,20201022,   62,    0
 18617, 99572,20201023,   15,    0
 18617, 99572,20201024,   25,    0
 18617, 99572,20201025,-9999,    9
 18617, 99572,20201026,-9999,    9
 18617, 99572,20201027,   65,    0
 18617, 99572,20201028,   67,    0
 18617, 99572,20201029,   44,    0
 18617, 99572,20201030,   11,    0
 18617, 99572,20201031,   53,    0
 18617, 99572,20201101,   82,    0
 18617, 99572,20201102,   97,    0
 18617, 99572,20201103,   34,    0
 18617, 99572,20201104,   17,    0
 18617, 99572,20201105,   60,    0
 18617, 99572,20201106,   29,    0
 18617, 99572,20201107,   27,    0
 18617, 99572,20201108,   16,    0
 18617, 99572,20201109,    5,    0
 18617, 99572,20201110,   29,    0
 18617, 99572,20201111,   42,    0
 18617, 99572,20201112,   33,    0
 18617, 99572,20201113,   35,    0
 18617, 99572,20201114,   57,    0
 18617, 99572,20201115,   69,    0
 18617, 99572,20201116,   78,    0
 18617, 99572,20201117,   67,    0
 18617, 99572,20201118,   91,    0
 18617, 99572,20201119,-9999,    9
 18617, 99572,20201120,  -36,    0
 18617, 99572,20201121,   17,    0
 18617, 99572,20201122,    7,    0
 18617, 99572,20201123,  -27,    0
 18617, 99572,20201124,    5,    0
 18617, 99572,20201125,   68,    0
 18617, 99572,20201126,  -21,    0
 18617, 99572,20201127,  -64,    0
 18617, 99572,20201128,  -66,    0
 18617, 99572,20201129,  -69,    0
 18617, 99572,20201130,  -15,    0
 18617, 99572,20201201,  -28,    0
 18617, 99572,20201202,  -14,    0
 18617, 99572,20201203,-9999,    9
 18617, 99572,20201204,   -3,    0
 18617, 99572,20201205,    2,    0
 18617, 99572,20201206,    7,    0
 18617, 99572,20201207,-9999,    9
 18617, 99572,20201208,-9999,    9
 18617, 99572,20201209,    2,    0
 18617, 99572,20201210,    3,    0
 18617, 99572,20201211,   -8,    0
 18617, 99572,20201212,   -3,    0
 18617, 99572,20201213,    2,    0
 18617, 99572,20201214,-9999,    9
 18617, 99572,20201215,    1,    0
 18617, 99572,20201216,   -9,    0
 18617, 99572,20201217,    1,    0
 18617, 99572,20201218,    9,    0
 18617, 99572,20201219,   52,    0
 18617, 99572,20201220,   51,    0
 18617, 99572,20201221,   40,    0
 18617, 99572,20201222,-9999,    9
 18617, 99572,20201223,  -17,    0
 18617, 99572,20201224,  -25,    0
 18617, 99572,20201225,  -44,    0
 18617, 99572,20201226,  -29,    0
 18617, 99572,20201227,-9999,    9
 18617, 99572,20201228,    0,    0
 18617, 99572,20201229,    7,    0
 18617, 99572,20201230,    0,    0
 18617, 99572,20201231,  -13,    0
 18617, 99572,20210101,   -3,    0
 18617, 99572,20210102,  -11,    0
 18617, 99572,20210103,  -79,    0
 18617, 99572,20210104,  -87,    0
 18617, 99572,20210105,  -94,    0
 18617, 99572,20210106,-9999,    9
 18617, 99572,20210107,-9999,    9
 18617, 99572,20210108,  -65,    0
 18617, 99572,20210109,  -59,    0
 18617, 99572,20210110,  -63,    0
 18617, 99572,20210111,-9999,    9
 18617, 99572,20210112,  -97,    0
 18617, 99572,20210113,-9999,    9
 18617, 99572,20210114,  -92,    0
 18617, 99572,20210115, -187,    0
 18617, 99572,20210116, -187,    0
 18617, 99572,20210117,  -92,    0
 18617, 99572,20210118,  -35,    0
 18617, 99572,20210119,  -20,    0
 18617, 99572,20210120,   -9,    0
 18617, 99572,20210121,    5,    0
 18617, 99572,20210122,    7,    0
 18617, 99572,20210123,   -7,    0
 18617, 99572,20210124,   -8,    0
 18617, 99572,20210125,  -74,    0
 18617, 99572,20210126, -152,    0
 18617, 99572,20210127, -141,    0
 18617, 99572,20210128, -164,    0
 18617, 99572,20210129, -194,    0
 18617, 99572,20210130, -196,    0
 18617, 99572,20210131, -177,    0
 18617, 99572,20210201, -168,    0
 18617, 99572,20210202, -133,    0
 18617, 99572,20210203, -152,    0
 18617, 99572,20210204, -179,    0
 18617, 99572,20210205, -174,    0
 18617, 99572,20210206, -160,    0
 18617, 99572,20210207, -127,    0
 18617, 99572,20210208,  -96,    0
 18617, 99572,20210209, -113,    0
 18617, 99572,20210210, -150,    0
 18617, 99572,20210211, -187,    0
 18617, 99572,20210212, -167,    0
 18617, 99572,20210213, -179,    0
 18617, 99572,20210214, -171,    0
 18617, 99572,20210215, -110,    0
 18617, 99572,20210216,  -45,    0
 18617, 99572,20210217,  -52,    0
 18617, 99572,20210218,  -50,    0
 18617, 99572,20210219,  -11,    0
 18617, 99572,20210220,   17,    0
 18617, 99572,20210221,-9999,    9
 18617, 99572,20210222,   17,    0
 18617, 99572,20210223,   19,    0
 18617, 99572,20210224,   34,    0
 18617, 99572,20210225,   32,    0
 18617, 99572,20210226,   13,    0
 18617, 99572,20210227,  -18,    0
 18617, 99572,20210228,    2,    0
 18617, 99572,20210301,   -7,    0
 18617, 99572,20210302,    1,    0
 18617, 99572,20210303,  -10,    0
 18617, 99572,20210304,-9999,    9
 18617, 99572,20210305,  -20,    0
 18617, 99572,20210306,   -1,    0
 18617, 99572,20210307,  -13,    0
 18617, 99572,20210308,  -41,    0
 18617, 99572,20210309,  -18,    0
 18617, 99572,20210310,  -51,    0
 18617, 99572,20210311,  -16,    0
 18617, 99572,20210312,    2,    0
 18617, 99572,20210313,    8,    0
 18617, 99572,20210314,    2,    0
 18617, 99572,20210315,  -12,    0
 18617, 99572,20210316,  -16,    0
 18617, 99572,20210317,  -35,    0
 18617, 99572,20210318,  -19,    0
 18617, 99572,20210319,  -26,    0
 18617, 99572,20210320,   12,    0
 18617, 99572,20210321,-9999,    9
 18617, 99572,20210322,   21,    0
 18617, 99572,20210323,-9999,    9
 18617, 99572,20210324,   52,    0
 18617, 99572,20210325,   18,    0
 18617, 99572,20210326,   32,    0
 18617, 99572,20210327,   33,    0
 18617, 99572,20210328,   32,    0
 18617, 99572,20210329,   41,    0
 18617, 99572,20210330,   87,    0
 18617, 99572,20210331,   22,    0
 18617, 99572,20210401,    4,    0
 18617, 99572,20210402,   20,    0
 18617, 99572,20210403,   14,    0
 18617, 99572,20210404,   33,    0
 18617, 99572,20210405,    1,    0
 18617, 99572,20210406,   11,    0
 18617, 99572,20210407,    2,    0
 18617, 99572,20210408,   -4,    0
 18617, 99572,20210409,   16,    0
 18617, 99572,20210410,    3,    0
 18617, 99572,20210411,    3,    0
 18617, 99572,20210412,    2,    0
 18617, 99572,20210413,    2,    0
 18617, 99572,20210414,   -2,    0
 18617, 99572,20210415,   30,    0
 18617, 99572,20210416,   38,    0
 18617, 99572,20210417,-9999,    9
 18617, 99572,20210418,   61,    0
 18617, 99572,20210419,   60,    0
 18617, 99572,20210420,   63,    0
 18617, 99572,20210421,   20,    0
 18617, 99572,20210422,   34,    0
 18617, 99572,20210423,   26,    0
 18617, 99572,20210424,   18,    0
 18617, 99572,20210425,   12,    0
 18617, 99572,20210426,   23,    0
 18617, 99572,20210427,   20,    0
 18617, 99572,20210428,   14,    0
 18617, 99572,20210429,   20,    0
 18617, 99572,20210430,   25,    0
 18617, 99572,20210501,   37,    0
 18617, 99572,20210502,   47,    0
 18617, 99572,20210503,   47,    0
 18617, 99572,20210504,   33,    0
 18617, 99572,20210505,   21,    0
 18617, 99572,20210506,   27,    0
 18617, 99572,20210507,   18,    0
 18617, 99572,20210508,   44,    0
 18617, 99572,20210509,   37,    0
 18617, 99572,20210510,-9999,    9
 18617, 99572,20210511,-9999,    9
 18617, 99572,20210512,  121,    0
 18617, 99572,20210513,  138,    0
 18617, 99572,20210514,  109,    0
 18617, 99572,20210515,   80,    0
 18617, 99572,20210516,-9999,    9
 18617, 99572,20210517,   77,    0
 18617, 99572,20210518,   87,    0
 18617, 99572,20210519,  104,    0
 18617, 99572,20210520,   88,    0
 18617, 99572,20210521,   88,    0
 18617, 99572,20210522,   82,    0
 18617, 99572,20210523,   78,    0
 18617, 99572,20210524,   78,    0
 18617, 99572,20210525,   94,    0
 18617, 99572,20210526,   78,    0
 18617, 99572,20210527,   83,    0
 18617, 99572,20210528,  124,    0
 18617, 99572,20210529,  144,    0
 18617, 99572,20210530,  172,    0
 18617, 99572,20210531,  188,    0
 18617, 99572,20210601,  151,    0
 18617, 99572,20210602,  143,    0
 18617, 99572,20210603,  152,    0
 18617, 99572,20210604,  151,    0
 18617, 99572,20210605,  168,    0
 18617, 99572,20210606,  177,    0
 18617, 99572,20210607,  160,    0
 18617, 99572,20210608,  155,    0
 18617, 99572,20210609,  167,    0
 18617, 99572,20210610,  163,    0
 18617, 99572,20210611,  159,    0
 18617, 99572,20210612,  141,    0
 18617, 99572,20210613,  141,    0
 18617, 99572,20210614,-9999,    9
 18617, 99572,20210615,  116,    0
 18617, 99572,20210616,  128,    0
 18617, 99572,20210617,  179,    0
 18617, 99572,20210618,  177,    0
 18617, 99572,20210619,  154,    0
 18617, 99572,20210620,  151,    0
 18617, 99572,20210621,  146,    0
 18617, 99572,20210622,  121,    0
 18617, 99572,20210623,  138,    0
 18617, 99572,20210624,  163,    0
 18617, 99572,20210625,  163,    0
 18617, 99572,20210626,  184,    0
 18617, 99572,20210627,  160,    0
 18617, 99572,20210628,  165,    0
 18617, 99572,20210629,  172,    0
 18617, 99572,20210630,  150,    0
 18617, 99572,20210701,  162,    0
 18617, 99572,20210702,  181,    0
 18617, 99572,20210703,  192,    0
 18617, 99572,20210704,  188,    0
 18617, 99572,20210705,  174,    0
 18617, 99572,20210706,  176,    0
 18617, 99572,20210707,  171,    0
 18617, 99572,20210708,  168,    0
 18617, 99572,20210709,  175,    0
 18617, 99572,20210710,  159,    0
 18617, 99572,20210711,  171,    0
 18617, 99572,20210712,  151,    0
 18617, 99572,20210713,  181,    0
 18617, 99572,20210714,  189,    0
 18617, 99572,20210715,  197,    0
 18617, 99572,20210716,  190,    0
 18617, 99572,20210717,  188,    0
 18617, 99572,20210718,  148,    0
 18617, 99572,20210719,  140,    0
 18617, 99572,20210720,  162,    0
 18617, 99572,20210721,  141,    0
 18617, 99572,20210722,  171,    0
 18617, 99572,20210723,  157,    0
 18617, 99572,20210724,  178,    0
 18617, 99572,20210725,  190,    0
 18617, 99572,20210726,  173,    0
 18617, 99572,20210727,  169,    0
 18617, 99572,20210728,  170,    0
 18617, 99572,20210729,  141,    0
 18617, 99572,20210730,  150,    0
 18617, 99572,20210731,-9999,    9
 18617, 99572,20210801,-9999,    9
 18617, 99572,20210802,-9999,    9
 18617, 99572,20210803,   97,    0
 18617, 99572,20210804,  122,    0
 18617, 99572,20210805,  125,    0
 18617, 99572,20210806,  140,    0
 18617, 99572,20210807,  133,    0
 18617, 99572,20210808,  149,    0
 18617, 99572,20210809,  144,    0
 18617, 99572,20210810,  145,    0
 18617, 99572,20210811,  144,    0
 18617, 99572,20210812,-9999,    9
 18617, 99572,20210813,  156,    0
 18617, 99572,20210814,  126,    0
 18617, 99572,20210815,  124,    0
 18617, 99572,20210816,  119,    0
 18617, 99572,20210817,  122,    0
 18617, 99572,20210818,  132,    0
 18617, 99572,20210819,  117,    0
 18617, 99572,20210820,  119,    0
 18617, 99572,20210821,  101,    0
 18617, 99572,20210822,   99,    0
 18617, 99572,20210823,  105,    0
 18617, 99572,20210824,  136,    0
 18617, 99572,20210825,  129,    0
 18617, 99572,20210826,  112,    0
 18617, 99572,20210827,  121,    0
 18617, 99572,20210828,  136,    0
 18617, 99572,20210829,  138,    0
 18617, 99572,20210830,  128,    0
 18617, 99572,20210831,-9999,    9
 18617, 99572,20210901,  121,    0
 18617, 99572,20210902,  138,    0
 18617, 99572,20210903,  110,    0
 18617, 99572,20210904,   85,    0
 18617, 99572,20210905,  108,    0
 18617, 99572,20210906,  131,    0
 18617, 99572,20210907,  152,    0
 18617, 99572,20210908,-9999,    9
 18617, 99572,20210909,  149,    0
 18617, 99572,20210910,  134,    0
 18617, 99572,20210911,  149,    0
 18617, 99572,20210912,  136,    0
 18617, 99572,20210913,   78,    0
 18617, 99572,20210914,   80,    0
 18617, 99572,20210915,   80,    0
 18617, 99572,20210916,   83,    0
 18617, 99572,20210917,   73,    0
 18617, 99572,20210918,   74,    0
 18617, 99572,20210919,   70,    0
 18617, 99572,20210920,   62,    0
 18617, 99572,20210921,   79,    0
 18617, 99572,20210922,  104,    0
 18617, 99572,20210923,   99,    0
 18617, 99572,20210924,   63,    0
 18617, 99572,20210925,   67,    0
 18617, 99572,20210926,   65,    0
 18617, 99572,20210927,   94,    0
 18617, 99572,20210928,  103,    0
 18617, 99572,20210929,   98,    0
 18617, 99572,20210930,   87,    0
 18617, 99572,20211001,   97,    0
 18617, 99572,20211002,   96,    0
 18617, 99572,20211003,  112,    0
 18617, 99572,20211004,  103,    0
 18617, 99572,20211005,  104,    0
 18617, 99572,20211006,   90,    0
 18617, 99572,20211007,  100,    0
 18617, 99572,20211008,  114,    0
 18617, 99572,20211009,  114,    0
 18617, 99572,20211010,   98,    0
 18617, 99572,20211011,   49,    0
 18617, 99572,20211012,   25,    0
 18617, 99572,20211013,   16,    0
 18617, 99572,20211014,   77,    0
 18617, 99572,20211015,-9999,    9
 18617, 99572,20211016,    7,    0
 18617, 99572,20211017,  -16,    0
 18617, 99572,20211018,  -20,    0
 18617, 99572,20211019,    1,    0
 18617, 99572,20211020,   84,    0
 18617, 99572,20211021,   41,    0
 18617, 99572,20211022,    8,    0
 18617, 99572,20211023,   14,    0
 18617, 99572,20211024,   61,    0
 18617, 99572,20211025,   76,    0
 18617, 99572,20211026,   50,    0
 18617, 99572,20211027,   60,    0
 18617, 99572,20211028,  102,    0
 18617, 99572,20211029,   92,    0
 18617, 99572,20211030,   82,    0
 18617, 99572,20211031,-9999,    9
 18617, 99572,20211101,-9999,    9
 18617, 99572,20211102,   71,    0
 18617, 99572,20211103,   51,    0
 18617, 99572,20211104,   34,    0
 18617, 99572,20211105,   -1,    0
 18617, 99572,20211106,  -14,    0
 18617, 99572,20211107,-9999,    9
 18617, 99572,20211108,-9999,    9
 18617, 99572,20211109,    6,    0
 18617, 99572,20211110,   21,    0
 18617, 99572,20211111,    0,    0
 18617, 99572,20211112,  -28,    0
 18617, 99572,20211113,   -3,    0
 18617, 99572,20211114,   -7,    0
 18617, 99572,20211115,   24,    0
 18617, 99572,20211116,   56,    0
 18617, 99572,20211117,   28,    0
 18617, 99572,20211118,  -13,    0
 18617, 99572,20211119,    5,    0
 18617, 99572,20211120,  -15,    0
 18617, 99572,20211121,  -40,    0
 18617, 99572,20211122,  -55,    0
 18617, 99572,20211123,  -30,    0
 18617, 99572,20211124,  -21,    0
 18617, 99572,20211125,  -48,    0
 18617, 99572,20211126,  -95,    0
 18617, 99572,20211127,  -88,    0
 18617, 99572,20211128,  -66,    0
 18617, 99572,20211129, -136,    0
 18617, 99572,20211130,-9999,    9
 18617, 99572,20211201, -142,    0
 18617, 99572,20211202, -131,    0
 18617, 99572,20211203, -109,    0
 18617, 99572,20211204,  -87,    0
 18617, 99572,20211205,  -92,    0
 18617, 99572,20211206, -165,    0
 18617, 99572,20211207, -155,    0
 18617, 99572,20211208,  -68,    0
 18617, 99572,20211209,  -28,    0
 18617, 99572,20211210,  -21,    0
 18617, 99572,20211211,   -3,    0
 18617, 99572,20211212,   -9,    0
 18617, 99572,20211213,    1,    0
 18617, 99572,20211214,   -4,    0
 18617, 99572,20211215,   15,    0
 18617, 99572,20211216,  -27,    0
 18617, 99572,20211217,  -34,    0
 18617, 99572,20211218,  -31,    0
 18617, 99572,20211219,   -9,    0
 18617, 99572,20211220,  -45,    0
 18617, 99572,20211221,  -61,    0
 18617, 99572,20211222,  -48,    0
 18617, 99572,20211223,  -50,    0
 18617, 99572,20211224, -135,    0
 18617, 99572,20211225, -147,    0
 18617, 99572,20211226, -110,    0
 18617, 99572,20211227, -131,    0
 18617, 99572,20211228,  -62,    0
 18617, 99572,20211229,  -62,    0
 18617, 99572,20211230,  -14,    0
 18617, 99572,20211231,  -32,    0
 18617, 99572,20220101,  -96,    0
 18617, 99572,20220102,   -8,    0
 18617, 99572,20220103,   15,    0
 18617, 99572,20220104,  -31,    0
 18617, 99572,20220105,  -52,    0
 18617, 99572,20220106, -147,    0
 18617, 99572,20220107,  -86,    0
 18617, 99572,20220108,  -49,    0
 18617, 99572,20220109,  -38,    0
 18617, 99572,20220110,  -39,    0
 18617, 99572,20220111,  -11,    0
 18617, 99572,20220112,   -9,    0
 18617, 99572,20220113,   -3,    0
 18617, 99572,20220114,   11,    0
 18617, 99572,20220115,  -73,    0
 18617, 99572,20220116,  -18,    0
 18617, 99572,20220117,  -16,    0
 18617, 99572,20220118,-9999,    9
 18617, 99572,20220119,   -7,    0
 18617, 99572,20220120,  -47,    0
 18617, 99572,20220121,  -68,    0
 18617, 99572,20220122,  -39,    0
 18617, 99572,20220123,  -45,    0
 18617, 99572,20220124,  -24,    0
 18617, 99572,20220125,  -91,    0
 18617, 99572,20220126,  -26,    0
 18617, 99572,20220127,    8,    0
 18617, 99572,20220128,  -18,    0
 18617, 99572,20220129,   21,    0
 18617, 99572,20220130,    6,    0
 18617, 99572,20220131,  -93,    0
 18617, 99572,20220201,-9999,    9
 18617, 99572,20220202,-9999,    9
 18617, 99572,20220203,  -76,    0
 18617, 99572,20220204,   -4,    0
 18617, 99572,20220205,  -33,    0
 18617, 99572,20220206,  -36,    0
 18617, 99572,20220207,  -69,    0
 18617, 99572,20220208,   -9,    0
 18617, 99572,20220209,  -15,    0
 18617, 99572,20220210,  -42,    0
 18617, 99572,20220211,  -77,    0
 18617, 99572,20220212,  -23,    0
 18617, 99572,20220213,   21,    0
 18617, 99572,20220214,    3,    0
 18617, 99572,20220215,    3,    0
 18617, 99572,20220216,    1,    0
 18617, 99572,20220217,  -21,    0
 18617, 99572,20220218,  -49,    0
 18617, 99572,20220219,  -59,    0
 18617, 99572,20220220,  -80,    0
 18617, 99572,20220221,  -32,    0
 18617, 99572,20220222,  -74,    0
 18617, 99572,20220223,  -13,    0
 18617, 99572,20220224,    5,    0
 18617, 99572,20220225,  -28,    0
 18617, 99572,20220226,  -46,    0
 18617, 99572,20220227,   17,    0
 18617, 99572,20220228,    4,    0
 18617, 99572,20220301,    7,    0
 18617, 99572,20220302,  -13,    0
 18617, 99572,20220303,-9999,    9
 18617, 99572,20220304,  -54,    0
 18617, 99572,20220305,  -31,    0
 18617, 99572,20220306,  -36,    0
 18617, 99572,20220307,    3,    0
 18617, 99572,20220308,  -43,    0
 18617, 99572,20220309,  -44,    0
 18617, 99572,20220310,  -40,    0
 18617, 99572,20220311,  -12,    0
 18617, 99572,20220312,  -46,    0
 18617, 99572,20220313,  -31,    0
 18617, 99572,20220314,  -23,    0
 18617, 99572,20220315,  -24,    0
 18617, 99572,20220316,  -24,    0
 18617, 99572,20220317,    4,    0
 18617, 99572,20220318,   13,    0
 18617, 99572,20220319,   -5,    0
 18617, 99572,20220320,    9,    0
 18617, 99572,20220321,   -9,    0
 18617, 99572,20220322,   -3,    0
 18617, 99572,20220323,    4,    0
 18617, 99572,20220324,   17,    0
 18617, 99572,20220325,   48,    0
 18617, 99572,20220326,   24,    0
 18617, 99572,20220327,-9999,    9
 18617, 99572,20220328,   50,    0
 18617, 99572,20220329,  -19,    0
 18617, 99572,20220330,  -49,    0
 18617, 99572,20220331,  -44,    0
 18617, 99572,20220401,  -51,    0
 18617, 99572,20220402,  -34,    0
 18617, 99572,20220403,   -9,    0
 18617, 99572,20220404,  -11,    0
 18617, 99572,20220405,-9999,    9
 18617, 99572,20220406,  -33,    0
 18617, 99572,20220407,  -16,    0
 18617, 99572,20220408,  -23,    0
 18617, 99572,20220409,    5,    0
 18617, 99572,20220410,   34,    0
 18617, 99572,20220411,   10,    0
 18617, 99572,20220412,   10,    0
 18617, 99572,20220413,    9,    0
 18617, 99572,20220414,   18,    0
 18617, 99572,20220415,   24,    0
 18617, 99572,20220416,   39,    0
 18617, 99572,20220417,   49,    0
 18617, 99572,20220418,   52,    0
 18617, 99572,20220419,   66,    0
 18617, 99572,20220420,   74,    0
 18617, 99572,20220421,   73,    0
 18617, 99572,20220422,   81,    0
 18617, 99572,20220423,   55,    0
 18617, 99572,20220424,   39,    0
 18617, 99572,20220425,   62,    0
 18617, 99572,20220426,   38,    0
 18617, 99572,20220427,   13,    0
 18617, 99572,20220428,   55,    0
 18617, 99572,20220429,   36,    0
 18617, 99572,20220430,   51,    0
 18617, 99572,20220501,-9999,    9
 18617, 99572,20220502,-9999,    9
 18617, 99572,20220503,-9999,    9
 18617, 99572,20220504,-9999,    9
 18617, 99572,20220505,-9999,    9
 18617, 99572,20220506,-9999,    9
 18617, 99572,20220507,-9999,    9
 18617, 99572,20220508,-9999,    9
 18617, 99572,20220509,-9999,    9
 18617, 99572,20220510,-9999,    9
 18617, 99572,20220511,-9999,    9
 18617, 99572,20220512,-9999,    9
 18617, 99572,20220513,-9999,    9
 18617, 99572,20220514,-9999,    9
 18617, 99572,20220515,   84,    0
 18617, 99572,20220516,   67,    0
 18617, 99572,20220517,   74,    0
 18617, 99572,20220518,   95,    0
 18617, 99572,20220519,-9999,    9
 18617, 99572,20220520,-9999,    9
 18617, 99572,20220521,   96,    0
 18617, 99572,20220522,   94,    0
 18617, 99572,20220523,  105,    0
 18617, 99572,20220524,  115,    0
 18617, 99572,20220525,  106,    0
 18617, 99572,20220526,   87,    0
 18617, 99572,20220527,   58,    0
 18617, 99572,20220528,   93,    0
 18617, 99572,20220529,   69,    0
 18617, 99572,20220530,  116,    0
 18617, 99572,20220531,  105,    0
 18617, 99572,20220601,   93,    0
 18617, 99572,20220602,  112,    0
 18617, 99572,20220603,  106,    0
 18617, 99572,20220604,  130,    0
 18617, 99572,20220605,  139,    0
 18617, 99572,20220606,  164,    0
 18617, 99572,20220607,  139,    0
 18617, 99572,20220608,  121,    0
 18617, 99572,20220609,  148,    0
 18617, 99572,20220610,  140,    0
 18617, 99572,20220611,  142,    0
 18617, 99572,20220612,-9999,    9
 18617, 99572,20220613,-9999,    9
 18617, 99572,20220614,  136,    0
 18617, 99572,20220615,  139,    0
 18617, 99572,20220616,  145,    0
 18617, 99572,20220617,  145,    0
 18617, 99572,20220618,  141,    0
 18617, 99572,20220619,  117,    0
 18617, 99572,20220620,  138,    0
 18617, 99572,20220621,  139,    0
 18617, 99572,20220622,  146,    0
 18617, 99572,20220623,  184,    0
 18617, 99572,20220624,  189,    0
 18617, 99572,20220625,  207,    0
 18617, 99572,20220626,  201,    0
 18617, 99572,20220627,  200,    0
 18617, 99572,20220628,  158,    0
 18617, 99572,20220629,  170,    0
 18617, 99572,20220630,  195,    0
 18617, 99572,20220701,  196,    0
 18617, 99572,20220702,  157,    0
 18617, 99572,20220703,  140,    0
 18617, 99572,20220704,  134,    0
 18617, 99572,20220705,  140,    0
 18617, 99572,20220706,  132,    0
 18617, 99572,20220707,  142,    0
 18617, 99572,20220708,  146,    0
 18617, 99572,20220709,  131,    0
 18617, 99572,20220710,  135,    0
 18617, 99572,20220711,  141,    0
 18617, 99572,20220712,  167,    0
 18617, 99572,20220713,  144,    0
 18617, 99572,20220714,  111,    0
 18617, 99572,20220715,  115,    0
 18617, 99572,20220716,  122,    0
 18617, 99572,20220717,  129,    0
 18617, 99572,20220718,  144,    0
 18617, 99572,20220719,  168,    0
 18617, 99572,20220720,  201,    0
 18617, 99572,20220721,  203,    0
 18617, 99572,20220722,  131,    0
 18617, 99572,20220723,  144,    0
 18617, 99572,20220724,  141,    0
 18617, 99572,20220725,  154,    0
 18617, 99572,20220726,  150,    0
 18617, 99572,20220727,  134,    0
 18617, 99572,20220728,  117,    0
 18617, 99572,20220729,  144,    0
 18617, 99572,20220730,  150,    0
 18617, 99572,20220731,  150,    0
 18617, 99572,20220801,  142,    0
 18617, 99572,20220802,  112,    0
 18617, 99572,20220803,  163,    0
 18617, 99572,20220804,  160,    0
 18617, 99572,20220805,  151,    0
 18617, 99572,20220806,  116,    0
 18617, 99572,20220807,  113,    0
 18617, 99572,20220808,  126,    0
 18617, 99572,20220809,-9999,    9
 18617, 99572,20220810,  187,    0
 18617, 99572,20220811,  186,    0
 18617, 99572,20220812,  169,    0
 18617, 99572,20220813,  167,    0
 18617, 99572,20220814,  176,    0
 18617, 99572,20220815,-9999,    9
 18617, 99572,20220816,  187,    0
 18617, 99572,20220817,-9999,    9
 18617, 99572,20220818,  164,    0
 18617, 99572,20220819,  193,    0
 18617, 99572,20220820,  170,    0
 18617, 99572,20220821,  132,    0
 18617, 99572,20220822,  115,    0
 18617, 99572,20220823,  119,    0
 18617, 99572,20220824,  137,    0
 18617, 99572,20220825,  153,    0
 18617, 99572,20220826,  129,    0
 18617, 99572,20220827,  160,    0
 18617, 99572,20220828,  135,    0
 18617, 99572,20220829,   97,    0
 18617, 99572,20220830,   87,    0
 18617, 99572,20220831,   90,    0
 18617, 99572,20220901,   85,    0
 18617, 99572,20220902,   84,    0
 18617, 99572,20220903,  102,    0
 18617, 99572,20220904,   90,    0
 18617, 99572,20220905,  106,    0
 18617, 99572,20220906,   98,    0
 18617, 99572,20220907,   90,    0
 18617, 99572,20220908,   92,    0
 18617, 99572,20220909,  102,    0
 18617, 99572,20220910,  106,    0
 18617, 99572,20220911,  106,    0
 18617, 99572,20220912,  115,    0
 18617, 99572,20220913,  104,    0
 18617, 99572,20220914,   94,    0
 18617, 99572,20220915,   83,    0
 18617, 99572,20220916,   96,    0
 18617, 99572,20220917,   89,    0
 18617, 99572,20220918,   71,    0
 18617, 99572,20220919,   85,    0
 18617, 99572,20220920,   58,    0
 18617, 99572,20220921,   44,    0
 18617, 99572,20220922,   74,    0
 18617, 99572,20220923,  103,    0
 18617, 99572,20220924,   98,    0
 18617, 99572,20220925,   74,    0
 18617, 99572,20220926,   74,    0
 18617, 99572,20220927,   97,    0
 18617, 99572,20220928,   95,    0
 18617, 99572,20220929,   68,    0
 18617, 99572,20220930,   63,    0
 18617, 99572,20221001,   88,    0
 18617, 99572,20221002,   74,    0
 18617, 99572,20221003,   42,    0
 18617, 99572,20221004,   57,    0
 18617, 99572,20221005,  123,    0
 18617, 99572,20221006,   88,    0
 18617, 99572,20221007,  100,    0
 18617, 99572,20221008,   47,    0
 18617, 99572,20221009,   51,    0
 18617, 99572,20221010,   90,    0
 18617, 99572,20221011,   26,    0
 18617, 99572,20221012,   34,    0
 18617, 99572,20221013,   85,    0
 18617, 99572,20221014,   65,    0
 18617, 99572,20221015,   75,    0
 18617, 99572,20221016,   68,    0
 18617, 99572,20221017,   42,    0
 18617, 99572,20221018,   41,    0
 18617, 99572,20221019,   -4,    0
 18617, 99572,20221020,    6,    0
 18617, 99572,20221021,   17,    0
 18617, 99572,20221022,   29,    0
 18617, 99572,20221023,   11,    0
 18617, 99572,20221024,   51,    0
 18617, 99572,20221025,   73,    0
 18617, 99572,20221026,   59,    0
 18617, 99572,20221027,   93,    0
 18617, 99572,20221028,  105,    0
 18617, 99572,20221029,   71,    0
 18617, 99572,20221030,-9999,    9
 18617, 99572,20221031,   79,    0
