EUROPEAN CLIMATE ASSESSMENT & DATASET (ECA&D), file created on: 16-11-2022
THESE DATA CAN BE USED FOR NON-COMMERCIAL RESEARCH AND EDUCATION PROVIDED THAT THE FOLLOWING SOURCE IS ACKNOWLEDGED: 

Klein Tank, A.M.G. and Coauthors, 2002. Daily dataset of 20th-century surface
air temperature and precipitation series for the European Climate Assessment.
Int. J. of Climatol., 22, 1441-1453.
Data and metadata available at http://www.ecad.eu

FILE FORMAT (MISSING VALUE CODE = -9999):

01-06 STAID: Station identifier
08-13 SOUID: Source identifier
15-22 DATE : Date YYYYMMDD
24-28 TG   : Mean temperature in 0.1 &#176;C
30-34 Q_TG : quality code for TG (0='valid'; 1='suspect'; 9='missing')

This is the blended series of station E6 TUSSVIKA, NORWAY (STAID: 18700)
Blended and updated with sources:99711 
See files sources.txt and stations.txt for more info.

STAID, SOUID,    DATE,   TG, Q_TG
 18700, 99711,20150501,-9999,    9
 18700, 99711,20150502,-9999,    9
 18700, 99711,20150503,-9999,    9
 18700, 99711,20150504,-9999,    9
 18700, 99711,20150505,-9999,    9
 18700, 99711,20150506,-9999,    9
 18700, 99711,20150507,-9999,    9
 18700, 99711,20150508,-9999,    9
 18700, 99711,20150509,-9999,    9
 18700, 99711,20150510,-9999,    9
 18700, 99711,20150511,-9999,    9
 18700, 99711,20150512,-9999,    9
 18700, 99711,20150513,-9999,    9
 18700, 99711,20150514,-9999,    9
 18700, 99711,20150515,-9999,    9
 18700, 99711,20150516,-9999,    9
 18700, 99711,20150517,-9999,    9
 18700, 99711,20150518,-9999,    9
 18700, 99711,20150519,-9999,    9
 18700, 99711,20150520,-9999,    9
 18700, 99711,20150521,   60,    0
 18700, 99711,20150522,   68,    0
 18700, 99711,20150523,   52,    0
 18700, 99711,20150524,   77,    0
 18700, 99711,20150525,   87,    0
 18700, 99711,20150526,-9999,    9
 18700, 99711,20150527,-9999,    9
 18700, 99711,20150528,   67,    0
 18700, 99711,20150529,   98,    0
 18700, 99711,20150530,  109,    0
 18700, 99711,20150531,  103,    0
 18700, 99711,20150601,   98,    0
 18700, 99711,20150602,-9999,    9
 18700, 99711,20150603,   96,    0
 18700, 99711,20150604,   58,    0
 18700, 99711,20150605,   51,    0
 18700, 99711,20150606,   77,    0
 18700, 99711,20150607,   74,    0
 18700, 99711,20150608,   66,    0
 18700, 99711,20150609,   71,    0
 18700, 99711,20150610,   67,    0
 18700, 99711,20150611,   60,    0
 18700, 99711,20150612,   66,    0
 18700, 99711,20150613,   51,    0
 18700, 99711,20150614,   78,    0
 18700, 99711,20150615,   57,    0
 18700, 99711,20150616,   69,    0
 18700, 99711,20150617,   92,    0
 18700, 99711,20150618,  125,    0
 18700, 99711,20150619,   98,    0
 18700, 99711,20150620,   97,    0
 18700, 99711,20150621,  114,    0
 18700, 99711,20150622,  127,    0
 18700, 99711,20150623,-9999,    9
 18700, 99711,20150624,-9999,    9
 18700, 99711,20150625,-9999,    9
 18700, 99711,20150626,   91,    0
 18700, 99711,20150627,   91,    0
 18700, 99711,20150628,   84,    0
 18700, 99711,20150629,  104,    0
 18700, 99711,20150630,  107,    0
 18700, 99711,20150701,-9999,    9
 18700, 99711,20150702,-9999,    9
 18700, 99711,20150703,-9999,    9
 18700, 99711,20150704,  112,    0
 18700, 99711,20150705,-9999,    9
 18700, 99711,20150706,-9999,    9
 18700, 99711,20150707,-9999,    9
 18700, 99711,20150708,-9999,    9
 18700, 99711,20150709,-9999,    9
 18700, 99711,20150710,-9999,    9
 18700, 99711,20150711,-9999,    9
 18700, 99711,20150712,-9999,    9
 18700, 99711,20150713,-9999,    9
 18700, 99711,20150714,-9999,    9
 18700, 99711,20150715,-9999,    9
 18700, 99711,20150716,-9999,    9
 18700, 99711,20150717,-9999,    9
 18700, 99711,20150718,-9999,    9
 18700, 99711,20150719,-9999,    9
 18700, 99711,20150720,-9999,    9
 18700, 99711,20150721,-9999,    9
 18700, 99711,20150722,-9999,    9
 18700, 99711,20150723,-9999,    9
 18700, 99711,20150724,-9999,    9
 18700, 99711,20150725,-9999,    9
 18700, 99711,20150726,-9999,    9
 18700, 99711,20150727,-9999,    9
 18700, 99711,20150728,-9999,    9
 18700, 99711,20150729,-9999,    9
 18700, 99711,20150730,-9999,    9
 18700, 99711,20150731,-9999,    9
 18700, 99711,20150801,-9999,    9
 18700, 99711,20150802,-9999,    9
 18700, 99711,20150803,-9999,    9
 18700, 99711,20150804,  139,    0
 18700, 99711,20150805,  169,    0
 18700, 99711,20150806,  129,    0
 18700, 99711,20150807,  154,    0
 18700, 99711,20150808,  119,    0
 18700, 99711,20150809,  117,    0
 18700, 99711,20150810,  140,    0
 18700, 99711,20150811,  163,    0
 18700, 99711,20150812,  109,    0
 18700, 99711,20150813,  105,    0
 18700, 99711,20150814,  121,    0
 18700, 99711,20150815,  155,    0
 18700, 99711,20150816,  172,    0
 18700, 99711,20150817,  172,    0
 18700, 99711,20150818,-9999,    9
 18700, 99711,20150819,  183,    0
 18700, 99711,20150820,  170,    0
 18700, 99711,20150821,  169,    0
 18700, 99711,20150822,  174,    0
 18700, 99711,20150823,  171,    0
 18700, 99711,20150824,  194,    0
 18700, 99711,20150825,  195,    0
 18700, 99711,20150826,  192,    0
 18700, 99711,20150827,  188,    0
 18700, 99711,20150828,  164,    0
 18700, 99711,20150829,  120,    0
 18700, 99711,20150830,  120,    0
 18700, 99711,20150831,   97,    0
 18700, 99711,20150901,   86,    0
 18700, 99711,20150902,   86,    0
 18700, 99711,20150903,   84,    0
 18700, 99711,20150904,   90,    0
 18700, 99711,20150905,   93,    0
 18700, 99711,20150906,-9999,    9
 18700, 99711,20150907,-9999,    9
 18700, 99711,20150908,   96,    0
 18700, 99711,20150909,  103,    0
 18700, 99711,20150910,  115,    0
 18700, 99711,20150911,  160,    0
 18700, 99711,20150912,  155,    0
 18700, 99711,20150913,  140,    0
 18700, 99711,20150914,  145,    0
 18700, 99711,20150915,  150,    0
 18700, 99711,20150916,  136,    0
 18700, 99711,20150917,  135,    0
 18700, 99711,20150918,  135,    0
 18700, 99711,20150919,  106,    0
 18700, 99711,20150920,  111,    0
 18700, 99711,20150921,  111,    0
 18700, 99711,20150922,  115,    0
 18700, 99711,20150923,   97,    0
 18700, 99711,20150924,  103,    0
 18700, 99711,20150925,  113,    0
 18700, 99711,20150926,   94,    0
 18700, 99711,20150927,   93,    0
 18700, 99711,20150928,   97,    0
 18700, 99711,20150929,  118,    0
 18700, 99711,20150930,   78,    0
 18700, 99711,20151001,   70,    0
 18700, 99711,20151002,   56,    0
 18700, 99711,20151003,   36,    0
 18700, 99711,20151004,   43,    0
 18700, 99711,20151005,   22,    0
 18700, 99711,20151006,   35,    0
 18700, 99711,20151007,   45,    0
 18700, 99711,20151008,   56,    0
 18700, 99711,20151009,   45,    0
 18700, 99711,20151010,   66,    0
 18700, 99711,20151011,   68,    0
 18700, 99711,20151012,   93,    0
 18700, 99711,20151013,   69,    0
 18700, 99711,20151014,   80,    0
 18700, 99711,20151015,   85,    0
 18700, 99711,20151016,   71,    0
 18700, 99711,20151017,   81,    0
 18700, 99711,20151018,   76,    0
 18700, 99711,20151019,   63,    0
 18700, 99711,20151020,   74,    0
 18700, 99711,20151021,   64,    0
 18700, 99711,20151022,   59,    0
 18700, 99711,20151023,-9999,    9
 18700, 99711,20151024,-9999,    9
 18700, 99711,20151025,   59,    0
 18700, 99711,20151026,   26,    0
 18700, 99711,20151027,    0,    0
 18700, 99711,20151028,    7,    0
 18700, 99711,20151029,-9999,    9
 18700, 99711,20151030,-9999,    9
 18700, 99711,20151031,   56,    0
 18700, 99711,20151101,   77,    0
 18700, 99711,20151102,   72,    0
 18700, 99711,20151103,   67,    0
 18700, 99711,20151104,   55,    0
 18700, 99711,20151105,-9999,    9
 18700, 99711,20151106,-9999,    9
 18700, 99711,20151107,   51,    0
 18700, 99711,20151108,   56,    0
 18700, 99711,20151109,   58,    0
 18700, 99711,20151110,   52,    0
 18700, 99711,20151111,   34,    0
 18700, 99711,20151112,   22,    0
 18700, 99711,20151113,   22,    0
 18700, 99711,20151114,   15,    0
 18700, 99711,20151115,    5,    0
 18700, 99711,20151116,   -8,    0
 18700, 99711,20151117,   21,    0
 18700, 99711,20151118,    6,    0
 18700, 99711,20151119,   -3,    0
 18700, 99711,20151120,  -18,    0
 18700, 99711,20151121,-9999,    9
 18700, 99711,20151122,  -45,    0
 18700, 99711,20151123,   -2,    0
 18700, 99711,20151124,   26,    0
 18700, 99711,20151125,   25,    0
 18700, 99711,20151126,   31,    0
 18700, 99711,20151127,   31,    0
 18700, 99711,20151128,   20,    0
 18700, 99711,20151129,   13,    0
 18700, 99711,20151130,    2,    0
 18700, 99711,20151201,  -10,    0
 18700, 99711,20151202,   16,    0
 18700, 99711,20151203,   27,    0
 18700, 99711,20151204,   25,    0
 18700, 99711,20151205,   24,    0
 18700, 99711,20151206,   27,    0
 18700, 99711,20151207,   29,    0
 18700, 99711,20151208,   16,    0
 18700, 99711,20151209,   50,    0
 18700, 99711,20151210,   20,    0
 18700, 99711,20151211,   15,    0
 18700, 99711,20151212,   -6,    0
 18700, 99711,20151213,  -16,    0
 18700, 99711,20151214,  -25,    0
 18700, 99711,20151215,  -13,    0
 18700, 99711,20151216,  -20,    0
 18700, 99711,20151217,   -5,    0
 18700, 99711,20151218,   28,    0
 18700, 99711,20151219,   22,    0
 18700, 99711,20151220,-9999,    9
 18700, 99711,20151221,-9999,    9
 18700, 99711,20151222,-9999,    9
 18700, 99711,20151223,   21,    0
 18700, 99711,20151224,   44,    0
 18700, 99711,20151225,   18,    0
 18700, 99711,20151226,  -38,    0
 18700, 99711,20151227,   -7,    0
 18700, 99711,20151228,   -3,    0
 18700, 99711,20151229,  -10,    0
 18700, 99711,20151230,    0,    0
 18700, 99711,20151231,   32,    0
 18700, 99711,20160101,   34,    0
 18700, 99711,20160102,    4,    0
 18700, 99711,20160103,  -45,    0
 18700, 99711,20160104, -103,    0
 18700, 99711,20160105,  -91,    0
 18700, 99711,20160106, -118,    0
 18700, 99711,20160107, -166,    0
 18700, 99711,20160108, -166,    0
 18700, 99711,20160109, -130,    0
 18700, 99711,20160110, -108,    0
 18700, 99711,20160111,  -67,    0
 18700, 99711,20160112,  -74,    0
 18700, 99711,20160113, -105,    0
 18700, 99711,20160114, -131,    0
 18700, 99711,20160115, -117,    0
 18700, 99711,20160116,  -98,    0
 18700, 99711,20160117,  -56,    0
 18700, 99711,20160118, -101,    0
 18700, 99711,20160119,  -82,    0
 18700, 99711,20160120, -105,    0
 18700, 99711,20160121,  -32,    0
 18700, 99711,20160122,   10,    0
 18700, 99711,20160123,    4,    0
 18700, 99711,20160124,    4,    0
 18700, 99711,20160125,-9999,    9
 18700, 99711,20160126,   14,    0
 18700, 99711,20160127,-9999,    9
 18700, 99711,20160128,-9999,    9
 18700, 99711,20160129,    8,    0
 18700, 99711,20160130,   14,    0
 18700, 99711,20160131,    5,    0
 18700, 99711,20160201,   -8,    0
 18700, 99711,20160202,  -26,    0
 18700, 99711,20160203,  -25,    0
 18700, 99711,20160204,   -4,    0
 18700, 99711,20160205,  -32,    0
 18700, 99711,20160206,  -22,    0
 18700, 99711,20160207,   -4,    0
 18700, 99711,20160208,   19,    0
 18700, 99711,20160209,   15,    0
 18700, 99711,20160210,-9999,    9
 18700, 99711,20160211,-9999,    9
 18700, 99711,20160212,-9999,    9
 18700, 99711,20160213,  -51,    0
 18700, 99711,20160214,  -43,    0
 18700, 99711,20160215,  -45,    0
 18700, 99711,20160216,  -20,    0
 18700, 99711,20160217,   24,    0
 18700, 99711,20160218,    1,    0
 18700, 99711,20160219,   -7,    0
 18700, 99711,20160220,  -11,    0
 18700, 99711,20160221,    9,    0
 18700, 99711,20160222,  -16,    0
 18700, 99711,20160223,  -22,    0
 18700, 99711,20160224,  -11,    0
 18700, 99711,20160225,  -78,    0
 18700, 99711,20160226,  -99,    0
 18700, 99711,20160227,  -42,    0
 18700, 99711,20160228,  -30,    0
 18700, 99711,20160229,    5,    0
 18700, 99711,20160301,   -9,    0
 18700, 99711,20160302,-9999,    9
 18700, 99711,20160303,-9999,    9
 18700, 99711,20160304,-9999,    9
 18700, 99711,20160305,   -2,    0
 18700, 99711,20160306,    4,    0
 18700, 99711,20160307,    8,    0
 18700, 99711,20160308,   -5,    0
 18700, 99711,20160309,   -8,    0
 18700, 99711,20160310,   10,    0
 18700, 99711,20160311,   29,    0
 18700, 99711,20160312,   50,    0
 18700, 99711,20160313,   36,    0
 18700, 99711,20160314,   39,    0
 18700, 99711,20160315,   49,    0
 18700, 99711,20160316,   46,    0
 18700, 99711,20160317,   -6,    0
 18700, 99711,20160318,  -24,    0
 18700, 99711,20160319,  -17,    0
 18700, 99711,20160320,  -21,    0
 18700, 99711,20160321,  -57,    0
 18700, 99711,20160322,  -49,    0
 18700, 99711,20160323,  -34,    0
 18700, 99711,20160324,    5,    0
 18700, 99711,20160325,   13,    0
 18700, 99711,20160326,   33,    0
 18700, 99711,20160327,   51,    0
 18700, 99711,20160328,   70,    0
 18700, 99711,20160329,-9999,    9
 18700, 99711,20160330,-9999,    9
 18700, 99711,20160331,-9999,    9
 18700, 99711,20160401,   22,    0
 18700, 99711,20160402,   27,    0
 18700, 99711,20160403,   46,    0
 18700, 99711,20160404,   45,    0
 18700, 99711,20160405,   35,    0
 18700, 99711,20160406,   40,    0
 18700, 99711,20160407,-9999,    9
 18700, 99711,20160408,-9999,    9
 18700, 99711,20160409,   41,    0
 18700, 99711,20160410,   40,    0
 18700, 99711,20160411,   33,    0
 18700, 99711,20160412,   15,    0
 18700, 99711,20160413,   -9,    0
 18700, 99711,20160414,  -10,    0
 18700, 99711,20160415,   40,    0
 18700, 99711,20160416,   27,    0
 18700, 99711,20160417,   37,    0
 18700, 99711,20160418,   40,    0
 18700, 99711,20160419,   37,    0
 18700, 99711,20160420,   31,    0
 18700, 99711,20160421,   38,    0
 18700, 99711,20160422,   37,    0
 18700, 99711,20160423,   11,    0
 18700, 99711,20160424,   13,    0
 18700, 99711,20160425,   27,    0
 18700, 99711,20160426,   36,    0
 18700, 99711,20160427,   50,    0
 18700, 99711,20160428,   66,    0
 18700, 99711,20160429,   92,    0
 18700, 99711,20160430,   85,    0
 18700, 99711,20160501,   97,    0
 18700, 99711,20160502,-9999,    9
 18700, 99711,20160503,-9999,    9
 18700, 99711,20160504,   84,    0
 18700, 99711,20160505,   99,    0
 18700, 99711,20160506,   94,    0
 18700, 99711,20160507,   99,    0
 18700, 99711,20160508,   73,    0
 18700, 99711,20160509,   61,    0
 18700, 99711,20160510,   52,    0
 18700, 99711,20160511,   66,    0
 18700, 99711,20160512,   46,    0
 18700, 99711,20160513,-9999,    9
 18700, 99711,20160514,   60,    0
 18700, 99711,20160515,-9999,    9
 18700, 99711,20160516,   60,    0
 18700, 99711,20160517,   30,    0
 18700, 99711,20160518,   34,    0
 18700, 99711,20160519,-9999,    9
 18700, 99711,20160520,-9999,    9
 18700, 99711,20160521,   91,    0
 18700, 99711,20160522,  122,    0
 18700, 99711,20160523,   85,    0
 18700, 99711,20160524,   73,    0
 18700, 99711,20160525,   68,    0
 18700, 99711,20160526,  110,    0
 18700, 99711,20160527,  155,    0
 18700, 99711,20160528,  176,    0
 18700, 99711,20160529,  178,    0
 18700, 99711,20160530,  168,    0
 18700, 99711,20160531,  151,    0
 18700, 99711,20160601,  136,    0
 18700, 99711,20160602,  119,    0
 18700, 99711,20160603,   71,    0
 18700, 99711,20160604,-9999,    9
 18700, 99711,20160605,-9999,    9
 18700, 99711,20160606,-9999,    9
 18700, 99711,20160607,   69,    0
 18700, 99711,20160608,   56,    0
 18700, 99711,20160609,   64,    0
 18700, 99711,20160610,   97,    0
 18700, 99711,20160611,   97,    0
 18700, 99711,20160612,   80,    0
 18700, 99711,20160613,   78,    0
 18700, 99711,20160614,   80,    0
 18700, 99711,20160615,  104,    0
 18700, 99711,20160616,  106,    0
 18700, 99711,20160617,  147,    0
 18700, 99711,20160618,  101,    0
 18700, 99711,20160619,   81,    0
 18700, 99711,20160620,   76,    0
 18700, 99711,20160621,  122,    0
 18700, 99711,20160622,   99,    0
 18700, 99711,20160623,  154,    0
 18700, 99711,20160624,  119,    0
 18700, 99711,20160625,  117,    0
 18700, 99711,20160626,  164,    0
 18700, 99711,20160627,  186,    0
 18700, 99711,20160628,  116,    0
 18700, 99711,20160629,  124,    0
 18700, 99711,20160630,  179,    0
 18700, 99711,20160701,  144,    0
 18700, 99711,20160702,  152,    0
 18700, 99711,20160703,  135,    0
 18700, 99711,20160704,  132,    0
 18700, 99711,20160705,  113,    0
 18700, 99711,20160706,  105,    0
 18700, 99711,20160707,  113,    0
 18700, 99711,20160708,  105,    0
 18700, 99711,20160709,  107,    0
 18700, 99711,20160710,  121,    0
 18700, 99711,20160711,  165,    0
 18700, 99711,20160712,  187,    0
 18700, 99711,20160713,  127,    0
 18700, 99711,20160714,  113,    0
 18700, 99711,20160715,  116,    0
 18700, 99711,20160716,  105,    0
 18700, 99711,20160717,  110,    0
 18700, 99711,20160718,   94,    0
 18700, 99711,20160719,  113,    0
 18700, 99711,20160720,  148,    0
 18700, 99711,20160721,  206,    0
 18700, 99711,20160722,  214,    0
 18700, 99711,20160723,  205,    0
 18700, 99711,20160724,  146,    0
 18700, 99711,20160725,  172,    0
 18700, 99711,20160726,  188,    0
 18700, 99711,20160727,  134,    0
 18700, 99711,20160728,  150,    0
 18700, 99711,20160729,  143,    0
 18700, 99711,20160730,  165,    0
 18700, 99711,20160731,  154,    0
 18700, 99711,20160801,  126,    0
 18700, 99711,20160802,  141,    0
 18700, 99711,20160803,  121,    0
 18700, 99711,20160804,  156,    0
 18700, 99711,20160805,  145,    0
 18700, 99711,20160806,  119,    0
 18700, 99711,20160807,  121,    0
 18700, 99711,20160808,  136,    0
 18700, 99711,20160809,  102,    0
 18700, 99711,20160810,   88,    0
 18700, 99711,20160811,   95,    0
 18700, 99711,20160812,   90,    0
 18700, 99711,20160813,   82,    0
 18700, 99711,20160814,  115,    0
 18700, 99711,20160815,-9999,    9
 18700, 99711,20160816,-9999,    9
 18700, 99711,20160817,  137,    0
 18700, 99711,20160818,  170,    0
 18700, 99711,20160819,  158,    0
 18700, 99711,20160820,  154,    0
 18700, 99711,20160821,  159,    0
 18700, 99711,20160822,  149,    0
 18700, 99711,20160823,  110,    0
 18700, 99711,20160824,  113,    0
 18700, 99711,20160825,  102,    0
 18700, 99711,20160826,  118,    0
 18700, 99711,20160827,   94,    0
 18700, 99711,20160828,   84,    0
 18700, 99711,20160829,  105,    0
 18700, 99711,20160830,   95,    0
 18700, 99711,20160831,  112,    0
 18700, 99711,20160901,  114,    0
 18700, 99711,20160902,   87,    0
 18700, 99711,20160903,   87,    0
 18700, 99711,20160904,   91,    0
 18700, 99711,20160905,   75,    0
 18700, 99711,20160906,   84,    0
 18700, 99711,20160907,  112,    0
 18700, 99711,20160908,  100,    0
 18700, 99711,20160909,  121,    0
 18700, 99711,20160910,  136,    0
 18700, 99711,20160911,  112,    0
 18700, 99711,20160912,  103,    0
 18700, 99711,20160913,  140,    0
 18700, 99711,20160914,  131,    0
 18700, 99711,20160915,   99,    0
 18700, 99711,20160916,-9999,    9
 18700, 99711,20160917,-9999,    9
 18700, 99711,20160918,-9999,    9
 18700, 99711,20160919,  134,    0
 18700, 99711,20160920,  120,    0
 18700, 99711,20160921,  131,    0
 18700, 99711,20160922,  144,    0
 18700, 99711,20160923,  119,    0
 18700, 99711,20160924,  100,    0
 18700, 99711,20160925,  113,    0
 18700, 99711,20160926,  131,    0
 18700, 99711,20160927,  105,    0
 18700, 99711,20160928,  120,    0
 18700, 99711,20160929,   80,    0
 18700, 99711,20160930,   68,    0
 18700, 99711,20161001,   70,    0
 18700, 99711,20161002,   55,    0
 18700, 99711,20161003,   26,    0
 18700, 99711,20161004,   58,    0
 18700, 99711,20161005,   95,    0
 18700, 99711,20161006,   86,    0
 18700, 99711,20161007,   52,    0
 18700, 99711,20161008,   56,    0
 18700, 99711,20161009,   63,    0
 18700, 99711,20161010,   44,    0
 18700, 99711,20161011,   37,    0
 18700, 99711,20161012,   65,    0
 18700, 99711,20161013,   56,    0
 18700, 99711,20161014,   42,    0
 18700, 99711,20161015,   52,    0
 18700, 99711,20161016,   39,    0
 18700, 99711,20161017,   27,    0
 18700, 99711,20161018,   51,    0
 18700, 99711,20161019,   51,    0
 18700, 99711,20161020,-9999,    9
 18700, 99711,20161021,-9999,    9
 18700, 99711,20161022,-9999,    9
 18700, 99711,20161023,-9999,    9
 18700, 99711,20161024,-9999,    9
 18700, 99711,20161025,-9999,    9
 18700, 99711,20161026,-9999,    9
 18700, 99711,20161027,   53,    0
 18700, 99711,20161028,   54,    0
 18700, 99711,20161029,   29,    0
 18700, 99711,20161030,   21,    0
 18700, 99711,20161031,   13,    0
 18700, 99711,20161101,   23,    0
 18700, 99711,20161102,    9,    0
 18700, 99711,20161103,  -14,    0
 18700, 99711,20161104,  -31,    0
 18700, 99711,20161105,  -46,    0
 18700, 99711,20161106,  -58,    0
 18700, 99711,20161107,  -64,    0
 18700, 99711,20161108,  -39,    0
 18700, 99711,20161109,  -30,    0
 18700, 99711,20161110,  -45,    0
 18700, 99711,20161111,  -28,    0
 18700, 99711,20161112,   14,    0
 18700, 99711,20161113,   47,    0
 18700, 99711,20161114,   37,    0
 18700, 99711,20161115,   53,    0
 18700, 99711,20161116,   44,    0
 18700, 99711,20161117,   35,    0
 18700, 99711,20161118,   17,    0
 18700, 99711,20161119,   26,    0
 18700, 99711,20161120,   11,    0
 18700, 99711,20161121,   15,    0
 18700, 99711,20161122,   14,    0
 18700, 99711,20161123,    1,    0
 18700, 99711,20161124,   -8,    0
 18700, 99711,20161125,   -1,    0
 18700, 99711,20161126,    5,    0
 18700, 99711,20161127,   -5,    0
 18700, 99711,20161128,    4,    0
 18700, 99711,20161129,   34,    0
 18700, 99711,20161130,   13,    0
 18700, 99711,20161201,-9999,    9
 18700, 99711,20161202,  -21,    0
 18700, 99711,20161203,  -53,    0
 18700, 99711,20161204,    3,    0
 18700, 99711,20161205,    5,    0
 18700, 99711,20161206,   18,    0
 18700, 99711,20161207,   36,    0
 18700, 99711,20161208,   21,    0
 18700, 99711,20161209,  -22,    0
 18700, 99711,20161210,  -75,    0
 18700, 99711,20161211,  -89,    0
 18700, 99711,20161212,    4,    0
 18700, 99711,20161213,    3,    0
 18700, 99711,20161214,   42,    0
 18700, 99711,20161215,   33,    0
 18700, 99711,20161216,   42,    0
 18700, 99711,20161217,   44,    0
 18700, 99711,20161218,   48,    0
 18700, 99711,20161219,   66,    0
 18700, 99711,20161220,   45,    0
 18700, 99711,20161221,   52,    0
 18700, 99711,20161222,   14,    0
 18700, 99711,20161223,    3,    0
 18700, 99711,20161224,   -6,    0
 18700, 99711,20161225,  -31,    0
 18700, 99711,20161226,   11,    0
 18700, 99711,20161227,   10,    0
 18700, 99711,20161228,   26,    0
 18700, 99711,20161229,   30,    0
 18700, 99711,20161230,   35,    0
 18700, 99711,20161231,   10,    0
 18700, 99711,20170101,-9999,    9
 18700, 99711,20170102,-9999,    9
 18700, 99711,20170103,-9999,    9
 18700, 99711,20170104,-9999,    9
 18700, 99711,20170105,-9999,    9
 18700, 99711,20170106,-9999,    9
 18700, 99711,20170107,-9999,    9
 18700, 99711,20170108,-9999,    9
 18700, 99711,20170109,-9999,    9
 18700, 99711,20170110,-9999,    9
 18700, 99711,20170111,-9999,    9
 18700, 99711,20170112,-9999,    9
 18700, 99711,20170113,-9999,    9
 18700, 99711,20170114,-9999,    9
 18700, 99711,20170115,-9999,    9
 18700, 99711,20170116,-9999,    9
 18700, 99711,20170117,-9999,    9
 18700, 99711,20170118,-9999,    9
 18700, 99711,20170119,-9999,    9
 18700, 99711,20170120,-9999,    9
 18700, 99711,20170121,-9999,    9
 18700, 99711,20170122,-9999,    9
 18700, 99711,20170123,-9999,    9
 18700, 99711,20170124,-9999,    9
 18700, 99711,20170125,-9999,    9
 18700, 99711,20170126,-9999,    9
 18700, 99711,20170127,-9999,    9
 18700, 99711,20170128,-9999,    9
 18700, 99711,20170129,-9999,    9
 18700, 99711,20170130,-9999,    9
 18700, 99711,20170131,-9999,    9
 18700, 99711,20170201,-9999,    9
 18700, 99711,20170202,-9999,    9
 18700, 99711,20170203,-9999,    9
 18700, 99711,20170204,-9999,    9
 18700, 99711,20170205,-9999,    9
 18700, 99711,20170206,-9999,    9
 18700, 99711,20170207,-9999,    9
 18700, 99711,20170208,-9999,    9
 18700, 99711,20170209,-9999,    9
 18700, 99711,20170210,-9999,    9
 18700, 99711,20170211,-9999,    9
 18700, 99711,20170212,-9999,    9
 18700, 99711,20170213,-9999,    9
 18700, 99711,20170214,-9999,    9
 18700, 99711,20170215,-9999,    9
 18700, 99711,20170216,-9999,    9
 18700, 99711,20170217,-9999,    9
 18700, 99711,20170218,-9999,    9
 18700, 99711,20170219,-9999,    9
 18700, 99711,20170220,-9999,    9
 18700, 99711,20170221,-9999,    9
 18700, 99711,20170222,-9999,    9
 18700, 99711,20170223,-9999,    9
 18700, 99711,20170224,-9999,    9
 18700, 99711,20170225,-9999,    9
 18700, 99711,20170226,-9999,    9
 18700, 99711,20170227,-9999,    9
 18700, 99711,20170228,-9999,    9
 18700, 99711,20170301,-9999,    9
 18700, 99711,20170302,-9999,    9
 18700, 99711,20170303,-9999,    9
 18700, 99711,20170304,-9999,    9
 18700, 99711,20170305,-9999,    9
 18700, 99711,20170306,-9999,    9
 18700, 99711,20170307,-9999,    9
 18700, 99711,20170308,-9999,    9
 18700, 99711,20170309,-9999,    9
 18700, 99711,20170310,-9999,    9
 18700, 99711,20170311,-9999,    9
 18700, 99711,20170312,-9999,    9
 18700, 99711,20170313,   31,    0
 18700, 99711,20170314,-9999,    9
 18700, 99711,20170315,-9999,    9
 18700, 99711,20170316,-9999,    9
 18700, 99711,20170317,-9999,    9
 18700, 99711,20170318,-9999,    9
 18700, 99711,20170319,-9999,    9
 18700, 99711,20170320,-9999,    9
 18700, 99711,20170321,-9999,    9
 18700, 99711,20170322,-9999,    9
 18700, 99711,20170323,-9999,    9
 18700, 99711,20170324,-9999,    9
 18700, 99711,20170325,-9999,    9
 18700, 99711,20170326,-9999,    9
 18700, 99711,20170327,-9999,    9
 18700, 99711,20170328,-9999,    9
 18700, 99711,20170329,-9999,    9
 18700, 99711,20170330,-9999,    9
 18700, 99711,20170331,-9999,    9
 18700, 99711,20170401,-9999,    9
 18700, 99711,20170402,-9999,    9
 18700, 99711,20170403,   42,    0
 18700, 99711,20170404,   46,    0
 18700, 99711,20170405,   30,    0
 18700, 99711,20170406,   10,    0
 18700, 99711,20170407,  -13,    0
 18700, 99711,20170408,   -8,    0
 18700, 99711,20170409,   26,    0
 18700, 99711,20170410,   29,    0
 18700, 99711,20170411,    8,    0
 18700, 99711,20170412,   10,    0
 18700, 99711,20170413,  -25,    0
 18700, 99711,20170414,  -34,    0
 18700, 99711,20170415,  -28,    0
 18700, 99711,20170416,  -23,    0
 18700, 99711,20170417,  -14,    0
 18700, 99711,20170418,   -9,    0
 18700, 99711,20170419,   18,    0
 18700, 99711,20170420,   22,    0
 18700, 99711,20170421,   22,    0
 18700, 99711,20170422,    7,    0
 18700, 99711,20170423,    5,    0
 18700, 99711,20170424,    8,    0
 18700, 99711,20170425,    8,    0
 18700, 99711,20170426,   24,    0
 18700, 99711,20170427,-9999,    9
 18700, 99711,20170428,   17,    0
 18700, 99711,20170429,   28,    0
 18700, 99711,20170430,   18,    0
 18700, 99711,20170501,   31,    0
 18700, 99711,20170502,   44,    0
 18700, 99711,20170503,   49,    0
 18700, 99711,20170504,   27,    0
 18700, 99711,20170505,   60,    0
 18700, 99711,20170506,   36,    0
 18700, 99711,20170507,   12,    0
 18700, 99711,20170508,   -2,    0
 18700, 99711,20170509,    6,    0
 18700, 99711,20170510,   17,    0
 18700, 99711,20170511,   16,    0
 18700, 99711,20170512,   31,    0
 18700, 99711,20170513,   41,    0
 18700, 99711,20170514,   38,    0
 18700, 99711,20170515,   53,    0
 18700, 99711,20170516,   82,    0
 18700, 99711,20170517,   83,    0
 18700, 99711,20170518,   94,    0
 18700, 99711,20170519,   70,    0
 18700, 99711,20170520,-9999,    9
 18700, 99711,20170521,   74,    0
 18700, 99711,20170522,   61,    0
 18700, 99711,20170523,   67,    0
 18700, 99711,20170524,   57,    0
 18700, 99711,20170525,   60,    0
 18700, 99711,20170526,   70,    0
 18700, 99711,20170527,   79,    0
 18700, 99711,20170528,   65,    0
 18700, 99711,20170529,   53,    0
 18700, 99711,20170530,   39,    0
 18700, 99711,20170531,   36,    0
 18700, 99711,20170601,   52,    0
 18700, 99711,20170602,   63,    0
 18700, 99711,20170603,   86,    0
 18700, 99711,20170604,   99,    0
 18700, 99711,20170605,   96,    0
 18700, 99711,20170606,  123,    0
 18700, 99711,20170607,  163,    0
 18700, 99711,20170608,  180,    0
 18700, 99711,20170609,-9999,    9
 18700, 99711,20170610,  173,    0
 18700, 99711,20170611,  174,    0
 18700, 99711,20170612,  165,    0
 18700, 99711,20170613,  141,    0
 18700, 99711,20170614,  116,    0
 18700, 99711,20170615,  112,    0
 18700, 99711,20170616,  143,    0
 18700, 99711,20170617,  108,    0
 18700, 99711,20170618,   97,    0
 18700, 99711,20170619,   92,    0
 18700, 99711,20170620,  106,    0
 18700, 99711,20170621,   96,    0
 18700, 99711,20170622,  100,    0
 18700, 99711,20170623,  131,    0
 18700, 99711,20170624,  118,    0
 18700, 99711,20170625,  108,    0
 18700, 99711,20170626,  116,    0
 18700, 99711,20170627,   86,    0
 18700, 99711,20170628,   92,    0
 18700, 99711,20170629,  119,    0
 18700, 99711,20170630,  153,    0
 18700, 99711,20170701,  176,    0
 18700, 99711,20170702,  110,    0
 18700, 99711,20170703,   88,    0
 18700, 99711,20170704,   91,    0
 18700, 99711,20170705,   89,    0
 18700, 99711,20170706,   95,    0
 18700, 99711,20170707,  114,    0
 18700, 99711,20170708,  140,    0
 18700, 99711,20170709,  140,    0
 18700, 99711,20170710,  112,    0
 18700, 99711,20170711,  116,    0
 18700, 99711,20170712,  113,    0
 18700, 99711,20170713,   99,    0
 18700, 99711,20170714,   93,    0
 18700, 99711,20170715,   94,    0
 18700, 99711,20170716,  123,    0
 18700, 99711,20170717,  115,    0
 18700, 99711,20170718,  110,    0
 18700, 99711,20170719,  105,    0
 18700, 99711,20170720,  128,    0
 18700, 99711,20170721,  154,    0
 18700, 99711,20170722,  175,    0
 18700, 99711,20170723,  170,    0
 18700, 99711,20170724,  174,    0
 18700, 99711,20170725,  180,    0
 18700, 99711,20170726,  178,    0
 18700, 99711,20170727,  204,    0
 18700, 99711,20170728,  200,    0
 18700, 99711,20170729,  180,    0
 18700, 99711,20170730,  136,    0
 18700, 99711,20170731,  154,    0
 18700, 99711,20170801,  138,    0
 18700, 99711,20170802,  149,    0
 18700, 99711,20170803,  140,    0
 18700, 99711,20170804,  157,    0
 18700, 99711,20170805,  162,    0
 18700, 99711,20170806,  154,    0
 18700, 99711,20170807,  131,    0
 18700, 99711,20170808,  121,    0
 18700, 99711,20170809,  122,    0
 18700, 99711,20170810,  125,    0
 18700, 99711,20170811,  130,    0
 18700, 99711,20170812,  131,    0
 18700, 99711,20170813,  116,    0
 18700, 99711,20170814,   96,    0
 18700, 99711,20170815,  113,    0
 18700, 99711,20170816,  125,    0
 18700, 99711,20170817,  138,    0
 18700, 99711,20170818,  150,    0
 18700, 99711,20170819,  154,    0
 18700, 99711,20170820,  124,    0
 18700, 99711,20170821,   95,    0
 18700, 99711,20170822,   91,    0
 18700, 99711,20170823,   84,    0
 18700, 99711,20170824,   88,    0
 18700, 99711,20170825,   92,    0
 18700, 99711,20170826,   97,    0
 18700, 99711,20170827,   93,    0
 18700, 99711,20170828,  114,    0
 18700, 99711,20170829,  134,    0
 18700, 99711,20170830,  115,    0
 18700, 99711,20170831,  101,    0
 18700, 99711,20170901,   96,    0
 18700, 99711,20170902,  106,    0
 18700, 99711,20170903,  134,    0
 18700, 99711,20170904,  144,    0
 18700, 99711,20170905,  131,    0
 18700, 99711,20170906,  127,    0
 18700, 99711,20170907,  122,    0
 18700, 99711,20170908,  117,    0
 18700, 99711,20170909,  109,    0
 18700, 99711,20170910,  121,    0
 18700, 99711,20170911,  127,    0
 18700, 99711,20170912,  134,    0
 18700, 99711,20170913,  121,    0
 18700, 99711,20170914,  110,    0
 18700, 99711,20170915,  101,    0
 18700, 99711,20170916,   87,    0
 18700, 99711,20170917,   86,    0
 18700, 99711,20170918,  105,    0
 18700, 99711,20170919,-9999,    9
 18700, 99711,20170920,-9999,    9
 18700, 99711,20170921,   84,    0
 18700, 99711,20170922,  114,    0
 18700, 99711,20170923,  117,    0
 18700, 99711,20170924,  119,    0
 18700, 99711,20170925,  119,    0
 18700, 99711,20170926,  116,    0
 18700, 99711,20170927,  114,    0
 18700, 99711,20170928,  125,    0
 18700, 99711,20170929,  130,    0
 18700, 99711,20170930,  138,    0
 18700, 99711,20171001,   98,    0
 18700, 99711,20171002,  106,    0
 18700, 99711,20171003,  101,    0
 18700, 99711,20171004,-9999,    9
 18700, 99711,20171005,   69,    0
 18700, 99711,20171006,   65,    0
 18700, 99711,20171007,   47,    0
 18700, 99711,20171008,   58,    0
 18700, 99711,20171009,   40,    0
 18700, 99711,20171010,   46,    0
 18700, 99711,20171011,   65,    0
 18700, 99711,20171012,   72,    0
 18700, 99711,20171013,   63,    0
 18700, 99711,20171014,-9999,    9
 18700, 99711,20171015,   87,    0
 18700, 99711,20171016,   65,    0
 18700, 99711,20171017,-9999,    9
 18700, 99711,20171018,-9999,    9
 18700, 99711,20171019,-9999,    9
 18700, 99711,20171020,-9999,    9
 18700, 99711,20171021,-9999,    9
 18700, 99711,20171022,-9999,    9
 18700, 99711,20171023,-9999,    9
 18700, 99711,20171024,-9999,    9
 18700, 99711,20171025,   51,    0
 18700, 99711,20171026,   39,    0
 18700, 99711,20171027,   48,    0
 18700, 99711,20171028,   17,    0
 18700, 99711,20171029,    2,    0
 18700, 99711,20171030,   -7,    0
 18700, 99711,20171031,   -2,    0
 18700, 99711,20171101,-9999,    9
 18700, 99711,20171102,-9999,    9
 18700, 99711,20171103,   49,    0
 18700, 99711,20171104,   43,    0
 18700, 99711,20171105,   42,    0
 18700, 99711,20171106,   27,    0
 18700, 99711,20171107,   37,    0
 18700, 99711,20171108,   60,    0
 18700, 99711,20171109,   49,    0
 18700, 99711,20171110,   36,    0
 18700, 99711,20171111,   26,    0
 18700, 99711,20171112,   -8,    0
 18700, 99711,20171113,    3,    0
 18700, 99711,20171114,   -1,    0
 18700, 99711,20171115,   -4,    0
 18700, 99711,20171116,   17,    0
 18700, 99711,20171117,   -3,    0
 18700, 99711,20171118,   -8,    0
 18700, 99711,20171119,  -53,    0
 18700, 99711,20171120,  -86,    0
 18700, 99711,20171121,  -55,    0
 18700, 99711,20171122,  -38,    0
 18700, 99711,20171123,  -20,    0
 18700, 99711,20171124,   11,    0
 18700, 99711,20171125,   10,    0
 18700, 99711,20171126,  -38,    0
 18700, 99711,20171127,  -11,    0
 18700, 99711,20171128,-9999,    9
 18700, 99711,20171129,  -47,    0
 18700, 99711,20171130,  -74,    0
 18700, 99711,20171201,   -8,    0
 18700, 99711,20171202,   21,    0
 18700, 99711,20171203,   12,    0
 18700, 99711,20171204,   -8,    0
 18700, 99711,20171205,   -8,    0
 18700, 99711,20171206,  -14,    0
 18700, 99711,20171207,  -29,    0
 18700, 99711,20171208,   -7,    0
 18700, 99711,20171209,   13,    0
 18700, 99711,20171210,   21,    0
 18700, 99711,20171211,   -5,    0
 18700, 99711,20171212,  -36,    0
 18700, 99711,20171213,  -60,    0
 18700, 99711,20171214,  -27,    0
 18700, 99711,20171215,  -38,    0
 18700, 99711,20171216,  -20,    0
 18700, 99711,20171217,    2,    0
 18700, 99711,20171218,  -17,    0
 18700, 99711,20171219,   38,    0
 18700, 99711,20171220,   42,    0
 18700, 99711,20171221,   18,    0
 18700, 99711,20171222,    2,    0
 18700, 99711,20171223,  -18,    0
 18700, 99711,20171224,   -4,    0
 18700, 99711,20171225,  -15,    0
 18700, 99711,20171226,  -87,    0
 18700, 99711,20171227,  -83,    0
 18700, 99711,20171228,  -78,    0
 18700, 99711,20171229,  -27,    0
 18700, 99711,20171230,  -22,    0
 18700, 99711,20171231,  -19,    0
 18700, 99711,20180101,  -16,    0
 18700, 99711,20180102,   -7,    0
 18700, 99711,20180103,  -32,    0
 18700, 99711,20180104,  -88,    0
 18700, 99711,20180105,  -80,    0
 18700, 99711,20180106,  -71,    0
 18700, 99711,20180107,  -36,    0
 18700, 99711,20180108,  -17,    0
 18700, 99711,20180109,   38,    0
 18700, 99711,20180110,   -6,    0
 18700, 99711,20180111,   22,    0
 18700, 99711,20180112,   26,    0
 18700, 99711,20180113,   18,    0
 18700, 99711,20180114,  -45,    0
 18700, 99711,20180115,  -24,    0
 18700, 99711,20180116,  -17,    0
 18700, 99711,20180117,  -50,    0
 18700, 99711,20180118,  -79,    0
 18700, 99711,20180119,  -79,    0
 18700, 99711,20180120,  -78,    0
 18700, 99711,20180121,  -95,    0
 18700, 99711,20180122, -106,    0
 18700, 99711,20180123,  -64,    0
 18700, 99711,20180124,  -49,    0
 18700, 99711,20180125,  -42,    0
 18700, 99711,20180126,  -37,    0
 18700, 99711,20180127,  -62,    0
 18700, 99711,20180128,  -41,    0
 18700, 99711,20180129,  -24,    0
 18700, 99711,20180130,  -30,    0
 18700, 99711,20180131,  -36,    0
 18700, 99711,20180201,  -60,    0
 18700, 99711,20180202,  -91,    0
 18700, 99711,20180203,  -85,    0
 18700, 99711,20180204,  -67,    0
 18700, 99711,20180205,    2,    0
 18700, 99711,20180206,  -20,    0
 18700, 99711,20180207,  -78,    0
 18700, 99711,20180208,  -27,    0
 18700, 99711,20180209,  -30,    0
 18700, 99711,20180210,    3,    0
 18700, 99711,20180211,  -13,    0
 18700, 99711,20180212,  -42,    0
 18700, 99711,20180213,  -30,    0
 18700, 99711,20180214,  -23,    0
 18700, 99711,20180215,  -21,    0
 18700, 99711,20180216,  -23,    0
 18700, 99711,20180217,  -38,    0
 18700, 99711,20180218,  -23,    0
 18700, 99711,20180219,  -29,    0
 18700, 99711,20180220,  -55,    0
 18700, 99711,20180221,  -92,    0
 18700, 99711,20180222,  -97,    0
 18700, 99711,20180223,  -64,    0
 18700, 99711,20180224,  -80,    0
 18700, 99711,20180225,  -98,    0
 18700, 99711,20180226,  -92,    0
 18700, 99711,20180227,  -72,    0
 18700, 99711,20180228,  -65,    0
 18700, 99711,20180301,  -38,    0
 18700, 99711,20180302,  -70,    0
 18700, 99711,20180303,-9999,    9
 18700, 99711,20180304,  -74,    0
 18700, 99711,20180305,  -83,    0
 18700, 99711,20180306,  -85,    0
 18700, 99711,20180307,  -92,    0
 18700, 99711,20180308,  -91,    0
 18700, 99711,20180309,  -55,    0
 18700, 99711,20180310,-9999,    9
 18700, 99711,20180311,  -49,    0
 18700, 99711,20180312,  -32,    0
 18700, 99711,20180313,  -61,    0
 18700, 99711,20180314,  -90,    0
 18700, 99711,20180315,  -95,    0
 18700, 99711,20180316,  -79,    0
 18700, 99711,20180317,-9999,    9
 18700, 99711,20180318,    1,    0
 18700, 99711,20180319,   -2,    0
 18700, 99711,20180320,  -19,    0
 18700, 99711,20180321,    7,    0
 18700, 99711,20180322,  -30,    0
 18700, 99711,20180323,  -51,    0
 18700, 99711,20180324,  -33,    0
 18700, 99711,20180325,  -64,    0
 18700, 99711,20180326,  -61,    0
 18700, 99711,20180327,  -19,    0
 18700, 99711,20180328,   -8,    0
 18700, 99711,20180329,    6,    0
 18700, 99711,20180330,   -1,    0
 18700, 99711,20180331,   -3,    0
 18700, 99711,20180401,  -17,    0
 18700, 99711,20180402,  -28,    0
 18700, 99711,20180403,  -50,    0
 18700, 99711,20180404,  -20,    0
 18700, 99711,20180405,   16,    0
 18700, 99711,20180406,   10,    0
 18700, 99711,20180407,-9999,    9
 18700, 99711,20180408,   -3,    0
 18700, 99711,20180409,    8,    0
 18700, 99711,20180410,   12,    0
 18700, 99711,20180411,    8,    0
 18700, 99711,20180412,   24,    0
 18700, 99711,20180413,   69,    0
 18700, 99711,20180414,   53,    0
 18700, 99711,20180415,   65,    0
 18700, 99711,20180416,   76,    0
 18700, 99711,20180417,   68,    0
 18700, 99711,20180418,   65,    0
 18700, 99711,20180419,   54,    0
 18700, 99711,20180420,   55,    0
 18700, 99711,20180421,   55,    0
 18700, 99711,20180422,   44,    0
 18700, 99711,20180423,   60,    0
 18700, 99711,20180424,   46,    0
 18700, 99711,20180425,   50,    0
 18700, 99711,20180426,   35,    0
 18700, 99711,20180427,   47,    0
 18700, 99711,20180428,   48,    0
 18700, 99711,20180429,   29,    0
 18700, 99711,20180430,   23,    0
 18700, 99711,20180501,   51,    0
 18700, 99711,20180502,   68,    0
 18700, 99711,20180503,   75,    0
 18700, 99711,20180504,   83,    0
 18700, 99711,20180505,-9999,    9
 18700, 99711,20180506,   72,    0
 18700, 99711,20180507,   52,    0
 18700, 99711,20180508,   83,    0
 18700, 99711,20180509,  139,    0
 18700, 99711,20180510,  171,    0
 18700, 99711,20180511,   96,    0
 18700, 99711,20180512,  118,    0
 18700, 99711,20180513,  129,    0
 18700, 99711,20180514,  167,    0
 18700, 99711,20180515,  129,    0
 18700, 99711,20180516,-9999,    9
 18700, 99711,20180517,   74,    0
 18700, 99711,20180518,   71,    0
 18700, 99711,20180519,-9999,    9
 18700, 99711,20180520,  109,    0
 18700, 99711,20180521,   84,    0
 18700, 99711,20180522,   71,    0
 18700, 99711,20180523,   81,    0
 18700, 99711,20180524,  114,    0
 18700, 99711,20180525,  107,    0
 18700, 99711,20180526,-9999,    9
 18700, 99711,20180527,   99,    0
 18700, 99711,20180528,  171,    0
 18700, 99711,20180529,   76,    0
 18700, 99711,20180530,-9999,    9
 18700, 99711,20180531,  166,    0
 18700, 99711,20180601,   87,    0
 18700, 99711,20180602,   74,    0
 18700, 99711,20180603,   64,    0
 18700, 99711,20180604,   38,    0
 18700, 99711,20180605,   50,    0
 18700, 99711,20180606,-9999,    9
 18700, 99711,20180607,   46,    0
 18700, 99711,20180608,   71,    0
 18700, 99711,20180609,   81,    0
 18700, 99711,20180610,   81,    0
 18700, 99711,20180611,   68,    0
 18700, 99711,20180612,   78,    0
 18700, 99711,20180613,   83,    0
 18700, 99711,20180614,  125,    0
 18700, 99711,20180615,  133,    0
 18700, 99711,20180616,  110,    0
 18700, 99711,20180617,  142,    0
 18700, 99711,20180618,  126,    0
 18700, 99711,20180619,   86,    0
 18700, 99711,20180620,   95,    0
 18700, 99711,20180621,   79,    0
 18700, 99711,20180622,-9999,    9
 18700, 99711,20180623,-9999,    9
 18700, 99711,20180624,-9999,    9
 18700, 99711,20180625,-9999,    9
 18700, 99711,20180626,  107,    0
 18700, 99711,20180627,   83,    0
 18700, 99711,20180628,   88,    0
 18700, 99711,20180629,   77,    0
 18700, 99711,20180630,   99,    0
 18700, 99711,20180701,  165,    0
 18700, 99711,20180702,  190,    0
 18700, 99711,20180703,  105,    0
 18700, 99711,20180704,   96,    0
 18700, 99711,20180705,  167,    0
 18700, 99711,20180706,  115,    0
 18700, 99711,20180707,  108,    0
 18700, 99711,20180708,  122,    0
 18700, 99711,20180709,  119,    0
 18700, 99711,20180710,  139,    0
 18700, 99711,20180711,  154,    0
 18700, 99711,20180712,  133,    0
 18700, 99711,20180713,  123,    0
 18700, 99711,20180714,  119,    0
 18700, 99711,20180715,  136,    0
 18700, 99711,20180716,  206,    0
 18700, 99711,20180717,  221,    0
 18700, 99711,20180718,  240,    0
 18700, 99711,20180719,  145,    0
 18700, 99711,20180720,  168,    0
 18700, 99711,20180721,  171,    0
 18700, 99711,20180722,  158,    0
 18700, 99711,20180723,  142,    0
 18700, 99711,20180724,  151,    0
 18700, 99711,20180725,  134,    0
 18700, 99711,20180726,  151,    0
 18700, 99711,20180727,  216,    0
 18700, 99711,20180728,  241,    0
 18700, 99711,20180729,  240,    0
 18700, 99711,20180730,  241,    0
 18700, 99711,20180731,  240,    0
 18700, 99711,20180801,  193,    0
 18700, 99711,20180802,  171,    0
 18700, 99711,20180803,  151,    0
 18700, 99711,20180804,  130,    0
 18700, 99711,20180805,  125,    0
 18700, 99711,20180806,  132,    0
 18700, 99711,20180807,  146,    0
 18700, 99711,20180808,  180,    0
 18700, 99711,20180809,  151,    0
 18700, 99711,20180810,  127,    0
 18700, 99711,20180811,  134,    0
 18700, 99711,20180812,  108,    0
 18700, 99711,20180813,   96,    0
 18700, 99711,20180814,  113,    0
 18700, 99711,20180815,  137,    0
 18700, 99711,20180816,  144,    0
 18700, 99711,20180817,  141,    0
 18700, 99711,20180818,  138,    0
 18700, 99711,20180819,  107,    0
 18700, 99711,20180820,   96,    0
 18700, 99711,20180821,   89,    0
 18700, 99711,20180822,  103,    0
 18700, 99711,20180823,  119,    0
 18700, 99711,20180824,  112,    0
 18700, 99711,20180825,   99,    0
 18700, 99711,20180826,  101,    0
 18700, 99711,20180827,   90,    0
 18700, 99711,20180828,  109,    0
 18700, 99711,20180829,  152,    0
 18700, 99711,20180830,  116,    0
 18700, 99711,20180831,   89,    0
 18700, 99711,20180901,  117,    0
 18700, 99711,20180902,  142,    0
 18700, 99711,20180903,  134,    0
 18700, 99711,20180904,   94,    0
 18700, 99711,20180905,  104,    0
 18700, 99711,20180906,  135,    0
 18700, 99711,20180907,  134,    0
 18700, 99711,20180908,  147,    0
 18700, 99711,20180909,  150,    0
 18700, 99711,20180910,  165,    0
 18700, 99711,20180911,  124,    0
 18700, 99711,20180912,  110,    0
 18700, 99711,20180913,   95,    0
 18700, 99711,20180914,   89,    0
 18700, 99711,20180915,   80,    0
 18700, 99711,20180916,   84,    0
 18700, 99711,20180917,   71,    0
 18700, 99711,20180918,   90,    0
 18700, 99711,20180919,  102,    0
 18700, 99711,20180920,  113,    0
 18700, 99711,20180921,  106,    0
 18700, 99711,20180922,   93,    0
 18700, 99711,20180923,   57,    0
 18700, 99711,20180924,   40,    0
 18700, 99711,20180925,   49,    0
 18700, 99711,20180926,-9999,    9
 18700, 99711,20180927,-9999,    9
 18700, 99711,20180928,-9999,    9
 18700, 99711,20180929,-9999,    9
 18700, 99711,20180930,-9999,    9
 18700, 99711,20181001,-9999,    9
 18700, 99711,20181002,-9999,    9
 18700, 99711,20181003,-9999,    9
 18700, 99711,20181004,   40,    0
 18700, 99711,20181005,   52,    0
 18700, 99711,20181006,   35,    0
 18700, 99711,20181007,   32,    0
 18700, 99711,20181008,   46,    0
 18700, 99711,20181009,   49,    0
 18700, 99711,20181010,   57,    0
 18700, 99711,20181011,-9999,    9
 18700, 99711,20181012,   87,    0
 18700, 99711,20181013,  111,    0
 18700, 99711,20181014,  111,    0
 18700, 99711,20181015,   69,    0
 18700, 99711,20181016,   72,    0
 18700, 99711,20181017,-9999,    9
 18700, 99711,20181018,-9999,    9
 18700, 99711,20181019,   64,    0
 18700, 99711,20181020,   73,    0
 18700, 99711,20181021,   67,    0
 18700, 99711,20181022,-9999,    9
 18700, 99711,20181023,   12,    0
 18700, 99711,20181024,   15,    0
 18700, 99711,20181025,  -18,    0
 18700, 99711,20181026,  -32,    0
 18700, 99711,20181027,  -41,    0
 18700, 99711,20181028,  -30,    0
 18700, 99711,20181029,  -20,    0
 18700, 99711,20181030,  -12,    0
 18700, 99711,20181031,   36,    0
 18700, 99711,20181101,   52,    0
 18700, 99711,20181102,   66,    0
 18700, 99711,20181103,   33,    0
 18700, 99711,20181104,   68,    0
 18700, 99711,20181105,   86,    0
 18700, 99711,20181106,   70,    0
 18700, 99711,20181107,   53,    0
 18700, 99711,20181108,   47,    0
 18700, 99711,20181109,   52,    0
 18700, 99711,20181110,   63,    0
 18700, 99711,20181111,   73,    0
 18700, 99711,20181112,   70,    0
 18700, 99711,20181113,   45,    0
 18700, 99711,20181114,   63,    0
 18700, 99711,20181115,   80,    0
 18700, 99711,20181116,   93,    0
 18700, 99711,20181117,   63,    0
 18700, 99711,20181118,   37,    0
 18700, 99711,20181119,   -3,    0
 18700, 99711,20181120,   29,    0
 18700, 99711,20181121,  -20,    0
 18700, 99711,20181122,    0,    0
 18700, 99711,20181123,   22,    0
 18700, 99711,20181124,   19,    0
 18700, 99711,20181125,    7,    0
 18700, 99711,20181126,  -22,    0
 18700, 99711,20181127,  -13,    0
 18700, 99711,20181128,   25,    0
 18700, 99711,20181129,   15,    0
 18700, 99711,20181130,   43,    0
 18700, 99711,20181201,   60,    0
 18700, 99711,20181202,   42,    0
 18700, 99711,20181203,   40,    0
 18700, 99711,20181204,   15,    0
 18700, 99711,20181205,   -9,    0
 18700, 99711,20181206,   -5,    0
 18700, 99711,20181207,  -55,    0
 18700, 99711,20181208,  -20,    0
 18700, 99711,20181209,  -17,    0
 18700, 99711,20181210,  -16,    0
 18700, 99711,20181211,  -14,    0
 18700, 99711,20181212,  -18,    0
 18700, 99711,20181213,   -7,    0
 18700, 99711,20181214,    4,    0
 18700, 99711,20181215,  -31,    0
 18700, 99711,20181216,  -56,    0
 18700, 99711,20181217,  -51,    0
 18700, 99711,20181218,  -34,    0
 18700, 99711,20181219,   -9,    0
 18700, 99711,20181220,    9,    0
 18700, 99711,20181221,  -14,    0
 18700, 99711,20181222,  -66,    0
 18700, 99711,20181223,  -24,    0
 18700, 99711,20181224,    6,    0
 18700, 99711,20181225,   23,    0
 18700, 99711,20181226,   13,    0
 18700, 99711,20181227,   29,    0
 18700, 99711,20181228,   29,    0
 18700, 99711,20181229,   27,    0
 18700, 99711,20181230,   -1,    0
 18700, 99711,20181231,    4,    0
 18700, 99711,20190101,   -5,    0
 18700, 99711,20190102,  -33,    0
 18700, 99711,20190103,   16,    0
 18700, 99711,20190104,   24,    0
 18700, 99711,20190105,   14,    0
 18700, 99711,20190106,   26,    0
 18700, 99711,20190107,   14,    0
 18700, 99711,20190108,    9,    0
 18700, 99711,20190109,    4,    0
 18700, 99711,20190110,   23,    0
 18700, 99711,20190111,   18,    0
 18700, 99711,20190112,  -20,    0
 18700, 99711,20190113,  -42,    0
 18700, 99711,20190114, -104,    0
 18700, 99711,20190115,  -91,    0
 18700, 99711,20190116,  -84,    0
 18700, 99711,20190117, -107,    0
 18700, 99711,20190118,-9999,    9
 18700, 99711,20190119,-9999,    9
 18700, 99711,20190120,  -60,    0
 18700, 99711,20190121,  -68,    0
 18700, 99711,20190122,  -94,    0
 18700, 99711,20190123,  -65,    0
 18700, 99711,20190124,  -71,    0
 18700, 99711,20190125,  -70,    0
 18700, 99711,20190126,  -82,    0
 18700, 99711,20190127, -105,    0
 18700, 99711,20190128,  -88,    0
 18700, 99711,20190129,  -94,    0
 18700, 99711,20190130,-9999,    9
 18700, 99711,20190131,  -54,    0
 18700, 99711,20190201,  -42,    0
 18700, 99711,20190202,  -68,    0
 18700, 99711,20190203,  -76,    0
 18700, 99711,20190204,  -91,    0
 18700, 99711,20190205, -112,    0
 18700, 99711,20190206,  -89,    0
 18700, 99711,20190207,  -65,    0
 18700, 99711,20190208,  -20,    0
 18700, 99711,20190209,  -41,    0
 18700, 99711,20190210,  -42,    0
 18700, 99711,20190211,  -12,    0
 18700, 99711,20190212,  -13,    0
 18700, 99711,20190213,-9999,    9
 18700, 99711,20190214,-9999,    9
 18700, 99711,20190215,-9999,    9
 18700, 99711,20190216,   36,    0
 18700, 99711,20190217,    3,    0
 18700, 99711,20190218,   15,    0
 18700, 99711,20190219,   16,    0
 18700, 99711,20190220,  -66,    0
 18700, 99711,20190221,  -55,    0
 18700, 99711,20190222,    6,    0
 18700, 99711,20190223,   59,    0
 18700, 99711,20190224,   44,    0
 18700, 99711,20190225,   24,    0
 18700, 99711,20190226,   32,    0
 18700, 99711,20190227,   40,    0
 18700, 99711,20190228,  -11,    0
 18700, 99711,20190301,  -14,    0
 18700, 99711,20190302,  -56,    0
 18700, 99711,20190303, -102,    0
 18700, 99711,20190304, -103,    0
 18700, 99711,20190305, -101,    0
 18700, 99711,20190306,  -18,    0
 18700, 99711,20190307,  -35,    0
 18700, 99711,20190308,  -42,    0
 18700, 99711,20190309,  -54,    0
 18700, 99711,20190310,-9999,    9
 18700, 99711,20190311, -105,    0
 18700, 99711,20190312,  -65,    0
 18700, 99711,20190313,  -31,    0
 18700, 99711,20190314,  -16,    0
 18700, 99711,20190315,   -3,    0
 18700, 99711,20190316,  -18,    0
 18700, 99711,20190317,  -55,    0
 18700, 99711,20190318,  -18,    0
 18700, 99711,20190319,   -2,    0
 18700, 99711,20190320,   23,    0
 18700, 99711,20190321,   14,    0
 18700, 99711,20190322,   27,    0
 18700, 99711,20190323,   28,    0
 18700, 99711,20190324,    7,    0
 18700, 99711,20190325,   -6,    0
 18700, 99711,20190326,  -26,    0
 18700, 99711,20190327,   28,    0
 18700, 99711,20190328,   40,    0
 18700, 99711,20190329,    9,    0
 18700, 99711,20190330,    1,    0
 18700, 99711,20190331,    0,    0
 18700, 99711,20190401,   14,    0
 18700, 99711,20190402,   32,    0
 18700, 99711,20190403,   17,    0
 18700, 99711,20190404,    9,    0
 18700, 99711,20190405,    0,    0
 18700, 99711,20190406,   19,    0
 18700, 99711,20190407,    4,    0
 18700, 99711,20190408,  -13,    0
 18700, 99711,20190409,-9999,    9
 18700, 99711,20190410,-9999,    9
 18700, 99711,20190411,-9999,    9
 18700, 99711,20190412,   11,    0
 18700, 99711,20190413,   25,    0
 18700, 99711,20190414,   32,    0
 18700, 99711,20190415,   31,    0
 18700, 99711,20190416,   38,    0
 18700, 99711,20190417,   59,    0
 18700, 99711,20190418,   53,    0
 18700, 99711,20190419,   62,    0
 18700, 99711,20190420,  105,    0
 18700, 99711,20190421,   55,    0
 18700, 99711,20190422,   81,    0
 18700, 99711,20190423,  127,    0
 18700, 99711,20190424,  110,    0
 18700, 99711,20190425,  122,    0
 18700, 99711,20190426,  126,    0
 18700, 99711,20190427,  110,    0
 18700, 99711,20190428,  100,    0
 18700, 99711,20190429,   84,    0
 18700, 99711,20190430,   43,    0
 18700, 99711,20190501,   31,    0
 18700, 99711,20190502,    4,    0
 18700, 99711,20190503,    6,    0
 18700, 99711,20190504,    9,    0
 18700, 99711,20190505,    6,    0
 18700, 99711,20190506,   25,    0
 18700, 99711,20190507,   56,    0
 18700, 99711,20190508,   50,    0
 18700, 99711,20190509,   70,    0
 18700, 99711,20190510,  105,    0
 18700, 99711,20190511,  103,    0
 18700, 99711,20190512,   30,    0
 18700, 99711,20190513,   38,    0
 18700, 99711,20190514,   46,    0
 18700, 99711,20190515,   64,    0
 18700, 99711,20190516,   72,    0
 18700, 99711,20190517,  112,    0
 18700, 99711,20190518,  151,    0
 18700, 99711,20190519,  158,    0
 18700, 99711,20190520,  150,    0
 18700, 99711,20190521,  155,    0
 18700, 99711,20190522,  142,    0
 18700, 99711,20190523,   85,    0
 18700, 99711,20190524,   82,    0
 18700, 99711,20190525,   90,    0
 18700, 99711,20190526,   57,    0
 18700, 99711,20190527,   70,    0
 18700, 99711,20190528,   42,    0
 18700, 99711,20190529,-9999,    9
 18700, 99711,20190530,-9999,    9
 18700, 99711,20190531,-9999,    9
 18700, 99711,20190601,   49,    0
 18700, 99711,20190602,   56,    0
 18700, 99711,20190603,   91,    0
 18700, 99711,20190604,   92,    0
 18700, 99711,20190605,  130,    0
 18700, 99711,20190606,  169,    0
 18700, 99711,20190607,  171,    0
 18700, 99711,20190608,  107,    0
 18700, 99711,20190609,  139,    0
 18700, 99711,20190610,   76,    0
 18700, 99711,20190611,   93,    0
 18700, 99711,20190612,  119,    0
 18700, 99711,20190613,  150,    0
 18700, 99711,20190614,  167,    0
 18700, 99711,20190615,  149,    0
 18700, 99711,20190616,  147,    0
 18700, 99711,20190617,  110,    0
 18700, 99711,20190618,  110,    0
 18700, 99711,20190619,  113,    0
 18700, 99711,20190620,  136,    0
 18700, 99711,20190621,  117,    0
 18700, 99711,20190622,   97,    0
 18700, 99711,20190623,  100,    0
 18700, 99711,20190624,   91,    0
 18700, 99711,20190625,  105,    0
 18700, 99711,20190626,   93,    0
 18700, 99711,20190627,   90,    0
 18700, 99711,20190628,   84,    0
 18700, 99711,20190629,   74,    0
 18700, 99711,20190630,   95,    0
 18700, 99711,20190701,   78,    0
 18700, 99711,20190702,   90,    0
 18700, 99711,20190703,  115,    0
 18700, 99711,20190704,  101,    0
 18700, 99711,20190705,  109,    0
 18700, 99711,20190706,   91,    0
 18700, 99711,20190707,  117,    0
 18700, 99711,20190708,  163,    0
 18700, 99711,20190709,  159,    0
 18700, 99711,20190710,  129,    0
 18700, 99711,20190711,  133,    0
 18700, 99711,20190712,  144,    0
 18700, 99711,20190713,  129,    0
 18700, 99711,20190714,  117,    0
 18700, 99711,20190715,  104,    0
 18700, 99711,20190716,  120,    0
 18700, 99711,20190717,  125,    0
 18700, 99711,20190718,  159,    0
 18700, 99711,20190719,  184,    0
 18700, 99711,20190720,  163,    0
 18700, 99711,20190721,  193,    0
 18700, 99711,20190722,  148,    0
 18700, 99711,20190723,  172,    0
 18700, 99711,20190724,  149,    0
 18700, 99711,20190725,  222,    0
 18700, 99711,20190726,  189,    0
 18700, 99711,20190727,  253,    0
 18700, 99711,20190728,  231,    0
 18700, 99711,20190729,  188,    0
 18700, 99711,20190730,  147,    0
 18700, 99711,20190731,  162,    0
 18700, 99711,20190801,  143,    0
 18700, 99711,20190802,  134,    0
 18700, 99711,20190803,  129,    0
 18700, 99711,20190804,  130,    0
 18700, 99711,20190805,  126,    0
 18700, 99711,20190806,  141,    0
 18700, 99711,20190807,  157,    0
 18700, 99711,20190808,  159,    0
 18700, 99711,20190809,  144,    0
 18700, 99711,20190810,  164,    0
 18700, 99711,20190811,  174,    0
 18700, 99711,20190812,  188,    0
 18700, 99711,20190813,  189,    0
 18700, 99711,20190814,  119,    0
 18700, 99711,20190815,  110,    0
 18700, 99711,20190816,  122,    0
 18700, 99711,20190817,  137,    0
 18700, 99711,20190818,  146,    0
 18700, 99711,20190819,  138,    0
 18700, 99711,20190820,  127,    0
 18700, 99711,20190821,  127,    0
 18700, 99711,20190822,-9999,    9
 18700, 99711,20190823,  135,    0
 18700, 99711,20190824,  125,    0
 18700, 99711,20190825,  124,    0
 18700, 99711,20190826,  122,    0
 18700, 99711,20190827,  171,    0
 18700, 99711,20190828,  207,    0
 18700, 99711,20190829,  200,    0
 18700, 99711,20190830,  130,    0
 18700, 99711,20190831,  133,    0
 18700, 99711,20190901,  151,    0
 18700, 99711,20190902,  110,    0
 18700, 99711,20190903,  108,    0
 18700, 99711,20190904,   98,    0
 18700, 99711,20190905,   72,    0
 18700, 99711,20190906,   84,    0
 18700, 99711,20190907,   83,    0
 18700, 99711,20190908,   86,    0
 18700, 99711,20190909,  122,    0
 18700, 99711,20190910,-9999,    9
 18700, 99711,20190911,  154,    0
 18700, 99711,20190912,  100,    0
 18700, 99711,20190913,   77,    0
 18700, 99711,20190914,   65,    0
 18700, 99711,20190915,   85,    0
 18700, 99711,20190916,   78,    0
 18700, 99711,20190917,   70,    0
 18700, 99711,20190918,   60,    0
 18700, 99711,20190919,   43,    0
 18700, 99711,20190920,   44,    0
 18700, 99711,20190921,   35,    0
 18700, 99711,20190922,   25,    0
 18700, 99711,20190923,   44,    0
 18700, 99711,20190924,   68,    0
 18700, 99711,20190925,   58,    0
 18700, 99711,20190926,   80,    0
 18700, 99711,20190927,  120,    0
 18700, 99711,20190928,  104,    0
 18700, 99711,20190929,   55,    0
 18700, 99711,20190930,   34,    0
 18700, 99711,20191001,   41,    0
 18700, 99711,20191002,   42,    0
 18700, 99711,20191003,   15,    0
 18700, 99711,20191004,   -2,    0
 18700, 99711,20191005,   13,    0
 18700, 99711,20191006,   45,    0
 18700, 99711,20191007,   45,    0
 18700, 99711,20191008,   36,    0
 18700, 99711,20191009,   12,    0
 18700, 99711,20191010,   19,    0
 18700, 99711,20191011,   27,    0
 18700, 99711,20191012,   28,    0
 18700, 99711,20191013,   18,    0
 18700, 99711,20191014,   18,    0
 18700, 99711,20191015,   28,    0
 18700, 99711,20191016,   16,    0
 18700, 99711,20191017,   26,    0
 18700, 99711,20191018,   23,    0
 18700, 99711,20191019,    8,    0
 18700, 99711,20191020,  -12,    0
 18700, 99711,20191021,   26,    0
 18700, 99711,20191022,   54,    0
 18700, 99711,20191023,-9999,    9
 18700, 99711,20191024,-9999,    9
 18700, 99711,20191025,-9999,    9
 18700, 99711,20191026,-9999,    9
 18700, 99711,20191027,   -1,    0
 18700, 99711,20191028,   -5,    0
 18700, 99711,20191029,   -9,    0
 18700, 99711,20191030,   14,    0
 18700, 99711,20191031,   21,    0
 18700, 99711,20191101,    3,    0
 18700, 99711,20191102,  -30,    0
 18700, 99711,20191103,  -15,    0
 18700, 99711,20191104,  -13,    0
 18700, 99711,20191105,  -39,    0
 18700, 99711,20191106,  -64,    0
 18700, 99711,20191107,  -50,    0
 18700, 99711,20191108,  -67,    0
 18700, 99711,20191109,  -93,    0
 18700, 99711,20191110,  -99,    0
 18700, 99711,20191111,  -68,    0
 18700, 99711,20191112,  -25,    0
 18700, 99711,20191113,   15,    0
 18700, 99711,20191114,   22,    0
 18700, 99711,20191115,   14,    0
 18700, 99711,20191116,   20,    0
 18700, 99711,20191117,    5,    0
 18700, 99711,20191118,   17,    0
 18700, 99711,20191119,   35,    0
 18700, 99711,20191120,   53,    0
 18700, 99711,20191121,   27,    0
 18700, 99711,20191122,   35,    0
 18700, 99711,20191123,   42,    0
 18700, 99711,20191124,   31,    0
 18700, 99711,20191125,   20,    0
 18700, 99711,20191126,    2,    0
 18700, 99711,20191127,  -33,    0
 18700, 99711,20191128,  -54,    0
 18700, 99711,20191129,  -53,    0
 18700, 99711,20191130,  -32,    0
 18700, 99711,20191201,   -7,    0
 18700, 99711,20191202,   -3,    0
 18700, 99711,20191203,   13,    0
 18700, 99711,20191204,   57,    0
 18700, 99711,20191205,   22,    0
 18700, 99711,20191206,   11,    0
 18700, 99711,20191207,-9999,    9
 18700, 99711,20191208,  -18,    0
 18700, 99711,20191209,  -50,    0
 18700, 99711,20191210,  -44,    0
 18700, 99711,20191211,    9,    0
 18700, 99711,20191212,   18,    0
 18700, 99711,20191213,    9,    0
 18700, 99711,20191214,-9999,    9
 18700, 99711,20191215,   20,    0
 18700, 99711,20191216,    0,    0
 18700, 99711,20191217,   -3,    0
 18700, 99711,20191218,   -1,    0
 18700, 99711,20191219,   10,    0
 18700, 99711,20191220,  -16,    0
 18700, 99711,20191221,-9999,    9
 18700, 99711,20191222,-9999,    9
 18700, 99711,20191223,-9999,    9
 18700, 99711,20191224,    2,    0
 18700, 99711,20191225,  -42,    0
 18700, 99711,20191226,  -32,    0
 18700, 99711,20191227,  -42,    0
 18700, 99711,20191228,   17,    0
 18700, 99711,20191229,   51,    0
 18700, 99711,20191230,   27,    0
 18700, 99711,20191231,    6,    0
 18700, 99711,20200101,   38,    0
 18700, 99711,20200102,   51,    0
 18700, 99711,20200103,   -2,    0
 18700, 99711,20200104,  -13,    0
 18700, 99711,20200105,-9999,    9
 18700, 99711,20200106,-9999,    9
 18700, 99711,20200107,   49,    0
 18700, 99711,20200108,   25,    0
 18700, 99711,20200109,   20,    0
 18700, 99711,20200110,   19,    0
 18700, 99711,20200111,   20,    0
 18700, 99711,20200112,-9999,    9
 18700, 99711,20200113,-9999,    9
 18700, 99711,20200114,-9999,    9
 18700, 99711,20200115,-9999,    9
 18700, 99711,20200116,   12,    0
 18700, 99711,20200117,   14,    0
 18700, 99711,20200118,   -9,    0
 18700, 99711,20200119,   -2,    0
 18700, 99711,20200120,   37,    0
 18700, 99711,20200121,   10,    0
 18700, 99711,20200122,    9,    0
 18700, 99711,20200123,   16,    0
 18700, 99711,20200124,   -6,    0
 18700, 99711,20200125,  -10,    0
 18700, 99711,20200126,  -47,    0
 18700, 99711,20200127,-9999,    9
 18700, 99711,20200128,-9999,    9
 18700, 99711,20200129,  -42,    0
 18700, 99711,20200130,  -29,    0
 18700, 99711,20200131,  -12,    0
 18700, 99711,20200201,   18,    0
 18700, 99711,20200202,    4,    0
 18700, 99711,20200203,  -37,    0
 18700, 99711,20200204,  -47,    0
 18700, 99711,20200205,  -31,    0
 18700, 99711,20200206,  -22,    0
 18700, 99711,20200207,   18,    0
 18700, 99711,20200208,   13,    0
 18700, 99711,20200209,   25,    0
 18700, 99711,20200210,   11,    0
 18700, 99711,20200211,   23,    0
 18700, 99711,20200212,    6,    0
 18700, 99711,20200213,  -23,    0
 18700, 99711,20200214,  -19,    0
 18700, 99711,20200215,  -20,    0
 18700, 99711,20200216,    5,    0
 18700, 99711,20200217,    8,    0
 18700, 99711,20200218,    9,    0
 18700, 99711,20200219,  -51,    0
 18700, 99711,20200220,  -28,    0
 18700, 99711,20200221,   32,    0
 18700, 99711,20200222,   24,    0
 18700, 99711,20200223,   11,    0
 18700, 99711,20200224,  -12,    0
 18700, 99711,20200225,  -28,    0
 18700, 99711,20200226,  -34,    0
 18700, 99711,20200227,  -27,    0
 18700, 99711,20200228,  -33,    0
 18700, 99711,20200229,  -46,    0
 18700, 99711,20200301,  -79,    0
 18700, 99711,20200302, -101,    0
 18700, 99711,20200303,  -65,    0
 18700, 99711,20200304,  -24,    0
 18700, 99711,20200305,  -37,    0
 18700, 99711,20200306,  -10,    0
 18700, 99711,20200307,   18,    0
 18700, 99711,20200308,    8,    0
 18700, 99711,20200309,   41,    0
 18700, 99711,20200310,   25,    0
 18700, 99711,20200311,   14,    0
 18700, 99711,20200312,   -8,    0
 18700, 99711,20200313,  -49,    0
 18700, 99711,20200314,  -27,    0
 18700, 99711,20200315,   -7,    0
 18700, 99711,20200316,   -5,    0
 18700, 99711,20200317,   12,    0
 18700, 99711,20200318,   14,    0
 18700, 99711,20200319,  -18,    0
 18700, 99711,20200320,-9999,    9
 18700, 99711,20200321,-9999,    9
 18700, 99711,20200322,-9999,    9
 18700, 99711,20200323,-9999,    9
 18700, 99711,20200324,-9999,    9
 18700, 99711,20200325,-9999,    9
 18700, 99711,20200326,-9999,    9
 18700, 99711,20200327,   13,    0
 18700, 99711,20200328,  -29,    0
 18700, 99711,20200329,  -38,    0
 18700, 99711,20200330,  -38,    0
 18700, 99711,20200331,   15,    0
 18700, 99711,20200401,   -6,    0
 18700, 99711,20200402,  -20,    0
 18700, 99711,20200403,  -28,    0
 18700, 99711,20200404,  -35,    0
 18700, 99711,20200405,  -29,    0
 18700, 99711,20200406,   20,    0
 18700, 99711,20200407,   47,    0
 18700, 99711,20200408,   29,    0
 18700, 99711,20200409,    7,    0
 18700, 99711,20200410,   -9,    0
 18700, 99711,20200411,-9999,    9
 18700, 99711,20200412,-9999,    9
 18700, 99711,20200413,-9999,    9
 18700, 99711,20200414,-9999,    9
 18700, 99711,20200415,-9999,    9
 18700, 99711,20200416,-9999,    9
 18700, 99711,20200417,   17,    0
 18700, 99711,20200418,   28,    0
 18700, 99711,20200419,   36,    0
 18700, 99711,20200420,   45,    0
 18700, 99711,20200421,   44,    0
 18700, 99711,20200422,   30,    0
 18700, 99711,20200423,   29,    0
 18700, 99711,20200424,   36,    0
 18700, 99711,20200425,   25,    0
 18700, 99711,20200426,   28,    0
 18700, 99711,20200427,   26,    0
 18700, 99711,20200428,   11,    0
 18700, 99711,20200429,   17,    0
 18700, 99711,20200430,   31,    0
 18700, 99711,20200501,   43,    0
 18700, 99711,20200502,   45,    0
 18700, 99711,20200503,   35,    0
 18700, 99711,20200504,   36,    0
 18700, 99711,20200505,   41,    0
 18700, 99711,20200506,   22,    0
 18700, 99711,20200507,   15,    0
 18700, 99711,20200508,   15,    0
 18700, 99711,20200509,    2,    0
 18700, 99711,20200510,   12,    0
 18700, 99711,20200511,    9,    0
 18700, 99711,20200512,   12,    0
 18700, 99711,20200513,   13,    0
 18700, 99711,20200514,   19,    0
 18700, 99711,20200515,    8,    0
 18700, 99711,20200516,   44,    0
 18700, 99711,20200517,   53,    0
 18700, 99711,20200518,   27,    0
 18700, 99711,20200519,   41,    0
 18700, 99711,20200520,   53,    0
 18700, 99711,20200521,   67,    0
 18700, 99711,20200522,  104,    0
 18700, 99711,20200523,  109,    0
 18700, 99711,20200524,   91,    0
 18700, 99711,20200525,   95,    0
 18700, 99711,20200526,  107,    0
 18700, 99711,20200527,   76,    0
 18700, 99711,20200528,   59,    0
 18700, 99711,20200529,   64,    0
 18700, 99711,20200530,   91,    0
 18700, 99711,20200531,  137,    0
 18700, 99711,20200601,  163,    0
 18700, 99711,20200602,  107,    0
 18700, 99711,20200603,   89,    0
 18700, 99711,20200604,  140,    0
 18700, 99711,20200605,  153,    0
 18700, 99711,20200606,  136,    0
 18700, 99711,20200607,   87,    0
 18700, 99711,20200608,   64,    0
 18700, 99711,20200609,   78,    0
 18700, 99711,20200610,  113,    0
 18700, 99711,20200611,  107,    0
 18700, 99711,20200612,  136,    0
 18700, 99711,20200613,  202,    0
 18700, 99711,20200614,  155,    0
 18700, 99711,20200615,   99,    0
 18700, 99711,20200616,  135,    0
 18700, 99711,20200617,  178,    0
 18700, 99711,20200618,  148,    0
 18700, 99711,20200619,  148,    0
 18700, 99711,20200620,  191,    0
 18700, 99711,20200621,  207,    0
 18700, 99711,20200622,  212,    0
 18700, 99711,20200623,  168,    0
 18700, 99711,20200624,  158,    0
 18700, 99711,20200625,  142,    0
 18700, 99711,20200626,  135,    0
 18700, 99711,20200627,-9999,    9
 18700, 99711,20200628,  199,    0
 18700, 99711,20200629,  201,    0
 18700, 99711,20200630,-9999,    9
 18700, 99711,20200701,   81,    0
 18700, 99711,20200702,   84,    0
 18700, 99711,20200703,  104,    0
 18700, 99711,20200704,  109,    0
 18700, 99711,20200705,  112,    0
 18700, 99711,20200706,  136,    0
 18700, 99711,20200707,  105,    0
 18700, 99711,20200708,  113,    0
 18700, 99711,20200709,  120,    0
 18700, 99711,20200710,  116,    0
 18700, 99711,20200711,  122,    0
 18700, 99711,20200712,  125,    0
 18700, 99711,20200713,  126,    0
 18700, 99711,20200714,  144,    0
 18700, 99711,20200715,  157,    0
 18700, 99711,20200716,  175,    0
 18700, 99711,20200717,  142,    0
 18700, 99711,20200718,  149,    0
 18700, 99711,20200719,  138,    0
 18700, 99711,20200720,  114,    0
 18700, 99711,20200721,  101,    0
 18700, 99711,20200722,  105,    0
 18700, 99711,20200723,   98,    0
 18700, 99711,20200724,  118,    0
 18700, 99711,20200725,  129,    0
 18700, 99711,20200726,  167,    0
 18700, 99711,20200727,  168,    0
 18700, 99711,20200728,  168,    0
 18700, 99711,20200729,  174,    0
 18700, 99711,20200730,  185,    0
 18700, 99711,20200731,  149,    0
 18700, 99711,20200801,  166,    0
 18700, 99711,20200802,  187,    0
 18700, 99711,20200803,  167,    0
 18700, 99711,20200804,  129,    0
 18700, 99711,20200805,  146,    0
 18700, 99711,20200806,  145,    0
 18700, 99711,20200807,  166,    0
 18700, 99711,20200808,  180,    0
 18700, 99711,20200809,  115,    0
 18700, 99711,20200810,  133,    0
 18700, 99711,20200811,  154,    0
 18700, 99711,20200812,  126,    0
 18700, 99711,20200813,  131,    0
 18700, 99711,20200814,  133,    0
 18700, 99711,20200815,  128,    0
 18700, 99711,20200816,   93,    0
 18700, 99711,20200817,  102,    0
 18700, 99711,20200818,  116,    0
 18700, 99711,20200819,  108,    0
 18700, 99711,20200820,  108,    0
 18700, 99711,20200821,  164,    0
 18700, 99711,20200822,  168,    0
 18700, 99711,20200823,  122,    0
 18700, 99711,20200824,-9999,    9
 18700, 99711,20200825,-9999,    9
 18700, 99711,20200826,   95,    0
 18700, 99711,20200827,   87,    0
 18700, 99711,20200828,   90,    0
 18700, 99711,20200829,   92,    0
 18700, 99711,20200830,   81,    0
 18700, 99711,20200831,   79,    0
 18700, 99711,20200901,  113,    0
 18700, 99711,20200902,  126,    0
 18700, 99711,20200903,  145,    0
 18700, 99711,20200904,  130,    0
 18700, 99711,20200905,  102,    0
 18700, 99711,20200906,  110,    0
 18700, 99711,20200907,  108,    0
 18700, 99711,20200908,  113,    0
 18700, 99711,20200909,   95,    0
 18700, 99711,20200910,   78,    0
 18700, 99711,20200911,   79,    0
 18700, 99711,20200912,  102,    0
 18700, 99711,20200913,   80,    0
 18700, 99711,20200914,   86,    0
 18700, 99711,20200915,   74,    0
 18700, 99711,20200916,   66,    0
 18700, 99711,20200917,   72,    0
 18700, 99711,20200918,   82,    0
 18700, 99711,20200919,   73,    0
 18700, 99711,20200920,   77,    0
 18700, 99711,20200921,   81,    0
 18700, 99711,20200922,   51,    0
 18700, 99711,20200923,   81,    0
 18700, 99711,20200924,   53,    0
 18700, 99711,20200925,   81,    0
 18700, 99711,20200926,   42,    0
 18700, 99711,20200927,   59,    0
 18700, 99711,20200928,  116,    0
 18700, 99711,20200929,  119,    0
 18700, 99711,20200930,  116,    0
 18700, 99711,20201001,  121,    0
 18700, 99711,20201002,  119,    0
 18700, 99711,20201003,  109,    0
 18700, 99711,20201004,  112,    0
 18700, 99711,20201005,  107,    0
 18700, 99711,20201006,  120,    0
 18700, 99711,20201007,  123,    0
 18700, 99711,20201008,  122,    0
 18700, 99711,20201009,  103,    0
 18700, 99711,20201010,   86,    0
 18700, 99711,20201011,   76,    0
 18700, 99711,20201012,   50,    0
 18700, 99711,20201013,   53,    0
 18700, 99711,20201014,   61,    0
 18700, 99711,20201015,   56,    0
 18700, 99711,20201016,   57,    0
 18700, 99711,20201017,   31,    0
 18700, 99711,20201018,   -8,    0
 18700, 99711,20201019,  -14,    0
 18700, 99711,20201020,   11,    0
 18700, 99711,20201021,    4,    0
 18700, 99711,20201022,    2,    0
 18700, 99711,20201023,   12,    0
 18700, 99711,20201024,    3,    0
 18700, 99711,20201025,   22,    0
 18700, 99711,20201026,   51,    0
 18700, 99711,20201027,   44,    0
 18700, 99711,20201028,   33,    0
 18700, 99711,20201029,    8,    0
 18700, 99711,20201030,    7,    0
 18700, 99711,20201031,   40,    0
 18700, 99711,20201101,   76,    0
 18700, 99711,20201102,   87,    0
 18700, 99711,20201103,   60,    0
 18700, 99711,20201104,   57,    0
 18700, 99711,20201105,   52,    0
 18700, 99711,20201106,   70,    0
 18700, 99711,20201107,   45,    0
 18700, 99711,20201108,   33,    0
 18700, 99711,20201109,   44,    0
 18700, 99711,20201110,   33,    0
 18700, 99711,20201111,   67,    0
 18700, 99711,20201112,   52,    0
 18700, 99711,20201113,   29,    0
 18700, 99711,20201114,   51,    0
 18700, 99711,20201115,   64,    0
 18700, 99711,20201116,   91,    0
 18700, 99711,20201117,   88,    0
 18700, 99711,20201118,   31,    0
 18700, 99711,20201119,  -26,    0
 18700, 99711,20201120,    3,    0
 18700, 99711,20201121,   13,    0
 18700, 99711,20201122,   35,    0
 18700, 99711,20201123,   24,    0
 18700, 99711,20201124,   10,    0
 18700, 99711,20201125,   13,    0
 18700, 99711,20201126,   12,    0
 18700, 99711,20201127,   45,    0
 18700, 99711,20201128,   52,    0
 18700, 99711,20201129,   65,    0
 18700, 99711,20201130,   33,    0
 18700, 99711,20201201,    3,    0
 18700, 99711,20201202,   35,    0
 18700, 99711,20201203,   29,    0
 18700, 99711,20201204,   24,    0
 18700, 99711,20201205,   19,    0
 18700, 99711,20201206,    4,    0
 18700, 99711,20201207,-9999,    9
 18700, 99711,20201208,-9999,    9
 18700, 99711,20201209,   21,    0
 18700, 99711,20201210,   14,    0
 18700, 99711,20201211,   18,    0
 18700, 99711,20201212,   -8,    0
 18700, 99711,20201213,    3,    0
 18700, 99711,20201214,-9999,    9
 18700, 99711,20201215,   12,    0
 18700, 99711,20201216,    6,    0
 18700, 99711,20201217,   -8,    0
 18700, 99711,20201218,   -6,    0
 18700, 99711,20201219,   19,    0
 18700, 99711,20201220,   41,    0
 18700, 99711,20201221,   35,    0
 18700, 99711,20201222,-9999,    9
 18700, 99711,20201223,   15,    0
 18700, 99711,20201224,  -13,    0
 18700, 99711,20201225,  -32,    0
 18700, 99711,20201226,  -37,    0
 18700, 99711,20201227,-9999,    9
 18700, 99711,20201228,   34,    0
 18700, 99711,20201229,   16,    0
 18700, 99711,20201230,    1,    0
 18700, 99711,20201231,   -2,    0
 18700, 99711,20210101,   -8,    0
 18700, 99711,20210102,  -33,    0
 18700, 99711,20210103,    1,    0
 18700, 99711,20210104,   20,    0
 18700, 99711,20210105,   23,    0
 18700, 99711,20210106,   25,    0
 18700, 99711,20210107,  -57,    0
 18700, 99711,20210108,  -80,    0
 18700, 99711,20210109,  -70,    0
 18700, 99711,20210110,  -23,    0
 18700, 99711,20210111,  -63,    0
 18700, 99711,20210112,  -35,    0
 18700, 99711,20210113,  -50,    0
 18700, 99711,20210114,  -52,    0
 18700, 99711,20210115,   -5,    0
 18700, 99711,20210116,  -19,    0
 18700, 99711,20210117,  -50,    0
 18700, 99711,20210118,  -85,    0
 18700, 99711,20210119,  -34,    0
 18700, 99711,20210120,  -53,    0
 18700, 99711,20210121,  -73,    0
 18700, 99711,20210122,  -76,    0
 18700, 99711,20210123,  -71,    0
 18700, 99711,20210124,  -90,    0
 18700, 99711,20210125,  -61,    0
 18700, 99711,20210126,  -35,    0
 18700, 99711,20210127,  -57,    0
 18700, 99711,20210128,  -70,    0
 18700, 99711,20210129,  -97,    0
 18700, 99711,20210130,  -96,    0
 18700, 99711,20210131, -105,    0
 18700, 99711,20210201,  -97,    0
 18700, 99711,20210202,  -73,    0
 18700, 99711,20210203, -100,    0
 18700, 99711,20210204,  -94,    0
 18700, 99711,20210205,  -64,    0
 18700, 99711,20210206,  -54,    0
 18700, 99711,20210207,  -54,    0
 18700, 99711,20210208,  -42,    0
 18700, 99711,20210209,  -78,    0
 18700, 99711,20210210, -121,    0
 18700, 99711,20210211,  -38,    0
 18700, 99711,20210212,    4,    0
 18700, 99711,20210213,  -24,    0
 18700, 99711,20210214,  -34,    0
 18700, 99711,20210215,  -35,    0
 18700, 99711,20210216,  -43,    0
 18700, 99711,20210217,  -68,    0
 18700, 99711,20210218,  -78,    0
 18700, 99711,20210219,  -59,    0
 18700, 99711,20210220,  -44,    0
 18700, 99711,20210221,  -67,    0
 18700, 99711,20210222,  -46,    0
 18700, 99711,20210223,  -38,    0
 18700, 99711,20210224,   38,    0
 18700, 99711,20210225,   44,    0
 18700, 99711,20210226,   29,    0
 18700, 99711,20210227,   37,    0
 18700, 99711,20210228,   55,    0
 18700, 99711,20210301,   27,    0
 18700, 99711,20210302,   20,    0
 18700, 99711,20210303,    0,    0
 18700, 99711,20210304,  -29,    0
 18700, 99711,20210305,  -30,    0
 18700, 99711,20210306,  -48,    0
 18700, 99711,20210307,  -42,    0
 18700, 99711,20210308,  -28,    0
 18700, 99711,20210309,  -58,    0
 18700, 99711,20210310,  -73,    0
 18700, 99711,20210311,  -27,    0
 18700, 99711,20210312,   -5,    0
 18700, 99711,20210313,    9,    0
 18700, 99711,20210314,    4,    0
 18700, 99711,20210315,    8,    0
 18700, 99711,20210316,  -12,    0
 18700, 99711,20210317,  -20,    0
 18700, 99711,20210318,  -49,    0
 18700, 99711,20210319,  -12,    0
 18700, 99711,20210320,   26,    0
 18700, 99711,20210321,-9999,    9
 18700, 99711,20210322,    9,    0
 18700, 99711,20210323,   42,    0
 18700, 99711,20210324,   46,    0
 18700, 99711,20210325,   14,    0
 18700, 99711,20210326,   42,    0
 18700, 99711,20210327,   44,    0
 18700, 99711,20210328,   37,    0
 18700, 99711,20210329,   41,    0
 18700, 99711,20210330,   32,    0
 18700, 99711,20210331,   35,    0
 18700, 99711,20210401,   18,    0
 18700, 99711,20210402,   13,    0
 18700, 99711,20210403,   20,    0
 18700, 99711,20210404,    7,    0
 18700, 99711,20210405,   -3,    0
 18700, 99711,20210406,   15,    0
 18700, 99711,20210407,   -5,    0
 18700, 99711,20210408,  -13,    0
 18700, 99711,20210409,  -18,    0
 18700, 99711,20210410,    0,    0
 18700, 99711,20210411,   13,    0
 18700, 99711,20210412,    4,    0
 18700, 99711,20210413,  -11,    0
 18700, 99711,20210414,   18,    0
 18700, 99711,20210415,   47,    0
 18700, 99711,20210416,   58,    0
 18700, 99711,20210417,-9999,    9
 18700, 99711,20210418,   66,    0
 18700, 99711,20210419,   90,    0
 18700, 99711,20210420,   97,    0
 18700, 99711,20210421,   26,    0
 18700, 99711,20210422,   14,    0
 18700, 99711,20210423,   17,    0
 18700, 99711,20210424,   16,    0
 18700, 99711,20210425,   20,    0
 18700, 99711,20210426,   20,    0
 18700, 99711,20210427,   15,    0
 18700, 99711,20210428,   17,    0
 18700, 99711,20210429,   12,    0
 18700, 99711,20210430,   12,    0
 18700, 99711,20210501,    7,    0
 18700, 99711,20210502,    9,    0
 18700, 99711,20210503,    8,    0
 18700, 99711,20210504,   28,    0
 18700, 99711,20210505,   44,    0
 18700, 99711,20210506,   25,    0
 18700, 99711,20210507,   27,    0
 18700, 99711,20210508,   17,    0
 18700, 99711,20210509,   39,    0
 18700, 99711,20210510,-9999,    9
 18700, 99711,20210511,-9999,    9
 18700, 99711,20210512,  107,    0
 18700, 99711,20210513,   66,    0
 18700, 99711,20210514,   77,    0
 18700, 99711,20210515,   97,    0
 18700, 99711,20210516,  107,    0
 18700, 99711,20210517,  113,    0
 18700, 99711,20210518,  103,    0
 18700, 99711,20210519,   84,    0
 18700, 99711,20210520,   71,    0
 18700, 99711,20210521,   91,    0
 18700, 99711,20210522,   76,    0
 18700, 99711,20210523,   57,    0
 18700, 99711,20210524,   89,    0
 18700, 99711,20210525,  111,    0
 18700, 99711,20210526,  106,    0
 18700, 99711,20210527,   95,    0
 18700, 99711,20210528,   75,    0
 18700, 99711,20210529,   79,    0
 18700, 99711,20210530,   74,    0
 18700, 99711,20210531,   88,    0
 18700, 99711,20210601,  147,    0
 18700, 99711,20210602,  201,    0
 18700, 99711,20210603,  182,    0
 18700, 99711,20210604,  188,    0
 18700, 99711,20210605,  160,    0
 18700, 99711,20210606,  171,    0
 18700, 99711,20210607,  123,    0
 18700, 99711,20210608,  138,    0
 18700, 99711,20210609,  142,    0
 18700, 99711,20210610,  175,    0
 18700, 99711,20210611,  154,    0
 18700, 99711,20210612,  106,    0
 18700, 99711,20210613,   76,    0
 18700, 99711,20210614,   85,    0
 18700, 99711,20210615,   77,    0
 18700, 99711,20210616,   64,    0
 18700, 99711,20210617,-9999,    9
 18700, 99711,20210618,  108,    0
 18700, 99711,20210619,  101,    0
 18700, 99711,20210620,  129,    0
 18700, 99711,20210621,  133,    0
 18700, 99711,20210622,  111,    0
 18700, 99711,20210623,  134,    0
 18700, 99711,20210624,  117,    0
 18700, 99711,20210625,  113,    0
 18700, 99711,20210626,  108,    0
 18700, 99711,20210627,  126,    0
 18700, 99711,20210628,  119,    0
 18700, 99711,20210629,   99,    0
 18700, 99711,20210630,  110,    0
 18700, 99711,20210701,  136,    0
 18700, 99711,20210702,  150,    0
 18700, 99711,20210703,  178,    0
 18700, 99711,20210704,  216,    0
 18700, 99711,20210705,  230,    0
 18700, 99711,20210706,  233,    0
 18700, 99711,20210707,  206,    0
 18700, 99711,20210708,  146,    0
 18700, 99711,20210709,  167,    0
 18700, 99711,20210710,  192,    0
 18700, 99711,20210711,  192,    0
 18700, 99711,20210712,  167,    0
 18700, 99711,20210713,  148,    0
 18700, 99711,20210714,  168,    0
 18700, 99711,20210715,  163,    0
 18700, 99711,20210716,  130,    0
 18700, 99711,20210717,  140,    0
 18700, 99711,20210718,  107,    0
 18700, 99711,20210719,  102,    0
 18700, 99711,20210720,   88,    0
 18700, 99711,20210721,   99,    0
 18700, 99711,20210722,  100,    0
 18700, 99711,20210723,   95,    0
 18700, 99711,20210724,  112,    0
 18700, 99711,20210725,  150,    0
 18700, 99711,20210726,  159,    0
 18700, 99711,20210727,  208,    0
 18700, 99711,20210728,  218,    0
 18700, 99711,20210729,  182,    0
 18700, 99711,20210730,  144,    0
 18700, 99711,20210731,  118,    0
 18700, 99711,20210801,  104,    0
 18700, 99711,20210802,   96,    0
 18700, 99711,20210803,  106,    0
 18700, 99711,20210804,  115,    0
 18700, 99711,20210805,  132,    0
 18700, 99711,20210806,  161,    0
 18700, 99711,20210807,  183,    0
 18700, 99711,20210808,  169,    0
 18700, 99711,20210809,  168,    0
 18700, 99711,20210810,  156,    0
 18700, 99711,20210811,  132,    0
 18700, 99711,20210812,  130,    0
 18700, 99711,20210813,  144,    0
 18700, 99711,20210814,  144,    0
 18700, 99711,20210815,  136,    0
 18700, 99711,20210816,  124,    0
 18700, 99711,20210817,  146,    0
 18700, 99711,20210818,  131,    0
 18700, 99711,20210819,  132,    0
 18700, 99711,20210820,  115,    0
 18700, 99711,20210821,  100,    0
 18700, 99711,20210822,   96,    0
 18700, 99711,20210823,   99,    0
 18700, 99711,20210824,  100,    0
 18700, 99711,20210825,  114,    0
 18700, 99711,20210826,  111,    0
 18700, 99711,20210827,  121,    0
 18700, 99711,20210828,  117,    0
 18700, 99711,20210829,  105,    0
 18700, 99711,20210830,  112,    0
 18700, 99711,20210831,  100,    0
 18700, 99711,20210901,   82,    0
 18700, 99711,20210902,   75,    0
 18700, 99711,20210903,   76,    0
 18700, 99711,20210904,   73,    0
 18700, 99711,20210905,   88,    0
 18700, 99711,20210906,  107,    0
 18700, 99711,20210907,  111,    0
 18700, 99711,20210908,   95,    0
 18700, 99711,20210909,   86,    0
 18700, 99711,20210910,   87,    0
 18700, 99711,20210911,   96,    0
 18700, 99711,20210912,   93,    0
 18700, 99711,20210913,   66,    0
 18700, 99711,20210914,   65,    0
 18700, 99711,20210915,   80,    0
 18700, 99711,20210916,   86,    0
 18700, 99711,20210917,   98,    0
 18700, 99711,20210918,   97,    0
 18700, 99711,20210919,   98,    0
 18700, 99711,20210920,   88,    0
 18700, 99711,20210921,   85,    0
 18700, 99711,20210922,  109,    0
 18700, 99711,20210923,  102,    0
 18700, 99711,20210924,   85,    0
 18700, 99711,20210925,   76,    0
 18700, 99711,20210926,   99,    0
 18700, 99711,20210927,  144,    0
 18700, 99711,20210928,  134,    0
 18700, 99711,20210929,  121,    0
 18700, 99711,20210930,  110,    0
 18700, 99711,20211001,  105,    0
 18700, 99711,20211002,  133,    0
 18700, 99711,20211003,  120,    0
 18700, 99711,20211004,  147,    0
 18700, 99711,20211005,  119,    0
 18700, 99711,20211006,   97,    0
 18700, 99711,20211007,   62,    0
 18700, 99711,20211008,   66,    0
 18700, 99711,20211009,  101,    0
 18700, 99711,20211010,   96,    0
 18700, 99711,20211011,   73,    0
 18700, 99711,20211012,   53,    0
 18700, 99711,20211013,   33,    0
 18700, 99711,20211014,   37,    0
 18700, 99711,20211015,   20,    0
 18700, 99711,20211016,   27,    0
 18700, 99711,20211017,   32,    0
 18700, 99711,20211018,   15,    0
 18700, 99711,20211019,    3,    0
 18700, 99711,20211020,   22,    0
 18700, 99711,20211021,   21,    0
 18700, 99711,20211022,   17,    0
 18700, 99711,20211023,    6,    0
 18700, 99711,20211024,   19,    0
 18700, 99711,20211025,   55,    0
 18700, 99711,20211026,   54,    0
 18700, 99711,20211027,   43,    0
 18700, 99711,20211028,-9999,    9
 18700, 99711,20211029,-9999,    9
 18700, 99711,20211030,  417,    0
 18700, 99711,20211031,-9999,    9
 18700, 99711,20211101,-9999,    9
 18700, 99711,20211102,-9999,    9
 18700, 99711,20211103,-9999,    9
 18700, 99711,20211104,-9999,    9
 18700, 99711,20211105,-9999,    9
 18700, 99711,20211106,-9999,    9
 18700, 99711,20211107,-9999,    9
 18700, 99711,20211108,-9999,    9
 18700, 99711,20211109,-9999,    9
 18700, 99711,20211110,-9999,    9
 18700, 99711,20211111,-9999,    9
 18700, 99711,20211112,-9999,    9
 18700, 99711,20211113,-9999,    9
 18700, 99711,20211114,-9999,    9
 18700, 99711,20211115,-9999,    9
 18700, 99711,20211116,-9999,    9
 18700, 99711,20211117,-9999,    9
 18700, 99711,20211118,-9999,    9
 18700, 99711,20211119,-9999,    9
 18700, 99711,20211120,-9999,    9
 18700, 99711,20211121,  414,    0
 18700, 99711,20211122,  417,    0
 18700, 99711,20211123,-9999,    9
 18700, 99711,20211124,-9999,    9
 18700, 99711,20211125,  -64,    0
 18700, 99711,20211126,  -76,    0
 18700, 99711,20211127,  -93,    0
 18700, 99711,20211128,  -75,    0
 18700, 99711,20211129,  -76,    0
 18700, 99711,20211130,-9999,    9
 18700, 99711,20211201, -107,    0
 18700, 99711,20211202,  -78,    0
 18700, 99711,20211203,  -45,    0
 18700, 99711,20211204,  -63,    0
 18700, 99711,20211205, -102,    0
 18700, 99711,20211206, -122,    0
 18700, 99711,20211207,  -86,    0
 18700, 99711,20211208,  -91,    0
 18700, 99711,20211209,  -56,    0
 18700, 99711,20211210,   -9,    0
 18700, 99711,20211211,  -10,    0
 18700, 99711,20211212,    4,    0
 18700, 99711,20211213,    5,    0
 18700, 99711,20211214,   33,    0
 18700, 99711,20211215,   30,    0
 18700, 99711,20211216,   38,    0
 18700, 99711,20211217,   44,    0
 18700, 99711,20211218,   35,    0
 18700, 99711,20211219,   25,    0
 18700, 99711,20211220,  -45,    0
 18700, 99711,20211221,  -63,    0
 18700, 99711,20211222,  -89,    0
 18700, 99711,20211223,  -61,    0
 18700, 99711,20211224,  -86,    0
 18700, 99711,20211225,  -35,    0
 18700, 99711,20211226, -107,    0
 18700, 99711,20211227,  -86,    0
 18700, 99711,20211228,  -52,    0
 18700, 99711,20211229,  -55,    0
 18700, 99711,20211230,   -7,    0
 18700, 99711,20211231,  -41,    0
 18700, 99711,20220101,  -85,    0
 18700, 99711,20220102,  -32,    0
 18700, 99711,20220103,  -19,    0
 18700, 99711,20220104,  -45,    0
 18700, 99711,20220105,  -67,    0
 18700, 99711,20220106,  -49,    0
 18700, 99711,20220107,  -89,    0
 18700, 99711,20220108,  -80,    0
 18700, 99711,20220109,  -75,    0
 18700, 99711,20220110,  -70,    0
 18700, 99711,20220111,    2,    0
 18700, 99711,20220112,   33,    0
 18700, 99711,20220113,   12,    0
 18700, 99711,20220114,   12,    0
 18700, 99711,20220115,    6,    0
 18700, 99711,20220116,    5,    0
 18700, 99711,20220117,  -17,    0
 18700, 99711,20220118,   27,    0
 18700, 99711,20220119,    7,    0
 18700, 99711,20220120,  -13,    0
 18700, 99711,20220121,  -39,    0
 18700, 99711,20220122,   17,    0
 18700, 99711,20220123,   59,    0
 18700, 99711,20220124,    1,    0
 18700, 99711,20220125,  -10,    0
 18700, 99711,20220126,   -4,    0
 18700, 99711,20220127,  -13,    0
 18700, 99711,20220128,  -26,    0
 18700, 99711,20220129,  -26,    0
 18700, 99711,20220130,  -39,    0
 18700, 99711,20220131,  -58,    0
 18700, 99711,20220201,  -62,    0
 18700, 99711,20220202,  -57,    0
 18700, 99711,20220203,  -77,    0
 18700, 99711,20220204,  -72,    0
 18700, 99711,20220205,   -5,    0
 18700, 99711,20220206,  -14,    0
 18700, 99711,20220207,  -27,    0
 18700, 99711,20220208,   -7,    0
 18700, 99711,20220209,   -3,    0
 18700, 99711,20220210,    0,    0
 18700, 99711,20220211,  -33,    0
 18700, 99711,20220212,  -35,    0
 18700, 99711,20220213,  -36,    0
 18700, 99711,20220214,  -25,    0
 18700, 99711,20220215,  -77,    0
 18700, 99711,20220216,  -35,    0
 18700, 99711,20220217,  -35,    0
 18700, 99711,20220218,  -66,    0
 18700, 99711,20220219,  -46,    0
 18700, 99711,20220220,  -48,    0
 18700, 99711,20220221,  -56,    0
 18700, 99711,20220222,  -84,    0
 18700, 99711,20220223,  -50,    0
 18700, 99711,20220224,    4,    0
 18700, 99711,20220225,  -10,    0
 18700, 99711,20220226,  -14,    0
 18700, 99711,20220227,   50,    0
 18700, 99711,20220228,   43,    0
 18700, 99711,20220301,   34,    0
 18700, 99711,20220302,   25,    0
 18700, 99711,20220303,-9999,    9
 18700, 99711,20220304,    1,    0
 18700, 99711,20220305,   15,    0
 18700, 99711,20220306,   20,    0
 18700, 99711,20220307,    6,    0
 18700, 99711,20220308,    7,    0
 18700, 99711,20220309,   20,    0
 18700, 99711,20220310,   37,    0
 18700, 99711,20220311,   37,    0
 18700, 99711,20220312,   62,    0
 18700, 99711,20220313,   37,    0
 18700, 99711,20220314,   52,    0
 18700, 99711,20220315,   54,    0
 18700, 99711,20220316,   35,    0
 18700, 99711,20220317,   55,    0
 18700, 99711,20220318,   39,    0
 18700, 99711,20220319,   62,    0
 18700, 99711,20220320,   82,    0
 18700, 99711,20220321,   46,    0
 18700, 99711,20220322,   31,    0
 18700, 99711,20220323,   47,    0
 18700, 99711,20220324,   18,    0
 18700, 99711,20220325,    3,    0
 18700, 99711,20220326,  -10,    0
 18700, 99711,20220327,  -20,    0
 18700, 99711,20220328,  -45,    0
 18700, 99711,20220329,  -62,    0
 18700, 99711,20220330,  -15,    0
 18700, 99711,20220331,  -36,    0
 18700, 99711,20220401,  -42,    0
 18700, 99711,20220402,   -8,    0
 18700, 99711,20220403,  -20,    0
 18700, 99711,20220404,  -40,    0
 18700, 99711,20220405,  -69,    0
 18700, 99711,20220406,  -24,    0
 18700, 99711,20220407,   -4,    0
 18700, 99711,20220408,  -15,    0
 18700, 99711,20220409,   24,    0
 18700, 99711,20220410,   14,    0
 18700, 99711,20220411,   14,    0
 18700, 99711,20220412,   31,    0
 18700, 99711,20220413,   18,    0
 18700, 99711,20220414,   15,    0
 18700, 99711,20220415,   13,    0
 18700, 99711,20220416,   37,    0
 18700, 99711,20220417,   49,    0
 18700, 99711,20220418,   49,    0
 18700, 99711,20220419,   91,    0
 18700, 99711,20220420,   81,    0
 18700, 99711,20220421,   51,    0
 18700, 99711,20220422,   49,    0
 18700, 99711,20220423,   49,    0
 18700, 99711,20220424,   46,    0
 18700, 99711,20220425,   28,    0
 18700, 99711,20220426,  -17,    0
 18700, 99711,20220427,  -13,    0
 18700, 99711,20220428,    0,    0
 18700, 99711,20220429,    5,    0
 18700, 99711,20220430,   19,    0
 18700, 99711,20220501,-9999,    9
 18700, 99711,20220502,-9999,    9
 18700, 99711,20220503,-9999,    9
 18700, 99711,20220504,-9999,    9
 18700, 99711,20220505,-9999,    9
 18700, 99711,20220506,-9999,    9
 18700, 99711,20220507,-9999,    9
 18700, 99711,20220508,-9999,    9
 18700, 99711,20220509,-9999,    9
 18700, 99711,20220510,-9999,    9
 18700, 99711,20220511,-9999,    9
 18700, 99711,20220512,-9999,    9
 18700, 99711,20220513,-9999,    9
 18700, 99711,20220514,-9999,    9
 18700, 99711,20220515,   47,    0
 18700, 99711,20220516,   36,    0
 18700, 99711,20220517,   28,    0
 18700, 99711,20220518,   58,    0
 18700, 99711,20220519,-9999,    9
 18700, 99711,20220520,-9999,    9
 18700, 99711,20220521,  119,    0
 18700, 99711,20220522,  109,    0
 18700, 99711,20220523,  129,    0
 18700, 99711,20220524,  141,    0
 18700, 99711,20220525,  123,    0
 18700, 99711,20220526,  108,    0
 18700, 99711,20220527,   90,    0
 18700, 99711,20220528,   80,    0
 18700, 99711,20220529,  116,    0
 18700, 99711,20220530,  134,    0
 18700, 99711,20220531,  146,    0
 18700, 99711,20220601,  133,    0
 18700, 99711,20220602,  147,    0
 18700, 99711,20220603,  110,    0
 18700, 99711,20220604,   83,    0
 18700, 99711,20220605,   54,    0
 18700, 99711,20220606,   88,    0
 18700, 99711,20220607,   59,    0
 18700, 99711,20220608,   77,    0
 18700, 99711,20220609,   80,    0
 18700, 99711,20220610,  117,    0
 18700, 99711,20220611,  104,    0
 18700, 99711,20220612,  127,    0
 18700, 99711,20220613,  121,    0
 18700, 99711,20220614,   97,    0
 18700, 99711,20220615,   93,    0
 18700, 99711,20220616,  118,    0
 18700, 99711,20220617,  120,    0
 18700, 99711,20220618,  103,    0
 18700, 99711,20220619,  100,    0
 18700, 99711,20220620,  103,    0
 18700, 99711,20220621,   91,    0
 18700, 99711,20220622,   97,    0
 18700, 99711,20220623,  110,    0
 18700, 99711,20220624,  116,    0
 18700, 99711,20220625,  200,    0
 18700, 99711,20220626,  221,    0
 18700, 99711,20220627,  225,    0
 18700, 99711,20220628,  248,    0
 18700, 99711,20220629,  142,    0
 18700, 99711,20220630,  184,    0
 18700, 99711,20220701,  245,    0
 18700, 99711,20220702,  207,    0
 18700, 99711,20220703,  156,    0
 18700, 99711,20220704,  163,    0
 18700, 99711,20220705,  137,    0
 18700, 99711,20220706,  104,    0
 18700, 99711,20220707,   96,    0
 18700, 99711,20220708,  106,    0
 18700, 99711,20220709,  128,    0
 18700, 99711,20220710,  126,    0
 18700, 99711,20220711,  138,    0
 18700, 99711,20220712,  180,    0
 18700, 99711,20220713,  128,    0
 18700, 99711,20220714,  100,    0
 18700, 99711,20220715,   96,    0
 18700, 99711,20220716,   97,    0
 18700, 99711,20220717,  102,    0
 18700, 99711,20220718,  108,    0
 18700, 99711,20220719,  119,    0
 18700, 99711,20220720,  145,    0
 18700, 99711,20220721,  117,    0
 18700, 99711,20220722,  104,    0
 18700, 99711,20220723,  112,    0
 18700, 99711,20220724,  134,    0
 18700, 99711,20220725,  144,    0
 18700, 99711,20220726,  146,    0
 18700, 99711,20220727,  106,    0
 18700, 99711,20220728,  103,    0
 18700, 99711,20220729,  136,    0
 18700, 99711,20220730,  169,    0
 18700, 99711,20220731,  158,    0
 18700, 99711,20220801,  137,    0
 18700, 99711,20220802,  100,    0
 18700, 99711,20220803,  134,    0
 18700, 99711,20220804,  134,    0
 18700, 99711,20220805,  121,    0
 18700, 99711,20220806,  114,    0
 18700, 99711,20220807,   99,    0
 18700, 99711,20220808,  120,    0
 18700, 99711,20220809,-9999,    9
 18700, 99711,20220810,  128,    0
 18700, 99711,20220811,  112,    0
 18700, 99711,20220812,   98,    0
 18700, 99711,20220813,  115,    0
 18700, 99711,20220814,  126,    0
 18700, 99711,20220815,-9999,    9
 18700, 99711,20220816,  194,    0
 18700, 99711,20220817,-9999,    9
 18700, 99711,20220818,  123,    0
 18700, 99711,20220819,  163,    0
 18700, 99711,20220820,  169,    0
 18700, 99711,20220821,  168,    0
 18700, 99711,20220822,  118,    0
 18700, 99711,20220823,  100,    0
 18700, 99711,20220824,  137,    0
 18700, 99711,20220825,  174,    0
 18700, 99711,20220826,  170,    0
 18700, 99711,20220827,  114,    0
 18700, 99711,20220828,   98,    0
 18700, 99711,20220829,   99,    0
 18700, 99711,20220830,  100,    0
 18700, 99711,20220831,   94,    0
 18700, 99711,20220901,   87,    0
 18700, 99711,20220902,   88,    0
 18700, 99711,20220903,   88,    0
 18700, 99711,20220904,   87,    0
 18700, 99711,20220905,   85,    0
 18700, 99711,20220906,   90,    0
 18700, 99711,20220907,   98,    0
 18700, 99711,20220908,  110,    0
 18700, 99711,20220909,   87,    0
 18700, 99711,20220910,   94,    0
 18700, 99711,20220911,   90,    0
 18700, 99711,20220912,   98,    0
 18700, 99711,20220913,  115,    0
 18700, 99711,20220914,  107,    0
 18700, 99711,20220915,  104,    0
 18700, 99711,20220916,  101,    0
 18700, 99711,20220917,   94,    0
 18700, 99711,20220918,   74,    0
 18700, 99711,20220919,   90,    0
 18700, 99711,20220920,   69,    0
 18700, 99711,20220921,   81,    0
 18700, 99711,20220922,  121,    0
 18700, 99711,20220923,   99,    0
 18700, 99711,20220924,   89,    0
 18700, 99711,20220925,  108,    0
 18700, 99711,20220926,  110,    0
 18700, 99711,20220927,   96,    0
 18700, 99711,20220928,   91,    0
 18700, 99711,20220929,   95,    0
 18700, 99711,20220930,   60,    0
 18700, 99711,20221001,   70,    0
 18700, 99711,20221002,   92,    0
 18700, 99711,20221003,   90,    0
 18700, 99711,20221004,   92,    0
 18700, 99711,20221005,   71,    0
 18700, 99711,20221006,   80,    0
 18700, 99711,20221007,   75,    0
 18700, 99711,20221008,   62,    0
 18700, 99711,20221009,   58,    0
 18700, 99711,20221010,   80,    0
 18700, 99711,20221011,   65,    0
 18700, 99711,20221012,   44,    0
 18700, 99711,20221013,   69,    0
 18700, 99711,20221014,   48,    0
 18700, 99711,20221015,   79,    0
 18700, 99711,20221016,   60,    0
 18700, 99711,20221017,   48,    0
 18700, 99711,20221018,   38,    0
 18700, 99711,20221019,   57,    0
 18700, 99711,20221020,   53,    0
 18700, 99711,20221021,   46,    0
 18700, 99711,20221022,   34,    0
 18700, 99711,20221023,   22,    0
 18700, 99711,20221024,   -4,    0
 18700, 99711,20221025,   30,    0
 18700, 99711,20221026,   43,    0
 18700, 99711,20221027,   38,    0
 18700, 99711,20221028,   69,    0
 18700, 99711,20221029,   41,    0
 18700, 99711,20221030,   56,    0
 18700, 99711,20221031,   41,    0
