EUROPEAN CLIMATE ASSESSMENT & DATASET (ECA&D), file created on: 16-11-2022
THESE DATA CAN BE USED FOR NON-COMMERCIAL RESEARCH AND EDUCATION PROVIDED THAT THE FOLLOWING SOURCE IS ACKNOWLEDGED: 

Klein Tank, A.M.G. and Coauthors, 2002. Daily dataset of 20th-century surface
air temperature and precipitation series for the European Climate Assessment.
Int. J. of Climatol., 22, 1441-1453.
Data and metadata available at http://www.ecad.eu

FILE FORMAT (MISSING VALUE CODE = -9999):

01-06 STAID: Station identifier
08-13 SOUID: Source identifier
15-22 DATE : Date YYYYMMDD
24-28 TG   : Mean temperature in 0.1 &#176;C
30-34 Q_TG : quality code for TG (0='valid'; 1='suspect'; 9='missing')

This is the blended series of station DACHSTEIN-HUNERKOGEL, AUSTRIA (STAID: 24657)
Blended and updated with sources:134137 
See files sources.txt and stations.txt for more info.

STAID, SOUID,    DATE,   TG, Q_TG
 24657,134137,20170529,-9999,    9
 24657,134137,20170530,    0,    0
 24657,134137,20170531,-9999,    9
 24657,134137,20170601,-9999,    9
 24657,134137,20170602,-9999,    9
 24657,134137,20170603,-9999,    9
 24657,134137,20170604,-9999,    9
 24657,134137,20170605,-9999,    9
 24657,134137,20170606,-9999,    9
 24657,134137,20170607,-9999,    9
 24657,134137,20170608,-9999,    9
 24657,134137,20170609,-9999,    9
 24657,134137,20170610,-9999,    9
 24657,134137,20170611,-9999,    9
 24657,134137,20170612,-9999,    9
 24657,134137,20170613,-9999,    9
 24657,134137,20170614,-9999,    9
 24657,134137,20170615,-9999,    9
 24657,134137,20170616,-9999,    9
 24657,134137,20170617,-9999,    9
 24657,134137,20170618,-9999,    9
 24657,134137,20170619,-9999,    9
 24657,134137,20170620,-9999,    9
 24657,134137,20170621,-9999,    9
 24657,134137,20170622,-9999,    9
 24657,134137,20170623,-9999,    9
 24657,134137,20170624,-9999,    9
 24657,134137,20170625,-9999,    9
 24657,134137,20170626,-9999,    9
 24657,134137,20170627,-9999,    9
 24657,134137,20170628,-9999,    9
 24657,134137,20170629,-9999,    9
 24657,134137,20170630,-9999,    9
 24657,134137,20170701,-9999,    9
 24657,134137,20170702,-9999,    9
 24657,134137,20170703,-9999,    9
 24657,134137,20170704,-9999,    9
 24657,134137,20170705,-9999,    9
 24657,134137,20170706,-9999,    9
 24657,134137,20170707,-9999,    9
 24657,134137,20170708,-9999,    9
 24657,134137,20170709,-9999,    9
 24657,134137,20170710,-9999,    9
 24657,134137,20170711,-9999,    9
 24657,134137,20170712,-9999,    9
 24657,134137,20170713,-9999,    9
 24657,134137,20170714,-9999,    9
 24657,134137,20170715,-9999,    9
 24657,134137,20170716,-9999,    9
 24657,134137,20170717,-9999,    9
 24657,134137,20170718,-9999,    9
 24657,134137,20170719,-9999,    9
 24657,134137,20170720,-9999,    9
 24657,134137,20170721,-9999,    9
 24657,134137,20170722,-9999,    9
 24657,134137,20170723,-9999,    9
 24657,134137,20170724,-9999,    9
 24657,134137,20170725,-9999,    9
 24657,134137,20170726,-9999,    9
 24657,134137,20170727,-9999,    9
 24657,134137,20170728,-9999,    9
 24657,134137,20170729,-9999,    9
 24657,134137,20170730,-9999,    9
 24657,134137,20170731,-9999,    9
 24657,134137,20170801,-9999,    9
 24657,134137,20170802,-9999,    9
 24657,134137,20170803,-9999,    9
 24657,134137,20170804,-9999,    9
 24657,134137,20170805,-9999,    9
 24657,134137,20170806,-9999,    9
 24657,134137,20170807,-9999,    9
 24657,134137,20170808,-9999,    9
 24657,134137,20170809,-9999,    9
 24657,134137,20170810,-9999,    9
 24657,134137,20170811,-9999,    9
 24657,134137,20170812,-9999,    9
 24657,134137,20170813,-9999,    9
 24657,134137,20170814,-9999,    9
 24657,134137,20170815,-9999,    9
 24657,134137,20170816,-9999,    9
 24657,134137,20170817,-9999,    9
 24657,134137,20170818,-9999,    9
 24657,134137,20170819,-9999,    9
 24657,134137,20170820,-9999,    9
 24657,134137,20170821,-9999,    9
 24657,134137,20170822,-9999,    9
 24657,134137,20170823,-9999,    9
 24657,134137,20170824,-9999,    9
 24657,134137,20170825,-9999,    9
 24657,134137,20170826,-9999,    9
 24657,134137,20170827,-9999,    9
 24657,134137,20170828,-9999,    9
 24657,134137,20170829,-9999,    9
 24657,134137,20170830,-9999,    9
 24657,134137,20170831,-9999,    9
 24657,134137,20170901,-9999,    9
 24657,134137,20170902,-9999,    9
 24657,134137,20170903,-9999,    9
 24657,134137,20170904,-9999,    9
 24657,134137,20170905,-9999,    9
 24657,134137,20170906,-9999,    9
 24657,134137,20170907,-9999,    9
 24657,134137,20170908,-9999,    9
 24657,134137,20170909,-9999,    9
 24657,134137,20170910,-9999,    9
 24657,134137,20170911,-9999,    9
 24657,134137,20170912,-9999,    9
 24657,134137,20170913,-9999,    9
 24657,134137,20170914,-9999,    9
 24657,134137,20170915,-9999,    9
 24657,134137,20170916,-9999,    9
 24657,134137,20170917,-9999,    9
 24657,134137,20170918,-9999,    9
 24657,134137,20170919,-9999,    9
 24657,134137,20170920,-9999,    9
 24657,134137,20170921,-9999,    9
 24657,134137,20170922,-9999,    9
 24657,134137,20170923,-9999,    9
 24657,134137,20170924,-9999,    9
 24657,134137,20170925,-9999,    9
 24657,134137,20170926,-9999,    9
 24657,134137,20170927,-9999,    9
 24657,134137,20170928,-9999,    9
 24657,134137,20170929,-9999,    9
 24657,134137,20170930,-9999,    9
 24657,134137,20171001,-9999,    9
 24657,134137,20171002,-9999,    9
 24657,134137,20171003,-9999,    9
 24657,134137,20171004,-9999,    9
 24657,134137,20171005,-9999,    9
 24657,134137,20171006,-9999,    9
 24657,134137,20171007,-9999,    9
 24657,134137,20171008,-9999,    9
 24657,134137,20171009,-9999,    9
 24657,134137,20171010,-9999,    9
 24657,134137,20171011,-9999,    9
 24657,134137,20171012,-9999,    9
 24657,134137,20171013,-9999,    9
 24657,134137,20171014,-9999,    9
 24657,134137,20171015,-9999,    9
 24657,134137,20171016,-9999,    9
 24657,134137,20171017,-9999,    9
 24657,134137,20171018,-9999,    9
 24657,134137,20171019,-9999,    9
 24657,134137,20171020,-9999,    9
 24657,134137,20171021,-9999,    9
 24657,134137,20171022,-9999,    9
 24657,134137,20171023,-9999,    9
 24657,134137,20171024,-9999,    9
 24657,134137,20171025,-9999,    9
 24657,134137,20171026,-9999,    9
 24657,134137,20171027,-9999,    9
 24657,134137,20171028,-9999,    9
 24657,134137,20171029,-9999,    9
 24657,134137,20171030,-9999,    9
 24657,134137,20171031,-9999,    9
 24657,134137,20171101,-9999,    9
 24657,134137,20171102,-9999,    9
 24657,134137,20171103,-9999,    9
 24657,134137,20171104,-9999,    9
 24657,134137,20171105,-9999,    9
 24657,134137,20171106,-9999,    9
 24657,134137,20171107,-9999,    9
 24657,134137,20171108,-9999,    9
 24657,134137,20171109,-9999,    9
 24657,134137,20171110,-9999,    9
 24657,134137,20171111,-9999,    9
 24657,134137,20171112,-9999,    9
 24657,134137,20171113,-9999,    9
 24657,134137,20171114,-9999,    9
 24657,134137,20171115,-9999,    9
 24657,134137,20171116,-9999,    9
 24657,134137,20171117,-9999,    9
 24657,134137,20171118,-9999,    9
 24657,134137,20171119,-9999,    9
 24657,134137,20171120,-9999,    9
 24657,134137,20171121,-9999,    9
 24657,134137,20171122,-9999,    9
 24657,134137,20171123,-9999,    9
 24657,134137,20171124,-9999,    9
 24657,134137,20171125,-9999,    9
 24657,134137,20171126,-9999,    9
 24657,134137,20171127,-9999,    9
 24657,134137,20171128,-9999,    9
 24657,134137,20171129,-9999,    9
 24657,134137,20171130,-9999,    9
 24657,134137,20171201,-9999,    9
 24657,134137,20171202,-9999,    9
 24657,134137,20171203,-9999,    9
 24657,134137,20171204,-9999,    9
 24657,134137,20171205,-9999,    9
 24657,134137,20171206,-9999,    9
 24657,134137,20171207,-9999,    9
 24657,134137,20171208,-9999,    9
 24657,134137,20171209,-9999,    9
 24657,134137,20171210,-9999,    9
 24657,134137,20171211,-9999,    9
 24657,134137,20171212,-9999,    9
 24657,134137,20171213,-9999,    9
 24657,134137,20171214,-9999,    9
 24657,134137,20171215,-9999,    9
 24657,134137,20171216,-9999,    9
 24657,134137,20171217,-9999,    9
 24657,134137,20171218,-9999,    9
 24657,134137,20171219,-9999,    9
 24657,134137,20171220,-9999,    9
 24657,134137,20171221,-9999,    9
 24657,134137,20171222,-9999,    9
 24657,134137,20171223,-9999,    9
 24657,134137,20171224,-9999,    9
 24657,134137,20171225,-9999,    9
 24657,134137,20171226,-9999,    9
 24657,134137,20171227,-9999,    9
 24657,134137,20171228,-9999,    9
 24657,134137,20171229,-9999,    9
 24657,134137,20171230,-9999,    9
 24657,134137,20171231,-9999,    9
 24657,134137,20180101,-9999,    9
 24657,134137,20180102,-9999,    9
 24657,134137,20180103,-9999,    9
 24657,134137,20180104,-9999,    9
 24657,134137,20180105,-9999,    9
 24657,134137,20180106,-9999,    9
 24657,134137,20180107,-9999,    9
 24657,134137,20180108,-9999,    9
 24657,134137,20180109,-9999,    9
 24657,134137,20180110,-9999,    9
 24657,134137,20180111,-9999,    9
 24657,134137,20180112,-9999,    9
 24657,134137,20180113,-9999,    9
 24657,134137,20180114,-9999,    9
 24657,134137,20180115,-9999,    9
 24657,134137,20180116,-9999,    9
 24657,134137,20180117,-9999,    9
 24657,134137,20180118,-9999,    9
 24657,134137,20180119,-9999,    9
 24657,134137,20180120,-9999,    9
 24657,134137,20180121,-9999,    9
 24657,134137,20180122,-9999,    9
 24657,134137,20180123,-9999,    9
 24657,134137,20180124,-9999,    9
 24657,134137,20180125,-9999,    9
 24657,134137,20180126,-9999,    9
 24657,134137,20180127,-9999,    9
 24657,134137,20180128,-9999,    9
 24657,134137,20180129,-9999,    9
 24657,134137,20180130,-9999,    9
 24657,134137,20180131,-9999,    9
 24657,134137,20180201,-9999,    9
 24657,134137,20180202,-9999,    9
 24657,134137,20180203,-9999,    9
 24657,134137,20180204,-9999,    9
 24657,134137,20180205,-9999,    9
 24657,134137,20180206,-9999,    9
 24657,134137,20180207,-9999,    9
 24657,134137,20180208,-9999,    9
 24657,134137,20180209,-9999,    9
 24657,134137,20180210,-9999,    9
 24657,134137,20180211,-9999,    9
 24657,134137,20180212,-9999,    9
 24657,134137,20180213,-9999,    9
 24657,134137,20180214,-9999,    9
 24657,134137,20180215,-9999,    9
 24657,134137,20180216,-9999,    9
 24657,134137,20180217,-9999,    9
 24657,134137,20180218,-9999,    9
 24657,134137,20180219,-9999,    9
 24657,134137,20180220,-9999,    9
 24657,134137,20180221,-9999,    9
 24657,134137,20180222,-9999,    9
 24657,134137,20180223,-9999,    9
 24657,134137,20180224,-9999,    9
 24657,134137,20180225,-9999,    9
 24657,134137,20180226,-9999,    9
 24657,134137,20180227,-9999,    9
 24657,134137,20180228,-9999,    9
 24657,134137,20180301,-9999,    9
 24657,134137,20180302,-9999,    9
 24657,134137,20180303,-9999,    9
 24657,134137,20180304,-9999,    9
 24657,134137,20180305,-9999,    9
 24657,134137,20180306,-9999,    9
 24657,134137,20180307,-9999,    9
 24657,134137,20180308,-9999,    9
 24657,134137,20180309,-9999,    9
 24657,134137,20180310,-9999,    9
 24657,134137,20180311,-9999,    9
 24657,134137,20180312,-9999,    9
 24657,134137,20180313,-9999,    9
 24657,134137,20180314,-9999,    9
 24657,134137,20180315,-9999,    9
 24657,134137,20180316,-9999,    9
 24657,134137,20180317,-9999,    9
 24657,134137,20180318,-9999,    9
 24657,134137,20180319,-9999,    9
 24657,134137,20180320,-9999,    9
 24657,134137,20180321,-9999,    9
 24657,134137,20180322,-9999,    9
 24657,134137,20180323,-9999,    9
 24657,134137,20180324,-9999,    9
 24657,134137,20180325,-9999,    9
 24657,134137,20180326,-9999,    9
 24657,134137,20180327,-9999,    9
 24657,134137,20180328,-9999,    9
 24657,134137,20180329,-9999,    9
 24657,134137,20180330,-9999,    9
 24657,134137,20180331,-9999,    9
 24657,134137,20180401,-9999,    9
 24657,134137,20180402,-9999,    9
 24657,134137,20180403,-9999,    9
 24657,134137,20180404,-9999,    9
 24657,134137,20180405,-9999,    9
 24657,134137,20180406,-9999,    9
 24657,134137,20180407,-9999,    9
 24657,134137,20180408,-9999,    9
 24657,134137,20180409,-9999,    9
 24657,134137,20180410,-9999,    9
 24657,134137,20180411,-9999,    9
 24657,134137,20180412,-9999,    9
 24657,134137,20180413,-9999,    9
 24657,134137,20180414,-9999,    9
 24657,134137,20180415,-9999,    9
 24657,134137,20180416,-9999,    9
 24657,134137,20180417,-9999,    9
 24657,134137,20180418,-9999,    9
 24657,134137,20180419,-9999,    9
 24657,134137,20180420,-9999,    9
 24657,134137,20180421,-9999,    9
 24657,134137,20180422,-9999,    9
 24657,134137,20180423,-9999,    9
 24657,134137,20180424,-9999,    9
 24657,134137,20180425,-9999,    9
 24657,134137,20180426,-9999,    9
 24657,134137,20180427,-9999,    9
 24657,134137,20180428,-9999,    9
 24657,134137,20180429,-9999,    9
 24657,134137,20180430,-9999,    9
 24657,134137,20180501,-9999,    9
 24657,134137,20180502,-9999,    9
 24657,134137,20180503,-9999,    9
 24657,134137,20180504,-9999,    9
 24657,134137,20180505,-9999,    9
 24657,134137,20180506,-9999,    9
 24657,134137,20180507,-9999,    9
 24657,134137,20180508,-9999,    9
 24657,134137,20180509,-9999,    9
 24657,134137,20180510,-9999,    9
 24657,134137,20180511,-9999,    9
 24657,134137,20180512,-9999,    9
 24657,134137,20180513,-9999,    9
 24657,134137,20180514,-9999,    9
 24657,134137,20180515,-9999,    9
 24657,134137,20180516,-9999,    9
 24657,134137,20180517,-9999,    9
 24657,134137,20180518,-9999,    9
 24657,134137,20180519,-9999,    9
 24657,134137,20180520,-9999,    9
 24657,134137,20180521,-9999,    9
 24657,134137,20180522,-9999,    9
 24657,134137,20180523,-9999,    9
 24657,134137,20180524,-9999,    9
 24657,134137,20180525,-9999,    9
 24657,134137,20180526,-9999,    9
 24657,134137,20180527,-9999,    9
 24657,134137,20180528,-9999,    9
 24657,134137,20180529,-9999,    9
 24657,134137,20180530,-9999,    9
 24657,134137,20180531,-9999,    9
 24657,134137,20180601,-9999,    9
 24657,134137,20180602,-9999,    9
 24657,134137,20180603,-9999,    9
 24657,134137,20180604,-9999,    9
 24657,134137,20180605,-9999,    9
 24657,134137,20180606,-9999,    9
 24657,134137,20180607,-9999,    9
 24657,134137,20180608,-9999,    9
 24657,134137,20180609,-9999,    9
 24657,134137,20180610,-9999,    9
 24657,134137,20180611,-9999,    9
 24657,134137,20180612,-9999,    9
 24657,134137,20180613,-9999,    9
 24657,134137,20180614,-9999,    9
 24657,134137,20180615,-9999,    9
 24657,134137,20180616,-9999,    9
 24657,134137,20180617,-9999,    9
 24657,134137,20180618,-9999,    9
 24657,134137,20180619,-9999,    9
 24657,134137,20180620,-9999,    9
 24657,134137,20180621,-9999,    9
 24657,134137,20180622,-9999,    9
 24657,134137,20180623,-9999,    9
 24657,134137,20180624,-9999,    9
 24657,134137,20180625,-9999,    9
 24657,134137,20180626,-9999,    9
 24657,134137,20180627,-9999,    9
 24657,134137,20180628,-9999,    9
 24657,134137,20180629,-9999,    9
 24657,134137,20180630,-9999,    9
 24657,134137,20180701,-9999,    9
 24657,134137,20180702,-9999,    9
 24657,134137,20180703,-9999,    9
 24657,134137,20180704,-9999,    9
 24657,134137,20180705,-9999,    9
 24657,134137,20180706,-9999,    9
 24657,134137,20180707,-9999,    9
 24657,134137,20180708,-9999,    9
 24657,134137,20180709,-9999,    9
 24657,134137,20180710,-9999,    9
 24657,134137,20180711,-9999,    9
 24657,134137,20180712,-9999,    9
 24657,134137,20180713,-9999,    9
 24657,134137,20180714,-9999,    9
 24657,134137,20180715,-9999,    9
 24657,134137,20180716,-9999,    9
 24657,134137,20180717,-9999,    9
 24657,134137,20180718,-9999,    9
 24657,134137,20180719,-9999,    9
 24657,134137,20180720,-9999,    9
 24657,134137,20180721,-9999,    9
 24657,134137,20180722,-9999,    9
 24657,134137,20180723,-9999,    9
 24657,134137,20180724,-9999,    9
 24657,134137,20180725,-9999,    9
 24657,134137,20180726,-9999,    9
 24657,134137,20180727,-9999,    9
 24657,134137,20180728,-9999,    9
 24657,134137,20180729,-9999,    9
 24657,134137,20180730,-9999,    9
 24657,134137,20180731,-9999,    9
 24657,134137,20180801,-9999,    9
 24657,134137,20180802,-9999,    9
 24657,134137,20180803,-9999,    9
 24657,134137,20180804,-9999,    9
 24657,134137,20180805,-9999,    9
 24657,134137,20180806,-9999,    9
 24657,134137,20180807,-9999,    9
 24657,134137,20180808,-9999,    9
 24657,134137,20180809,-9999,    9
 24657,134137,20180810,-9999,    9
 24657,134137,20180811,-9999,    9
 24657,134137,20180812,-9999,    9
 24657,134137,20180813,-9999,    9
 24657,134137,20180814,-9999,    9
 24657,134137,20180815,-9999,    9
 24657,134137,20180816,-9999,    9
 24657,134137,20180817,-9999,    9
 24657,134137,20180818,-9999,    9
 24657,134137,20180819,-9999,    9
 24657,134137,20180820,-9999,    9
 24657,134137,20180821,-9999,    9
 24657,134137,20180822,-9999,    9
 24657,134137,20180823,-9999,    9
 24657,134137,20180824,-9999,    9
 24657,134137,20180825,-9999,    9
 24657,134137,20180826,-9999,    9
 24657,134137,20180827,-9999,    9
 24657,134137,20180828,-9999,    9
 24657,134137,20180829,-9999,    9
 24657,134137,20180830,-9999,    9
 24657,134137,20180831,-9999,    9
 24657,134137,20180901,-9999,    9
 24657,134137,20180902,-9999,    9
 24657,134137,20180903,-9999,    9
 24657,134137,20180904,-9999,    9
 24657,134137,20180905,-9999,    9
 24657,134137,20180906,-9999,    9
 24657,134137,20180907,-9999,    9
 24657,134137,20180908,-9999,    9
 24657,134137,20180909,-9999,    9
 24657,134137,20180910,-9999,    9
 24657,134137,20180911,-9999,    9
 24657,134137,20180912,-9999,    9
 24657,134137,20180913,-9999,    9
 24657,134137,20180914,-9999,    9
 24657,134137,20180915,-9999,    9
 24657,134137,20180916,-9999,    9
 24657,134137,20180917,-9999,    9
 24657,134137,20180918,-9999,    9
 24657,134137,20180919,-9999,    9
 24657,134137,20180920,-9999,    9
 24657,134137,20180921,-9999,    9
 24657,134137,20180922,-9999,    9
 24657,134137,20180923,-9999,    9
 24657,134137,20180924,-9999,    9
 24657,134137,20180925,-9999,    9
 24657,134137,20180926,-9999,    9
 24657,134137,20180927,-9999,    9
 24657,134137,20180928,-9999,    9
 24657,134137,20180929,-9999,    9
 24657,134137,20180930,-9999,    9
 24657,134137,20181001,-9999,    9
 24657,134137,20181002,-9999,    9
 24657,134137,20181003,-9999,    9
 24657,134137,20181004,-9999,    9
 24657,134137,20181005,-9999,    9
 24657,134137,20181006,-9999,    9
 24657,134137,20181007,-9999,    9
 24657,134137,20181008,-9999,    9
 24657,134137,20181009,-9999,    9
 24657,134137,20181010,-9999,    9
 24657,134137,20181011,-9999,    9
 24657,134137,20181012,-9999,    9
 24657,134137,20181013,-9999,    9
 24657,134137,20181014,-9999,    9
 24657,134137,20181015,-9999,    9
 24657,134137,20181016,-9999,    9
 24657,134137,20181017,-9999,    9
 24657,134137,20181018,-9999,    9
 24657,134137,20181019,-9999,    9
 24657,134137,20181020,-9999,    9
 24657,134137,20181021,-9999,    9
 24657,134137,20181022,-9999,    9
 24657,134137,20181023,-9999,    9
 24657,134137,20181024,-9999,    9
 24657,134137,20181025,-9999,    9
 24657,134137,20181026,-9999,    9
 24657,134137,20181027,-9999,    9
 24657,134137,20181028,-9999,    9
 24657,134137,20181029,-9999,    9
 24657,134137,20181030,-9999,    9
 24657,134137,20181031,-9999,    9
 24657,134137,20181101,-9999,    9
 24657,134137,20181102,-9999,    9
 24657,134137,20181103,-9999,    9
 24657,134137,20181104,-9999,    9
 24657,134137,20181105,-9999,    9
 24657,134137,20181106,-9999,    9
 24657,134137,20181107,-9999,    9
 24657,134137,20181108,-9999,    9
 24657,134137,20181109,-9999,    9
 24657,134137,20181110,-9999,    9
 24657,134137,20181111,-9999,    9
 24657,134137,20181112,-9999,    9
 24657,134137,20181113,-9999,    9
 24657,134137,20181114,-9999,    9
 24657,134137,20181115,-9999,    9
 24657,134137,20181116,-9999,    9
 24657,134137,20181117,-9999,    9
 24657,134137,20181118,-9999,    9
 24657,134137,20181119,-9999,    9
 24657,134137,20181120,-9999,    9
 24657,134137,20181121,-9999,    9
 24657,134137,20181122,-9999,    9
 24657,134137,20181123,-9999,    9
 24657,134137,20181124,-9999,    9
 24657,134137,20181125,-9999,    9
 24657,134137,20181126,-9999,    9
 24657,134137,20181127,-9999,    9
 24657,134137,20181128,-9999,    9
 24657,134137,20181129,-9999,    9
 24657,134137,20181130,-9999,    9
 24657,134137,20181201,-9999,    9
 24657,134137,20181202,-9999,    9
 24657,134137,20181203,-9999,    9
 24657,134137,20181204,-9999,    9
 24657,134137,20181205,-9999,    9
 24657,134137,20181206,-9999,    9
 24657,134137,20181207,-9999,    9
 24657,134137,20181208,-9999,    9
 24657,134137,20181209,-9999,    9
 24657,134137,20181210,-9999,    9
 24657,134137,20181211,-9999,    9
 24657,134137,20181212,-9999,    9
 24657,134137,20181213,-9999,    9
 24657,134137,20181214,-9999,    9
 24657,134137,20181215,-9999,    9
 24657,134137,20181216,-9999,    9
 24657,134137,20181217,-9999,    9
 24657,134137,20181218,-9999,    9
 24657,134137,20181219,-9999,    9
 24657,134137,20181220,-9999,    9
 24657,134137,20181221,-9999,    9
 24657,134137,20181222,-9999,    9
 24657,134137,20181223,-9999,    9
 24657,134137,20181224,-9999,    9
 24657,134137,20181225,-9999,    9
 24657,134137,20181226,-9999,    9
 24657,134137,20181227,-9999,    9
 24657,134137,20181228,-9999,    9
 24657,134137,20181229,-9999,    9
 24657,134137,20181230,-9999,    9
 24657,134137,20181231,-9999,    9
 24657,134137,20190101,-9999,    9
 24657,134137,20190102,-9999,    9
 24657,134137,20190103,-9999,    9
 24657,134137,20190104,-9999,    9
 24657,134137,20190105,-9999,    9
 24657,134137,20190106,-9999,    9
 24657,134137,20190107,-9999,    9
 24657,134137,20190108,-9999,    9
 24657,134137,20190109,-9999,    9
 24657,134137,20190110,-9999,    9
 24657,134137,20190111,-9999,    9
 24657,134137,20190112,-9999,    9
 24657,134137,20190113,-9999,    9
 24657,134137,20190114,-9999,    9
 24657,134137,20190115,-9999,    9
 24657,134137,20190116,-9999,    9
 24657,134137,20190117,-9999,    9
 24657,134137,20190118,-9999,    9
 24657,134137,20190119,-9999,    9
 24657,134137,20190120,-9999,    9
 24657,134137,20190121,-9999,    9
 24657,134137,20190122,-9999,    9
 24657,134137,20190123,-9999,    9
 24657,134137,20190124,-9999,    9
 24657,134137,20190125,-9999,    9
 24657,134137,20190126,-9999,    9
 24657,134137,20190127,-9999,    9
 24657,134137,20190128,-9999,    9
 24657,134137,20190129,-9999,    9
 24657,134137,20190130,-9999,    9
 24657,134137,20190131,-9999,    9
 24657,134137,20190201,-9999,    9
 24657,134137,20190202,-9999,    9
 24657,134137,20190203,-9999,    9
 24657,134137,20190204,-9999,    9
 24657,134137,20190205,-9999,    9
 24657,134137,20190206,-9999,    9
 24657,134137,20190207,-9999,    9
 24657,134137,20190208,-9999,    9
 24657,134137,20190209,-9999,    9
 24657,134137,20190210,-9999,    9
 24657,134137,20190211,-9999,    9
 24657,134137,20190212,-9999,    9
 24657,134137,20190213,-9999,    9
 24657,134137,20190214,-9999,    9
 24657,134137,20190215,-9999,    9
 24657,134137,20190216,-9999,    9
 24657,134137,20190217,-9999,    9
 24657,134137,20190218,-9999,    9
 24657,134137,20190219,-9999,    9
 24657,134137,20190220,-9999,    9
 24657,134137,20190221,-9999,    9
 24657,134137,20190222,-9999,    9
 24657,134137,20190223,-9999,    9
 24657,134137,20190224,-9999,    9
 24657,134137,20190225,-9999,    9
 24657,134137,20190226,-9999,    9
 24657,134137,20190227,-9999,    9
 24657,134137,20190228,-9999,    9
 24657,134137,20190301,-9999,    9
 24657,134137,20190302,-9999,    9
 24657,134137,20190303,-9999,    9
 24657,134137,20190304,-9999,    9
 24657,134137,20190305,-9999,    9
 24657,134137,20190306,-9999,    9
 24657,134137,20190307,-9999,    9
 24657,134137,20190308,-9999,    9
 24657,134137,20190309,-9999,    9
 24657,134137,20190310,-9999,    9
 24657,134137,20190311,-9999,    9
 24657,134137,20190312,-9999,    9
 24657,134137,20190313,-9999,    9
 24657,134137,20190314,-9999,    9
 24657,134137,20190315,-9999,    9
 24657,134137,20190316,-9999,    9
 24657,134137,20190317,-9999,    9
 24657,134137,20190318,-9999,    9
 24657,134137,20190319,-9999,    9
 24657,134137,20190320,-9999,    9
 24657,134137,20190321,-9999,    9
 24657,134137,20190322,-9999,    9
 24657,134137,20190323,-9999,    9
 24657,134137,20190324,-9999,    9
 24657,134137,20190325,-9999,    9
 24657,134137,20190326,-9999,    9
 24657,134137,20190327,-9999,    9
 24657,134137,20190328,-9999,    9
 24657,134137,20190329,-9999,    9
 24657,134137,20190330,-9999,    9
 24657,134137,20190331,-9999,    9
 24657,134137,20190401,-9999,    9
 24657,134137,20190402,-9999,    9
 24657,134137,20190403,-9999,    9
 24657,134137,20190404,-9999,    9
 24657,134137,20190405,-9999,    9
 24657,134137,20190406,-9999,    9
 24657,134137,20190407,-9999,    9
 24657,134137,20190408,-9999,    9
 24657,134137,20190409,-9999,    9
 24657,134137,20190410,-9999,    9
 24657,134137,20190411,-9999,    9
 24657,134137,20190412,-9999,    9
 24657,134137,20190413,-9999,    9
 24657,134137,20190414,-9999,    9
 24657,134137,20190415,-9999,    9
 24657,134137,20190416,-9999,    9
 24657,134137,20190417,-9999,    9
 24657,134137,20190418,-9999,    9
 24657,134137,20190419,-9999,    9
 24657,134137,20190420,-9999,    9
 24657,134137,20190421,-9999,    9
 24657,134137,20190422,-9999,    9
 24657,134137,20190423,-9999,    9
 24657,134137,20190424,-9999,    9
 24657,134137,20190425,-9999,    9
 24657,134137,20190426,-9999,    9
 24657,134137,20190427,-9999,    9
 24657,134137,20190428,-9999,    9
 24657,134137,20190429,-9999,    9
 24657,134137,20190430,-9999,    9
 24657,134137,20190501,-9999,    9
 24657,134137,20190502,-9999,    9
 24657,134137,20190503,-9999,    9
 24657,134137,20190504,-9999,    9
 24657,134137,20190505,-9999,    9
 24657,134137,20190506,-9999,    9
 24657,134137,20190507,-9999,    9
 24657,134137,20190508,-9999,    9
 24657,134137,20190509,-9999,    9
 24657,134137,20190510,-9999,    9
 24657,134137,20190511,-9999,    9
 24657,134137,20190512,-9999,    9
 24657,134137,20190513,-9999,    9
 24657,134137,20190514,-9999,    9
 24657,134137,20190515,-9999,    9
 24657,134137,20190516,-9999,    9
 24657,134137,20190517,-9999,    9
 24657,134137,20190518,-9999,    9
 24657,134137,20190519,-9999,    9
 24657,134137,20190520,-9999,    9
 24657,134137,20190521,-9999,    9
 24657,134137,20190522,-9999,    9
 24657,134137,20190523,-9999,    9
 24657,134137,20190524,-9999,    9
 24657,134137,20190525,-9999,    9
 24657,134137,20190526,-9999,    9
 24657,134137,20190527,-9999,    9
 24657,134137,20190528,-9999,    9
 24657,134137,20190529,-9999,    9
 24657,134137,20190530,-9999,    9
 24657,134137,20190531,-9999,    9
 24657,134137,20190601,-9999,    9
 24657,134137,20190602,-9999,    9
 24657,134137,20190603,-9999,    9
 24657,134137,20190604,-9999,    9
 24657,134137,20190605,-9999,    9
 24657,134137,20190606,-9999,    9
 24657,134137,20190607,-9999,    9
 24657,134137,20190608,-9999,    9
 24657,134137,20190609,-9999,    9
 24657,134137,20190610,-9999,    9
 24657,134137,20190611,-9999,    9
 24657,134137,20190612,-9999,    9
 24657,134137,20190613,-9999,    9
 24657,134137,20190614,-9999,    9
 24657,134137,20190615,-9999,    9
 24657,134137,20190616,-9999,    9
 24657,134137,20190617,-9999,    9
 24657,134137,20190618,-9999,    9
 24657,134137,20190619,-9999,    9
 24657,134137,20190620,-9999,    9
 24657,134137,20190621,-9999,    9
 24657,134137,20190622,-9999,    9
 24657,134137,20190623,-9999,    9
 24657,134137,20190624,-9999,    9
 24657,134137,20190625,-9999,    9
 24657,134137,20190626,-9999,    9
 24657,134137,20190627,-9999,    9
 24657,134137,20190628,-9999,    9
 24657,134137,20190629,-9999,    9
 24657,134137,20190630,-9999,    9
 24657,134137,20190701,-9999,    9
 24657,134137,20190702,-9999,    9
 24657,134137,20190703,-9999,    9
 24657,134137,20190704,-9999,    9
 24657,134137,20190705,-9999,    9
 24657,134137,20190706,-9999,    9
 24657,134137,20190707,-9999,    9
 24657,134137,20190708,-9999,    9
 24657,134137,20190709,-9999,    9
 24657,134137,20190710,-9999,    9
 24657,134137,20190711,-9999,    9
 24657,134137,20190712,-9999,    9
 24657,134137,20190713,-9999,    9
 24657,134137,20190714,-9999,    9
 24657,134137,20190715,-9999,    9
 24657,134137,20190716,-9999,    9
 24657,134137,20190717,-9999,    9
 24657,134137,20190718,-9999,    9
 24657,134137,20190719,-9999,    9
 24657,134137,20190720,-9999,    9
 24657,134137,20190721,-9999,    9
 24657,134137,20190722,-9999,    9
 24657,134137,20190723,-9999,    9
 24657,134137,20190724,-9999,    9
 24657,134137,20190725,-9999,    9
 24657,134137,20190726,-9999,    9
 24657,134137,20190727,-9999,    9
 24657,134137,20190728,-9999,    9
 24657,134137,20190729,-9999,    9
 24657,134137,20190730,-9999,    9
 24657,134137,20190731,-9999,    9
 24657,134137,20190801,-9999,    9
 24657,134137,20190802,-9999,    9
 24657,134137,20190803,-9999,    9
 24657,134137,20190804,-9999,    9
 24657,134137,20190805,-9999,    9
 24657,134137,20190806,-9999,    9
 24657,134137,20190807,-9999,    9
 24657,134137,20190808,-9999,    9
 24657,134137,20190809,-9999,    9
 24657,134137,20190810,-9999,    9
 24657,134137,20190811,-9999,    9
 24657,134137,20190812,-9999,    9
 24657,134137,20190813,-9999,    9
 24657,134137,20190814,-9999,    9
 24657,134137,20190815,-9999,    9
 24657,134137,20190816,-9999,    9
 24657,134137,20190817,-9999,    9
 24657,134137,20190818,-9999,    9
 24657,134137,20190819,-9999,    9
 24657,134137,20190820,-9999,    9
 24657,134137,20190821,-9999,    9
 24657,134137,20190822,-9999,    9
 24657,134137,20190823,-9999,    9
 24657,134137,20190824,-9999,    9
 24657,134137,20190825,-9999,    9
 24657,134137,20190826,-9999,    9
 24657,134137,20190827,-9999,    9
 24657,134137,20190828,-9999,    9
 24657,134137,20190829,-9999,    9
 24657,134137,20190830,-9999,    9
 24657,134137,20190831,-9999,    9
 24657,134137,20190901,-9999,    9
 24657,134137,20190902,-9999,    9
 24657,134137,20190903,-9999,    9
 24657,134137,20190904,-9999,    9
 24657,134137,20190905,-9999,    9
 24657,134137,20190906,-9999,    9
 24657,134137,20190907,-9999,    9
 24657,134137,20190908,-9999,    9
 24657,134137,20190909,-9999,    9
 24657,134137,20190910,-9999,    9
 24657,134137,20190911,-9999,    9
 24657,134137,20190912,-9999,    9
 24657,134137,20190913,-9999,    9
 24657,134137,20190914,-9999,    9
 24657,134137,20190915,-9999,    9
 24657,134137,20190916,-9999,    9
 24657,134137,20190917,-9999,    9
 24657,134137,20190918,-9999,    9
 24657,134137,20190919,-9999,    9
 24657,134137,20190920,-9999,    9
 24657,134137,20190921,-9999,    9
 24657,134137,20190922,-9999,    9
 24657,134137,20190923,-9999,    9
 24657,134137,20190924,-9999,    9
 24657,134137,20190925,-9999,    9
 24657,134137,20190926,-9999,    9
 24657,134137,20190927,-9999,    9
 24657,134137,20190928,-9999,    9
 24657,134137,20190929,-9999,    9
 24657,134137,20190930,-9999,    9
 24657,134137,20191001,-9999,    9
 24657,134137,20191002,-9999,    9
 24657,134137,20191003,-9999,    9
 24657,134137,20191004,-9999,    9
 24657,134137,20191005,-9999,    9
 24657,134137,20191006,-9999,    9
 24657,134137,20191007,-9999,    9
 24657,134137,20191008,-9999,    9
 24657,134137,20191009,-9999,    9
 24657,134137,20191010,-9999,    9
 24657,134137,20191011,-9999,    9
 24657,134137,20191012,-9999,    9
 24657,134137,20191013,-9999,    9
 24657,134137,20191014,-9999,    9
 24657,134137,20191015,-9999,    9
 24657,134137,20191016,-9999,    9
 24657,134137,20191017,-9999,    9
 24657,134137,20191018,-9999,    9
 24657,134137,20191019,-9999,    9
 24657,134137,20191020,-9999,    9
 24657,134137,20191021,-9999,    9
 24657,134137,20191022,-9999,    9
 24657,134137,20191023,-9999,    9
 24657,134137,20191024,-9999,    9
 24657,134137,20191025,-9999,    9
 24657,134137,20191026,-9999,    9
 24657,134137,20191027,-9999,    9
 24657,134137,20191028,-9999,    9
 24657,134137,20191029,-9999,    9
 24657,134137,20191030,-9999,    9
 24657,134137,20191031,-9999,    9
 24657,134137,20191101,-9999,    9
 24657,134137,20191102,-9999,    9
 24657,134137,20191103,-9999,    9
 24657,134137,20191104,-9999,    9
 24657,134137,20191105,-9999,    9
 24657,134137,20191106,-9999,    9
 24657,134137,20191107,-9999,    9
 24657,134137,20191108,-9999,    9
 24657,134137,20191109,-9999,    9
 24657,134137,20191110,-9999,    9
 24657,134137,20191111,-9999,    9
 24657,134137,20191112,-9999,    9
 24657,134137,20191113,-9999,    9
 24657,134137,20191114,-9999,    9
 24657,134137,20191115,-9999,    9
 24657,134137,20191116,-9999,    9
 24657,134137,20191117,-9999,    9
 24657,134137,20191118,-9999,    9
 24657,134137,20191119,-9999,    9
 24657,134137,20191120,-9999,    9
 24657,134137,20191121,-9999,    9
 24657,134137,20191122,-9999,    9
 24657,134137,20191123,-9999,    9
 24657,134137,20191124,-9999,    9
 24657,134137,20191125,-9999,    9
 24657,134137,20191126,-9999,    9
 24657,134137,20191127,-9999,    9
 24657,134137,20191128,-9999,    9
 24657,134137,20191129,-9999,    9
 24657,134137,20191130,-9999,    9
 24657,134137,20191201,-9999,    9
 24657,134137,20191202,-9999,    9
 24657,134137,20191203,-9999,    9
 24657,134137,20191204,-9999,    9
 24657,134137,20191205,-9999,    9
 24657,134137,20191206,-9999,    9
 24657,134137,20191207,-9999,    9
 24657,134137,20191208,-9999,    9
 24657,134137,20191209,-9999,    9
 24657,134137,20191210,-9999,    9
 24657,134137,20191211,-9999,    9
 24657,134137,20191212,-9999,    9
 24657,134137,20191213,-9999,    9
 24657,134137,20191214,-9999,    9
 24657,134137,20191215,-9999,    9
 24657,134137,20191216,-9999,    9
 24657,134137,20191217,-9999,    9
 24657,134137,20191218,-9999,    9
 24657,134137,20191219,-9999,    9
 24657,134137,20191220,-9999,    9
 24657,134137,20191221,-9999,    9
 24657,134137,20191222,-9999,    9
 24657,134137,20191223,-9999,    9
 24657,134137,20191224,-9999,    9
 24657,134137,20191225,-9999,    9
 24657,134137,20191226,-9999,    9
 24657,134137,20191227,-9999,    9
 24657,134137,20191228,-9999,    9
 24657,134137,20191229,-9999,    9
 24657,134137,20191230,-9999,    9
 24657,134137,20191231,-9999,    9
 24657,134137,20200101,-9999,    9
 24657,134137,20200102,-9999,    9
 24657,134137,20200103,-9999,    9
 24657,134137,20200104,-9999,    9
 24657,134137,20200105,-9999,    9
 24657,134137,20200106,-9999,    9
 24657,134137,20200107,-9999,    9
 24657,134137,20200108,-9999,    9
 24657,134137,20200109,-9999,    9
 24657,134137,20200110,-9999,    9
 24657,134137,20200111,-9999,    9
 24657,134137,20200112,-9999,    9
 24657,134137,20200113,-9999,    9
 24657,134137,20200114,-9999,    9
 24657,134137,20200115,-9999,    9
 24657,134137,20200116,-9999,    9
 24657,134137,20200117,-9999,    9
 24657,134137,20200118,-9999,    9
 24657,134137,20200119,-9999,    9
 24657,134137,20200120,-9999,    9
 24657,134137,20200121,-9999,    9
 24657,134137,20200122,-9999,    9
 24657,134137,20200123,-9999,    9
 24657,134137,20200124,-9999,    9
 24657,134137,20200125,-9999,    9
 24657,134137,20200126,-9999,    9
 24657,134137,20200127,-9999,    9
 24657,134137,20200128,-9999,    9
 24657,134137,20200129,-9999,    9
 24657,134137,20200130,-9999,    9
 24657,134137,20200131,-9999,    9
 24657,134137,20200201,-9999,    9
 24657,134137,20200202,-9999,    9
 24657,134137,20200203,-9999,    9
 24657,134137,20200204,-9999,    9
 24657,134137,20200205,-9999,    9
 24657,134137,20200206,-9999,    9
 24657,134137,20200207,-9999,    9
 24657,134137,20200208,-9999,    9
 24657,134137,20200209,-9999,    9
 24657,134137,20200210,-9999,    9
 24657,134137,20200211,-9999,    9
 24657,134137,20200212,-9999,    9
 24657,134137,20200213,-9999,    9
 24657,134137,20200214,-9999,    9
 24657,134137,20200215,-9999,    9
 24657,134137,20200216,-9999,    9
 24657,134137,20200217,-9999,    9
 24657,134137,20200218,-9999,    9
 24657,134137,20200219,-9999,    9
 24657,134137,20200220,-9999,    9
 24657,134137,20200221,-9999,    9
 24657,134137,20200222,-9999,    9
 24657,134137,20200223,-9999,    9
 24657,134137,20200224,-9999,    9
 24657,134137,20200225,-9999,    9
 24657,134137,20200226,-9999,    9
 24657,134137,20200227,-9999,    9
 24657,134137,20200228,-9999,    9
 24657,134137,20200229,-9999,    9
 24657,134137,20200301,-9999,    9
 24657,134137,20200302,-9999,    9
 24657,134137,20200303,-9999,    9
 24657,134137,20200304,-9999,    9
 24657,134137,20200305,-9999,    9
 24657,134137,20200306,-9999,    9
 24657,134137,20200307,-9999,    9
 24657,134137,20200308,-9999,    9
 24657,134137,20200309,-9999,    9
 24657,134137,20200310,-9999,    9
 24657,134137,20200311,-9999,    9
 24657,134137,20200312,-9999,    9
 24657,134137,20200313,-9999,    9
 24657,134137,20200314,-9999,    9
 24657,134137,20200315,-9999,    9
 24657,134137,20200316,-9999,    9
 24657,134137,20200317,-9999,    9
 24657,134137,20200318,-9999,    9
 24657,134137,20200319,-9999,    9
 24657,134137,20200320,-9999,    9
 24657,134137,20200321,-9999,    9
 24657,134137,20200322,-9999,    9
 24657,134137,20200323,-9999,    9
 24657,134137,20200324,-9999,    9
 24657,134137,20200325,-9999,    9
 24657,134137,20200326,-9999,    9
 24657,134137,20200327,-9999,    9
 24657,134137,20200328,-9999,    9
 24657,134137,20200329,-9999,    9
 24657,134137,20200330,-9999,    9
 24657,134137,20200331,-9999,    9
 24657,134137,20200401,-9999,    9
 24657,134137,20200402,-9999,    9
 24657,134137,20200403,-9999,    9
 24657,134137,20200404,-9999,    9
 24657,134137,20200405,-9999,    9
 24657,134137,20200406,-9999,    9
 24657,134137,20200407,-9999,    9
 24657,134137,20200408,-9999,    9
 24657,134137,20200409,-9999,    9
 24657,134137,20200410,-9999,    9
 24657,134137,20200411,-9999,    9
 24657,134137,20200412,-9999,    9
 24657,134137,20200413,-9999,    9
 24657,134137,20200414,-9999,    9
 24657,134137,20200415,-9999,    9
 24657,134137,20200416,-9999,    9
 24657,134137,20200417,-9999,    9
 24657,134137,20200418,-9999,    9
 24657,134137,20200419,-9999,    9
 24657,134137,20200420,-9999,    9
 24657,134137,20200421,-9999,    9
 24657,134137,20200422,-9999,    9
 24657,134137,20200423,-9999,    9
 24657,134137,20200424,-9999,    9
 24657,134137,20200425,-9999,    9
 24657,134137,20200426,-9999,    9
 24657,134137,20200427,-9999,    9
 24657,134137,20200428,-9999,    9
 24657,134137,20200429,-9999,    9
 24657,134137,20200430,-9999,    9
 24657,134137,20200501,-9999,    9
 24657,134137,20200502,-9999,    9
 24657,134137,20200503,-9999,    9
 24657,134137,20200504,-9999,    9
 24657,134137,20200505,-9999,    9
 24657,134137,20200506,-9999,    9
 24657,134137,20200507,-9999,    9
 24657,134137,20200508,-9999,    9
 24657,134137,20200509,-9999,    9
 24657,134137,20200510,-9999,    9
 24657,134137,20200511,-9999,    9
 24657,134137,20200512,-9999,    9
 24657,134137,20200513,-9999,    9
 24657,134137,20200514,-9999,    9
 24657,134137,20200515,-9999,    9
 24657,134137,20200516,-9999,    9
 24657,134137,20200517,-9999,    9
 24657,134137,20200518,-9999,    9
 24657,134137,20200519,-9999,    9
 24657,134137,20200520,-9999,    9
 24657,134137,20200521,-9999,    9
 24657,134137,20200522,-9999,    9
 24657,134137,20200523,-9999,    9
 24657,134137,20200524,-9999,    9
 24657,134137,20200525,-9999,    9
 24657,134137,20200526,-9999,    9
 24657,134137,20200527,-9999,    9
 24657,134137,20200528,-9999,    9
 24657,134137,20200529,-9999,    9
 24657,134137,20200530,-9999,    9
 24657,134137,20200531,-9999,    9
 24657,134137,20200601,-9999,    9
 24657,134137,20200602,-9999,    9
 24657,134137,20200603,-9999,    9
 24657,134137,20200604,-9999,    9
 24657,134137,20200605,-9999,    9
 24657,134137,20200606,-9999,    9
 24657,134137,20200607,-9999,    9
 24657,134137,20200608,-9999,    9
 24657,134137,20200609,-9999,    9
 24657,134137,20200610,-9999,    9
 24657,134137,20200611,-9999,    9
 24657,134137,20200612,-9999,    9
 24657,134137,20200613,-9999,    9
 24657,134137,20200614,-9999,    9
 24657,134137,20200615,-9999,    9
 24657,134137,20200616,-9999,    9
 24657,134137,20200617,-9999,    9
 24657,134137,20200618,-9999,    9
 24657,134137,20200619,-9999,    9
 24657,134137,20200620,-9999,    9
 24657,134137,20200621,-9999,    9
 24657,134137,20200622,-9999,    9
 24657,134137,20200623,-9999,    9
 24657,134137,20200624,-9999,    9
 24657,134137,20200625,-9999,    9
 24657,134137,20200626,-9999,    9
 24657,134137,20200627,-9999,    9
 24657,134137,20200628,-9999,    9
 24657,134137,20200629,-9999,    9
 24657,134137,20200630,-9999,    9
 24657,134137,20200701,-9999,    9
 24657,134137,20200702,-9999,    9
 24657,134137,20200703,-9999,    9
 24657,134137,20200704,-9999,    9
 24657,134137,20200705,-9999,    9
 24657,134137,20200706,-9999,    9
 24657,134137,20200707,-9999,    9
 24657,134137,20200708,-9999,    9
 24657,134137,20200709,-9999,    9
 24657,134137,20200710,-9999,    9
 24657,134137,20200711,-9999,    9
 24657,134137,20200712,-9999,    9
 24657,134137,20200713,-9999,    9
 24657,134137,20200714,-9999,    9
 24657,134137,20200715,-9999,    9
 24657,134137,20200716,-9999,    9
 24657,134137,20200717,-9999,    9
 24657,134137,20200718,-9999,    9
 24657,134137,20200719,-9999,    9
 24657,134137,20200720,-9999,    9
 24657,134137,20200721,-9999,    9
 24657,134137,20200722,-9999,    9
 24657,134137,20200723,-9999,    9
 24657,134137,20200724,-9999,    9
 24657,134137,20200725,-9999,    9
 24657,134137,20200726,-9999,    9
 24657,134137,20200727,-9999,    9
 24657,134137,20200728,-9999,    9
 24657,134137,20200729,-9999,    9
 24657,134137,20200730,-9999,    9
 24657,134137,20200731,-9999,    9
 24657,134137,20200801,-9999,    9
 24657,134137,20200802,-9999,    9
 24657,134137,20200803,-9999,    9
 24657,134137,20200804,-9999,    9
 24657,134137,20200805,-9999,    9
 24657,134137,20200806,-9999,    9
 24657,134137,20200807,-9999,    9
 24657,134137,20200808,-9999,    9
 24657,134137,20200809,-9999,    9
 24657,134137,20200810,-9999,    9
 24657,134137,20200811,-9999,    9
 24657,134137,20200812,-9999,    9
 24657,134137,20200813,-9999,    9
 24657,134137,20200814,-9999,    9
 24657,134137,20200815,-9999,    9
 24657,134137,20200816,-9999,    9
 24657,134137,20200817,-9999,    9
 24657,134137,20200818,-9999,    9
 24657,134137,20200819,-9999,    9
 24657,134137,20200820,-9999,    9
 24657,134137,20200821,-9999,    9
 24657,134137,20200822,-9999,    9
 24657,134137,20200823,-9999,    9
 24657,134137,20200824,-9999,    9
 24657,134137,20200825,-9999,    9
 24657,134137,20200826,-9999,    9
 24657,134137,20200827,-9999,    9
 24657,134137,20200828,-9999,    9
 24657,134137,20200829,-9999,    9
 24657,134137,20200830,-9999,    9
 24657,134137,20200831,-9999,    9
 24657,134137,20200901,-9999,    9
 24657,134137,20200902,-9999,    9
 24657,134137,20200903,-9999,    9
 24657,134137,20200904,-9999,    9
 24657,134137,20200905,-9999,    9
 24657,134137,20200906,-9999,    9
 24657,134137,20200907,-9999,    9
 24657,134137,20200908,-9999,    9
 24657,134137,20200909,-9999,    9
 24657,134137,20200910,-9999,    9
 24657,134137,20200911,-9999,    9
 24657,134137,20200912,-9999,    9
 24657,134137,20200913,-9999,    9
 24657,134137,20200914,-9999,    9
 24657,134137,20200915,-9999,    9
 24657,134137,20200916,-9999,    9
 24657,134137,20200917,-9999,    9
 24657,134137,20200918,-9999,    9
 24657,134137,20200919,-9999,    9
 24657,134137,20200920,-9999,    9
 24657,134137,20200921,-9999,    9
 24657,134137,20200922,-9999,    9
 24657,134137,20200923,-9999,    9
 24657,134137,20200924,-9999,    9
 24657,134137,20200925,-9999,    9
 24657,134137,20200926,-9999,    9
 24657,134137,20200927,-9999,    9
 24657,134137,20200928,-9999,    9
 24657,134137,20200929,-9999,    9
 24657,134137,20200930,-9999,    9
 24657,134137,20201001,-9999,    9
 24657,134137,20201002,-9999,    9
 24657,134137,20201003,-9999,    9
 24657,134137,20201004,-9999,    9
 24657,134137,20201005,-9999,    9
 24657,134137,20201006,-9999,    9
 24657,134137,20201007,-9999,    9
 24657,134137,20201008,-9999,    9
 24657,134137,20201009,-9999,    9
 24657,134137,20201010,-9999,    9
 24657,134137,20201011,-9999,    9
 24657,134137,20201012,-9999,    9
 24657,134137,20201013,-9999,    9
 24657,134137,20201014,-9999,    9
 24657,134137,20201015,-9999,    9
 24657,134137,20201016,-9999,    9
 24657,134137,20201017,-9999,    9
 24657,134137,20201018,-9999,    9
 24657,134137,20201019,-9999,    9
 24657,134137,20201020,-9999,    9
 24657,134137,20201021,-9999,    9
 24657,134137,20201022,-9999,    9
 24657,134137,20201023,-9999,    9
 24657,134137,20201024,-9999,    9
 24657,134137,20201025,-9999,    9
 24657,134137,20201026,-9999,    9
 24657,134137,20201027,-9999,    9
 24657,134137,20201028,-9999,    9
 24657,134137,20201029,-9999,    9
 24657,134137,20201030,-9999,    9
 24657,134137,20201031,-9999,    9
 24657,134137,20201101,-9999,    9
 24657,134137,20201102,-9999,    9
 24657,134137,20201103,-9999,    9
 24657,134137,20201104,-9999,    9
 24657,134137,20201105,-9999,    9
 24657,134137,20201106,-9999,    9
 24657,134137,20201107,-9999,    9
 24657,134137,20201108,-9999,    9
 24657,134137,20201109,-9999,    9
 24657,134137,20201110,-9999,    9
 24657,134137,20201111,-9999,    9
 24657,134137,20201112,-9999,    9
 24657,134137,20201113,-9999,    9
 24657,134137,20201114,-9999,    9
 24657,134137,20201115,-9999,    9
 24657,134137,20201116,-9999,    9
 24657,134137,20201117,-9999,    9
 24657,134137,20201118,-9999,    9
 24657,134137,20201119,-9999,    9
 24657,134137,20201120,-9999,    9
 24657,134137,20201121,-9999,    9
 24657,134137,20201122,-9999,    9
 24657,134137,20201123,-9999,    9
 24657,134137,20201124,-9999,    9
 24657,134137,20201125,-9999,    9
 24657,134137,20201126,-9999,    9
 24657,134137,20201127,-9999,    9
 24657,134137,20201128,-9999,    9
 24657,134137,20201129,-9999,    9
 24657,134137,20201130,-9999,    9
 24657,134137,20201201,-9999,    9
 24657,134137,20201202,-9999,    9
 24657,134137,20201203,-9999,    9
 24657,134137,20201204,-9999,    9
 24657,134137,20201205,-9999,    9
 24657,134137,20201206,-9999,    9
 24657,134137,20201207,-9999,    9
 24657,134137,20201208,-9999,    9
 24657,134137,20201209,-9999,    9
 24657,134137,20201210,-9999,    9
 24657,134137,20201211,-9999,    9
 24657,134137,20201212,-9999,    9
 24657,134137,20201213,-9999,    9
 24657,134137,20201214,-9999,    9
 24657,134137,20201215,-9999,    9
 24657,134137,20201216,-9999,    9
 24657,134137,20201217,-9999,    9
 24657,134137,20201218,-9999,    9
 24657,134137,20201219,-9999,    9
 24657,134137,20201220,-9999,    9
 24657,134137,20201221,-9999,    9
 24657,134137,20201222,-9999,    9
 24657,134137,20201223,-9999,    9
 24657,134137,20201224,-9999,    9
 24657,134137,20201225,-9999,    9
 24657,134137,20201226,-9999,    9
 24657,134137,20201227,-9999,    9
 24657,134137,20201228,-9999,    9
 24657,134137,20201229,-9999,    9
 24657,134137,20201230,-9999,    9
 24657,134137,20201231,-9999,    9
 24657,134137,20210101,-9999,    9
 24657,134137,20210102,-9999,    9
 24657,134137,20210103,-9999,    9
 24657,134137,20210104,-9999,    9
 24657,134137,20210105,-9999,    9
 24657,134137,20210106,-9999,    9
 24657,134137,20210107,-9999,    9
 24657,134137,20210108,-9999,    9
 24657,134137,20210109,-9999,    9
 24657,134137,20210110,-9999,    9
 24657,134137,20210111,-9999,    9
 24657,134137,20210112,-9999,    9
 24657,134137,20210113,-9999,    9
 24657,134137,20210114,-9999,    9
 24657,134137,20210115,-9999,    9
 24657,134137,20210116,-9999,    9
 24657,134137,20210117,-9999,    9
 24657,134137,20210118,-9999,    9
 24657,134137,20210119,-9999,    9
 24657,134137,20210120,-9999,    9
 24657,134137,20210121,-9999,    9
 24657,134137,20210122,-9999,    9
 24657,134137,20210123,-9999,    9
 24657,134137,20210124,-9999,    9
 24657,134137,20210125,-9999,    9
 24657,134137,20210126,-9999,    9
 24657,134137,20210127,-9999,    9
 24657,134137,20210128,-9999,    9
 24657,134137,20210129,-9999,    9
 24657,134137,20210130,-9999,    9
 24657,134137,20210131,-9999,    9
 24657,134137,20210201,-9999,    9
 24657,134137,20210202,-9999,    9
 24657,134137,20210203,-9999,    9
 24657,134137,20210204,-9999,    9
 24657,134137,20210205,-9999,    9
 24657,134137,20210206,-9999,    9
 24657,134137,20210207,-9999,    9
 24657,134137,20210208,-9999,    9
 24657,134137,20210209,-9999,    9
 24657,134137,20210210,-9999,    9
 24657,134137,20210211,-9999,    9
 24657,134137,20210212,-9999,    9
 24657,134137,20210213,-9999,    9
 24657,134137,20210214,-9999,    9
 24657,134137,20210215,-9999,    9
 24657,134137,20210216,-9999,    9
 24657,134137,20210217,-9999,    9
 24657,134137,20210218,-9999,    9
 24657,134137,20210219,-9999,    9
 24657,134137,20210220,-9999,    9
 24657,134137,20210221,-9999,    9
 24657,134137,20210222,-9999,    9
 24657,134137,20210223,-9999,    9
 24657,134137,20210224,-9999,    9
 24657,134137,20210225,-9999,    9
 24657,134137,20210226,-9999,    9
 24657,134137,20210227,-9999,    9
 24657,134137,20210228,-9999,    9
 24657,134137,20210301,-9999,    9
 24657,134137,20210302,-9999,    9
 24657,134137,20210303,-9999,    9
 24657,134137,20210304,-9999,    9
 24657,134137,20210305,-9999,    9
 24657,134137,20210306,-9999,    9
 24657,134137,20210307,-9999,    9
 24657,134137,20210308,-9999,    9
 24657,134137,20210309,-9999,    9
 24657,134137,20210310,-9999,    9
 24657,134137,20210311,-9999,    9
 24657,134137,20210312,-9999,    9
 24657,134137,20210313,-9999,    9
 24657,134137,20210314,-9999,    9
 24657,134137,20210315,-9999,    9
 24657,134137,20210316,-9999,    9
 24657,134137,20210317,-9999,    9
 24657,134137,20210318,-9999,    9
 24657,134137,20210319,-9999,    9
 24657,134137,20210320,-9999,    9
 24657,134137,20210321,-9999,    9
 24657,134137,20210322,-9999,    9
 24657,134137,20210323,-9999,    9
 24657,134137,20210324,-9999,    9
 24657,134137,20210325,-9999,    9
 24657,134137,20210326,-9999,    9
 24657,134137,20210327,-9999,    9
 24657,134137,20210328,-9999,    9
 24657,134137,20210329,-9999,    9
 24657,134137,20210330,-9999,    9
 24657,134137,20210331,-9999,    9
 24657,134137,20210401,-9999,    9
 24657,134137,20210402,-9999,    9
 24657,134137,20210403,-9999,    9
 24657,134137,20210404,-9999,    9
 24657,134137,20210405,-9999,    9
 24657,134137,20210406,-9999,    9
 24657,134137,20210407,-9999,    9
 24657,134137,20210408,-9999,    9
 24657,134137,20210409,-9999,    9
 24657,134137,20210410,-9999,    9
 24657,134137,20210411,-9999,    9
 24657,134137,20210412,-9999,    9
 24657,134137,20210413,-9999,    9
 24657,134137,20210414,-9999,    9
 24657,134137,20210415,-9999,    9
 24657,134137,20210416,-9999,    9
 24657,134137,20210417,-9999,    9
 24657,134137,20210418,-9999,    9
 24657,134137,20210419,-9999,    9
 24657,134137,20210420,-9999,    9
 24657,134137,20210421,-9999,    9
 24657,134137,20210422,-9999,    9
 24657,134137,20210423,-9999,    9
 24657,134137,20210424,-9999,    9
 24657,134137,20210425,-9999,    9
 24657,134137,20210426,-9999,    9
 24657,134137,20210427,-9999,    9
 24657,134137,20210428,-9999,    9
 24657,134137,20210429,-9999,    9
 24657,134137,20210430,-9999,    9
 24657,134137,20210501,-9999,    9
 24657,134137,20210502,-9999,    9
 24657,134137,20210503,-9999,    9
 24657,134137,20210504,-9999,    9
 24657,134137,20210505,-9999,    9
 24657,134137,20210506,-9999,    9
 24657,134137,20210507,-9999,    9
 24657,134137,20210508,-9999,    9
 24657,134137,20210509,-9999,    9
 24657,134137,20210510,-9999,    9
 24657,134137,20210511,-9999,    9
 24657,134137,20210512,-9999,    9
 24657,134137,20210513,-9999,    9
 24657,134137,20210514,-9999,    9
 24657,134137,20210515,-9999,    9
 24657,134137,20210516,-9999,    9
 24657,134137,20210517,-9999,    9
 24657,134137,20210518,-9999,    9
 24657,134137,20210519,-9999,    9
 24657,134137,20210520,-9999,    9
 24657,134137,20210521,-9999,    9
 24657,134137,20210522,-9999,    9
 24657,134137,20210523,-9999,    9
 24657,134137,20210524,-9999,    9
 24657,134137,20210525,-9999,    9
 24657,134137,20210526,-9999,    9
 24657,134137,20210527,-9999,    9
 24657,134137,20210528,-9999,    9
 24657,134137,20210529,-9999,    9
 24657,134137,20210530,-9999,    9
 24657,134137,20210531,-9999,    9
 24657,134137,20210601,-9999,    9
 24657,134137,20210602,-9999,    9
 24657,134137,20210603,-9999,    9
 24657,134137,20210604,-9999,    9
 24657,134137,20210605,-9999,    9
 24657,134137,20210606,-9999,    9
 24657,134137,20210607,-9999,    9
 24657,134137,20210608,-9999,    9
 24657,134137,20210609,-9999,    9
 24657,134137,20210610,-9999,    9
 24657,134137,20210611,-9999,    9
 24657,134137,20210612,-9999,    9
 24657,134137,20210613,-9999,    9
 24657,134137,20210614,-9999,    9
 24657,134137,20210615,-9999,    9
 24657,134137,20210616,-9999,    9
 24657,134137,20210617,-9999,    9
 24657,134137,20210618,-9999,    9
 24657,134137,20210619,-9999,    9
 24657,134137,20210620,-9999,    9
 24657,134137,20210621,-9999,    9
 24657,134137,20210622,-9999,    9
 24657,134137,20210623,-9999,    9
 24657,134137,20210624,-9999,    9
 24657,134137,20210625,-9999,    9
 24657,134137,20210626,-9999,    9
 24657,134137,20210627,-9999,    9
 24657,134137,20210628,-9999,    9
 24657,134137,20210629,-9999,    9
 24657,134137,20210630,-9999,    9
 24657,134137,20210701,-9999,    9
 24657,134137,20210702,-9999,    9
 24657,134137,20210703,-9999,    9
 24657,134137,20210704,-9999,    9
 24657,134137,20210705,-9999,    9
 24657,134137,20210706,-9999,    9
 24657,134137,20210707,-9999,    9
 24657,134137,20210708,-9999,    9
 24657,134137,20210709,-9999,    9
 24657,134137,20210710,-9999,    9
 24657,134137,20210711,-9999,    9
 24657,134137,20210712,-9999,    9
 24657,134137,20210713,-9999,    9
 24657,134137,20210714,-9999,    9
 24657,134137,20210715,-9999,    9
 24657,134137,20210716,-9999,    9
 24657,134137,20210717,-9999,    9
 24657,134137,20210718,-9999,    9
 24657,134137,20210719,-9999,    9
 24657,134137,20210720,-9999,    9
 24657,134137,20210721,-9999,    9
 24657,134137,20210722,-9999,    9
 24657,134137,20210723,-9999,    9
 24657,134137,20210724,-9999,    9
 24657,134137,20210725,-9999,    9
 24657,134137,20210726,-9999,    9
 24657,134137,20210727,-9999,    9
 24657,134137,20210728,-9999,    9
 24657,134137,20210729,-9999,    9
 24657,134137,20210730,-9999,    9
 24657,134137,20210731,-9999,    9
 24657,134137,20210801,-9999,    9
 24657,134137,20210802,-9999,    9
 24657,134137,20210803,-9999,    9
 24657,134137,20210804,-9999,    9
 24657,134137,20210805,-9999,    9
 24657,134137,20210806,-9999,    9
 24657,134137,20210807,-9999,    9
 24657,134137,20210808,-9999,    9
 24657,134137,20210809,-9999,    9
 24657,134137,20210810,-9999,    9
 24657,134137,20210811,-9999,    9
 24657,134137,20210812,-9999,    9
 24657,134137,20210813,-9999,    9
 24657,134137,20210814,-9999,    9
 24657,134137,20210815,-9999,    9
 24657,134137,20210816,-9999,    9
 24657,134137,20210817,-9999,    9
 24657,134137,20210818,-9999,    9
 24657,134137,20210819,-9999,    9
 24657,134137,20210820,-9999,    9
 24657,134137,20210821,-9999,    9
 24657,134137,20210822,-9999,    9
 24657,134137,20210823,-9999,    9
 24657,134137,20210824,-9999,    9
 24657,134137,20210825,-9999,    9
 24657,134137,20210826,-9999,    9
 24657,134137,20210827,-9999,    9
 24657,134137,20210828,-9999,    9
 24657,134137,20210829,-9999,    9
 24657,134137,20210830,-9999,    9
 24657,134137,20210831,-9999,    9
 24657,134137,20210901,-9999,    9
 24657,134137,20210902,-9999,    9
 24657,134137,20210903,-9999,    9
 24657,134137,20210904,-9999,    9
 24657,134137,20210905,-9999,    9
 24657,134137,20210906,-9999,    9
 24657,134137,20210907,-9999,    9
 24657,134137,20210908,-9999,    9
 24657,134137,20210909,-9999,    9
 24657,134137,20210910,-9999,    9
 24657,134137,20210911,-9999,    9
 24657,134137,20210912,-9999,    9
 24657,134137,20210913,-9999,    9
 24657,134137,20210914,-9999,    9
 24657,134137,20210915,-9999,    9
 24657,134137,20210916,-9999,    9
 24657,134137,20210917,-9999,    9
 24657,134137,20210918,-9999,    9
 24657,134137,20210919,-9999,    9
 24657,134137,20210920,-9999,    9
 24657,134137,20210921,-9999,    9
 24657,134137,20210922,-9999,    9
 24657,134137,20210923,-9999,    9
 24657,134137,20210924,-9999,    9
 24657,134137,20210925,-9999,    9
 24657,134137,20210926,-9999,    9
 24657,134137,20210927,-9999,    9
 24657,134137,20210928,-9999,    9
 24657,134137,20210929,-9999,    9
 24657,134137,20210930,-9999,    9
 24657,134137,20211001,-9999,    9
 24657,134137,20211002,-9999,    9
 24657,134137,20211003,-9999,    9
 24657,134137,20211004,-9999,    9
 24657,134137,20211005,-9999,    9
 24657,134137,20211006,-9999,    9
 24657,134137,20211007,-9999,    9
 24657,134137,20211008,-9999,    9
 24657,134137,20211009,-9999,    9
 24657,134137,20211010,-9999,    9
 24657,134137,20211011,-9999,    9
 24657,134137,20211012,-9999,    9
 24657,134137,20211013,-9999,    9
 24657,134137,20211014,-9999,    9
 24657,134137,20211015,-9999,    9
 24657,134137,20211016,-9999,    9
 24657,134137,20211017,-9999,    9
 24657,134137,20211018,-9999,    9
 24657,134137,20211019,-9999,    9
 24657,134137,20211020,-9999,    9
 24657,134137,20211021,-9999,    9
 24657,134137,20211022,-9999,    9
 24657,134137,20211023,-9999,    9
 24657,134137,20211024,-9999,    9
 24657,134137,20211025,-9999,    9
 24657,134137,20211026,-9999,    9
 24657,134137,20211027,-9999,    9
 24657,134137,20211028,-9999,    9
 24657,134137,20211029,-9999,    9
 24657,134137,20211030,-9999,    9
 24657,134137,20211031,-9999,    9
 24657,134137,20211101,-9999,    9
 24657,134137,20211102,-9999,    9
 24657,134137,20211103,-9999,    9
 24657,134137,20211104,-9999,    9
 24657,134137,20211105,-9999,    9
 24657,134137,20211106,-9999,    9
 24657,134137,20211107,-9999,    9
 24657,134137,20211108,-9999,    9
 24657,134137,20211109,-9999,    9
 24657,134137,20211110,-9999,    9
 24657,134137,20211111,-9999,    9
 24657,134137,20211112,-9999,    9
 24657,134137,20211113,-9999,    9
 24657,134137,20211114,-9999,    9
 24657,134137,20211115,-9999,    9
 24657,134137,20211116,-9999,    9
 24657,134137,20211117,-9999,    9
 24657,134137,20211118,-9999,    9
 24657,134137,20211119,-9999,    9
 24657,134137,20211120,-9999,    9
 24657,134137,20211121,-9999,    9
 24657,134137,20211122,-9999,    9
 24657,134137,20211123,-9999,    9
 24657,134137,20211124,-9999,    9
 24657,134137,20211125,-9999,    9
 24657,134137,20211126,-9999,    9
 24657,134137,20211127,-9999,    9
 24657,134137,20211128,-9999,    9
 24657,134137,20211129,-9999,    9
 24657,134137,20211130,-9999,    9
 24657,134137,20211201,-9999,    9
 24657,134137,20211202,-9999,    9
 24657,134137,20211203,-9999,    9
 24657,134137,20211204,-9999,    9
 24657,134137,20211205,-9999,    9
 24657,134137,20211206,-9999,    9
 24657,134137,20211207,-9999,    9
 24657,134137,20211208,-9999,    9
 24657,134137,20211209,-9999,    9
 24657,134137,20211210,-9999,    9
 24657,134137,20211211,-9999,    9
 24657,134137,20211212,-9999,    9
 24657,134137,20211213,-9999,    9
 24657,134137,20211214,-9999,    9
 24657,134137,20211215,-9999,    9
 24657,134137,20211216,-9999,    9
 24657,134137,20211217,-9999,    9
 24657,134137,20211218,-9999,    9
 24657,134137,20211219,-9999,    9
 24657,134137,20211220,-9999,    9
 24657,134137,20211221,-9999,    9
 24657,134137,20211222,-9999,    9
 24657,134137,20211223,-9999,    9
 24657,134137,20211224,-9999,    9
 24657,134137,20211225,-9999,    9
 24657,134137,20211226,-9999,    9
 24657,134137,20211227,-9999,    9
 24657,134137,20211228,-9999,    9
 24657,134137,20211229,-9999,    9
 24657,134137,20211230,-9999,    9
 24657,134137,20211231,-9999,    9
 24657,134137,20220101,-9999,    9
 24657,134137,20220102,-9999,    9
 24657,134137,20220103,-9999,    9
 24657,134137,20220104,-9999,    9
 24657,134137,20220105,-9999,    9
 24657,134137,20220106,-9999,    9
 24657,134137,20220107,-9999,    9
 24657,134137,20220108,-9999,    9
 24657,134137,20220109,-9999,    9
 24657,134137,20220110,-9999,    9
 24657,134137,20220111,-9999,    9
 24657,134137,20220112,-9999,    9
 24657,134137,20220113,-9999,    9
 24657,134137,20220114,-9999,    9
 24657,134137,20220115,-9999,    9
 24657,134137,20220116,-9999,    9
 24657,134137,20220117,-9999,    9
 24657,134137,20220118,-9999,    9
 24657,134137,20220119,-9999,    9
 24657,134137,20220120,-9999,    9
 24657,134137,20220121,-9999,    9
 24657,134137,20220122,-9999,    9
 24657,134137,20220123,-9999,    9
 24657,134137,20220124,-9999,    9
 24657,134137,20220125,-9999,    9
 24657,134137,20220126,-9999,    9
 24657,134137,20220127,-9999,    9
 24657,134137,20220128,-9999,    9
 24657,134137,20220129,-9999,    9
 24657,134137,20220130,-9999,    9
 24657,134137,20220131,-9999,    9
 24657,134137,20220201,-9999,    9
 24657,134137,20220202,-9999,    9
 24657,134137,20220203,-9999,    9
 24657,134137,20220204,-9999,    9
 24657,134137,20220205,-9999,    9
 24657,134137,20220206,-9999,    9
 24657,134137,20220207,-9999,    9
 24657,134137,20220208,-9999,    9
 24657,134137,20220209,-9999,    9
 24657,134137,20220210,-9999,    9
 24657,134137,20220211,-9999,    9
 24657,134137,20220212,-9999,    9
 24657,134137,20220213,-9999,    9
 24657,134137,20220214,-9999,    9
 24657,134137,20220215,-9999,    9
 24657,134137,20220216,-9999,    9
 24657,134137,20220217,-9999,    9
 24657,134137,20220218,-9999,    9
 24657,134137,20220219,-9999,    9
 24657,134137,20220220,-9999,    9
 24657,134137,20220221,-9999,    9
 24657,134137,20220222,-9999,    9
 24657,134137,20220223,-9999,    9
 24657,134137,20220224,-9999,    9
 24657,134137,20220225,-9999,    9
 24657,134137,20220226,-9999,    9
 24657,134137,20220227,-9999,    9
 24657,134137,20220228,-9999,    9
 24657,134137,20220301,-9999,    9
 24657,134137,20220302,-9999,    9
 24657,134137,20220303,-9999,    9
 24657,134137,20220304,-9999,    9
 24657,134137,20220305,-9999,    9
 24657,134137,20220306,-9999,    9
 24657,134137,20220307,-9999,    9
 24657,134137,20220308,-9999,    9
 24657,134137,20220309,-9999,    9
 24657,134137,20220310,-9999,    9
 24657,134137,20220311,-9999,    9
 24657,134137,20220312,-9999,    9
 24657,134137,20220313,-9999,    9
 24657,134137,20220314,-9999,    9
 24657,134137,20220315,-9999,    9
 24657,134137,20220316,-9999,    9
 24657,134137,20220317,-9999,    9
 24657,134137,20220318,-9999,    9
 24657,134137,20220319,-9999,    9
 24657,134137,20220320,-9999,    9
 24657,134137,20220321,-9999,    9
 24657,134137,20220322,-9999,    9
 24657,134137,20220323,-9999,    9
 24657,134137,20220324,-9999,    9
 24657,134137,20220325,-9999,    9
 24657,134137,20220326,-9999,    9
 24657,134137,20220327,-9999,    9
 24657,134137,20220328,-9999,    9
 24657,134137,20220329,-9999,    9
 24657,134137,20220330,-9999,    9
 24657,134137,20220331,-9999,    9
 24657,134137,20220401,-9999,    9
 24657,134137,20220402,-9999,    9
 24657,134137,20220403,-9999,    9
 24657,134137,20220404,-9999,    9
 24657,134137,20220405,-9999,    9
 24657,134137,20220406,-9999,    9
 24657,134137,20220407,-9999,    9
 24657,134137,20220408,-9999,    9
 24657,134137,20220409,-9999,    9
 24657,134137,20220410,-9999,    9
 24657,134137,20220411,-9999,    9
 24657,134137,20220412,-9999,    9
 24657,134137,20220413,-9999,    9
 24657,134137,20220414,-9999,    9
 24657,134137,20220415,-9999,    9
 24657,134137,20220416,-9999,    9
 24657,134137,20220417,-9999,    9
 24657,134137,20220418,-9999,    9
 24657,134137,20220419,-9999,    9
 24657,134137,20220420,-9999,    9
 24657,134137,20220421,-9999,    9
 24657,134137,20220422,-9999,    9
 24657,134137,20220423,-9999,    9
 24657,134137,20220424,-9999,    9
 24657,134137,20220425,-9999,    9
 24657,134137,20220426,-9999,    9
 24657,134137,20220427,-9999,    9
 24657,134137,20220428,-9999,    9
 24657,134137,20220429,-9999,    9
 24657,134137,20220430,-9999,    9
 24657,134137,20220501,-9999,    9
 24657,134137,20220502,-9999,    9
 24657,134137,20220503,-9999,    9
 24657,134137,20220504,-9999,    9
 24657,134137,20220505,-9999,    9
 24657,134137,20220506,-9999,    9
 24657,134137,20220507,-9999,    9
 24657,134137,20220508,-9999,    9
 24657,134137,20220509,-9999,    9
 24657,134137,20220510,-9999,    9
 24657,134137,20220511,-9999,    9
 24657,134137,20220512,-9999,    9
 24657,134137,20220513,-9999,    9
 24657,134137,20220514,-9999,    9
 24657,134137,20220515,-9999,    9
 24657,134137,20220516,-9999,    9
 24657,134137,20220517,-9999,    9
 24657,134137,20220518,-9999,    9
 24657,134137,20220519,-9999,    9
 24657,134137,20220520,-9999,    9
 24657,134137,20220521,-9999,    9
 24657,134137,20220522,-9999,    9
 24657,134137,20220523,-9999,    9
 24657,134137,20220524,-9999,    9
 24657,134137,20220525,-9999,    9
 24657,134137,20220526,-9999,    9
 24657,134137,20220527,-9999,    9
 24657,134137,20220528,-9999,    9
 24657,134137,20220529,-9999,    9
 24657,134137,20220530,-9999,    9
 24657,134137,20220531,-9999,    9
 24657,134137,20220601,-9999,    9
 24657,134137,20220602,-9999,    9
 24657,134137,20220603,-9999,    9
 24657,134137,20220604,-9999,    9
 24657,134137,20220605,-9999,    9
 24657,134137,20220606,-9999,    9
 24657,134137,20220607,-9999,    9
 24657,134137,20220608,-9999,    9
 24657,134137,20220609,-9999,    9
 24657,134137,20220610,-9999,    9
 24657,134137,20220611,-9999,    9
 24657,134137,20220612,-9999,    9
 24657,134137,20220613,-9999,    9
 24657,134137,20220614,-9999,    9
 24657,134137,20220615,-9999,    9
 24657,134137,20220616,-9999,    9
 24657,134137,20220617,-9999,    9
 24657,134137,20220618,-9999,    9
 24657,134137,20220619,-9999,    9
 24657,134137,20220620,-9999,    9
 24657,134137,20220621,-9999,    9
 24657,134137,20220622,-9999,    9
 24657,134137,20220623,-9999,    9
 24657,134137,20220624,-9999,    9
 24657,134137,20220625,-9999,    9
 24657,134137,20220626,-9999,    9
 24657,134137,20220627,-9999,    9
 24657,134137,20220628,-9999,    9
 24657,134137,20220629,-9999,    9
 24657,134137,20220630,-9999,    9
 24657,134137,20220701,-9999,    9
 24657,134137,20220702,-9999,    9
 24657,134137,20220703,-9999,    9
 24657,134137,20220704,-9999,    9
 24657,134137,20220705,-9999,    9
 24657,134137,20220706,-9999,    9
 24657,134137,20220707,-9999,    9
 24657,134137,20220708,-9999,    9
 24657,134137,20220709,-9999,    9
 24657,134137,20220710,-9999,    9
 24657,134137,20220711,-9999,    9
 24657,134137,20220712,-9999,    9
 24657,134137,20220713,-9999,    9
 24657,134137,20220714,-9999,    9
 24657,134137,20220715,-9999,    9
 24657,134137,20220716,-9999,    9
 24657,134137,20220717,-9999,    9
 24657,134137,20220718,-9999,    9
 24657,134137,20220719,-9999,    9
 24657,134137,20220720,-9999,    9
 24657,134137,20220721,-9999,    9
 24657,134137,20220722,-9999,    9
 24657,134137,20220723,-9999,    9
 24657,134137,20220724,-9999,    9
 24657,134137,20220725,-9999,    9
 24657,134137,20220726,-9999,    9
 24657,134137,20220727,-9999,    9
 24657,134137,20220728,-9999,    9
 24657,134137,20220729,-9999,    9
 24657,134137,20220730,-9999,    9
 24657,134137,20220731,-9999,    9
 24657,134137,20220801,-9999,    9
 24657,134137,20220802,-9999,    9
 24657,134137,20220803,-9999,    9
 24657,134137,20220804,-9999,    9
 24657,134137,20220805,-9999,    9
 24657,134137,20220806,-9999,    9
 24657,134137,20220807,-9999,    9
 24657,134137,20220808,-9999,    9
 24657,134137,20220809,-9999,    9
 24657,134137,20220810,-9999,    9
 24657,134137,20220811,-9999,    9
 24657,134137,20220812,-9999,    9
 24657,134137,20220813,-9999,    9
 24657,134137,20220814,-9999,    9
 24657,134137,20220815,-9999,    9
 24657,134137,20220816,-9999,    9
 24657,134137,20220817,-9999,    9
 24657,134137,20220818,-9999,    9
 24657,134137,20220819,-9999,    9
 24657,134137,20220820,-9999,    9
 24657,134137,20220821,-9999,    9
 24657,134137,20220822,-9999,    9
 24657,134137,20220823,-9999,    9
 24657,134137,20220824,-9999,    9
 24657,134137,20220825,-9999,    9
 24657,134137,20220826,-9999,    9
 24657,134137,20220827,-9999,    9
 24657,134137,20220828,-9999,    9
 24657,134137,20220829,-9999,    9
 24657,134137,20220830,-9999,    9
 24657,134137,20220831,-9999,    9
 24657,134137,20220901,-9999,    9
 24657,134137,20220902,-9999,    9
 24657,134137,20220903,-9999,    9
 24657,134137,20220904,-9999,    9
 24657,134137,20220905,-9999,    9
 24657,134137,20220906,-9999,    9
 24657,134137,20220907,-9999,    9
 24657,134137,20220908,-9999,    9
 24657,134137,20220909,-9999,    9
 24657,134137,20220910,-9999,    9
 24657,134137,20220911,-9999,    9
 24657,134137,20220912,-9999,    9
 24657,134137,20220913,-9999,    9
 24657,134137,20220914,-9999,    9
 24657,134137,20220915,-9999,    9
 24657,134137,20220916,-9999,    9
 24657,134137,20220917,-9999,    9
 24657,134137,20220918,-9999,    9
 24657,134137,20220919,-9999,    9
 24657,134137,20220920,-9999,    9
 24657,134137,20220921,-9999,    9
 24657,134137,20220922,-9999,    9
 24657,134137,20220923,-9999,    9
 24657,134137,20220924,-9999,    9
 24657,134137,20220925,-9999,    9
 24657,134137,20220926,-9999,    9
 24657,134137,20220927,-9999,    9
 24657,134137,20220928,-9999,    9
 24657,134137,20220929,-9999,    9
 24657,134137,20220930,-9999,    9
 24657,134137,20221001,-9999,    9
 24657,134137,20221002,-9999,    9
 24657,134137,20221003,-9999,    9
 24657,134137,20221004,-9999,    9
 24657,134137,20221005,-9999,    9
 24657,134137,20221006,-9999,    9
 24657,134137,20221007,-9999,    9
 24657,134137,20221008,-9999,    9
 24657,134137,20221009,-9999,    9
 24657,134137,20221010,-9999,    9
 24657,134137,20221011,-9999,    9
 24657,134137,20221012,-9999,    9
 24657,134137,20221013,-9999,    9
 24657,134137,20221014,-9999,    9
 24657,134137,20221015,-9999,    9
 24657,134137,20221016,-9999,    9
 24657,134137,20221017,-9999,    9
 24657,134137,20221018,-9999,    9
 24657,134137,20221019,-9999,    9
 24657,134137,20221020,-9999,    9
 24657,134137,20221021,-9999,    9
 24657,134137,20221022,-9999,    9
 24657,134137,20221023,-9999,    9
 24657,134137,20221024,-9999,    9
 24657,134137,20221025,-9999,    9
 24657,134137,20221026,-9999,    9
 24657,134137,20221027,-9999,    9
 24657,134137,20221028,-9999,    9
 24657,134137,20221029,-9999,    9
 24657,134137,20221030,-9999,    9
 24657,134137,20221031,-9999,    9
