EUROPEAN CLIMATE ASSESSMENT & DATASET (ECA&D), file created on: 16-11-2022
THESE DATA CAN BE USED FOR NON-COMMERCIAL RESEARCH AND EDUCATION PROVIDED THAT THE FOLLOWING SOURCE IS ACKNOWLEDGED: 

Klein Tank, A.M.G. and Coauthors, 2002. Daily dataset of 20th-century surface
air temperature and precipitation series for the European Climate Assessment.
Int. J. of Climatol., 22, 1441-1453.
Data and metadata available at http://www.ecad.eu

FILE FORMAT (MISSING VALUE CODE = -9999):

01-06 STAID: Station identifier
08-13 SOUID: Source identifier
15-22 DATE : Date YYYYMMDD
24-28 TG   : Mean temperature in 0.1 &#176;C
30-34 Q_TG : quality code for TG (0='valid'; 1='suspect'; 9='missing')

This is the blended series of station HOF-EIKENES, NORWAY (STAID: 18943)
Blended and updated with sources:100810 
See files sources.txt and stations.txt for more info.

STAID, SOUID,    DATE,   TG, Q_TG
 18943,100810,20170501,   67,    0
 18943,100810,20170502,   89,    0
 18943,100810,20170503,   97,    0
 18943,100810,20170504,  103,    0
 18943,100810,20170505,  133,    0
 18943,100810,20170506,  148,    0
 18943,100810,20170507,   92,    0
 18943,100810,20170508,   65,    0
 18943,100810,20170509,   57,    0
 18943,100810,20170510,   25,    0
 18943,100810,20170511,   34,    0
 18943,100810,20170512,   64,    0
 18943,100810,20170513,   74,    0
 18943,100810,20170514,   87,    0
 18943,100810,20170515,   96,    0
 18943,100810,20170516,   88,    0
 18943,100810,20170517,  115,    0
 18943,100810,20170518,  128,    0
 18943,100810,20170519,  143,    0
 18943,100810,20170520,  158,    0
 18943,100810,20170521,  142,    0
 18943,100810,20170522,  123,    0
 18943,100810,20170523,  123,    0
 18943,100810,20170524,  152,    0
 18943,100810,20170525,  160,    0
 18943,100810,20170526,  176,    0
 18943,100810,20170527,  184,    0
 18943,100810,20170528,  151,    0
 18943,100810,20170529,  164,    0
 18943,100810,20170530,  133,    0
 18943,100810,20170531,  137,    0
 18943,100810,20170601,  119,    0
 18943,100810,20170602,  100,    0
 18943,100810,20170603,  113,    0
 18943,100810,20170604,  128,    0
 18943,100810,20170605,  139,    0
 18943,100810,20170606,  148,    0
 18943,100810,20170607,  121,    0
 18943,100810,20170608,  127,    0
 18943,100810,20170609,  121,    0
 18943,100810,20170610,  151,    0
 18943,100810,20170611,  135,    0
 18943,100810,20170612,  152,    0
 18943,100810,20170613,  170,    0
 18943,100810,20170614,  160,    0
 18943,100810,20170615,  161,    0
 18943,100810,20170616,  157,    0
 18943,100810,20170617,  182,    0
 18943,100810,20170618,  200,    0
 18943,100810,20170619,  157,    0
 18943,100810,20170620,  144,    0
 18943,100810,20170621,  146,    0
 18943,100810,20170622,  146,    0
 18943,100810,20170623,  135,    0
 18943,100810,20170624,  157,    0
 18943,100810,20170625,  135,    0
 18943,100810,20170626,  148,    0
 18943,100810,20170627,  130,    0
 18943,100810,20170628,  144,    0
 18943,100810,20170629,  160,    0
 18943,100810,20170630,  179,    0
 18943,100810,20170701,  179,    0
 18943,100810,20170702,  167,    0
 18943,100810,20170703,  166,    0
 18943,100810,20170704,  149,    0
 18943,100810,20170705,  147,    0
 18943,100810,20170706,  145,    0
 18943,100810,20170707,  153,    0
 18943,100810,20170708,  165,    0
 18943,100810,20170709,  152,    0
 18943,100810,20170710,  149,    0
 18943,100810,20170711,  152,    0
 18943,100810,20170712,  149,    0
 18943,100810,20170713,  144,    0
 18943,100810,20170714,  153,    0
 18943,100810,20170715,  163,    0
 18943,100810,20170716,  162,    0
 18943,100810,20170717,  136,    0
 18943,100810,20170718,  146,    0
 18943,100810,20170719,  142,    0
 18943,100810,20170720,  160,    0
 18943,100810,20170721,  135,    0
 18943,100810,20170722,  172,    0
 18943,100810,20170723,  190,    0
 18943,100810,20170724,  170,    0
 18943,100810,20170725,  183,    0
 18943,100810,20170726,  174,    0
 18943,100810,20170727,  162,    0
 18943,100810,20170728,  153,    0
 18943,100810,20170729,  139,    0
 18943,100810,20170730,  151,    0
 18943,100810,20170731,  153,    0
 18943,100810,20170801,  153,    0
 18943,100810,20170802,  153,    0
 18943,100810,20170803,  131,    0
 18943,100810,20170804,  155,    0
 18943,100810,20170805,  141,    0
 18943,100810,20170806,  155,    0
 18943,100810,20170807,  131,    0
 18943,100810,20170808,  152,    0
 18943,100810,20170809,  142,    0
 18943,100810,20170810,  173,    0
 18943,100810,20170811,  159,    0
 18943,100810,20170812,  161,    0
 18943,100810,20170813,  149,    0
 18943,100810,20170814,  130,    0
 18943,100810,20170815,  139,    0
 18943,100810,20170816,  167,    0
 18943,100810,20170817,  143,    0
 18943,100810,20170818,  160,    0
 18943,100810,20170819,  147,    0
 18943,100810,20170820,  141,    0
 18943,100810,20170821,  136,    0
 18943,100810,20170822,  124,    0
 18943,100810,20170823,  135,    0
 18943,100810,20170824,  124,    0
 18943,100810,20170825,  145,    0
 18943,100810,20170826,  127,    0
 18943,100810,20170827,  135,    0
 18943,100810,20170828,  145,    0
 18943,100810,20170829,  171,    0
 18943,100810,20170830,  133,    0
 18943,100810,20170831,  117,    0
 18943,100810,20170901,  109,    0
 18943,100810,20170902,  123,    0
 18943,100810,20170903,  108,    0
 18943,100810,20170904,  105,    0
 18943,100810,20170905,  127,    0
 18943,100810,20170906,  133,    0
 18943,100810,20170907,  111,    0
 18943,100810,20170908,  105,    0
 18943,100810,20170909,  120,    0
 18943,100810,20170910,  123,    0
 18943,100810,20170911,  125,    0
 18943,100810,20170912,  130,    0
 18943,100810,20170913,  102,    0
 18943,100810,20170914,  114,    0
 18943,100810,20170915,   97,    0
 18943,100810,20170916,  107,    0
 18943,100810,20170917,  100,    0
 18943,100810,20170918,  114,    0
 18943,100810,20170919,  111,    0
 18943,100810,20170920,   94,    0
 18943,100810,20170921,   85,    0
 18943,100810,20170922,  103,    0
 18943,100810,20170923,  116,    0
 18943,100810,20170924,  126,    0
 18943,100810,20170925,  131,    0
 18943,100810,20170926,  120,    0
 18943,100810,20170927,  128,    0
 18943,100810,20170928,  122,    0
 18943,100810,20170929,  113,    0
 18943,100810,20170930,  118,    0
 18943,100810,20171001,  108,    0
 18943,100810,20171002,  129,    0
 18943,100810,20171003,  121,    0
 18943,100810,20171004,   73,    0
 18943,100810,20171005,   57,    0
 18943,100810,20171006,   74,    0
 18943,100810,20171007,   53,    0
 18943,100810,20171008,   49,    0
 18943,100810,20171009,   26,    0
 18943,100810,20171010,   21,    0
 18943,100810,20171011,   35,    0
 18943,100810,20171012,   83,    0
 18943,100810,20171013,   73,    0
 18943,100810,20171014,  115,    0
 18943,100810,20171015,  105,    0
 18943,100810,20171016,  116,    0
 18943,100810,20171017,   99,    0
 18943,100810,20171018,   39,    0
 18943,100810,20171019,   22,    0
 18943,100810,20171020,   56,    0
 18943,100810,20171021,   63,    0
 18943,100810,20171022,   52,    0
 18943,100810,20171023,   42,    0
 18943,100810,20171024,   48,    0
 18943,100810,20171025,   41,    0
 18943,100810,20171026,   58,    0
 18943,100810,20171027,   52,    0
 18943,100810,20171028,   79,    0
 18943,100810,20171029,   48,    0
 18943,100810,20171030,   -1,    0
 18943,100810,20171031,   25,    0
 18943,100810,20171101,   66,    0
 18943,100810,20171102,   45,    0
 18943,100810,20171103,   23,    0
 18943,100810,20171104,   52,    0
 18943,100810,20171105,   45,    0
 18943,100810,20171106,   -3,    0
 18943,100810,20171107,    7,    0
 18943,100810,20171108,   48,    0
 18943,100810,20171109,   64,    0
 18943,100810,20171110,   19,    0
 18943,100810,20171111,  -13,    0
 18943,100810,20171112,  -20,    0
 18943,100810,20171113,  -28,    0
 18943,100810,20171114,  -29,    0
 18943,100810,20171115,    1,    0
 18943,100810,20171116,   -5,    0
 18943,100810,20171117,   40,    0
 18943,100810,20171118,    5,    0
 18943,100810,20171119,  -16,    0
 18943,100810,20171120,  -64,    0
 18943,100810,20171121,  -49,    0
 18943,100810,20171122,  -43,    0
 18943,100810,20171123,   48,    0
 18943,100810,20171124,   12,    0
 18943,100810,20171125,  -22,    0
 18943,100810,20171126,  -10,    0
 18943,100810,20171127,  -25,    0
 18943,100810,20171128,   -9,    0
 18943,100810,20171129,  -11,    0
 18943,100810,20171130,  -17,    0
 18943,100810,20171201,  -66,    0
 18943,100810,20171202,  -76,    0
 18943,100810,20171203,  -45,    0
 18943,100810,20171204,  -47,    0
 18943,100810,20171205,   -1,    0
 18943,100810,20171206,    2,    0
 18943,100810,20171207,   59,    0
 18943,100810,20171208,   44,    0
 18943,100810,20171209,    2,    0
 18943,100810,20171210,  -85,    0
 18943,100810,20171211,  -44,    0
 18943,100810,20171212,  -80,    0
 18943,100810,20171213, -101,    0
 18943,100810,20171214,  -36,    0
 18943,100810,20171215,  -54,    0
 18943,100810,20171216,  -73,    0
 18943,100810,20171217, -136,    0
 18943,100810,20171218,  -75,    0
 18943,100810,20171219,  -64,    0
 18943,100810,20171220,  -43,    0
 18943,100810,20171221,  -66,    0
 18943,100810,20171222,   -5,    0
 18943,100810,20171223,   38,    0
 18943,100810,20171224,  -15,    0
 18943,100810,20171225,   -2,    0
 18943,100810,20171226,   16,    0
 18943,100810,20171227,    4,    0
 18943,100810,20171228,   -3,    0
 18943,100810,20171229,  -64,    0
 18943,100810,20171230,  -86,    0
 18943,100810,20171231,  -39,    0
 18943,100810,20180101,  -14,    0
 18943,100810,20180102,  -70,    0
 18943,100810,20180103,  -25,    0
 18943,100810,20180104,    3,    0
 18943,100810,20180105,  -26,    0
 18943,100810,20180106, -120,    0
 18943,100810,20180107,  -98,    0
 18943,100810,20180108,  -77,    0
 18943,100810,20180109, -127,    0
 18943,100810,20180110,  -84,    0
 18943,100810,20180111,  -24,    0
 18943,100810,20180112,  -36,    0
 18943,100810,20180113,  -34,    0
 18943,100810,20180114,  -32,    0
 18943,100810,20180115,   -1,    0
 18943,100810,20180116,  -15,    0
 18943,100810,20180117,  -55,    0
 18943,100810,20180118,  -55,    0
 18943,100810,20180119,  -37,    0
 18943,100810,20180120,  -26,    0
 18943,100810,20180121,  -55,    0
 18943,100810,20180122,  -62,    0
 18943,100810,20180123,  -16,    0
 18943,100810,20180124,   27,    0
 18943,100810,20180125,   44,    0
 18943,100810,20180126,  -35,    0
 18943,100810,20180127,  -73,    0
 18943,100810,20180128,  -29,    0
 18943,100810,20180129,  -26,    0
 18943,100810,20180130,  -70,    0
 18943,100810,20180131,   11,    0
 18943,100810,20180201,    5,    0
 18943,100810,20180202,  -63,    0
 18943,100810,20180203,  -72,    0
 18943,100810,20180204, -115,    0
 18943,100810,20180205, -117,    0
 18943,100810,20180206,  -72,    0
 18943,100810,20180207,  -73,    0
 18943,100810,20180208,  -60,    0
 18943,100810,20180209,    6,    0
 18943,100810,20180210,   -4,    0
 18943,100810,20180211,  -14,    0
 18943,100810,20180212,  -19,    0
 18943,100810,20180213,  -95,    0
 18943,100810,20180214,    8,    0
 18943,100810,20180215,    1,    0
 18943,100810,20180216,  -24,    0
 18943,100810,20180217,  -58,    0
 18943,100810,20180218,  -29,    0
 18943,100810,20180219,  -18,    0
 18943,100810,20180220,  -49,    0
 18943,100810,20180221,  -53,    0
 18943,100810,20180222,  -77,    0
 18943,100810,20180223,  -68,    0
 18943,100810,20180224,  -36,    0
 18943,100810,20180225,  -84,    0
 18943,100810,20180226, -161,    0
 18943,100810,20180227,  -93,    0
 18943,100810,20180228, -112,    0
 18943,100810,20180301, -108,    0
 18943,100810,20180302,  -92,    0
 18943,100810,20180303,  -63,    0
 18943,100810,20180304,  -66,    0
 18943,100810,20180305,  -52,    0
 18943,100810,20180306,  -45,    0
 18943,100810,20180307,  -21,    0
 18943,100810,20180308,  -17,    0
 18943,100810,20180309,  -57,    0
 18943,100810,20180310,  -68,    0
 18943,100810,20180311,  -33,    0
 18943,100810,20180312,  -15,    0
 18943,100810,20180313,    1,    0
 18943,100810,20180314,  -56,    0
 18943,100810,20180315,  -66,    0
 18943,100810,20180316,  -87,    0
 18943,100810,20180317, -132,    0
 18943,100810,20180318, -119,    0
 18943,100810,20180319,  -38,    0
 18943,100810,20180320,  -25,    0
 18943,100810,20180321,    8,    0
 18943,100810,20180322,   -2,    0
 18943,100810,20180323,    4,    0
 18943,100810,20180324,   31,    0
 18943,100810,20180325,   15,    0
 18943,100810,20180326,  -20,    0
 18943,100810,20180327,  -50,    0
 18943,100810,20180328,  -75,    0
 18943,100810,20180329,  -65,    0
 18943,100810,20180330,  -66,    0
 18943,100810,20180331,  -58,    0
 18943,100810,20180401,  -30,    0
 18943,100810,20180402,  -23,    0
 18943,100810,20180403,  -34,    0
 18943,100810,20180404,   24,    0
 18943,100810,20180405,   28,    0
 18943,100810,20180406,   36,    0
 18943,100810,20180407,   13,    0
 18943,100810,20180408,   16,    0
 18943,100810,20180409,   24,    0
 18943,100810,20180410,   35,    0
 18943,100810,20180411,   13,    0
 18943,100810,20180412,   21,    0
 18943,100810,20180413,   38,    0
 18943,100810,20180414,   56,    0
 18943,100810,20180415,   41,    0
 18943,100810,20180416,   26,    0
 18943,100810,20180417,   54,    0
 18943,100810,20180418,   83,    0
 18943,100810,20180419,   73,    0
 18943,100810,20180420,   60,    0
 18943,100810,20180421,   86,    0
 18943,100810,20180422,   58,    0
 18943,100810,20180423,   59,    0
 18943,100810,20180424,   68,    0
 18943,100810,20180425,   75,    0
 18943,100810,20180426,   63,    0
 18943,100810,20180427,   60,    0
 18943,100810,20180428,   57,    0
 18943,100810,20180429,   59,    0
 18943,100810,20180430,   66,    0
 18943,100810,20180501,   39,    0
 18943,100810,20180502,   73,    0
 18943,100810,20180503,   65,    0
 18943,100810,20180504,   79,    0
 18943,100810,20180505,  135,    0
 18943,100810,20180506,  142,    0
 18943,100810,20180507,  128,    0
 18943,100810,20180508,  133,    0
 18943,100810,20180509,  140,    0
 18943,100810,20180510,  155,    0
 18943,100810,20180511,  139,    0
 18943,100810,20180512,  126,    0
 18943,100810,20180513,  142,    0
 18943,100810,20180514,  172,    0
 18943,100810,20180515,  174,    0
 18943,100810,20180516,  184,    0
 18943,100810,20180517,  136,    0
 18943,100810,20180518,  130,    0
 18943,100810,20180519,  143,    0
 18943,100810,20180520,  147,    0
 18943,100810,20180521,  151,    0
 18943,100810,20180522,  159,    0
 18943,100810,20180523,  160,    0
 18943,100810,20180524,  177,    0
 18943,100810,20180525,  193,    0
 18943,100810,20180526,  199,    0
 18943,100810,20180527,  190,    0
 18943,100810,20180528,  155,    0
 18943,100810,20180529,  185,    0
 18943,100810,20180530,  211,    0
 18943,100810,20180531,  196,    0
 18943,100810,20180601,  197,    0
 18943,100810,20180602,  204,    0
 18943,100810,20180603,  215,    0
 18943,100810,20180604,  200,    0
 18943,100810,20180605,  137,    0
 18943,100810,20180606,  144,    0
 18943,100810,20180607,  188,    0
 18943,100810,20180608,  193,    0
 18943,100810,20180609,  182,    0
 18943,100810,20180610,  180,    0
 18943,100810,20180611,  158,    0
 18943,100810,20180612,  166,    0
 18943,100810,20180613,  163,    0
 18943,100810,20180614,  138,    0
 18943,100810,20180615,  145,    0
 18943,100810,20180616,  148,    0
 18943,100810,20180617,  128,    0
 18943,100810,20180618,  132,    0
 18943,100810,20180619,  153,    0
 18943,100810,20180620,  109,    0
 18943,100810,20180621,  123,    0
 18943,100810,20180622,  123,    0
 18943,100810,20180623,  152,    0
 18943,100810,20180624,  173,    0
 18943,100810,20180625,  212,    0
 18943,100810,20180626,  209,    0
 18943,100810,20180627,  205,    0
 18943,100810,20180628,  216,    0
 18943,100810,20180629,  166,    0
 18943,100810,20180630,  150,    0
 18943,100810,20180701,  176,    0
 18943,100810,20180702,  187,    0
 18943,100810,20180703,  213,    0
 18943,100810,20180704,  202,    0
 18943,100810,20180705,  174,    0
 18943,100810,20180706,  200,    0
 18943,100810,20180707,  193,    0
 18943,100810,20180708,  190,    0
 18943,100810,20180709,  172,    0
 18943,100810,20180710,  216,    0
 18943,100810,20180711,  227,    0
 18943,100810,20180712,  197,    0
 18943,100810,20180713,  188,    0
 18943,100810,20180714,  179,    0
 18943,100810,20180715,  188,    0
 18943,100810,20180716,  192,    0
 18943,100810,20180717,  210,    0
 18943,100810,20180718,  198,    0
 18943,100810,20180719,  192,    0
 18943,100810,20180720,  179,    0
 18943,100810,20180721,  197,    0
 18943,100810,20180722,  188,    0
 18943,100810,20180723,  214,    0
 18943,100810,20180724,  234,    0
 18943,100810,20180725,  217,    0
 18943,100810,20180726,  214,    0
 18943,100810,20180727,  217,    0
 18943,100810,20180728,  221,    0
 18943,100810,20180729,  207,    0
 18943,100810,20180730,  192,    0
 18943,100810,20180731,  209,    0
 18943,100810,20180801,  198,    0
 18943,100810,20180802,  180,    0
 18943,100810,20180803,  196,    0
 18943,100810,20180804,  193,    0
 18943,100810,20180805,  185,    0
 18943,100810,20180806,  154,    0
 18943,100810,20180807,  165,    0
 18943,100810,20180808,  170,    0
 18943,100810,20180809,  198,    0
 18943,100810,20180810,  153,    0
 18943,100810,20180811,  144,    0
 18943,100810,20180812,  134,    0
 18943,100810,20180813,  131,    0
 18943,100810,20180814,  143,    0
 18943,100810,20180815,-9999,    9
 18943,100810,20180816,-9999,    9
 18943,100810,20180817,-9999,    9
 18943,100810,20180818,-9999,    9
 18943,100810,20180819,-9999,    9
 18943,100810,20180820,-9999,    9
 18943,100810,20180821,-9999,    9
 18943,100810,20180822,-9999,    9
 18943,100810,20180823,-9999,    9
 18943,100810,20180824,-9999,    9
 18943,100810,20180825,-9999,    9
 18943,100810,20180826,-9999,    9
 18943,100810,20180827,-9999,    9
 18943,100810,20180828,-9999,    9
 18943,100810,20180829,-9999,    9
 18943,100810,20180830,-9999,    9
 18943,100810,20180831,-9999,    9
 18943,100810,20180901,-9999,    9
 18943,100810,20180902,-9999,    9
 18943,100810,20180903,-9999,    9
 18943,100810,20180904,-9999,    9
 18943,100810,20180905,-9999,    9
 18943,100810,20180906,-9999,    9
 18943,100810,20180907,-9999,    9
 18943,100810,20180908,-9999,    9
 18943,100810,20180909,-9999,    9
 18943,100810,20180910,-9999,    9
 18943,100810,20180911,-9999,    9
 18943,100810,20180912,-9999,    9
 18943,100810,20180913,-9999,    9
 18943,100810,20180914,-9999,    9
 18943,100810,20180915,-9999,    9
 18943,100810,20180916,-9999,    9
 18943,100810,20180917,-9999,    9
 18943,100810,20180918,-9999,    9
 18943,100810,20180919,-9999,    9
 18943,100810,20180920,-9999,    9
 18943,100810,20180921,-9999,    9
 18943,100810,20180922,-9999,    9
 18943,100810,20180923,-9999,    9
 18943,100810,20180924,-9999,    9
 18943,100810,20180925,-9999,    9
 18943,100810,20180926,-9999,    9
 18943,100810,20180927,-9999,    9
 18943,100810,20180928,-9999,    9
 18943,100810,20180929,-9999,    9
 18943,100810,20180930,-9999,    9
 18943,100810,20181001,-9999,    9
 18943,100810,20181002,-9999,    9
 18943,100810,20181003,-9999,    9
 18943,100810,20181004,-9999,    9
 18943,100810,20181005,-9999,    9
 18943,100810,20181006,-9999,    9
 18943,100810,20181007,-9999,    9
 18943,100810,20181008,-9999,    9
 18943,100810,20181009,-9999,    9
 18943,100810,20181010,-9999,    9
 18943,100810,20181011,-9999,    9
 18943,100810,20181012,-9999,    9
 18943,100810,20181013,-9999,    9
 18943,100810,20181014,-9999,    9
 18943,100810,20181015,-9999,    9
 18943,100810,20181016,-9999,    9
 18943,100810,20181017,-9999,    9
 18943,100810,20181018,-9999,    9
 18943,100810,20181019,-9999,    9
 18943,100810,20181020,-9999,    9
 18943,100810,20181021,-9999,    9
 18943,100810,20181022,-9999,    9
 18943,100810,20181023,-9999,    9
 18943,100810,20181024,-9999,    9
 18943,100810,20181025,-9999,    9
 18943,100810,20181026,-9999,    9
 18943,100810,20181027,-9999,    9
 18943,100810,20181028,-9999,    9
 18943,100810,20181029,-9999,    9
 18943,100810,20181030,-9999,    9
 18943,100810,20181031,-9999,    9
 18943,100810,20181101,-9999,    9
 18943,100810,20181102,-9999,    9
 18943,100810,20181103,-9999,    9
 18943,100810,20181104,-9999,    9
 18943,100810,20181105,-9999,    9
 18943,100810,20181106,-9999,    9
 18943,100810,20181107,-9999,    9
 18943,100810,20181108,-9999,    9
 18943,100810,20181109,-9999,    9
 18943,100810,20181110,-9999,    9
 18943,100810,20181111,-9999,    9
 18943,100810,20181112,-9999,    9
 18943,100810,20181113,-9999,    9
 18943,100810,20181114,-9999,    9
 18943,100810,20181115,-9999,    9
 18943,100810,20181116,-9999,    9
 18943,100810,20181117,-9999,    9
 18943,100810,20181118,-9999,    9
 18943,100810,20181119,-9999,    9
 18943,100810,20181120,-9999,    9
 18943,100810,20181121,-9999,    9
 18943,100810,20181122,-9999,    9
 18943,100810,20181123,-9999,    9
 18943,100810,20181124,-9999,    9
 18943,100810,20181125,-9999,    9
 18943,100810,20181126,-9999,    9
 18943,100810,20181127,-9999,    9
 18943,100810,20181128,-9999,    9
 18943,100810,20181129,-9999,    9
 18943,100810,20181130,-9999,    9
 18943,100810,20181201,-9999,    9
 18943,100810,20181202,-9999,    9
 18943,100810,20181203,-9999,    9
 18943,100810,20181204,-9999,    9
 18943,100810,20181205,-9999,    9
 18943,100810,20181206,-9999,    9
 18943,100810,20181207,-9999,    9
 18943,100810,20181208,-9999,    9
 18943,100810,20181209,-9999,    9
 18943,100810,20181210,-9999,    9
 18943,100810,20181211,-9999,    9
 18943,100810,20181212,-9999,    9
 18943,100810,20181213,-9999,    9
 18943,100810,20181214,-9999,    9
 18943,100810,20181215,-9999,    9
 18943,100810,20181216,-9999,    9
 18943,100810,20181217,-9999,    9
 18943,100810,20181218,-9999,    9
 18943,100810,20181219,-9999,    9
 18943,100810,20181220,-9999,    9
 18943,100810,20181221,-9999,    9
 18943,100810,20181222,-9999,    9
 18943,100810,20181223,-9999,    9
 18943,100810,20181224,-9999,    9
 18943,100810,20181225,-9999,    9
 18943,100810,20181226,-9999,    9
 18943,100810,20181227,-9999,    9
 18943,100810,20181228,-9999,    9
 18943,100810,20181229,-9999,    9
 18943,100810,20181230,-9999,    9
 18943,100810,20181231,-9999,    9
 18943,100810,20190101,-9999,    9
 18943,100810,20190102,-9999,    9
 18943,100810,20190103,-9999,    9
 18943,100810,20190104,-9999,    9
 18943,100810,20190105,-9999,    9
 18943,100810,20190106,-9999,    9
 18943,100810,20190107,-9999,    9
 18943,100810,20190108,-9999,    9
 18943,100810,20190109,-9999,    9
 18943,100810,20190110,-9999,    9
 18943,100810,20190111,-9999,    9
 18943,100810,20190112,-9999,    9
 18943,100810,20190113,-9999,    9
 18943,100810,20190114,-9999,    9
 18943,100810,20190115,-9999,    9
 18943,100810,20190116,-9999,    9
 18943,100810,20190117,-9999,    9
 18943,100810,20190118,-9999,    9
 18943,100810,20190119,-9999,    9
 18943,100810,20190120,-9999,    9
 18943,100810,20190121,-9999,    9
 18943,100810,20190122,-9999,    9
 18943,100810,20190123,-9999,    9
 18943,100810,20190124,-9999,    9
 18943,100810,20190125,-9999,    9
 18943,100810,20190126,-9999,    9
 18943,100810,20190127,-9999,    9
 18943,100810,20190128,-9999,    9
 18943,100810,20190129,-9999,    9
 18943,100810,20190130,-9999,    9
 18943,100810,20190131,-9999,    9
 18943,100810,20190201,-9999,    9
 18943,100810,20190202,-9999,    9
 18943,100810,20190203,-9999,    9
 18943,100810,20190204,-9999,    9
 18943,100810,20190205,-9999,    9
 18943,100810,20190206,-9999,    9
 18943,100810,20190207,-9999,    9
 18943,100810,20190208,-9999,    9
 18943,100810,20190209,-9999,    9
 18943,100810,20190210,-9999,    9
 18943,100810,20190211,-9999,    9
 18943,100810,20190212,-9999,    9
 18943,100810,20190213,-9999,    9
 18943,100810,20190214,-9999,    9
 18943,100810,20190215,-9999,    9
 18943,100810,20190216,-9999,    9
 18943,100810,20190217,-9999,    9
 18943,100810,20190218,-9999,    9
 18943,100810,20190219,-9999,    9
 18943,100810,20190220,-9999,    9
 18943,100810,20190221,-9999,    9
 18943,100810,20190222,-9999,    9
 18943,100810,20190223,-9999,    9
 18943,100810,20190224,-9999,    9
 18943,100810,20190225,-9999,    9
 18943,100810,20190226,-9999,    9
 18943,100810,20190227,-9999,    9
 18943,100810,20190228,-9999,    9
 18943,100810,20190301,-9999,    9
 18943,100810,20190302,-9999,    9
 18943,100810,20190303,-9999,    9
 18943,100810,20190304,-9999,    9
 18943,100810,20190305,-9999,    9
 18943,100810,20190306,-9999,    9
 18943,100810,20190307,-9999,    9
 18943,100810,20190308,-9999,    9
 18943,100810,20190309,-9999,    9
 18943,100810,20190310,-9999,    9
 18943,100810,20190311,-9999,    9
 18943,100810,20190312,-9999,    9
 18943,100810,20190313,-9999,    9
 18943,100810,20190314,-9999,    9
 18943,100810,20190315,-9999,    9
 18943,100810,20190316,-9999,    9
 18943,100810,20190317,-9999,    9
 18943,100810,20190318,-9999,    9
 18943,100810,20190319,-9999,    9
 18943,100810,20190320,-9999,    9
 18943,100810,20190321,-9999,    9
 18943,100810,20190322,-9999,    9
 18943,100810,20190323,-9999,    9
 18943,100810,20190324,-9999,    9
 18943,100810,20190325,-9999,    9
 18943,100810,20190326,-9999,    9
 18943,100810,20190327,-9999,    9
 18943,100810,20190328,-9999,    9
 18943,100810,20190329,-9999,    9
 18943,100810,20190330,-9999,    9
 18943,100810,20190331,-9999,    9
 18943,100810,20190401,-9999,    9
 18943,100810,20190402,-9999,    9
 18943,100810,20190403,-9999,    9
 18943,100810,20190404,-9999,    9
 18943,100810,20190405,-9999,    9
 18943,100810,20190406,-9999,    9
 18943,100810,20190407,-9999,    9
 18943,100810,20190408,-9999,    9
 18943,100810,20190409,-9999,    9
 18943,100810,20190410,-9999,    9
 18943,100810,20190411,-9999,    9
 18943,100810,20190412,-9999,    9
 18943,100810,20190413,-9999,    9
 18943,100810,20190414,-9999,    9
 18943,100810,20190415,-9999,    9
 18943,100810,20190416,-9999,    9
 18943,100810,20190417,-9999,    9
 18943,100810,20190418,-9999,    9
 18943,100810,20190419,-9999,    9
 18943,100810,20190420,-9999,    9
 18943,100810,20190421,-9999,    9
 18943,100810,20190422,-9999,    9
 18943,100810,20190423,-9999,    9
 18943,100810,20190424,-9999,    9
 18943,100810,20190425,-9999,    9
 18943,100810,20190426,-9999,    9
 18943,100810,20190427,-9999,    9
 18943,100810,20190428,-9999,    9
 18943,100810,20190429,-9999,    9
 18943,100810,20190430,-9999,    9
 18943,100810,20190501,-9999,    9
 18943,100810,20190502,-9999,    9
 18943,100810,20190503,-9999,    9
 18943,100810,20190504,-9999,    9
 18943,100810,20190505,-9999,    9
 18943,100810,20190506,-9999,    9
 18943,100810,20190507,-9999,    9
 18943,100810,20190508,-9999,    9
 18943,100810,20190509,-9999,    9
 18943,100810,20190510,-9999,    9
 18943,100810,20190511,-9999,    9
 18943,100810,20190512,-9999,    9
 18943,100810,20190513,-9999,    9
 18943,100810,20190514,-9999,    9
 18943,100810,20190515,-9999,    9
 18943,100810,20190516,-9999,    9
 18943,100810,20190517,-9999,    9
 18943,100810,20190518,-9999,    9
 18943,100810,20190519,-9999,    9
 18943,100810,20190520,-9999,    9
 18943,100810,20190521,-9999,    9
 18943,100810,20190522,-9999,    9
 18943,100810,20190523,-9999,    9
 18943,100810,20190524,-9999,    9
 18943,100810,20190525,-9999,    9
 18943,100810,20190526,-9999,    9
 18943,100810,20190527,-9999,    9
 18943,100810,20190528,-9999,    9
 18943,100810,20190529,-9999,    9
 18943,100810,20190530,-9999,    9
 18943,100810,20190531,-9999,    9
 18943,100810,20190601,-9999,    9
 18943,100810,20190602,-9999,    9
 18943,100810,20190603,-9999,    9
 18943,100810,20190604,-9999,    9
 18943,100810,20190605,-9999,    9
 18943,100810,20190606,-9999,    9
 18943,100810,20190607,-9999,    9
 18943,100810,20190608,-9999,    9
 18943,100810,20190609,-9999,    9
 18943,100810,20190610,-9999,    9
 18943,100810,20190611,-9999,    9
 18943,100810,20190612,-9999,    9
 18943,100810,20190613,-9999,    9
 18943,100810,20190614,-9999,    9
 18943,100810,20190615,-9999,    9
 18943,100810,20190616,-9999,    9
 18943,100810,20190617,-9999,    9
 18943,100810,20190618,-9999,    9
 18943,100810,20190619,-9999,    9
 18943,100810,20190620,-9999,    9
 18943,100810,20190621,-9999,    9
 18943,100810,20190622,-9999,    9
 18943,100810,20190623,-9999,    9
 18943,100810,20190624,-9999,    9
 18943,100810,20190625,-9999,    9
 18943,100810,20190626,-9999,    9
 18943,100810,20190627,-9999,    9
 18943,100810,20190628,-9999,    9
 18943,100810,20190629,-9999,    9
 18943,100810,20190630,-9999,    9
 18943,100810,20190701,-9999,    9
 18943,100810,20190702,-9999,    9
 18943,100810,20190703,-9999,    9
 18943,100810,20190704,-9999,    9
 18943,100810,20190705,-9999,    9
 18943,100810,20190706,-9999,    9
 18943,100810,20190707,-9999,    9
 18943,100810,20190708,-9999,    9
 18943,100810,20190709,-9999,    9
 18943,100810,20190710,-9999,    9
 18943,100810,20190711,-9999,    9
 18943,100810,20190712,-9999,    9
 18943,100810,20190713,-9999,    9
 18943,100810,20190714,-9999,    9
 18943,100810,20190715,-9999,    9
 18943,100810,20190716,-9999,    9
 18943,100810,20190717,-9999,    9
 18943,100810,20190718,-9999,    9
 18943,100810,20190719,-9999,    9
 18943,100810,20190720,-9999,    9
 18943,100810,20190721,-9999,    9
 18943,100810,20190722,-9999,    9
 18943,100810,20190723,-9999,    9
 18943,100810,20190724,-9999,    9
 18943,100810,20190725,-9999,    9
 18943,100810,20190726,-9999,    9
 18943,100810,20190727,-9999,    9
 18943,100810,20190728,-9999,    9
 18943,100810,20190729,-9999,    9
 18943,100810,20190730,-9999,    9
 18943,100810,20190731,-9999,    9
 18943,100810,20190801,-9999,    9
 18943,100810,20190802,-9999,    9
 18943,100810,20190803,-9999,    9
 18943,100810,20190804,-9999,    9
 18943,100810,20190805,-9999,    9
 18943,100810,20190806,-9999,    9
 18943,100810,20190807,-9999,    9
 18943,100810,20190808,-9999,    9
 18943,100810,20190809,-9999,    9
 18943,100810,20190810,-9999,    9
 18943,100810,20190811,-9999,    9
 18943,100810,20190812,-9999,    9
 18943,100810,20190813,-9999,    9
 18943,100810,20190814,-9999,    9
 18943,100810,20190815,-9999,    9
 18943,100810,20190816,-9999,    9
 18943,100810,20190817,-9999,    9
 18943,100810,20190818,-9999,    9
 18943,100810,20190819,-9999,    9
 18943,100810,20190820,-9999,    9
 18943,100810,20190821,-9999,    9
 18943,100810,20190822,-9999,    9
 18943,100810,20190823,-9999,    9
 18943,100810,20190824,-9999,    9
 18943,100810,20190825,-9999,    9
 18943,100810,20190826,-9999,    9
 18943,100810,20190827,-9999,    9
 18943,100810,20190828,-9999,    9
 18943,100810,20190829,-9999,    9
 18943,100810,20190830,-9999,    9
 18943,100810,20190831,-9999,    9
 18943,100810,20190901,-9999,    9
 18943,100810,20190902,-9999,    9
 18943,100810,20190903,-9999,    9
 18943,100810,20190904,-9999,    9
 18943,100810,20190905,-9999,    9
 18943,100810,20190906,-9999,    9
 18943,100810,20190907,-9999,    9
 18943,100810,20190908,-9999,    9
 18943,100810,20190909,-9999,    9
 18943,100810,20190910,-9999,    9
 18943,100810,20190911,-9999,    9
 18943,100810,20190912,-9999,    9
 18943,100810,20190913,-9999,    9
 18943,100810,20190914,-9999,    9
 18943,100810,20190915,-9999,    9
 18943,100810,20190916,-9999,    9
 18943,100810,20190917,-9999,    9
 18943,100810,20190918,-9999,    9
 18943,100810,20190919,-9999,    9
 18943,100810,20190920,-9999,    9
 18943,100810,20190921,-9999,    9
 18943,100810,20190922,-9999,    9
 18943,100810,20190923,-9999,    9
 18943,100810,20190924,-9999,    9
 18943,100810,20190925,-9999,    9
 18943,100810,20190926,-9999,    9
 18943,100810,20190927,-9999,    9
 18943,100810,20190928,-9999,    9
 18943,100810,20190929,-9999,    9
 18943,100810,20190930,-9999,    9
 18943,100810,20191001,-9999,    9
 18943,100810,20191002,-9999,    9
 18943,100810,20191003,-9999,    9
 18943,100810,20191004,-9999,    9
 18943,100810,20191005,-9999,    9
 18943,100810,20191006,-9999,    9
 18943,100810,20191007,-9999,    9
 18943,100810,20191008,-9999,    9
 18943,100810,20191009,-9999,    9
 18943,100810,20191010,-9999,    9
 18943,100810,20191011,-9999,    9
 18943,100810,20191012,-9999,    9
 18943,100810,20191013,-9999,    9
 18943,100810,20191014,-9999,    9
 18943,100810,20191015,-9999,    9
 18943,100810,20191016,-9999,    9
 18943,100810,20191017,-9999,    9
 18943,100810,20191018,-9999,    9
 18943,100810,20191019,-9999,    9
 18943,100810,20191020,-9999,    9
 18943,100810,20191021,-9999,    9
 18943,100810,20191022,-9999,    9
 18943,100810,20191023,-9999,    9
 18943,100810,20191024,-9999,    9
 18943,100810,20191025,-9999,    9
 18943,100810,20191026,-9999,    9
 18943,100810,20191027,-9999,    9
 18943,100810,20191028,-9999,    9
 18943,100810,20191029,-9999,    9
 18943,100810,20191030,-9999,    9
 18943,100810,20191031,-9999,    9
 18943,100810,20191101,-9999,    9
 18943,100810,20191102,-9999,    9
 18943,100810,20191103,-9999,    9
 18943,100810,20191104,-9999,    9
 18943,100810,20191105,-9999,    9
 18943,100810,20191106,-9999,    9
 18943,100810,20191107,-9999,    9
 18943,100810,20191108,-9999,    9
 18943,100810,20191109,-9999,    9
 18943,100810,20191110,-9999,    9
 18943,100810,20191111,-9999,    9
 18943,100810,20191112,-9999,    9
 18943,100810,20191113,-9999,    9
 18943,100810,20191114,-9999,    9
 18943,100810,20191115,-9999,    9
 18943,100810,20191116,-9999,    9
 18943,100810,20191117,-9999,    9
 18943,100810,20191118,-9999,    9
 18943,100810,20191119,-9999,    9
 18943,100810,20191120,-9999,    9
 18943,100810,20191121,-9999,    9
 18943,100810,20191122,-9999,    9
 18943,100810,20191123,-9999,    9
 18943,100810,20191124,-9999,    9
 18943,100810,20191125,-9999,    9
 18943,100810,20191126,-9999,    9
 18943,100810,20191127,-9999,    9
 18943,100810,20191128,-9999,    9
 18943,100810,20191129,-9999,    9
 18943,100810,20191130,-9999,    9
 18943,100810,20191201,-9999,    9
 18943,100810,20191202,-9999,    9
 18943,100810,20191203,-9999,    9
 18943,100810,20191204,-9999,    9
 18943,100810,20191205,-9999,    9
 18943,100810,20191206,-9999,    9
 18943,100810,20191207,-9999,    9
 18943,100810,20191208,-9999,    9
 18943,100810,20191209,-9999,    9
 18943,100810,20191210,-9999,    9
 18943,100810,20191211,-9999,    9
 18943,100810,20191212,-9999,    9
 18943,100810,20191213,-9999,    9
 18943,100810,20191214,-9999,    9
 18943,100810,20191215,-9999,    9
 18943,100810,20191216,-9999,    9
 18943,100810,20191217,-9999,    9
 18943,100810,20191218,-9999,    9
 18943,100810,20191219,-9999,    9
 18943,100810,20191220,-9999,    9
 18943,100810,20191221,-9999,    9
 18943,100810,20191222,-9999,    9
 18943,100810,20191223,-9999,    9
 18943,100810,20191224,-9999,    9
 18943,100810,20191225,-9999,    9
 18943,100810,20191226,-9999,    9
 18943,100810,20191227,-9999,    9
 18943,100810,20191228,-9999,    9
 18943,100810,20191229,-9999,    9
 18943,100810,20191230,-9999,    9
 18943,100810,20191231,-9999,    9
 18943,100810,20200101,-9999,    9
 18943,100810,20200102,-9999,    9
 18943,100810,20200103,-9999,    9
 18943,100810,20200104,-9999,    9
 18943,100810,20200105,-9999,    9
 18943,100810,20200106,-9999,    9
 18943,100810,20200107,-9999,    9
 18943,100810,20200108,-9999,    9
 18943,100810,20200109,-9999,    9
 18943,100810,20200110,-9999,    9
 18943,100810,20200111,-9999,    9
 18943,100810,20200112,-9999,    9
 18943,100810,20200113,-9999,    9
 18943,100810,20200114,-9999,    9
 18943,100810,20200115,-9999,    9
 18943,100810,20200116,-9999,    9
 18943,100810,20200117,-9999,    9
 18943,100810,20200118,-9999,    9
 18943,100810,20200119,-9999,    9
 18943,100810,20200120,-9999,    9
 18943,100810,20200121,-9999,    9
 18943,100810,20200122,-9999,    9
 18943,100810,20200123,-9999,    9
 18943,100810,20200124,-9999,    9
 18943,100810,20200125,-9999,    9
 18943,100810,20200126,-9999,    9
 18943,100810,20200127,-9999,    9
 18943,100810,20200128,-9999,    9
 18943,100810,20200129,-9999,    9
 18943,100810,20200130,-9999,    9
 18943,100810,20200131,-9999,    9
 18943,100810,20200201,-9999,    9
 18943,100810,20200202,-9999,    9
 18943,100810,20200203,-9999,    9
 18943,100810,20200204,-9999,    9
 18943,100810,20200205,-9999,    9
 18943,100810,20200206,-9999,    9
 18943,100810,20200207,-9999,    9
 18943,100810,20200208,-9999,    9
 18943,100810,20200209,-9999,    9
 18943,100810,20200210,-9999,    9
 18943,100810,20200211,-9999,    9
 18943,100810,20200212,-9999,    9
 18943,100810,20200213,-9999,    9
 18943,100810,20200214,-9999,    9
 18943,100810,20200215,-9999,    9
 18943,100810,20200216,-9999,    9
 18943,100810,20200217,-9999,    9
 18943,100810,20200218,-9999,    9
 18943,100810,20200219,-9999,    9
 18943,100810,20200220,-9999,    9
 18943,100810,20200221,-9999,    9
 18943,100810,20200222,-9999,    9
 18943,100810,20200223,-9999,    9
 18943,100810,20200224,-9999,    9
 18943,100810,20200225,-9999,    9
 18943,100810,20200226,-9999,    9
 18943,100810,20200227,-9999,    9
 18943,100810,20200228,-9999,    9
 18943,100810,20200229,-9999,    9
 18943,100810,20200301,-9999,    9
 18943,100810,20200302,-9999,    9
 18943,100810,20200303,-9999,    9
 18943,100810,20200304,-9999,    9
 18943,100810,20200305,-9999,    9
 18943,100810,20200306,-9999,    9
 18943,100810,20200307,-9999,    9
 18943,100810,20200308,-9999,    9
 18943,100810,20200309,-9999,    9
 18943,100810,20200310,-9999,    9
 18943,100810,20200311,-9999,    9
 18943,100810,20200312,-9999,    9
 18943,100810,20200313,-9999,    9
 18943,100810,20200314,-9999,    9
 18943,100810,20200315,-9999,    9
 18943,100810,20200316,-9999,    9
 18943,100810,20200317,-9999,    9
 18943,100810,20200318,-9999,    9
 18943,100810,20200319,-9999,    9
 18943,100810,20200320,-9999,    9
 18943,100810,20200321,-9999,    9
 18943,100810,20200322,-9999,    9
 18943,100810,20200323,-9999,    9
 18943,100810,20200324,-9999,    9
 18943,100810,20200325,-9999,    9
 18943,100810,20200326,-9999,    9
 18943,100810,20200327,-9999,    9
 18943,100810,20200328,-9999,    9
 18943,100810,20200329,-9999,    9
 18943,100810,20200330,-9999,    9
 18943,100810,20200331,-9999,    9
 18943,100810,20200401,-9999,    9
 18943,100810,20200402,-9999,    9
 18943,100810,20200403,-9999,    9
 18943,100810,20200404,-9999,    9
 18943,100810,20200405,-9999,    9
 18943,100810,20200406,-9999,    9
 18943,100810,20200407,-9999,    9
 18943,100810,20200408,-9999,    9
 18943,100810,20200409,-9999,    9
 18943,100810,20200410,-9999,    9
 18943,100810,20200411,-9999,    9
 18943,100810,20200412,-9999,    9
 18943,100810,20200413,-9999,    9
 18943,100810,20200414,-9999,    9
 18943,100810,20200415,-9999,    9
 18943,100810,20200416,-9999,    9
 18943,100810,20200417,-9999,    9
 18943,100810,20200418,-9999,    9
 18943,100810,20200419,-9999,    9
 18943,100810,20200420,-9999,    9
 18943,100810,20200421,-9999,    9
 18943,100810,20200422,-9999,    9
 18943,100810,20200423,-9999,    9
 18943,100810,20200424,-9999,    9
 18943,100810,20200425,-9999,    9
 18943,100810,20200426,-9999,    9
 18943,100810,20200427,-9999,    9
 18943,100810,20200428,-9999,    9
 18943,100810,20200429,-9999,    9
 18943,100810,20200430,-9999,    9
 18943,100810,20200501,-9999,    9
 18943,100810,20200502,-9999,    9
 18943,100810,20200503,-9999,    9
 18943,100810,20200504,-9999,    9
 18943,100810,20200505,-9999,    9
 18943,100810,20200506,-9999,    9
 18943,100810,20200507,-9999,    9
 18943,100810,20200508,-9999,    9
 18943,100810,20200509,-9999,    9
 18943,100810,20200510,-9999,    9
 18943,100810,20200511,-9999,    9
 18943,100810,20200512,-9999,    9
 18943,100810,20200513,-9999,    9
 18943,100810,20200514,-9999,    9
 18943,100810,20200515,-9999,    9
 18943,100810,20200516,-9999,    9
 18943,100810,20200517,-9999,    9
 18943,100810,20200518,-9999,    9
 18943,100810,20200519,-9999,    9
 18943,100810,20200520,-9999,    9
 18943,100810,20200521,-9999,    9
 18943,100810,20200522,-9999,    9
 18943,100810,20200523,-9999,    9
 18943,100810,20200524,-9999,    9
 18943,100810,20200525,-9999,    9
 18943,100810,20200526,-9999,    9
 18943,100810,20200527,-9999,    9
 18943,100810,20200528,-9999,    9
 18943,100810,20200529,-9999,    9
 18943,100810,20200530,-9999,    9
 18943,100810,20200531,-9999,    9
 18943,100810,20200601,-9999,    9
 18943,100810,20200602,-9999,    9
 18943,100810,20200603,-9999,    9
 18943,100810,20200604,-9999,    9
 18943,100810,20200605,-9999,    9
 18943,100810,20200606,-9999,    9
 18943,100810,20200607,-9999,    9
 18943,100810,20200608,-9999,    9
 18943,100810,20200609,-9999,    9
 18943,100810,20200610,-9999,    9
 18943,100810,20200611,-9999,    9
 18943,100810,20200612,-9999,    9
 18943,100810,20200613,-9999,    9
 18943,100810,20200614,-9999,    9
 18943,100810,20200615,-9999,    9
 18943,100810,20200616,-9999,    9
 18943,100810,20200617,-9999,    9
 18943,100810,20200618,-9999,    9
 18943,100810,20200619,-9999,    9
 18943,100810,20200620,-9999,    9
 18943,100810,20200621,-9999,    9
 18943,100810,20200622,-9999,    9
 18943,100810,20200623,-9999,    9
 18943,100810,20200624,-9999,    9
 18943,100810,20200625,-9999,    9
 18943,100810,20200626,-9999,    9
 18943,100810,20200627,-9999,    9
 18943,100810,20200628,-9999,    9
 18943,100810,20200629,-9999,    9
 18943,100810,20200630,-9999,    9
 18943,100810,20200701,-9999,    9
 18943,100810,20200702,-9999,    9
 18943,100810,20200703,-9999,    9
 18943,100810,20200704,-9999,    9
 18943,100810,20200705,-9999,    9
 18943,100810,20200706,-9999,    9
 18943,100810,20200707,-9999,    9
 18943,100810,20200708,-9999,    9
 18943,100810,20200709,-9999,    9
 18943,100810,20200710,-9999,    9
 18943,100810,20200711,-9999,    9
 18943,100810,20200712,-9999,    9
 18943,100810,20200713,-9999,    9
 18943,100810,20200714,-9999,    9
 18943,100810,20200715,-9999,    9
 18943,100810,20200716,-9999,    9
 18943,100810,20200717,-9999,    9
 18943,100810,20200718,-9999,    9
 18943,100810,20200719,-9999,    9
 18943,100810,20200720,-9999,    9
 18943,100810,20200721,-9999,    9
 18943,100810,20200722,-9999,    9
 18943,100810,20200723,-9999,    9
 18943,100810,20200724,-9999,    9
 18943,100810,20200725,-9999,    9
 18943,100810,20200726,-9999,    9
 18943,100810,20200727,-9999,    9
 18943,100810,20200728,-9999,    9
 18943,100810,20200729,-9999,    9
 18943,100810,20200730,-9999,    9
 18943,100810,20200731,-9999,    9
 18943,100810,20200801,-9999,    9
 18943,100810,20200802,-9999,    9
 18943,100810,20200803,-9999,    9
 18943,100810,20200804,-9999,    9
 18943,100810,20200805,-9999,    9
 18943,100810,20200806,-9999,    9
 18943,100810,20200807,-9999,    9
 18943,100810,20200808,-9999,    9
 18943,100810,20200809,-9999,    9
 18943,100810,20200810,-9999,    9
 18943,100810,20200811,-9999,    9
 18943,100810,20200812,-9999,    9
 18943,100810,20200813,-9999,    9
 18943,100810,20200814,-9999,    9
 18943,100810,20200815,-9999,    9
 18943,100810,20200816,-9999,    9
 18943,100810,20200817,-9999,    9
 18943,100810,20200818,-9999,    9
 18943,100810,20200819,-9999,    9
 18943,100810,20200820,-9999,    9
 18943,100810,20200821,-9999,    9
 18943,100810,20200822,-9999,    9
 18943,100810,20200823,-9999,    9
 18943,100810,20200824,-9999,    9
 18943,100810,20200825,-9999,    9
 18943,100810,20200826,-9999,    9
 18943,100810,20200827,-9999,    9
 18943,100810,20200828,-9999,    9
 18943,100810,20200829,-9999,    9
 18943,100810,20200830,-9999,    9
 18943,100810,20200831,-9999,    9
 18943,100810,20200901,-9999,    9
 18943,100810,20200902,-9999,    9
 18943,100810,20200903,-9999,    9
 18943,100810,20200904,-9999,    9
 18943,100810,20200905,-9999,    9
 18943,100810,20200906,-9999,    9
 18943,100810,20200907,-9999,    9
 18943,100810,20200908,-9999,    9
 18943,100810,20200909,-9999,    9
 18943,100810,20200910,-9999,    9
 18943,100810,20200911,-9999,    9
 18943,100810,20200912,-9999,    9
 18943,100810,20200913,-9999,    9
 18943,100810,20200914,-9999,    9
 18943,100810,20200915,-9999,    9
 18943,100810,20200916,-9999,    9
 18943,100810,20200917,-9999,    9
 18943,100810,20200918,-9999,    9
 18943,100810,20200919,-9999,    9
 18943,100810,20200920,-9999,    9
 18943,100810,20200921,-9999,    9
 18943,100810,20200922,-9999,    9
 18943,100810,20200923,-9999,    9
 18943,100810,20200924,-9999,    9
 18943,100810,20200925,-9999,    9
 18943,100810,20200926,-9999,    9
 18943,100810,20200927,-9999,    9
 18943,100810,20200928,-9999,    9
 18943,100810,20200929,-9999,    9
 18943,100810,20200930,-9999,    9
 18943,100810,20201001,-9999,    9
 18943,100810,20201002,-9999,    9
 18943,100810,20201003,-9999,    9
 18943,100810,20201004,-9999,    9
 18943,100810,20201005,-9999,    9
 18943,100810,20201006,-9999,    9
 18943,100810,20201007,-9999,    9
 18943,100810,20201008,-9999,    9
 18943,100810,20201009,-9999,    9
 18943,100810,20201010,-9999,    9
 18943,100810,20201011,-9999,    9
 18943,100810,20201012,-9999,    9
 18943,100810,20201013,-9999,    9
 18943,100810,20201014,-9999,    9
 18943,100810,20201015,-9999,    9
 18943,100810,20201016,-9999,    9
 18943,100810,20201017,-9999,    9
 18943,100810,20201018,-9999,    9
 18943,100810,20201019,-9999,    9
 18943,100810,20201020,-9999,    9
 18943,100810,20201021,-9999,    9
 18943,100810,20201022,-9999,    9
 18943,100810,20201023,-9999,    9
 18943,100810,20201024,-9999,    9
 18943,100810,20201025,-9999,    9
 18943,100810,20201026,-9999,    9
 18943,100810,20201027,-9999,    9
 18943,100810,20201028,-9999,    9
 18943,100810,20201029,-9999,    9
 18943,100810,20201030,-9999,    9
 18943,100810,20201031,-9999,    9
 18943,100810,20201101,-9999,    9
 18943,100810,20201102,-9999,    9
 18943,100810,20201103,-9999,    9
 18943,100810,20201104,-9999,    9
 18943,100810,20201105,-9999,    9
 18943,100810,20201106,-9999,    9
 18943,100810,20201107,-9999,    9
 18943,100810,20201108,-9999,    9
 18943,100810,20201109,-9999,    9
 18943,100810,20201110,-9999,    9
 18943,100810,20201111,-9999,    9
 18943,100810,20201112,-9999,    9
 18943,100810,20201113,-9999,    9
 18943,100810,20201114,-9999,    9
 18943,100810,20201115,-9999,    9
 18943,100810,20201116,-9999,    9
 18943,100810,20201117,-9999,    9
 18943,100810,20201118,-9999,    9
 18943,100810,20201119,-9999,    9
 18943,100810,20201120,-9999,    9
 18943,100810,20201121,-9999,    9
 18943,100810,20201122,-9999,    9
 18943,100810,20201123,-9999,    9
 18943,100810,20201124,-9999,    9
 18943,100810,20201125,-9999,    9
 18943,100810,20201126,-9999,    9
 18943,100810,20201127,-9999,    9
 18943,100810,20201128,-9999,    9
 18943,100810,20201129,-9999,    9
 18943,100810,20201130,-9999,    9
 18943,100810,20201201,-9999,    9
 18943,100810,20201202,-9999,    9
 18943,100810,20201203,-9999,    9
 18943,100810,20201204,-9999,    9
 18943,100810,20201205,-9999,    9
 18943,100810,20201206,-9999,    9
 18943,100810,20201207,-9999,    9
 18943,100810,20201208,-9999,    9
 18943,100810,20201209,-9999,    9
 18943,100810,20201210,-9999,    9
 18943,100810,20201211,-9999,    9
 18943,100810,20201212,-9999,    9
 18943,100810,20201213,-9999,    9
 18943,100810,20201214,-9999,    9
 18943,100810,20201215,-9999,    9
 18943,100810,20201216,-9999,    9
 18943,100810,20201217,-9999,    9
 18943,100810,20201218,-9999,    9
 18943,100810,20201219,-9999,    9
 18943,100810,20201220,-9999,    9
 18943,100810,20201221,-9999,    9
 18943,100810,20201222,-9999,    9
 18943,100810,20201223,-9999,    9
 18943,100810,20201224,-9999,    9
 18943,100810,20201225,-9999,    9
 18943,100810,20201226,-9999,    9
 18943,100810,20201227,-9999,    9
 18943,100810,20201228,-9999,    9
 18943,100810,20201229,-9999,    9
 18943,100810,20201230,-9999,    9
 18943,100810,20201231,-9999,    9
 18943,100810,20210101,-9999,    9
 18943,100810,20210102,-9999,    9
 18943,100810,20210103,-9999,    9
 18943,100810,20210104,-9999,    9
 18943,100810,20210105,-9999,    9
 18943,100810,20210106,-9999,    9
 18943,100810,20210107,-9999,    9
 18943,100810,20210108,-9999,    9
 18943,100810,20210109,-9999,    9
 18943,100810,20210110,-9999,    9
 18943,100810,20210111,-9999,    9
 18943,100810,20210112,-9999,    9
 18943,100810,20210113,-9999,    9
 18943,100810,20210114,-9999,    9
 18943,100810,20210115,-9999,    9
 18943,100810,20210116,-9999,    9
 18943,100810,20210117,-9999,    9
 18943,100810,20210118,-9999,    9
 18943,100810,20210119,-9999,    9
 18943,100810,20210120,-9999,    9
 18943,100810,20210121,-9999,    9
 18943,100810,20210122,-9999,    9
 18943,100810,20210123,-9999,    9
 18943,100810,20210124,-9999,    9
 18943,100810,20210125,-9999,    9
 18943,100810,20210126,-9999,    9
 18943,100810,20210127,-9999,    9
 18943,100810,20210128,-9999,    9
 18943,100810,20210129,-9999,    9
 18943,100810,20210130,-9999,    9
 18943,100810,20210131,-9999,    9
 18943,100810,20210201,-9999,    9
 18943,100810,20210202,-9999,    9
 18943,100810,20210203,-9999,    9
 18943,100810,20210204,-9999,    9
 18943,100810,20210205,-9999,    9
 18943,100810,20210206,-9999,    9
 18943,100810,20210207,-9999,    9
 18943,100810,20210208,-9999,    9
 18943,100810,20210209,-9999,    9
 18943,100810,20210210,-9999,    9
 18943,100810,20210211,-9999,    9
 18943,100810,20210212,-9999,    9
 18943,100810,20210213,-9999,    9
 18943,100810,20210214,-9999,    9
 18943,100810,20210215,-9999,    9
 18943,100810,20210216,-9999,    9
 18943,100810,20210217,-9999,    9
 18943,100810,20210218,-9999,    9
 18943,100810,20210219,-9999,    9
 18943,100810,20210220,-9999,    9
 18943,100810,20210221,-9999,    9
 18943,100810,20210222,-9999,    9
 18943,100810,20210223,-9999,    9
 18943,100810,20210224,-9999,    9
 18943,100810,20210225,-9999,    9
 18943,100810,20210226,-9999,    9
 18943,100810,20210227,-9999,    9
 18943,100810,20210228,-9999,    9
 18943,100810,20210301,-9999,    9
 18943,100810,20210302,-9999,    9
 18943,100810,20210303,-9999,    9
 18943,100810,20210304,-9999,    9
 18943,100810,20210305,-9999,    9
 18943,100810,20210306,-9999,    9
 18943,100810,20210307,-9999,    9
 18943,100810,20210308,-9999,    9
 18943,100810,20210309,-9999,    9
 18943,100810,20210310,-9999,    9
 18943,100810,20210311,-9999,    9
 18943,100810,20210312,-9999,    9
 18943,100810,20210313,-9999,    9
 18943,100810,20210314,-9999,    9
 18943,100810,20210315,-9999,    9
 18943,100810,20210316,-9999,    9
 18943,100810,20210317,-9999,    9
 18943,100810,20210318,-9999,    9
 18943,100810,20210319,-9999,    9
 18943,100810,20210320,-9999,    9
 18943,100810,20210321,-9999,    9
 18943,100810,20210322,-9999,    9
 18943,100810,20210323,-9999,    9
 18943,100810,20210324,-9999,    9
 18943,100810,20210325,-9999,    9
 18943,100810,20210326,-9999,    9
 18943,100810,20210327,-9999,    9
 18943,100810,20210328,-9999,    9
 18943,100810,20210329,-9999,    9
 18943,100810,20210330,-9999,    9
 18943,100810,20210331,-9999,    9
 18943,100810,20210401,-9999,    9
 18943,100810,20210402,-9999,    9
 18943,100810,20210403,-9999,    9
 18943,100810,20210404,-9999,    9
 18943,100810,20210405,-9999,    9
 18943,100810,20210406,-9999,    9
 18943,100810,20210407,-9999,    9
 18943,100810,20210408,-9999,    9
 18943,100810,20210409,-9999,    9
 18943,100810,20210410,-9999,    9
 18943,100810,20210411,-9999,    9
 18943,100810,20210412,-9999,    9
 18943,100810,20210413,-9999,    9
 18943,100810,20210414,-9999,    9
 18943,100810,20210415,-9999,    9
 18943,100810,20210416,-9999,    9
 18943,100810,20210417,-9999,    9
 18943,100810,20210418,-9999,    9
 18943,100810,20210419,-9999,    9
 18943,100810,20210420,-9999,    9
 18943,100810,20210421,-9999,    9
 18943,100810,20210422,-9999,    9
 18943,100810,20210423,-9999,    9
 18943,100810,20210424,-9999,    9
 18943,100810,20210425,-9999,    9
 18943,100810,20210426,-9999,    9
 18943,100810,20210427,-9999,    9
 18943,100810,20210428,-9999,    9
 18943,100810,20210429,-9999,    9
 18943,100810,20210430,-9999,    9
 18943,100810,20210501,-9999,    9
 18943,100810,20210502,-9999,    9
 18943,100810,20210503,-9999,    9
 18943,100810,20210504,-9999,    9
 18943,100810,20210505,-9999,    9
 18943,100810,20210506,-9999,    9
 18943,100810,20210507,-9999,    9
 18943,100810,20210508,-9999,    9
 18943,100810,20210509,-9999,    9
 18943,100810,20210510,-9999,    9
 18943,100810,20210511,-9999,    9
 18943,100810,20210512,-9999,    9
 18943,100810,20210513,-9999,    9
 18943,100810,20210514,-9999,    9
 18943,100810,20210515,-9999,    9
 18943,100810,20210516,-9999,    9
 18943,100810,20210517,-9999,    9
 18943,100810,20210518,-9999,    9
 18943,100810,20210519,-9999,    9
 18943,100810,20210520,-9999,    9
 18943,100810,20210521,-9999,    9
 18943,100810,20210522,-9999,    9
 18943,100810,20210523,-9999,    9
 18943,100810,20210524,-9999,    9
 18943,100810,20210525,-9999,    9
 18943,100810,20210526,-9999,    9
 18943,100810,20210527,-9999,    9
 18943,100810,20210528,-9999,    9
 18943,100810,20210529,-9999,    9
 18943,100810,20210530,-9999,    9
 18943,100810,20210531,-9999,    9
 18943,100810,20210601,-9999,    9
 18943,100810,20210602,-9999,    9
 18943,100810,20210603,-9999,    9
 18943,100810,20210604,-9999,    9
 18943,100810,20210605,-9999,    9
 18943,100810,20210606,-9999,    9
 18943,100810,20210607,-9999,    9
 18943,100810,20210608,-9999,    9
 18943,100810,20210609,-9999,    9
 18943,100810,20210610,-9999,    9
 18943,100810,20210611,-9999,    9
 18943,100810,20210612,-9999,    9
 18943,100810,20210613,-9999,    9
 18943,100810,20210614,-9999,    9
 18943,100810,20210615,-9999,    9
 18943,100810,20210616,-9999,    9
 18943,100810,20210617,-9999,    9
 18943,100810,20210618,-9999,    9
 18943,100810,20210619,-9999,    9
 18943,100810,20210620,-9999,    9
 18943,100810,20210621,-9999,    9
 18943,100810,20210622,-9999,    9
 18943,100810,20210623,-9999,    9
 18943,100810,20210624,-9999,    9
 18943,100810,20210625,-9999,    9
 18943,100810,20210626,-9999,    9
 18943,100810,20210627,-9999,    9
 18943,100810,20210628,-9999,    9
 18943,100810,20210629,-9999,    9
 18943,100810,20210630,-9999,    9
 18943,100810,20210701,-9999,    9
 18943,100810,20210702,-9999,    9
 18943,100810,20210703,-9999,    9
 18943,100810,20210704,-9999,    9
 18943,100810,20210705,-9999,    9
 18943,100810,20210706,-9999,    9
 18943,100810,20210707,-9999,    9
 18943,100810,20210708,-9999,    9
 18943,100810,20210709,-9999,    9
 18943,100810,20210710,-9999,    9
 18943,100810,20210711,-9999,    9
 18943,100810,20210712,-9999,    9
 18943,100810,20210713,-9999,    9
 18943,100810,20210714,-9999,    9
 18943,100810,20210715,-9999,    9
 18943,100810,20210716,-9999,    9
 18943,100810,20210717,-9999,    9
 18943,100810,20210718,-9999,    9
 18943,100810,20210719,-9999,    9
 18943,100810,20210720,-9999,    9
 18943,100810,20210721,-9999,    9
 18943,100810,20210722,-9999,    9
 18943,100810,20210723,-9999,    9
 18943,100810,20210724,-9999,    9
 18943,100810,20210725,-9999,    9
 18943,100810,20210726,-9999,    9
 18943,100810,20210727,-9999,    9
 18943,100810,20210728,-9999,    9
 18943,100810,20210729,-9999,    9
 18943,100810,20210730,-9999,    9
 18943,100810,20210731,-9999,    9
 18943,100810,20210801,-9999,    9
 18943,100810,20210802,-9999,    9
 18943,100810,20210803,-9999,    9
 18943,100810,20210804,-9999,    9
 18943,100810,20210805,-9999,    9
 18943,100810,20210806,-9999,    9
 18943,100810,20210807,-9999,    9
 18943,100810,20210808,-9999,    9
 18943,100810,20210809,-9999,    9
 18943,100810,20210810,-9999,    9
 18943,100810,20210811,-9999,    9
 18943,100810,20210812,-9999,    9
 18943,100810,20210813,-9999,    9
 18943,100810,20210814,-9999,    9
 18943,100810,20210815,-9999,    9
 18943,100810,20210816,-9999,    9
 18943,100810,20210817,-9999,    9
 18943,100810,20210818,-9999,    9
 18943,100810,20210819,-9999,    9
 18943,100810,20210820,-9999,    9
 18943,100810,20210821,-9999,    9
 18943,100810,20210822,-9999,    9
 18943,100810,20210823,-9999,    9
 18943,100810,20210824,-9999,    9
 18943,100810,20210825,-9999,    9
 18943,100810,20210826,-9999,    9
 18943,100810,20210827,-9999,    9
 18943,100810,20210828,-9999,    9
 18943,100810,20210829,-9999,    9
 18943,100810,20210830,-9999,    9
 18943,100810,20210831,-9999,    9
 18943,100810,20210901,-9999,    9
 18943,100810,20210902,-9999,    9
 18943,100810,20210903,-9999,    9
 18943,100810,20210904,-9999,    9
 18943,100810,20210905,-9999,    9
 18943,100810,20210906,-9999,    9
 18943,100810,20210907,-9999,    9
 18943,100810,20210908,-9999,    9
 18943,100810,20210909,-9999,    9
 18943,100810,20210910,-9999,    9
 18943,100810,20210911,-9999,    9
 18943,100810,20210912,-9999,    9
 18943,100810,20210913,-9999,    9
 18943,100810,20210914,-9999,    9
 18943,100810,20210915,-9999,    9
 18943,100810,20210916,-9999,    9
 18943,100810,20210917,-9999,    9
 18943,100810,20210918,-9999,    9
 18943,100810,20210919,-9999,    9
 18943,100810,20210920,-9999,    9
 18943,100810,20210921,-9999,    9
 18943,100810,20210922,-9999,    9
 18943,100810,20210923,-9999,    9
 18943,100810,20210924,-9999,    9
 18943,100810,20210925,-9999,    9
 18943,100810,20210926,-9999,    9
 18943,100810,20210927,-9999,    9
 18943,100810,20210928,-9999,    9
 18943,100810,20210929,-9999,    9
 18943,100810,20210930,-9999,    9
 18943,100810,20211001,-9999,    9
 18943,100810,20211002,-9999,    9
 18943,100810,20211003,-9999,    9
 18943,100810,20211004,-9999,    9
 18943,100810,20211005,-9999,    9
 18943,100810,20211006,-9999,    9
 18943,100810,20211007,-9999,    9
 18943,100810,20211008,-9999,    9
 18943,100810,20211009,-9999,    9
 18943,100810,20211010,-9999,    9
 18943,100810,20211011,-9999,    9
 18943,100810,20211012,-9999,    9
 18943,100810,20211013,-9999,    9
 18943,100810,20211014,-9999,    9
 18943,100810,20211015,-9999,    9
 18943,100810,20211016,-9999,    9
 18943,100810,20211017,-9999,    9
 18943,100810,20211018,-9999,    9
 18943,100810,20211019,-9999,    9
 18943,100810,20211020,-9999,    9
 18943,100810,20211021,-9999,    9
 18943,100810,20211022,-9999,    9
 18943,100810,20211023,-9999,    9
 18943,100810,20211024,-9999,    9
 18943,100810,20211025,-9999,    9
 18943,100810,20211026,-9999,    9
 18943,100810,20211027,-9999,    9
 18943,100810,20211028,-9999,    9
 18943,100810,20211029,-9999,    9
 18943,100810,20211030,-9999,    9
 18943,100810,20211031,-9999,    9
 18943,100810,20211101,-9999,    9
 18943,100810,20211102,-9999,    9
 18943,100810,20211103,-9999,    9
 18943,100810,20211104,-9999,    9
 18943,100810,20211105,-9999,    9
 18943,100810,20211106,-9999,    9
 18943,100810,20211107,-9999,    9
 18943,100810,20211108,-9999,    9
 18943,100810,20211109,-9999,    9
 18943,100810,20211110,-9999,    9
 18943,100810,20211111,-9999,    9
 18943,100810,20211112,-9999,    9
 18943,100810,20211113,-9999,    9
 18943,100810,20211114,-9999,    9
 18943,100810,20211115,-9999,    9
 18943,100810,20211116,-9999,    9
 18943,100810,20211117,-9999,    9
 18943,100810,20211118,-9999,    9
 18943,100810,20211119,-9999,    9
 18943,100810,20211120,-9999,    9
 18943,100810,20211121,-9999,    9
 18943,100810,20211122,-9999,    9
 18943,100810,20211123,-9999,    9
 18943,100810,20211124,-9999,    9
 18943,100810,20211125,-9999,    9
 18943,100810,20211126,-9999,    9
 18943,100810,20211127,-9999,    9
 18943,100810,20211128,-9999,    9
 18943,100810,20211129,-9999,    9
 18943,100810,20211130,-9999,    9
 18943,100810,20211201,-9999,    9
 18943,100810,20211202,-9999,    9
 18943,100810,20211203,-9999,    9
 18943,100810,20211204,-9999,    9
 18943,100810,20211205,-9999,    9
 18943,100810,20211206,-9999,    9
 18943,100810,20211207,-9999,    9
 18943,100810,20211208,-9999,    9
 18943,100810,20211209,-9999,    9
 18943,100810,20211210,-9999,    9
 18943,100810,20211211,-9999,    9
 18943,100810,20211212,-9999,    9
 18943,100810,20211213,-9999,    9
 18943,100810,20211214,-9999,    9
 18943,100810,20211215,-9999,    9
 18943,100810,20211216,-9999,    9
 18943,100810,20211217,-9999,    9
 18943,100810,20211218,-9999,    9
 18943,100810,20211219,-9999,    9
 18943,100810,20211220,-9999,    9
 18943,100810,20211221,-9999,    9
 18943,100810,20211222,-9999,    9
 18943,100810,20211223,-9999,    9
 18943,100810,20211224,-9999,    9
 18943,100810,20211225,-9999,    9
 18943,100810,20211226,-9999,    9
 18943,100810,20211227,-9999,    9
 18943,100810,20211228,-9999,    9
 18943,100810,20211229,-9999,    9
 18943,100810,20211230,-9999,    9
 18943,100810,20211231,-9999,    9
 18943,100810,20220101,-9999,    9
 18943,100810,20220102,-9999,    9
 18943,100810,20220103,-9999,    9
 18943,100810,20220104,-9999,    9
 18943,100810,20220105,-9999,    9
 18943,100810,20220106,-9999,    9
 18943,100810,20220107,-9999,    9
 18943,100810,20220108,-9999,    9
 18943,100810,20220109,-9999,    9
 18943,100810,20220110,-9999,    9
 18943,100810,20220111,-9999,    9
 18943,100810,20220112,-9999,    9
 18943,100810,20220113,-9999,    9
 18943,100810,20220114,-9999,    9
 18943,100810,20220115,-9999,    9
 18943,100810,20220116,-9999,    9
 18943,100810,20220117,-9999,    9
 18943,100810,20220118,-9999,    9
 18943,100810,20220119,-9999,    9
 18943,100810,20220120,-9999,    9
 18943,100810,20220121,-9999,    9
 18943,100810,20220122,-9999,    9
 18943,100810,20220123,-9999,    9
 18943,100810,20220124,-9999,    9
 18943,100810,20220125,-9999,    9
 18943,100810,20220126,-9999,    9
 18943,100810,20220127,-9999,    9
 18943,100810,20220128,-9999,    9
 18943,100810,20220129,-9999,    9
 18943,100810,20220130,-9999,    9
 18943,100810,20220131,-9999,    9
 18943,100810,20220201,-9999,    9
 18943,100810,20220202,-9999,    9
 18943,100810,20220203,-9999,    9
 18943,100810,20220204,-9999,    9
 18943,100810,20220205,-9999,    9
 18943,100810,20220206,-9999,    9
 18943,100810,20220207,-9999,    9
 18943,100810,20220208,-9999,    9
 18943,100810,20220209,-9999,    9
 18943,100810,20220210,-9999,    9
 18943,100810,20220211,-9999,    9
 18943,100810,20220212,-9999,    9
 18943,100810,20220213,-9999,    9
 18943,100810,20220214,-9999,    9
 18943,100810,20220215,-9999,    9
 18943,100810,20220216,-9999,    9
 18943,100810,20220217,-9999,    9
 18943,100810,20220218,-9999,    9
 18943,100810,20220219,-9999,    9
 18943,100810,20220220,-9999,    9
 18943,100810,20220221,-9999,    9
 18943,100810,20220222,-9999,    9
 18943,100810,20220223,-9999,    9
 18943,100810,20220224,-9999,    9
 18943,100810,20220225,-9999,    9
 18943,100810,20220226,-9999,    9
 18943,100810,20220227,-9999,    9
 18943,100810,20220228,-9999,    9
 18943,100810,20220301,-9999,    9
 18943,100810,20220302,-9999,    9
 18943,100810,20220303,-9999,    9
 18943,100810,20220304,-9999,    9
 18943,100810,20220305,-9999,    9
 18943,100810,20220306,-9999,    9
 18943,100810,20220307,-9999,    9
 18943,100810,20220308,-9999,    9
 18943,100810,20220309,-9999,    9
 18943,100810,20220310,-9999,    9
 18943,100810,20220311,-9999,    9
 18943,100810,20220312,-9999,    9
 18943,100810,20220313,-9999,    9
 18943,100810,20220314,-9999,    9
 18943,100810,20220315,-9999,    9
 18943,100810,20220316,-9999,    9
 18943,100810,20220317,-9999,    9
 18943,100810,20220318,-9999,    9
 18943,100810,20220319,-9999,    9
 18943,100810,20220320,-9999,    9
 18943,100810,20220321,-9999,    9
 18943,100810,20220322,-9999,    9
 18943,100810,20220323,-9999,    9
 18943,100810,20220324,-9999,    9
 18943,100810,20220325,-9999,    9
 18943,100810,20220326,-9999,    9
 18943,100810,20220327,-9999,    9
 18943,100810,20220328,-9999,    9
 18943,100810,20220329,-9999,    9
 18943,100810,20220330,-9999,    9
 18943,100810,20220331,-9999,    9
 18943,100810,20220401,-9999,    9
 18943,100810,20220402,-9999,    9
 18943,100810,20220403,-9999,    9
 18943,100810,20220404,-9999,    9
 18943,100810,20220405,-9999,    9
 18943,100810,20220406,-9999,    9
 18943,100810,20220407,-9999,    9
 18943,100810,20220408,-9999,    9
 18943,100810,20220409,-9999,    9
 18943,100810,20220410,-9999,    9
 18943,100810,20220411,-9999,    9
 18943,100810,20220412,-9999,    9
 18943,100810,20220413,-9999,    9
 18943,100810,20220414,-9999,    9
 18943,100810,20220415,-9999,    9
 18943,100810,20220416,-9999,    9
 18943,100810,20220417,-9999,    9
 18943,100810,20220418,-9999,    9
 18943,100810,20220419,-9999,    9
 18943,100810,20220420,-9999,    9
 18943,100810,20220421,-9999,    9
 18943,100810,20220422,-9999,    9
 18943,100810,20220423,-9999,    9
 18943,100810,20220424,-9999,    9
 18943,100810,20220425,-9999,    9
 18943,100810,20220426,-9999,    9
 18943,100810,20220427,-9999,    9
 18943,100810,20220428,-9999,    9
 18943,100810,20220429,-9999,    9
 18943,100810,20220430,-9999,    9
 18943,100810,20220501,-9999,    9
 18943,100810,20220502,-9999,    9
 18943,100810,20220503,-9999,    9
 18943,100810,20220504,-9999,    9
 18943,100810,20220505,-9999,    9
 18943,100810,20220506,-9999,    9
 18943,100810,20220507,-9999,    9
 18943,100810,20220508,-9999,    9
 18943,100810,20220509,-9999,    9
 18943,100810,20220510,-9999,    9
 18943,100810,20220511,-9999,    9
 18943,100810,20220512,-9999,    9
 18943,100810,20220513,-9999,    9
 18943,100810,20220514,-9999,    9
 18943,100810,20220515,-9999,    9
 18943,100810,20220516,-9999,    9
 18943,100810,20220517,-9999,    9
 18943,100810,20220518,-9999,    9
 18943,100810,20220519,-9999,    9
 18943,100810,20220520,-9999,    9
 18943,100810,20220521,-9999,    9
 18943,100810,20220522,-9999,    9
 18943,100810,20220523,-9999,    9
 18943,100810,20220524,-9999,    9
 18943,100810,20220525,-9999,    9
 18943,100810,20220526,-9999,    9
 18943,100810,20220527,-9999,    9
 18943,100810,20220528,-9999,    9
 18943,100810,20220529,-9999,    9
 18943,100810,20220530,-9999,    9
 18943,100810,20220531,-9999,    9
 18943,100810,20220601,-9999,    9
 18943,100810,20220602,-9999,    9
 18943,100810,20220603,-9999,    9
 18943,100810,20220604,-9999,    9
 18943,100810,20220605,-9999,    9
 18943,100810,20220606,-9999,    9
 18943,100810,20220607,-9999,    9
 18943,100810,20220608,-9999,    9
 18943,100810,20220609,-9999,    9
 18943,100810,20220610,-9999,    9
 18943,100810,20220611,-9999,    9
 18943,100810,20220612,-9999,    9
 18943,100810,20220613,-9999,    9
 18943,100810,20220614,-9999,    9
 18943,100810,20220615,-9999,    9
 18943,100810,20220616,-9999,    9
 18943,100810,20220617,-9999,    9
 18943,100810,20220618,-9999,    9
 18943,100810,20220619,-9999,    9
 18943,100810,20220620,-9999,    9
 18943,100810,20220621,-9999,    9
 18943,100810,20220622,-9999,    9
 18943,100810,20220623,-9999,    9
 18943,100810,20220624,-9999,    9
 18943,100810,20220625,-9999,    9
 18943,100810,20220626,-9999,    9
 18943,100810,20220627,-9999,    9
 18943,100810,20220628,-9999,    9
 18943,100810,20220629,-9999,    9
 18943,100810,20220630,-9999,    9
 18943,100810,20220701,-9999,    9
 18943,100810,20220702,-9999,    9
 18943,100810,20220703,-9999,    9
 18943,100810,20220704,-9999,    9
 18943,100810,20220705,-9999,    9
 18943,100810,20220706,-9999,    9
 18943,100810,20220707,-9999,    9
 18943,100810,20220708,-9999,    9
 18943,100810,20220709,-9999,    9
 18943,100810,20220710,-9999,    9
 18943,100810,20220711,-9999,    9
 18943,100810,20220712,-9999,    9
 18943,100810,20220713,-9999,    9
 18943,100810,20220714,-9999,    9
 18943,100810,20220715,-9999,    9
 18943,100810,20220716,-9999,    9
 18943,100810,20220717,-9999,    9
 18943,100810,20220718,-9999,    9
 18943,100810,20220719,-9999,    9
 18943,100810,20220720,-9999,    9
 18943,100810,20220721,-9999,    9
 18943,100810,20220722,-9999,    9
 18943,100810,20220723,-9999,    9
 18943,100810,20220724,-9999,    9
 18943,100810,20220725,-9999,    9
 18943,100810,20220726,-9999,    9
 18943,100810,20220727,-9999,    9
 18943,100810,20220728,-9999,    9
 18943,100810,20220729,-9999,    9
 18943,100810,20220730,-9999,    9
 18943,100810,20220731,-9999,    9
 18943,100810,20220801,-9999,    9
 18943,100810,20220802,-9999,    9
 18943,100810,20220803,-9999,    9
 18943,100810,20220804,-9999,    9
 18943,100810,20220805,-9999,    9
 18943,100810,20220806,-9999,    9
 18943,100810,20220807,-9999,    9
 18943,100810,20220808,-9999,    9
 18943,100810,20220809,-9999,    9
 18943,100810,20220810,-9999,    9
 18943,100810,20220811,-9999,    9
 18943,100810,20220812,-9999,    9
 18943,100810,20220813,-9999,    9
 18943,100810,20220814,-9999,    9
 18943,100810,20220815,-9999,    9
 18943,100810,20220816,-9999,    9
 18943,100810,20220817,-9999,    9
 18943,100810,20220818,-9999,    9
 18943,100810,20220819,-9999,    9
 18943,100810,20220820,-9999,    9
 18943,100810,20220821,-9999,    9
 18943,100810,20220822,-9999,    9
 18943,100810,20220823,-9999,    9
 18943,100810,20220824,-9999,    9
 18943,100810,20220825,-9999,    9
 18943,100810,20220826,-9999,    9
 18943,100810,20220827,-9999,    9
 18943,100810,20220828,-9999,    9
 18943,100810,20220829,-9999,    9
 18943,100810,20220830,-9999,    9
 18943,100810,20220831,-9999,    9
 18943,100810,20220901,-9999,    9
 18943,100810,20220902,-9999,    9
 18943,100810,20220903,-9999,    9
 18943,100810,20220904,-9999,    9
 18943,100810,20220905,-9999,    9
 18943,100810,20220906,-9999,    9
 18943,100810,20220907,-9999,    9
 18943,100810,20220908,-9999,    9
 18943,100810,20220909,-9999,    9
 18943,100810,20220910,-9999,    9
 18943,100810,20220911,-9999,    9
 18943,100810,20220912,-9999,    9
 18943,100810,20220913,-9999,    9
 18943,100810,20220914,-9999,    9
 18943,100810,20220915,-9999,    9
 18943,100810,20220916,-9999,    9
 18943,100810,20220917,-9999,    9
 18943,100810,20220918,-9999,    9
 18943,100810,20220919,-9999,    9
 18943,100810,20220920,-9999,    9
 18943,100810,20220921,-9999,    9
 18943,100810,20220922,-9999,    9
 18943,100810,20220923,-9999,    9
 18943,100810,20220924,-9999,    9
 18943,100810,20220925,-9999,    9
 18943,100810,20220926,-9999,    9
 18943,100810,20220927,-9999,    9
 18943,100810,20220928,-9999,    9
 18943,100810,20220929,-9999,    9
 18943,100810,20220930,-9999,    9
 18943,100810,20221001,-9999,    9
 18943,100810,20221002,-9999,    9
 18943,100810,20221003,-9999,    9
 18943,100810,20221004,-9999,    9
 18943,100810,20221005,-9999,    9
 18943,100810,20221006,-9999,    9
 18943,100810,20221007,-9999,    9
 18943,100810,20221008,-9999,    9
 18943,100810,20221009,-9999,    9
 18943,100810,20221010,-9999,    9
 18943,100810,20221011,-9999,    9
 18943,100810,20221012,-9999,    9
 18943,100810,20221013,-9999,    9
 18943,100810,20221014,-9999,    9
 18943,100810,20221015,-9999,    9
 18943,100810,20221016,-9999,    9
 18943,100810,20221017,-9999,    9
 18943,100810,20221018,-9999,    9
 18943,100810,20221019,-9999,    9
 18943,100810,20221020,-9999,    9
 18943,100810,20221021,-9999,    9
 18943,100810,20221022,-9999,    9
 18943,100810,20221023,-9999,    9
 18943,100810,20221024,-9999,    9
 18943,100810,20221025,-9999,    9
 18943,100810,20221026,-9999,    9
 18943,100810,20221027,-9999,    9
 18943,100810,20221028,-9999,    9
 18943,100810,20221029,-9999,    9
 18943,100810,20221030,-9999,    9
 18943,100810,20221031,-9999,    9
