EUROPEAN CLIMATE ASSESSMENT & DATASET (ECA&D), file created on: 16-11-2022
THESE DATA CAN BE USED FOR NON-COMMERCIAL RESEARCH AND EDUCATION PROVIDED THAT THE FOLLOWING SOURCE IS ACKNOWLEDGED: 

Klein Tank, A.M.G. and Coauthors, 2002. Daily dataset of 20th-century surface
air temperature and precipitation series for the European Climate Assessment.
Int. J. of Climatol., 22, 1441-1453.
Data and metadata available at http://www.ecad.eu

FILE FORMAT (MISSING VALUE CODE = -9999):

01-06 STAID: Station identifier
08-13 SOUID: Source identifier
15-22 DATE : Date YYYYMMDD
24-28 TG   : Mean temperature in 0.1 &#176;C
30-34 Q_TG : quality code for TG (0='valid'; 1='suspect'; 9='missing')

This is the blended series of station FV714 HITRA, NORWAY (STAID: 18712)
Blended and updated with sources:99727 
See files sources.txt and stations.txt for more info.

STAID, SOUID,    DATE,   TG, Q_TG
 18712, 99727,20150901,-9999,    9
 18712, 99727,20150902,-9999,    9
 18712, 99727,20150903,-9999,    9
 18712, 99727,20150904,-9999,    9
 18712, 99727,20150905,-9999,    9
 18712, 99727,20150906,-9999,    9
 18712, 99727,20150907,-9999,    9
 18712, 99727,20150908,-9999,    9
 18712, 99727,20150909,-9999,    9
 18712, 99727,20150910,-9999,    9
 18712, 99727,20150911,-9999,    9
 18712, 99727,20150912,-9999,    9
 18712, 99727,20150913,-9999,    9
 18712, 99727,20150914,-9999,    9
 18712, 99727,20150915,-9999,    9
 18712, 99727,20150916,-9999,    9
 18712, 99727,20150917,   86,    0
 18712, 99727,20150918,  105,    0
 18712, 99727,20150919,   98,    0
 18712, 99727,20150920,   84,    0
 18712, 99727,20150921,   77,    0
 18712, 99727,20150922,   86,    0
 18712, 99727,20150923,   94,    0
 18712, 99727,20150924,  110,    0
 18712, 99727,20150925,   93,    0
 18712, 99727,20150926,   84,    0
 18712, 99727,20150927,   93,    0
 18712, 99727,20150928,  101,    0
 18712, 99727,20150929,-9999,    9
 18712, 99727,20150930,-9999,    9
 18712, 99727,20151001,-9999,    9
 18712, 99727,20151002,-9999,    9
 18712, 99727,20151003,   83,    0
 18712, 99727,20151004,   54,    0
 18712, 99727,20151005,   66,    0
 18712, 99727,20151006,   89,    0
 18712, 99727,20151007,-9999,    9
 18712, 99727,20151008,-9999,    9
 18712, 99727,20151009,   76,    0
 18712, 99727,20151010,   82,    0
 18712, 99727,20151011,   62,    0
 18712, 99727,20151012,   72,    0
 18712, 99727,20151013,   70,    0
 18712, 99727,20151014,   67,    0
 18712, 99727,20151015,   85,    0
 18712, 99727,20151016,   95,    0
 18712, 99727,20151017,   91,    0
 18712, 99727,20151018,   76,    0
 18712, 99727,20151019,   68,    0
 18712, 99727,20151020,   58,    0
 18712, 99727,20151021,   74,    0
 18712, 99727,20151022,   90,    0
 18712, 99727,20151023,-9999,    9
 18712, 99727,20151024,-9999,    9
 18712, 99727,20151025,   49,    0
 18712, 99727,20151026,   70,    0
 18712, 99727,20151027,   31,    0
 18712, 99727,20151028,   12,    0
 18712, 99727,20151029,-9999,    9
 18712, 99727,20151030,-9999,    9
 18712, 99727,20151031,  101,    0
 18712, 99727,20151101,   97,    0
 18712, 99727,20151102,  107,    0
 18712, 99727,20151103,   99,    0
 18712, 99727,20151104,   49,    0
 18712, 99727,20151105,-9999,    9
 18712, 99727,20151106,-9999,    9
 18712, 99727,20151107,   67,    0
 18712, 99727,20151108,   62,    0
 18712, 99727,20151109,   71,    0
 18712, 99727,20151110,   53,    0
 18712, 99727,20151111,-9999,    9
 18712, 99727,20151112,   34,    0
 18712, 99727,20151113,   38,    0
 18712, 99727,20151114,   29,    0
 18712, 99727,20151115,   19,    0
 18712, 99727,20151116,   36,    0
 18712, 99727,20151117,  -13,    0
 18712, 99727,20151118,   -5,    0
 18712, 99727,20151119,    1,    0
 18712, 99727,20151120,   -7,    0
 18712, 99727,20151121,-9999,    9
 18712, 99727,20151122,  -16,    0
 18712, 99727,20151123,   24,    0
 18712, 99727,20151124,   19,    0
 18712, 99727,20151125,   18,    0
 18712, 99727,20151126,   38,    0
 18712, 99727,20151127,-9999,    9
 18712, 99727,20151128,-9999,    9
 18712, 99727,20151129,  -24,    0
 18712, 99727,20151130,   -9,    0
 18712, 99727,20151201,   10,    0
 18712, 99727,20151202,   31,    0
 18712, 99727,20151203,-9999,    9
 18712, 99727,20151204,-9999,    9
 18712, 99727,20151205,   38,    0
 18712, 99727,20151206,   30,    0
 18712, 99727,20151207,   16,    0
 18712, 99727,20151208,   49,    0
 18712, 99727,20151209,   27,    0
 18712, 99727,20151210,   41,    0
 18712, 99727,20151211,   24,    0
 18712, 99727,20151212,   10,    0
 18712, 99727,20151213,  -11,    0
 18712, 99727,20151214,  -17,    0
 18712, 99727,20151215,   21,    0
 18712, 99727,20151216,   -1,    0
 18712, 99727,20151217,   32,    0
 18712, 99727,20151218,   54,    0
 18712, 99727,20151219,   49,    0
 18712, 99727,20151220,-9999,    9
 18712, 99727,20151221,-9999,    9
 18712, 99727,20151222,-9999,    9
 18712, 99727,20151223,-9999,    9
 18712, 99727,20151224,   47,    0
 18712, 99727,20151225,   29,    0
 18712, 99727,20151226,  -29,    0
 18712, 99727,20151227,  -99,    0
 18712, 99727,20151228,  -70,    0
 18712, 99727,20151229,   40,    0
 18712, 99727,20151230,   64,    0
 18712, 99727,20151231,   63,    0
 18712, 99727,20160101,   36,    0
 18712, 99727,20160102,-9999,    9
 18712, 99727,20160103,-9999,    9
 18712, 99727,20160104,  -78,    0
 18712, 99727,20160105,  -55,    0
 18712, 99727,20160106,  -47,    0
 18712, 99727,20160107, -102,    0
 18712, 99727,20160108, -149,    0
 18712, 99727,20160109, -105,    0
 18712, 99727,20160110,  -59,    0
 18712, 99727,20160111,   -8,    0
 18712, 99727,20160112,  -38,    0
 18712, 99727,20160113,  -54,    0
 18712, 99727,20160114, -131,    0
 18712, 99727,20160115,-9999,    9
 18712, 99727,20160116,  -79,    0
 18712, 99727,20160117,  -21,    0
 18712, 99727,20160118,  -36,    0
 18712, 99727,20160119,  -32,    0
 18712, 99727,20160120,  -32,    0
 18712, 99727,20160121,  -46,    0
 18712, 99727,20160122,  -50,    0
 18712, 99727,20160123,    0,    0
 18712, 99727,20160124,-9999,    9
 18712, 99727,20160125,-9999,    9
 18712, 99727,20160126,-9999,    9
 18712, 99727,20160127,-9999,    9
 18712, 99727,20160128,-9999,    9
 18712, 99727,20160129,   33,    0
 18712, 99727,20160130,    7,    0
 18712, 99727,20160131,   -7,    0
 18712, 99727,20160201,    1,    0
 18712, 99727,20160202,  -25,    0
 18712, 99727,20160203,-9999,    9
 18712, 99727,20160204,-9999,    9
 18712, 99727,20160205,   -6,    0
 18712, 99727,20160206,   15,    0
 18712, 99727,20160207,-9999,    9
 18712, 99727,20160208,-9999,    9
 18712, 99727,20160209,-9999,    9
 18712, 99727,20160210,-9999,    9
 18712, 99727,20160211,-9999,    9
 18712, 99727,20160212,-9999,    9
 18712, 99727,20160213,-9999,    9
 18712, 99727,20160214,-9999,    9
 18712, 99727,20160215,-9999,    9
 18712, 99727,20160216,-9999,    9
 18712, 99727,20160217,-9999,    9
 18712, 99727,20160218,   -9,    0
 18712, 99727,20160219,  -23,    0
 18712, 99727,20160220,-9999,    9
 18712, 99727,20160221,-9999,    9
 18712, 99727,20160222,-9999,    9
 18712, 99727,20160223,-9999,    9
 18712, 99727,20160224,-9999,    9
 18712, 99727,20160225,-9999,    9
 18712, 99727,20160226,-9999,    9
 18712, 99727,20160227,-9999,    9
 18712, 99727,20160228,    0,    0
 18712, 99727,20160229,    2,    0
 18712, 99727,20160301,-9999,    9
 18712, 99727,20160302,-9999,    9
 18712, 99727,20160303,-9999,    9
 18712, 99727,20160304,-9999,    9
 18712, 99727,20160305,    3,    0
 18712, 99727,20160306,  -39,    0
 18712, 99727,20160307,-9999,    9
 18712, 99727,20160308,  -47,    0
 18712, 99727,20160309,  -35,    0
 18712, 99727,20160310,    7,    0
 18712, 99727,20160311,   -4,    0
 18712, 99727,20160312,   -3,    0
 18712, 99727,20160313,   37,    0
 18712, 99727,20160314,   51,    0
 18712, 99727,20160315,   44,    0
 18712, 99727,20160316,   42,    0
 18712, 99727,20160317,   38,    0
 18712, 99727,20160318,-9999,    9
 18712, 99727,20160319,   32,    0
 18712, 99727,20160320,   30,    0
 18712, 99727,20160321,   18,    0
 18712, 99727,20160322,   18,    0
 18712, 99727,20160323,-9999,    9
 18712, 99727,20160324,-9999,    9
 18712, 99727,20160325,-9999,    9
 18712, 99727,20160326,-9999,    9
 18712, 99727,20160327,-9999,    9
 18712, 99727,20160328,-9999,    9
 18712, 99727,20160329,-9999,    9
 18712, 99727,20160330,-9999,    9
 18712, 99727,20160331,-9999,    9
 18712, 99727,20160401,   11,    0
 18712, 99727,20160402,   43,    0
 18712, 99727,20160403,   53,    0
 18712, 99727,20160404,   53,    0
 18712, 99727,20160405,   44,    0
 18712, 99727,20160406,   32,    0
 18712, 99727,20160407,-9999,    9
 18712, 99727,20160408,-9999,    9
 18712, 99727,20160409,   23,    0
 18712, 99727,20160410,   14,    0
 18712, 99727,20160411,   22,    0
 18712, 99727,20160412,   24,    0
 18712, 99727,20160413,-9999,    9
 18712, 99727,20160414,    8,    0
 18712, 99727,20160415,   19,    0
 18712, 99727,20160416,   23,    0
 18712, 99727,20160417,   33,    0
 18712, 99727,20160418,   37,    0
 18712, 99727,20160419,   42,    0
 18712, 99727,20160420,   34,    0
 18712, 99727,20160421,   36,    0
 18712, 99727,20160422,   10,    0
 18712, 99727,20160423,-9999,    9
 18712, 99727,20160424,   -8,    0
 18712, 99727,20160425,   13,    0
 18712, 99727,20160426,   23,    0
 18712, 99727,20160427,   18,    0
 18712, 99727,20160428,-9999,    9
 18712, 99727,20160429,-9999,    9
 18712, 99727,20160430,   84,    0
 18712, 99727,20160501,   67,    0
 18712, 99727,20160502,-9999,    9
 18712, 99727,20160503,-9999,    9
 18712, 99727,20160504,-9999,    9
 18712, 99727,20160505,   98,    0
 18712, 99727,20160506,-9999,    9
 18712, 99727,20160507,-9999,    9
 18712, 99727,20160508,-9999,    9
 18712, 99727,20160509,-9999,    9
 18712, 99727,20160510,-9999,    9
 18712, 99727,20160511,-9999,    9
 18712, 99727,20160512,   39,    0
 18712, 99727,20160513,-9999,    9
 18712, 99727,20160514,   42,    0
 18712, 99727,20160515,-9999,    9
 18712, 99727,20160516,   52,    0
 18712, 99727,20160517,   40,    0
 18712, 99727,20160518,   35,    0
 18712, 99727,20160519,-9999,    9
 18712, 99727,20160520,-9999,    9
 18712, 99727,20160521,  112,    0
 18712, 99727,20160522,  120,    0
 18712, 99727,20160523,   71,    0
 18712, 99727,20160524,   71,    0
 18712, 99727,20160525,-9999,    9
 18712, 99727,20160526,-9999,    9
 18712, 99727,20160527,-9999,    9
 18712, 99727,20160528,-9999,    9
 18712, 99727,20160529,-9999,    9
 18712, 99727,20160530,-9999,    9
 18712, 99727,20160531,-9999,    9
 18712, 99727,20160601,-9999,    9
 18712, 99727,20160602,-9999,    9
 18712, 99727,20160603,-9999,    9
 18712, 99727,20160604,-9999,    9
 18712, 99727,20160605,-9999,    9
 18712, 99727,20160606,-9999,    9
 18712, 99727,20160607,   94,    0
 18712, 99727,20160608,-9999,    9
 18712, 99727,20160609,-9999,    9
 18712, 99727,20160610,-9999,    9
 18712, 99727,20160611,-9999,    9
 18712, 99727,20160612,-9999,    9
 18712, 99727,20160613,-9999,    9
 18712, 99727,20160614,-9999,    9
 18712, 99727,20160615,-9999,    9
 18712, 99727,20160616,-9999,    9
 18712, 99727,20160617,-9999,    9
 18712, 99727,20160618,-9999,    9
 18712, 99727,20160619,-9999,    9
 18712, 99727,20160620,-9999,    9
 18712, 99727,20160621,  120,    0
 18712, 99727,20160622,-9999,    9
 18712, 99727,20160623,-9999,    9
 18712, 99727,20160624,-9999,    9
 18712, 99727,20160625,-9999,    9
 18712, 99727,20160626,-9999,    9
 18712, 99727,20160627,  123,    0
 18712, 99727,20160628,  114,    0
 18712, 99727,20160629,-9999,    9
 18712, 99727,20160630,  164,    0
 18712, 99727,20160701,-9999,    9
 18712, 99727,20160702,-9999,    9
 18712, 99727,20160703,  114,    0
 18712, 99727,20160704,  127,    0
 18712, 99727,20160705,  112,    0
 18712, 99727,20160706,  102,    0
 18712, 99727,20160707,  105,    0
 18712, 99727,20160708,-9999,    9
 18712, 99727,20160709,-9999,    9
 18712, 99727,20160710,-9999,    9
 18712, 99727,20160711,  139,    0
 18712, 99727,20160712,-9999,    9
 18712, 99727,20160713,  114,    0
 18712, 99727,20160714,  108,    0
 18712, 99727,20160715,-9999,    9
 18712, 99727,20160716,-9999,    9
 18712, 99727,20160717,  118,    0
 18712, 99727,20160718,-9999,    9
 18712, 99727,20160719,-9999,    9
 18712, 99727,20160720,  147,    0
 18712, 99727,20160721,-9999,    9
 18712, 99727,20160722,-9999,    9
 18712, 99727,20160723,  146,    0
 18712, 99727,20160724,  154,    0
 18712, 99727,20160725,  180,    0
 18712, 99727,20160726,  133,    0
 18712, 99727,20160727,  149,    0
 18712, 99727,20160728,  139,    0
 18712, 99727,20160729,  148,    0
 18712, 99727,20160730,  131,    0
 18712, 99727,20160731,  126,    0
 18712, 99727,20160801,  126,    0
 18712, 99727,20160802,  121,    0
 18712, 99727,20160803,  127,    0
 18712, 99727,20160804,  144,    0
 18712, 99727,20160805,  136,    0
 18712, 99727,20160806,  118,    0
 18712, 99727,20160807,  128,    0
 18712, 99727,20160808,  141,    0
 18712, 99727,20160809,  105,    0
 18712, 99727,20160810,   71,    0
 18712, 99727,20160811,   71,    0
 18712, 99727,20160812,-9999,    9
 18712, 99727,20160813,  102,    0
 18712, 99727,20160814,   89,    0
 18712, 99727,20160815,-9999,    9
 18712, 99727,20160816,-9999,    9
 18712, 99727,20160817,  126,    0
 18712, 99727,20160818,  154,    0
 18712, 99727,20160819,  156,    0
 18712, 99727,20160820,  136,    0
 18712, 99727,20160821,-9999,    9
 18712, 99727,20160822,-9999,    9
 18712, 99727,20160823,  129,    0
 18712, 99727,20160824,  123,    0
 18712, 99727,20160825,  118,    0
 18712, 99727,20160826,  117,    0
 18712, 99727,20160827,  108,    0
 18712, 99727,20160828,  112,    0
 18712, 99727,20160829,  114,    0
 18712, 99727,20160830,  113,    0
 18712, 99727,20160831,-9999,    9
 18712, 99727,20160901,-9999,    9
 18712, 99727,20160902,   99,    0
 18712, 99727,20160903,  114,    0
 18712, 99727,20160904,   95,    0
 18712, 99727,20160905,   97,    0
 18712, 99727,20160906,  135,    0
 18712, 99727,20160907,  118,    0
 18712, 99727,20160908,  122,    0
 18712, 99727,20160909,  126,    0
 18712, 99727,20160910,  126,    0
 18712, 99727,20160911,  104,    0
 18712, 99727,20160912,  115,    0
 18712, 99727,20160913,  129,    0
 18712, 99727,20160914,  118,    0
 18712, 99727,20160915,  123,    0
 18712, 99727,20160916,-9999,    9
 18712, 99727,20160917,-9999,    9
 18712, 99727,20160918,-9999,    9
 18712, 99727,20160919,  124,    0
 18712, 99727,20160920,  129,    0
 18712, 99727,20160921,  115,    0
 18712, 99727,20160922,-9999,    9
 18712, 99727,20160923,-9999,    9
 18712, 99727,20160924,-9999,    9
 18712, 99727,20160925,-9999,    9
 18712, 99727,20160926,-9999,    9
 18712, 99727,20160927,  120,    0
 18712, 99727,20160928,   88,    0
 18712, 99727,20160929,   86,    0
 18712, 99727,20160930,-9999,    9
 18712, 99727,20161001,-9999,    9
 18712, 99727,20161002,-9999,    9
 18712, 99727,20161003,-9999,    9
 18712, 99727,20161004,-9999,    9
 18712, 99727,20161005,-9999,    9
 18712, 99727,20161006,-9999,    9
 18712, 99727,20161007,   98,    0
 18712, 99727,20161008,   71,    0
 18712, 99727,20161009,-9999,    9
 18712, 99727,20161010,-9999,    9
 18712, 99727,20161011,-9999,    9
 18712, 99727,20161012,-9999,    9
 18712, 99727,20161013,-9999,    9
 18712, 99727,20161014,-9999,    9
 18712, 99727,20161015,-9999,    9
 18712, 99727,20161016,-9999,    9
 18712, 99727,20161017,-9999,    9
 18712, 99727,20161018,-9999,    9
 18712, 99727,20161019,   31,    0
 18712, 99727,20161020,-9999,    9
 18712, 99727,20161021,-9999,    9
 18712, 99727,20161022,-9999,    9
 18712, 99727,20161023,-9999,    9
 18712, 99727,20161024,-9999,    9
 18712, 99727,20161025,-9999,    9
 18712, 99727,20161026,-9999,    9
 18712, 99727,20161027,   71,    0
 18712, 99727,20161028,   44,    0
 18712, 99727,20161029,   59,    0
 18712, 99727,20161030,   54,    0
 18712, 99727,20161031,   71,    0
 18712, 99727,20161101,   33,    0
 18712, 99727,20161102,-9999,    9
 18712, 99727,20161103,   10,    0
 18712, 99727,20161104,-9999,    9
 18712, 99727,20161105,   -1,    0
 18712, 99727,20161106,  -30,    0
 18712, 99727,20161107,  -53,    0
 18712, 99727,20161108,  -47,    0
 18712, 99727,20161109,  -31,    0
 18712, 99727,20161110,  -27,    0
 18712, 99727,20161111,   24,    0
 18712, 99727,20161112,    1,    0
 18712, 99727,20161113,   10,    0
 18712, 99727,20161114,   46,    0
 18712, 99727,20161115,   60,    0
 18712, 99727,20161116,   39,    0
 18712, 99727,20161117,  -19,    0
 18712, 99727,20161118,  -23,    0
 18712, 99727,20161119,  -10,    0
 18712, 99727,20161120,  -42,    0
 18712, 99727,20161121,    2,    0
 18712, 99727,20161122,   -4,    0
 18712, 99727,20161123,   11,    0
 18712, 99727,20161124,   17,    0
 18712, 99727,20161125,   73,    0
 18712, 99727,20161126,   35,    0
 18712, 99727,20161127,    4,    0
 18712, 99727,20161128,   34,    0
 18712, 99727,20161129,   41,    0
 18712, 99727,20161130,    8,    0
 18712, 99727,20161201,-9999,    9
 18712, 99727,20161202,   10,    0
 18712, 99727,20161203,   18,    0
 18712, 99727,20161204,   65,    0
 18712, 99727,20161205,   17,    0
 18712, 99727,20161206,   21,    0
 18712, 99727,20161207,   23,    0
 18712, 99727,20161208,   72,    0
 18712, 99727,20161209,   41,    0
 18712, 99727,20161210,   -3,    0
 18712, 99727,20161211,  -55,    0
 18712, 99727,20161212,  -31,    0
 18712, 99727,20161213,   25,    0
 18712, 99727,20161214,  -34,    0
 18712, 99727,20161215,    1,    0
 18712, 99727,20161216,   -7,    0
 18712, 99727,20161217,   23,    0
 18712, 99727,20161218,   62,    0
 18712, 99727,20161219,   84,    0
 18712, 99727,20161220,   18,    0
 18712, 99727,20161221,   49,    0
 18712, 99727,20161222,   17,    0
 18712, 99727,20161223,   13,    0
 18712, 99727,20161224,-9999,    9
 18712, 99727,20161225,   43,    0
 18712, 99727,20161226,   15,    0
 18712, 99727,20161227,   13,    0
 18712, 99727,20161228,-9999,    9
 18712, 99727,20161229,   55,    0
 18712, 99727,20161230,   64,    0
 18712, 99727,20161231,   36,    0
 18712, 99727,20170101,-9999,    9
 18712, 99727,20170102,-9999,    9
 18712, 99727,20170103,-9999,    9
 18712, 99727,20170104,-9999,    9
 18712, 99727,20170105,-9999,    9
 18712, 99727,20170106,-9999,    9
 18712, 99727,20170107,-9999,    9
 18712, 99727,20170108,-9999,    9
 18712, 99727,20170109,-9999,    9
 18712, 99727,20170110,-9999,    9
 18712, 99727,20170111,-9999,    9
 18712, 99727,20170112,-9999,    9
 18712, 99727,20170113,-9999,    9
 18712, 99727,20170114,-9999,    9
 18712, 99727,20170115,-9999,    9
 18712, 99727,20170116,-9999,    9
 18712, 99727,20170117,-9999,    9
 18712, 99727,20170118,-9999,    9
 18712, 99727,20170119,-9999,    9
 18712, 99727,20170120,-9999,    9
 18712, 99727,20170121,-9999,    9
 18712, 99727,20170122,-9999,    9
 18712, 99727,20170123,-9999,    9
 18712, 99727,20170124,-9999,    9
 18712, 99727,20170125,-9999,    9
 18712, 99727,20170126,-9999,    9
 18712, 99727,20170127,-9999,    9
 18712, 99727,20170128,-9999,    9
 18712, 99727,20170129,-9999,    9
 18712, 99727,20170130,-9999,    9
 18712, 99727,20170131,-9999,    9
 18712, 99727,20170201,-9999,    9
 18712, 99727,20170202,-9999,    9
 18712, 99727,20170203,-9999,    9
 18712, 99727,20170204,-9999,    9
 18712, 99727,20170205,-9999,    9
 18712, 99727,20170206,-9999,    9
 18712, 99727,20170207,-9999,    9
 18712, 99727,20170208,-9999,    9
 18712, 99727,20170209,-9999,    9
 18712, 99727,20170210,-9999,    9
 18712, 99727,20170211,-9999,    9
 18712, 99727,20170212,-9999,    9
 18712, 99727,20170213,-9999,    9
 18712, 99727,20170214,-9999,    9
 18712, 99727,20170215,-9999,    9
 18712, 99727,20170216,-9999,    9
 18712, 99727,20170217,-9999,    9
 18712, 99727,20170218,-9999,    9
 18712, 99727,20170219,-9999,    9
 18712, 99727,20170220,-9999,    9
 18712, 99727,20170221,-9999,    9
 18712, 99727,20170222,-9999,    9
 18712, 99727,20170223,-9999,    9
 18712, 99727,20170224,-9999,    9
 18712, 99727,20170225,-9999,    9
 18712, 99727,20170226,-9999,    9
 18712, 99727,20170227,-9999,    9
 18712, 99727,20170228,-9999,    9
 18712, 99727,20170301,-9999,    9
 18712, 99727,20170302,-9999,    9
 18712, 99727,20170303,-9999,    9
 18712, 99727,20170304,-9999,    9
 18712, 99727,20170305,-9999,    9
 18712, 99727,20170306,-9999,    9
 18712, 99727,20170307,-9999,    9
 18712, 99727,20170308,-9999,    9
 18712, 99727,20170309,-9999,    9
 18712, 99727,20170310,-9999,    9
 18712, 99727,20170311,-9999,    9
 18712, 99727,20170312,-9999,    9
 18712, 99727,20170313,   34,    0
 18712, 99727,20170314,-9999,    9
 18712, 99727,20170315,-9999,    9
 18712, 99727,20170316,-9999,    9
 18712, 99727,20170317,-9999,    9
 18712, 99727,20170318,-9999,    9
 18712, 99727,20170319,-9999,    9
 18712, 99727,20170320,-9999,    9
 18712, 99727,20170321,-9999,    9
 18712, 99727,20170322,-9999,    9
 18712, 99727,20170323,-9999,    9
 18712, 99727,20170324,-9999,    9
 18712, 99727,20170325,-9999,    9
 18712, 99727,20170326,-9999,    9
 18712, 99727,20170327,-9999,    9
 18712, 99727,20170328,-9999,    9
 18712, 99727,20170329,-9999,    9
 18712, 99727,20170330,-9999,    9
 18712, 99727,20170331,-9999,    9
 18712, 99727,20170401,-9999,    9
 18712, 99727,20170402,-9999,    9
 18712, 99727,20170403,   64,    0
 18712, 99727,20170404,   46,    0
 18712, 99727,20170405,   33,    0
 18712, 99727,20170406,   29,    0
 18712, 99727,20170407,   27,    0
 18712, 99727,20170408,   57,    0
 18712, 99727,20170409,   64,    0
 18712, 99727,20170410,   33,    0
 18712, 99727,20170411,   13,    0
 18712, 99727,20170412,   19,    0
 18712, 99727,20170413,    8,    0
 18712, 99727,20170414,   -7,    0
 18712, 99727,20170415,   10,    0
 18712, 99727,20170416,    2,    0
 18712, 99727,20170417,    8,    0
 18712, 99727,20170418,    4,    0
 18712, 99727,20170419,   30,    0
 18712, 99727,20170420,   43,    0
 18712, 99727,20170421,   22,    0
 18712, 99727,20170422,   17,    0
 18712, 99727,20170423,    4,    0
 18712, 99727,20170424,   10,    0
 18712, 99727,20170425,   22,    0
 18712, 99727,20170426,   16,    0
 18712, 99727,20170427,-9999,    9
 18712, 99727,20170428,   31,    0
 18712, 99727,20170429,   51,    0
 18712, 99727,20170430,   38,    0
 18712, 99727,20170501,   51,    0
 18712, 99727,20170502,   49,    0
 18712, 99727,20170503,   51,    0
 18712, 99727,20170504,   51,    0
 18712, 99727,20170505,   87,    0
 18712, 99727,20170506,   48,    0
 18712, 99727,20170507,   37,    0
 18712, 99727,20170508,   23,    0
 18712, 99727,20170509,   14,    0
 18712, 99727,20170510,   29,    0
 18712, 99727,20170511,   38,    0
 18712, 99727,20170512,   50,    0
 18712, 99727,20170513,   68,    0
 18712, 99727,20170514,   91,    0
 18712, 99727,20170515,  103,    0
 18712, 99727,20170516,  119,    0
 18712, 99727,20170517,  107,    0
 18712, 99727,20170518,  111,    0
 18712, 99727,20170519,   86,    0
 18712, 99727,20170520,-9999,    9
 18712, 99727,20170521,   81,    0
 18712, 99727,20170522,   69,    0
 18712, 99727,20170523,   82,    0
 18712, 99727,20170524,   65,    0
 18712, 99727,20170525,   80,    0
 18712, 99727,20170526,   87,    0
 18712, 99727,20170527,  127,    0
 18712, 99727,20170528,  101,    0
 18712, 99727,20170529,   70,    0
 18712, 99727,20170530,   62,    0
 18712, 99727,20170531,   50,    0
 18712, 99727,20170601,   54,    0
 18712, 99727,20170602,   74,    0
 18712, 99727,20170603,   93,    0
 18712, 99727,20170604,   85,    0
 18712, 99727,20170605,   87,    0
 18712, 99727,20170606,  109,    0
 18712, 99727,20170607,  177,    0
 18712, 99727,20170608,-9999,    9
 18712, 99727,20170609,-9999,    9
 18712, 99727,20170610,  129,    0
 18712, 99727,20170611,  134,    0
 18712, 99727,20170612,  110,    0
 18712, 99727,20170613,  109,    0
 18712, 99727,20170614,  111,    0
 18712, 99727,20170615,  147,    0
 18712, 99727,20170616,  132,    0
 18712, 99727,20170617,  117,    0
 18712, 99727,20170618,  114,    0
 18712, 99727,20170619,  100,    0
 18712, 99727,20170620,   83,    0
 18712, 99727,20170621,   84,    0
 18712, 99727,20170622,   94,    0
 18712, 99727,20170623,  129,    0
 18712, 99727,20170624,  109,    0
 18712, 99727,20170625,  105,    0
 18712, 99727,20170626,   84,    0
 18712, 99727,20170627,   80,    0
 18712, 99727,20170628,   94,    0
 18712, 99727,20170629,  115,    0
 18712, 99727,20170630,  176,    0
 18712, 99727,20170701,  132,    0
 18712, 99727,20170702,  111,    0
 18712, 99727,20170703,  100,    0
 18712, 99727,20170704,   99,    0
 18712, 99727,20170705,   93,    0
 18712, 99727,20170706,   88,    0
 18712, 99727,20170707,  131,    0
 18712, 99727,20170708,  106,    0
 18712, 99727,20170709,-9999,    9
 18712, 99727,20170710,-9999,    9
 18712, 99727,20170711,  110,    0
 18712, 99727,20170712,-9999,    9
 18712, 99727,20170713,-9999,    9
 18712, 99727,20170714,   99,    0
 18712, 99727,20170715,  116,    0
 18712, 99727,20170716,  117,    0
 18712, 99727,20170717,   99,    0
 18712, 99727,20170718,  104,    0
 18712, 99727,20170719,  114,    0
 18712, 99727,20170720,  136,    0
 18712, 99727,20170721,  177,    0
 18712, 99727,20170722,  147,    0
 18712, 99727,20170723,  139,    0
 18712, 99727,20170724,  174,    0
 18712, 99727,20170725,  160,    0
 18712, 99727,20170726,  176,    0
 18712, 99727,20170727,  181,    0
 18712, 99727,20170728,  155,    0
 18712, 99727,20170729,  135,    0
 18712, 99727,20170730,  135,    0
 18712, 99727,20170731,  154,    0
 18712, 99727,20170801,  150,    0
 18712, 99727,20170802,  129,    0
 18712, 99727,20170803,  160,    0
 18712, 99727,20170804,  163,    0
 18712, 99727,20170805,  158,    0
 18712, 99727,20170806,  143,    0
 18712, 99727,20170807,  133,    0
 18712, 99727,20170808,  123,    0
 18712, 99727,20170809,  130,    0
 18712, 99727,20170810,  125,    0
 18712, 99727,20170811,  137,    0
 18712, 99727,20170812,  113,    0
 18712, 99727,20170813,   93,    0
 18712, 99727,20170814,  110,    0
 18712, 99727,20170815,  133,    0
 18712, 99727,20170816,  128,    0
 18712, 99727,20170817,  143,    0
 18712, 99727,20170818,  145,    0
 18712, 99727,20170819,  121,    0
 18712, 99727,20170820,  115,    0
 18712, 99727,20170821,   98,    0
 18712, 99727,20170822,   89,    0
 18712, 99727,20170823,   88,    0
 18712, 99727,20170824,   88,    0
 18712, 99727,20170825,   86,    0
 18712, 99727,20170826,   92,    0
 18712, 99727,20170827,  103,    0
 18712, 99727,20170828,  136,    0
 18712, 99727,20170829,  128,    0
 18712, 99727,20170830,  122,    0
 18712, 99727,20170831,  110,    0
 18712, 99727,20170901,  102,    0
 18712, 99727,20170902,-9999,    9
 18712, 99727,20170903,  109,    0
 18712, 99727,20170904,  128,    0
 18712, 99727,20170905,  152,    0
 18712, 99727,20170906,  142,    0
 18712, 99727,20170907,  111,    0
 18712, 99727,20170908,  106,    0
 18712, 99727,20170909,  118,    0
 18712, 99727,20170910,  101,    0
 18712, 99727,20170911,  118,    0
 18712, 99727,20170912,  123,    0
 18712, 99727,20170913,  109,    0
 18712, 99727,20170914,  103,    0
 18712, 99727,20170915,  101,    0
 18712, 99727,20170916,   88,    0
 18712, 99727,20170917,   82,    0
 18712, 99727,20170918,   95,    0
 18712, 99727,20170919,-9999,    9
 18712, 99727,20170920,-9999,    9
 18712, 99727,20170921,   87,    0
 18712, 99727,20170922,  115,    0
 18712, 99727,20170923,  100,    0
 18712, 99727,20170924,  111,    0
 18712, 99727,20170925,  130,    0
 18712, 99727,20170926,   98,    0
 18712, 99727,20170927,  117,    0
 18712, 99727,20170928,  134,    0
 18712, 99727,20170929,  123,    0
 18712, 99727,20170930,  131,    0
 18712, 99727,20171001,  117,    0
 18712, 99727,20171002,  120,    0
 18712, 99727,20171003,  105,    0
 18712, 99727,20171004,-9999,    9
 18712, 99727,20171005,   75,    0
 18712, 99727,20171006,   70,    0
 18712, 99727,20171007,   55,    0
 18712, 99727,20171008,   68,    0
 18712, 99727,20171009,   49,    0
 18712, 99727,20171010,   37,    0
 18712, 99727,20171011,   57,    0
 18712, 99727,20171012,   69,    0
 18712, 99727,20171013,   66,    0
 18712, 99727,20171014,-9999,    9
 18712, 99727,20171015,   79,    0
 18712, 99727,20171016,   75,    0
 18712, 99727,20171017,-9999,    9
 18712, 99727,20171018,-9999,    9
 18712, 99727,20171019,-9999,    9
 18712, 99727,20171020,-9999,    9
 18712, 99727,20171021,-9999,    9
 18712, 99727,20171022,-9999,    9
 18712, 99727,20171023,-9999,    9
 18712, 99727,20171024,-9999,    9
 18712, 99727,20171025,   63,    0
 18712, 99727,20171026,   62,    0
 18712, 99727,20171027,   66,    0
 18712, 99727,20171028,   37,    0
 18712, 99727,20171029,   27,    0
 18712, 99727,20171030,   20,    0
 18712, 99727,20171031,   72,    0
 18712, 99727,20171101,-9999,    9
 18712, 99727,20171102,-9999,    9
 18712, 99727,20171103,   73,    0
 18712, 99727,20171104,   52,    0
 18712, 99727,20171105,   41,    0
 18712, 99727,20171106,   13,    0
 18712, 99727,20171107,   39,    0
 18712, 99727,20171108,   46,    0
 18712, 99727,20171109,   58,    0
 18712, 99727,20171110,   17,    0
 18712, 99727,20171111,   29,    0
 18712, 99727,20171112,   39,    0
 18712, 99727,20171113,    4,    0
 18712, 99727,20171114,   14,    0
 18712, 99727,20171115,   34,    0
 18712, 99727,20171116,   21,    0
 18712, 99727,20171117,   19,    0
 18712, 99727,20171118,   -4,    0
 18712, 99727,20171119,  -28,    0
 18712, 99727,20171120,  -94,    0
 18712, 99727,20171121,  -74,    0
 18712, 99727,20171122,  -27,    0
 18712, 99727,20171123,    7,    0
 18712, 99727,20171124,   41,    0
 18712, 99727,20171125,   -1,    0
 18712, 99727,20171126,  -49,    0
 18712, 99727,20171127,  -77,    0
 18712, 99727,20171128,-9999,    9
 18712, 99727,20171129,-9999,    9
 18712, 99727,20171130,  -69,    0
 18712, 99727,20171201,  -24,    0
 18712, 99727,20171202,   50,    0
 18712, 99727,20171203,   18,    0
 18712, 99727,20171204,   -1,    0
 18712, 99727,20171205,   -5,    0
 18712, 99727,20171206,  -27,    0
 18712, 99727,20171207,   32,    0
 18712, 99727,20171208,   17,    0
 18712, 99727,20171209,   16,    0
 18712, 99727,20171210,  -28,    0
 18712, 99727,20171211,  -64,    0
 18712, 99727,20171212,  -23,    0
 18712, 99727,20171213,  -12,    0
 18712, 99727,20171214,  -98,    0
 18712, 99727,20171215,  -59,    0
 18712, 99727,20171216,   -9,    0
 18712, 99727,20171217,    2,    0
 18712, 99727,20171218,   27,    0
 18712, 99727,20171219,   51,    0
 18712, 99727,20171220,   36,    0
 18712, 99727,20171221,   30,    0
 18712, 99727,20171222,   14,    0
 18712, 99727,20171223,   28,    0
 18712, 99727,20171224,   -3,    0
 18712, 99727,20171225,  -15,    0
 18712, 99727,20171226,  -33,    0
 18712, 99727,20171227,  -41,    0
 18712, 99727,20171228,  -63,    0
 18712, 99727,20171229,  -73,    0
 18712, 99727,20171230,  -35,    0
 18712, 99727,20171231,  -48,    0
 18712, 99727,20180101,  -27,    0
 18712, 99727,20180102,   -4,    0
 18712, 99727,20180103,  -70,    0
 18712, 99727,20180104,    0,    0
 18712, 99727,20180105,  -40,    0
 18712, 99727,20180106,  -38,    0
 18712, 99727,20180107,   -6,    0
 18712, 99727,20180108,   28,    0
 18712, 99727,20180109,  -50,    0
 18712, 99727,20180110,  -52,    0
 18712, 99727,20180111,   18,    0
 18712, 99727,20180112,  -17,    0
 18712, 99727,20180113,  -68,    0
 18712, 99727,20180114,  -12,    0
 18712, 99727,20180115,   23,    0
 18712, 99727,20180116,   12,    0
 18712, 99727,20180117,  -38,    0
 18712, 99727,20180118,  -71,    0
 18712, 99727,20180119,  -62,    0
 18712, 99727,20180120,  -78,    0
 18712, 99727,20180121,  -65,    0
 18712, 99727,20180122,  -96,    0
 18712, 99727,20180123,  -23,    0
 18712, 99727,20180124,   18,    0
 18712, 99727,20180125,   20,    0
 18712, 99727,20180126,    6,    0
 18712, 99727,20180127,  -12,    0
 18712, 99727,20180128,   -6,    0
 18712, 99727,20180129,   10,    0
 18712, 99727,20180130,   -1,    0
 18712, 99727,20180131,   18,    0
 18712, 99727,20180201,   -6,    0
 18712, 99727,20180202,  -80,    0
 18712, 99727,20180203,  -67,    0
 18712, 99727,20180204,  -28,    0
 18712, 99727,20180205,   12,    0
 18712, 99727,20180206,  -30,    0
 18712, 99727,20180207,  -15,    0
 18712, 99727,20180208,   -2,    0
 18712, 99727,20180209,   20,    0
 18712, 99727,20180210,   -2,    0
 18712, 99727,20180211,    2,    0
 18712, 99727,20180212,  -16,    0
 18712, 99727,20180213,  -32,    0
 18712, 99727,20180214,   14,    0
 18712, 99727,20180215,   25,    0
 18712, 99727,20180216,  -12,    0
 18712, 99727,20180217,  -26,    0
 18712, 99727,20180218,  -39,    0
 18712, 99727,20180219,  -66,    0
 18712, 99727,20180220,  -46,    0
 18712, 99727,20180221,    8,    0
 18712, 99727,20180222,    7,    0
 18712, 99727,20180223,   -4,    0
 18712, 99727,20180224,  -16,    0
 18712, 99727,20180225,  -25,    0
 18712, 99727,20180226,  -83,    0
 18712, 99727,20180227,  -83,    0
 18712, 99727,20180228, -103,    0
 18712, 99727,20180301, -122,    0
 18712, 99727,20180302, -107,    0
 18712, 99727,20180303,-9999,    9
 18712, 99727,20180304,  -57,    0
 18712, 99727,20180305,  -84,    0
 18712, 99727,20180306,  -79,    0
 18712, 99727,20180307,  -76,    0
 18712, 99727,20180308,  -35,    0
 18712, 99727,20180309,  -13,    0
 18712, 99727,20180310,-9999,    9
 18712, 99727,20180311,  -32,    0
 18712, 99727,20180312,  -14,    0
 18712, 99727,20180313,  -39,    0
 18712, 99727,20180314,  -33,    0
 18712, 99727,20180315,  -33,    0
 18712, 99727,20180316,  -44,    0
 18712, 99727,20180317,-9999,    9
 18712, 99727,20180318,    2,    0
 18712, 99727,20180319,    8,    0
 18712, 99727,20180320,    5,    0
 18712, 99727,20180321,   15,    0
 18712, 99727,20180322,   18,    0
 18712, 99727,20180323,   26,    0
 18712, 99727,20180324,   37,    0
 18712, 99727,20180325,-9999,    9
 18712, 99727,20180326,  -53,    0
 18712, 99727,20180327,  -34,    0
 18712, 99727,20180328,  -28,    0
 18712, 99727,20180329,  -56,    0
 18712, 99727,20180330,  -51,    0
 18712, 99727,20180331,  -28,    0
 18712, 99727,20180401,  -14,    0
 18712, 99727,20180402,  -29,    0
 18712, 99727,20180403,  -24,    0
 18712, 99727,20180404,   -3,    0
 18712, 99727,20180405,  -11,    0
 18712, 99727,20180406,   13,    0
 18712, 99727,20180407,-9999,    9
 18712, 99727,20180408,   20,    0
 18712, 99727,20180409,   22,    0
 18712, 99727,20180410,   32,    0
 18712, 99727,20180411,   40,    0
 18712, 99727,20180412,   50,    0
 18712, 99727,20180413,   50,    0
 18712, 99727,20180414,   62,    0
 18712, 99727,20180415,   69,    0
 18712, 99727,20180416,   67,    0
 18712, 99727,20180417,   76,    0
 18712, 99727,20180418,   65,    0
 18712, 99727,20180419,   86,    0
 18712, 99727,20180420,   70,    0
 18712, 99727,20180421,   49,    0
 18712, 99727,20180422,   67,    0
 18712, 99727,20180423,   59,    0
 18712, 99727,20180424,   54,    0
 18712, 99727,20180425,   35,    0
 18712, 99727,20180426,   47,    0
 18712, 99727,20180427,   52,    0
 18712, 99727,20180428,   41,    0
 18712, 99727,20180429,   22,    0
 18712, 99727,20180430,   38,    0
 18712, 99727,20180501,   66,    0
 18712, 99727,20180502,   72,    0
 18712, 99727,20180503,   53,    0
 18712, 99727,20180504,   82,    0
 18712, 99727,20180505,-9999,    9
 18712, 99727,20180506,   77,    0
 18712, 99727,20180507,   72,    0
 18712, 99727,20180508,  141,    0
 18712, 99727,20180509,  179,    0
 18712, 99727,20180510,  159,    0
 18712, 99727,20180511,   73,    0
 18712, 99727,20180512,  111,    0
 18712, 99727,20180513,   91,    0
 18712, 99727,20180514,  146,    0
 18712, 99727,20180515,  128,    0
 18712, 99727,20180516,-9999,    9
 18712, 99727,20180517,   58,    0
 18712, 99727,20180518,   71,    0
 18712, 99727,20180519,-9999,    9
 18712, 99727,20180520,  131,    0
 18712, 99727,20180521,  120,    0
 18712, 99727,20180522,   75,    0
 18712, 99727,20180523,   84,    0
 18712, 99727,20180524,  100,    0
 18712, 99727,20180525,  121,    0
 18712, 99727,20180526,-9999,    9
 18712, 99727,20180527,  139,    0
 18712, 99727,20180528,  166,    0
 18712, 99727,20180529,  104,    0
 18712, 99727,20180530,-9999,    9
 18712, 99727,20180531,  172,    0
 18712, 99727,20180601,  112,    0
 18712, 99727,20180602,  114,    0
 18712, 99727,20180603,  101,    0
 18712, 99727,20180604,   67,    0
 18712, 99727,20180605,   52,    0
 18712, 99727,20180606,-9999,    9
 18712, 99727,20180607,   87,    0
 18712, 99727,20180608,   85,    0
 18712, 99727,20180609,  106,    0
 18712, 99727,20180610,   86,    0
 18712, 99727,20180611,   82,    0
 18712, 99727,20180612,   78,    0
 18712, 99727,20180613,   93,    0
 18712, 99727,20180614,  131,    0
 18712, 99727,20180615,  120,    0
 18712, 99727,20180616,  119,    0
 18712, 99727,20180617,  133,    0
 18712, 99727,20180618,  117,    0
 18712, 99727,20180619,   87,    0
 18712, 99727,20180620,   75,    0
 18712, 99727,20180621,   79,    0
 18712, 99727,20180622,   69,    0
 18712, 99727,20180623,   89,    0
 18712, 99727,20180624,   98,    0
 18712, 99727,20180625,  105,    0
 18712, 99727,20180626,  109,    0
 18712, 99727,20180627,  117,    0
 18712, 99727,20180628,   98,    0
 18712, 99727,20180629,   83,    0
 18712, 99727,20180630,   95,    0
 18712, 99727,20180701,  143,    0
 18712, 99727,20180702,  139,    0
 18712, 99727,20180703,  112,    0
 18712, 99727,20180704,  116,    0
 18712, 99727,20180705,  129,    0
 18712, 99727,20180706,  111,    0
 18712, 99727,20180707,  107,    0
 18712, 99727,20180708,  112,    0
 18712, 99727,20180709,  115,    0
 18712, 99727,20180710,  137,    0
 18712, 99727,20180711,  133,    0
 18712, 99727,20180712,  126,    0
 18712, 99727,20180713,  119,    0
 18712, 99727,20180714,  123,    0
 18712, 99727,20180715,  154,    0
 18712, 99727,20180716,  188,    0
 18712, 99727,20180717,  187,    0
 18712, 99727,20180718,  175,    0
 18712, 99727,20180719,  135,    0
 18712, 99727,20180720,  151,    0
 18712, 99727,20180721,  150,    0
 18712, 99727,20180722,  139,    0
 18712, 99727,20180723,  141,    0
 18712, 99727,20180724,  140,    0
 18712, 99727,20180725,  132,    0
 18712, 99727,20180726,  144,    0
 18712, 99727,20180727,  197,    0
 18712, 99727,20180728,  237,    0
 18712, 99727,20180729,  188,    0
 18712, 99727,20180730,  214,    0
 18712, 99727,20180731,  217,    0
 18712, 99727,20180801,  157,    0
 18712, 99727,20180802,  147,    0
 18712, 99727,20180803,  151,    0
 18712, 99727,20180804,  136,    0
 18712, 99727,20180805,  113,    0
 18712, 99727,20180806,  121,    0
 18712, 99727,20180807,  139,    0
 18712, 99727,20180808,  172,    0
 18712, 99727,20180809,  138,    0
 18712, 99727,20180810,  119,    0
 18712, 99727,20180811,  120,    0
 18712, 99727,20180812,  111,    0
 18712, 99727,20180813,  102,    0
 18712, 99727,20180814,  106,    0
 18712, 99727,20180815,  128,    0
 18712, 99727,20180816,  136,    0
 18712, 99727,20180817,  132,    0
 18712, 99727,20180818,  114,    0
 18712, 99727,20180819,  109,    0
 18712, 99727,20180820,  102,    0
 18712, 99727,20180821,  102,    0
 18712, 99727,20180822,  117,    0
 18712, 99727,20180823,  121,    0
 18712, 99727,20180824,  103,    0
 18712, 99727,20180825,   96,    0
 18712, 99727,20180826,   85,    0
 18712, 99727,20180827,   88,    0
 18712, 99727,20180828,  114,    0
 18712, 99727,20180829,  131,    0
 18712, 99727,20180830,  104,    0
 18712, 99727,20180831,   92,    0
 18712, 99727,20180901,  107,    0
 18712, 99727,20180902,  150,    0
 18712, 99727,20180903,  132,    0
 18712, 99727,20180904,  106,    0
 18712, 99727,20180905,  104,    0
 18712, 99727,20180906,  123,    0
 18712, 99727,20180907,  153,    0
 18712, 99727,20180908,  168,    0
 18712, 99727,20180909,  142,    0
 18712, 99727,20180910,  122,    0
 18712, 99727,20180911,  102,    0
 18712, 99727,20180912,   94,    0
 18712, 99727,20180913,   99,    0
 18712, 99727,20180914,   90,    0
 18712, 99727,20180915,   75,    0
 18712, 99727,20180916,   98,    0
 18712, 99727,20180917,   95,    0
 18712, 99727,20180918,  109,    0
 18712, 99727,20180919,  134,    0
 18712, 99727,20180920,  111,    0
 18712, 99727,20180921,   85,    0
 18712, 99727,20180922,   80,    0
 18712, 99727,20180923,   53,    0
 18712, 99727,20180924,   49,    0
 18712, 99727,20180925,   80,    0
 18712, 99727,20180926,-9999,    9
 18712, 99727,20180927,-9999,    9
 18712, 99727,20180928,-9999,    9
 18712, 99727,20180929,-9999,    9
 18712, 99727,20180930,-9999,    9
 18712, 99727,20181001,-9999,    9
 18712, 99727,20181002,-9999,    9
 18712, 99727,20181003,-9999,    9
 18712, 99727,20181004,   58,    0
 18712, 99727,20181005,   69,    0
 18712, 99727,20181006,   52,    0
 18712, 99727,20181007,   45,    0
 18712, 99727,20181008,   71,    0
 18712, 99727,20181009,   70,    0
 18712, 99727,20181010,   85,    0
 18712, 99727,20181011,-9999,    9
 18712, 99727,20181012,  130,    0
 18712, 99727,20181013,  126,    0
 18712, 99727,20181014,   99,    0
 18712, 99727,20181015,   40,    0
 18712, 99727,20181016,   75,    0
 18712, 99727,20181017,-9999,    9
 18712, 99727,20181018,-9999,    9
 18712, 99727,20181019,   72,    0
 18712, 99727,20181020,   76,    0
 18712, 99727,20181021,   77,    0
 18712, 99727,20181022,-9999,    9
 18712, 99727,20181023,   28,    0
 18712, 99727,20181024,   30,    0
 18712, 99727,20181025,   24,    0
 18712, 99727,20181026,   10,    0
 18712, 99727,20181027,  -32,    0
 18712, 99727,20181028,  -42,    0
 18712, 99727,20181029,  -25,    0
 18712, 99727,20181030,   20,    0
 18712, 99727,20181031,   68,    0
 18712, 99727,20181101,   47,    0
 18712, 99727,20181102,   58,    0
 18712, 99727,20181103,   31,    0
 18712, 99727,20181104,   95,    0
 18712, 99727,20181105,   60,    0
 18712, 99727,20181106,   11,    0
 18712, 99727,20181107,   29,    0
 18712, 99727,20181108,   36,    0
 18712, 99727,20181109,   33,    0
 18712, 99727,20181110,   78,    0
 18712, 99727,20181111,   94,    0
 18712, 99727,20181112,   70,    0
 18712, 99727,20181113,   41,    0
 18712, 99727,20181114,   40,    0
 18712, 99727,20181115,   56,    0
 18712, 99727,20181116,   73,    0
 18712, 99727,20181117,   58,    0
 18712, 99727,20181118,   18,    0
 18712, 99727,20181119,   29,    0
 18712, 99727,20181120,   31,    0
 18712, 99727,20181121,    0,    0
 18712, 99727,20181122,    2,    0
 18712, 99727,20181123,   20,    0
 18712, 99727,20181124,    9,    0
 18712, 99727,20181125,   11,    0
 18712, 99727,20181126,    1,    0
 18712, 99727,20181127,  -43,    0
 18712, 99727,20181128,  -45,    0
 18712, 99727,20181129,   53,    0
 18712, 99727,20181130,   79,    0
 18712, 99727,20181201,   47,    0
 18712, 99727,20181202,   28,    0
 18712, 99727,20181203,   11,    0
 18712, 99727,20181204,    4,    0
 18712, 99727,20181205,    1,    0
 18712, 99727,20181206,  -32,    0
 18712, 99727,20181207,  -48,    0
 18712, 99727,20181208,    7,    0
 18712, 99727,20181209,    6,    0
 18712, 99727,20181210,   26,    0
 18712, 99727,20181211,  -18,    0
 18712, 99727,20181212,  -64,    0
 18712, 99727,20181213,  -91,    0
 18712, 99727,20181214, -106,    0
 18712, 99727,20181215,  -94,    0
 18712, 99727,20181216,  -93,    0
 18712, 99727,20181217,  -62,    0
 18712, 99727,20181218,  -28,    0
 18712, 99727,20181219,  -24,    0
 18712, 99727,20181220,  -20,    0
 18712, 99727,20181221,  -28,    0
 18712, 99727,20181222,  -36,    0
 18712, 99727,20181223,  -50,    0
 18712, 99727,20181224,   23,    0
 18712, 99727,20181225,   45,    0
 18712, 99727,20181226,   52,    0
 18712, 99727,20181227,   51,    0
 18712, 99727,20181228,   42,    0
 18712, 99727,20181229,   31,    0
 18712, 99727,20181230,    4,    0
 18712, 99727,20181231,   49,    0
 18712, 99727,20190101,   25,    0
 18712, 99727,20190102,   11,    0
 18712, 99727,20190103,   53,    0
 18712, 99727,20190104,   64,    0
 18712, 99727,20190105,   54,    0
 18712, 99727,20190106,   46,    0
 18712, 99727,20190107,   14,    0
 18712, 99727,20190108,   10,    0
 18712, 99727,20190109,   -6,    0
 18712, 99727,20190110,   51,    0
 18712, 99727,20190111,   13,    0
 18712, 99727,20190112,   -3,    0
 18712, 99727,20190113,   -9,    0
 18712, 99727,20190114,    0,    0
 18712, 99727,20190115,  -73,    0
 18712, 99727,20190116,  -99,    0
 18712, 99727,20190117,  -43,    0
 18712, 99727,20190118,-9999,    9
 18712, 99727,20190119,-9999,    9
 18712, 99727,20190120,  -89,    0
 18712, 99727,20190121,  -56,    0
 18712, 99727,20190122, -116,    0
 18712, 99727,20190123, -114,    0
 18712, 99727,20190124,  -47,    0
 18712, 99727,20190125,  -52,    0
 18712, 99727,20190126,  -67,    0
 18712, 99727,20190127,  -96,    0
 18712, 99727,20190128,  -60,    0
 18712, 99727,20190129,  -35,    0
 18712, 99727,20190130,-9999,    9
 18712, 99727,20190131,  -33,    0
 18712, 99727,20190201,  -18,    0
 18712, 99727,20190202,  -41,    0
 18712, 99727,20190203,  -61,    0
 18712, 99727,20190204,  -91,    0
 18712, 99727,20190205, -120,    0
 18712, 99727,20190206,  -79,    0
 18712, 99727,20190207,   -2,    0
 18712, 99727,20190208,   -1,    0
 18712, 99727,20190209,    0,    0
 18712, 99727,20190210,   -1,    0
 18712, 99727,20190211,  -14,    0
 18712, 99727,20190212,    8,    0
 18712, 99727,20190213,-9999,    9
 18712, 99727,20190214,-9999,    9
 18712, 99727,20190215,-9999,    9
 18712, 99727,20190216,   31,    0
 18712, 99727,20190217,   13,    0
 18712, 99727,20190218,   31,    0
 18712, 99727,20190219,   14,    0
 18712, 99727,20190220,   -1,    0
 18712, 99727,20190221,   20,    0
 18712, 99727,20190222,   53,    0
 18712, 99727,20190223,   54,    0
 18712, 99727,20190224,   58,    0
 18712, 99727,20190225,   58,    0
 18712, 99727,20190226,   65,    0
 18712, 99727,20190227,   51,    0
 18712, 99727,20190228,   12,    0
 18712, 99727,20190301,    2,    0
 18712, 99727,20190302,    2,    0
 18712, 99727,20190303,    2,    0
 18712, 99727,20190304,  -18,    0
 18712, 99727,20190305,  -56,    0
 18712, 99727,20190306,  -76,    0
 18712, 99727,20190307,  -25,    0
 18712, 99727,20190308,  -14,    0
 18712, 99727,20190309,  -44,    0
 18712, 99727,20190310,  -51,    0
 18712, 99727,20190311,  -33,    0
 18712, 99727,20190312,  -23,    0
 18712, 99727,20190313,  -10,    0
 18712, 99727,20190314,   -6,    0
 18712, 99727,20190315,  -28,    0
 18712, 99727,20190316,  -29,    0
 18712, 99727,20190317,   -4,    0
 18712, 99727,20190318,    3,    0
 18712, 99727,20190319,   21,    0
 18712, 99727,20190320,   35,    0
 18712, 99727,20190321,   37,    0
 18712, 99727,20190322,   57,    0
 18712, 99727,20190323,   25,    0
 18712, 99727,20190324,    2,    0
 18712, 99727,20190325,    2,    0
 18712, 99727,20190326,   13,    0
 18712, 99727,20190327,   47,    0
 18712, 99727,20190328,   86,    0
 18712, 99727,20190329,   27,    0
 18712, 99727,20190330,    8,    0
 18712, 99727,20190331,   -2,    0
 18712, 99727,20190401,   23,    0
 18712, 99727,20190402,    3,    0
 18712, 99727,20190403,   17,    0
 18712, 99727,20190404,   32,    0
 18712, 99727,20190405,   64,    0
 18712, 99727,20190406,   34,    0
 18712, 99727,20190407,   28,    0
 18712, 99727,20190408,   12,    0
 18712, 99727,20190409,-9999,    9
 18712, 99727,20190410,-9999,    9
 18712, 99727,20190411,-9999,    9
 18712, 99727,20190412,  -12,    0
 18712, 99727,20190413,   -7,    0
 18712, 99727,20190414,   14,    0
 18712, 99727,20190415,   24,    0
 18712, 99727,20190416,   45,    0
 18712, 99727,20190417,   60,    0
 18712, 99727,20190418,   77,    0
 18712, 99727,20190419,   96,    0
 18712, 99727,20190420,   90,    0
 18712, 99727,20190421,   68,    0
 18712, 99727,20190422,  107,    0
 18712, 99727,20190423,  110,    0
 18712, 99727,20190424,  123,    0
 18712, 99727,20190425,  151,    0
 18712, 99727,20190426,  131,    0
 18712, 99727,20190427,  141,    0
 18712, 99727,20190428,  138,    0
 18712, 99727,20190429,  109,    0
 18712, 99727,20190430,   74,    0
 18712, 99727,20190501,   43,    0
 18712, 99727,20190502,   16,    0
 18712, 99727,20190503,    9,    0
 18712, 99727,20190504,   26,    0
 18712, 99727,20190505,   16,    0
 18712, 99727,20190506,   13,    0
 18712, 99727,20190507,   15,    0
 18712, 99727,20190508,   29,    0
 18712, 99727,20190509,   59,    0
 18712, 99727,20190510,   71,    0
 18712, 99727,20190511,   43,    0
 18712, 99727,20190512,   32,    0
 18712, 99727,20190513,   41,    0
 18712, 99727,20190514,   67,    0
 18712, 99727,20190515,   83,    0
 18712, 99727,20190516,   66,    0
 18712, 99727,20190517,  108,    0
 18712, 99727,20190518,  148,    0
 18712, 99727,20190519,  137,    0
 18712, 99727,20190520,  133,    0
 18712, 99727,20190521,  126,    0
 18712, 99727,20190522,  160,    0
 18712, 99727,20190523,   97,    0
 18712, 99727,20190524,   96,    0
 18712, 99727,20190525,   65,    0
 18712, 99727,20190526,   56,    0
 18712, 99727,20190527,   45,    0
 18712, 99727,20190528,   44,    0
 18712, 99727,20190529,-9999,    9
 18712, 99727,20190530,-9999,    9
 18712, 99727,20190531,-9999,    9
 18712, 99727,20190601,   69,    0
 18712, 99727,20190602,   87,    0
 18712, 99727,20190603,  129,    0
 18712, 99727,20190604,  119,    0
 18712, 99727,20190605,  142,    0
 18712, 99727,20190606,  136,    0
 18712, 99727,20190607,  117,    0
 18712, 99727,20190608,  121,    0
 18712, 99727,20190609,  134,    0
 18712, 99727,20190610,  102,    0
 18712, 99727,20190611,   91,    0
 18712, 99727,20190612,  129,    0
 18712, 99727,20190613,  143,    0
 18712, 99727,20190614,  152,    0
 18712, 99727,20190615,  129,    0
 18712, 99727,20190616,  149,    0
 18712, 99727,20190617,  123,    0
 18712, 99727,20190618,  123,    0
 18712, 99727,20190619,  125,    0
 18712, 99727,20190620,  147,    0
 18712, 99727,20190621,  109,    0
 18712, 99727,20190622,   96,    0
 18712, 99727,20190623,   98,    0
 18712, 99727,20190624,  104,    0
 18712, 99727,20190625,  109,    0
 18712, 99727,20190626,   98,    0
 18712, 99727,20190627,   91,    0
 18712, 99727,20190628,  101,    0
 18712, 99727,20190629,  105,    0
 18712, 99727,20190630,  117,    0
 18712, 99727,20190701,   80,    0
 18712, 99727,20190702,   69,    0
 18712, 99727,20190703,   60,    0
 18712, 99727,20190704,   77,    0
 18712, 99727,20190705,   80,    0
 18712, 99727,20190706,   91,    0
 18712, 99727,20190707,   98,    0
 18712, 99727,20190708,   86,    0
 18712, 99727,20190709,  106,    0
 18712, 99727,20190710,   97,    0
 18712, 99727,20190711,  102,    0
 18712, 99727,20190712,  108,    0
 18712, 99727,20190713,  101,    0
 18712, 99727,20190714,   98,    0
 18712, 99727,20190715,   92,    0
 18712, 99727,20190716,  101,    0
 18712, 99727,20190717,  112,    0
 18712, 99727,20190718,  153,    0
 18712, 99727,20190719,  141,    0
 18712, 99727,20190720,  153,    0
 18712, 99727,20190721,  158,    0
 18712, 99727,20190722,  149,    0
 18712, 99727,20190723,  150,    0
 18712, 99727,20190724,  198,    0
 18712, 99727,20190725,  201,    0
 18712, 99727,20190726,  194,    0
 18712, 99727,20190727,  222,    0
 18712, 99727,20190728,  234,    0
 18712, 99727,20190729,  224,    0
 18712, 99727,20190730,  176,    0
 18712, 99727,20190731,  175,    0
 18712, 99727,20190801,  153,    0
 18712, 99727,20190802,  125,    0
 18712, 99727,20190803,  114,    0
 18712, 99727,20190804,  121,    0
 18712, 99727,20190805,  121,    0
 18712, 99727,20190806,  108,    0
 18712, 99727,20190807,  124,    0
 18712, 99727,20190808,  118,    0
 18712, 99727,20190809,  127,    0
 18712, 99727,20190810,  164,    0
 18712, 99727,20190811,  180,    0
 18712, 99727,20190812,  122,    0
 18712, 99727,20190813,  101,    0
 18712, 99727,20190814,  115,    0
 18712, 99727,20190815,  105,    0
 18712, 99727,20190816,  130,    0
 18712, 99727,20190817,  157,    0
 18712, 99727,20190818,  135,    0
 18712, 99727,20190819,  129,    0
 18712, 99727,20190820,  129,    0
 18712, 99727,20190821,  114,    0
 18712, 99727,20190822,-9999,    9
 18712, 99727,20190823,  130,    0
 18712, 99727,20190824,  134,    0
 18712, 99727,20190825,  134,    0
 18712, 99727,20190826,  185,    0
 18712, 99727,20190827,-9999,    9
 18712, 99727,20190828,  186,    0
 18712, 99727,20190829,  128,    0
 18712, 99727,20190830,  129,    0
 18712, 99727,20190831,  137,    0
 18712, 99727,20190901,  137,    0
 18712, 99727,20190902,   94,    0
 18712, 99727,20190903,   82,    0
 18712, 99727,20190904,   96,    0
 18712, 99727,20190905,   85,    0
 18712, 99727,20190906,   77,    0
 18712, 99727,20190907,   72,    0
 18712, 99727,20190908,   73,    0
 18712, 99727,20190909,   91,    0
 18712, 99727,20190910,  109,    0
 18712, 99727,20190911,  124,    0
 18712, 99727,20190912,   98,    0
 18712, 99727,20190913,   84,    0
 18712, 99727,20190914,   86,    0
 18712, 99727,20190915,   86,    0
 18712, 99727,20190916,   77,    0
 18712, 99727,20190917,   73,    0
 18712, 99727,20190918,   66,    0
 18712, 99727,20190919,   60,    0
 18712, 99727,20190920,  103,    0
 18712, 99727,20190921,  112,    0
 18712, 99727,20190922,  104,    0
 18712, 99727,20190923,   74,    0
 18712, 99727,20190924,   73,    0
 18712, 99727,20190925,   71,    0
 18712, 99727,20190926,   75,    0
 18712, 99727,20190927,  121,    0
 18712, 99727,20190928,  112,    0
 18712, 99727,20190929,   75,    0
 18712, 99727,20190930,   28,    0
 18712, 99727,20191001,   46,    0
 18712, 99727,20191002,   65,    0
 18712, 99727,20191003,   46,    0
 18712, 99727,20191004,   31,    0
 18712, 99727,20191005,  -11,    0
 18712, 99727,20191006,   -3,    0
 18712, 99727,20191007,   33,    0
 18712, 99727,20191008,   20,    0
 18712, 99727,20191009,   30,    0
 18712, 99727,20191010,   21,    0
 18712, 99727,20191011,   65,    0
 18712, 99727,20191012,   25,    0
 18712, 99727,20191013,   26,    0
 18712, 99727,20191014,    5,    0
 18712, 99727,20191015,   21,    0
 18712, 99727,20191016,   66,    0
 18712, 99727,20191017,   55,    0
 18712, 99727,20191018,   58,    0
 18712, 99727,20191019,   45,    0
 18712, 99727,20191020,   28,    0
 18712, 99727,20191021,   38,    0
 18712, 99727,20191022,   76,    0
 18712, 99727,20191023,-9999,    9
 18712, 99727,20191024,-9999,    9
 18712, 99727,20191025,-9999,    9
 18712, 99727,20191026,-9999,    9
 18712, 99727,20191027,-9999,    9
 18712, 99727,20191028,   24,    0
 18712, 99727,20191029,   28,    0
 18712, 99727,20191030,   43,    0
 18712, 99727,20191031,   33,    0
 18712, 99727,20191101,   32,    0
 18712, 99727,20191102,   20,    0
 18712, 99727,20191103,  -18,    0
 18712, 99727,20191104,  -40,    0
 18712, 99727,20191105,  -80,    0
 18712, 99727,20191106,  -78,    0
 18712, 99727,20191107,  -75,    0
 18712, 99727,20191108,  -80,    0
 18712, 99727,20191109,  -84,    0
 18712, 99727,20191110,  -78,    0
 18712, 99727,20191111,  -80,    0
 18712, 99727,20191112,  -71,    0
 18712, 99727,20191113,  -20,    0
 18712, 99727,20191114,  -36,    0
 18712, 99727,20191115,  -12,    0
 18712, 99727,20191116,  -60,    0
 18712, 99727,20191117,    9,    0
 18712, 99727,20191118,   -5,    0
 18712, 99727,20191119,    4,    0
 18712, 99727,20191120,   -8,    0
 18712, 99727,20191121,  -28,    0
 18712, 99727,20191122,    6,    0
 18712, 99727,20191123,  -11,    0
 18712, 99727,20191124,  -40,    0
 18712, 99727,20191125,  -12,    0
 18712, 99727,20191126,    7,    0
 18712, 99727,20191127,  -13,    0
 18712, 99727,20191128,  -29,    0
 18712, 99727,20191129,    0,    0
 18712, 99727,20191130,  -13,    0
 18712, 99727,20191201,   -3,    0
 18712, 99727,20191202,   -9,    0
 18712, 99727,20191203,   57,    0
 18712, 99727,20191204,   55,    0
 18712, 99727,20191205,   23,    0
 18712, 99727,20191206,   21,    0
 18712, 99727,20191207,-9999,    9
 18712, 99727,20191208,   -8,    0
 18712, 99727,20191209,  -16,    0
 18712, 99727,20191210,  -27,    0
 18712, 99727,20191211,   20,    0
 18712, 99727,20191212,   44,    0
 18712, 99727,20191213,  -46,    0
 18712, 99727,20191214,-9999,    9
 18712, 99727,20191215,  -21,    0
 18712, 99727,20191216,   -8,    0
 18712, 99727,20191217,   -7,    0
 18712, 99727,20191218,    2,    0
 18712, 99727,20191219,  -20,    0
 18712, 99727,20191220,    7,    0
 18712, 99727,20191221,-9999,    9
 18712, 99727,20191222,-9999,    9
 18712, 99727,20191223,-9999,    9
 18712, 99727,20191224,  -78,    0
 18712, 99727,20191225,  -26,    0
 18712, 99727,20191226,  -17,    0
 18712, 99727,20191227,  -37,    0
 18712, 99727,20191228,   23,    0
 18712, 99727,20191229,   68,    0
 18712, 99727,20191230,   51,    0
 18712, 99727,20191231,   31,    0
 18712, 99727,20200101,   68,    0
 18712, 99727,20200102,   83,    0
 18712, 99727,20200103,    4,    0
 18712, 99727,20200104,    7,    0
 18712, 99727,20200105,-9999,    9
 18712, 99727,20200106,-9999,    9
 18712, 99727,20200107,   48,    0
 18712, 99727,20200108,   35,    0
 18712, 99727,20200109,   16,    0
 18712, 99727,20200110,   15,    0
 18712, 99727,20200111,   45,    0
 18712, 99727,20200112,-9999,    9
 18712, 99727,20200113,-9999,    9
 18712, 99727,20200114,-9999,    9
 18712, 99727,20200115,-9999,    9
 18712, 99727,20200116,   46,    0
 18712, 99727,20200117,   11,    0
 18712, 99727,20200118,   11,    0
 18712, 99727,20200119,   34,    0
 18712, 99727,20200120,   77,    0
 18712, 99727,20200121,   24,    0
 18712, 99727,20200122,   17,    0
 18712, 99727,20200123,   50,    0
 18712, 99727,20200124,   12,    0
 18712, 99727,20200125,   19,    0
 18712, 99727,20200126,   47,    0
 18712, 99727,20200127,-9999,    9
 18712, 99727,20200128,-9999,    9
 18712, 99727,20200129,   11,    0
 18712, 99727,20200130,  -22,    0
 18712, 99727,20200131,   15,    0
 18712, 99727,20200201,    8,    0
 18712, 99727,20200202,   16,    0
 18712, 99727,20200203,  -24,    0
 18712, 99727,20200204,  -33,    0
 18712, 99727,20200205,   22,    0
 18712, 99727,20200206,   18,    0
 18712, 99727,20200207,   36,    0
 18712, 99727,20200208,   15,    0
 18712, 99727,20200209,   49,    0
 18712, 99727,20200210,   25,    0
 18712, 99727,20200211,    3,    0
 18712, 99727,20200212,   10,    0
 18712, 99727,20200213,    0,    0
 18712, 99727,20200214,   -6,    0
 18712, 99727,20200215,   41,    0
 18712, 99727,20200216,   46,    0
 18712, 99727,20200217,   33,    0
 18712, 99727,20200218,   25,    0
 18712, 99727,20200219,   -1,    0
 18712, 99727,20200220,   24,    0
 18712, 99727,20200221,   42,    0
 18712, 99727,20200222,   20,    0
 18712, 99727,20200223,    8,    0
 18712, 99727,20200224,  -12,    0
 18712, 99727,20200225,  -41,    0
 18712, 99727,20200226,  -39,    0
 18712, 99727,20200227,  -36,    0
 18712, 99727,20200228,  -16,    0
 18712, 99727,20200229,  -32,    0
 18712, 99727,20200301,  -30,    0
 18712, 99727,20200302,   -7,    0
 18712, 99727,20200303,    9,    0
 18712, 99727,20200304,   16,    0
 18712, 99727,20200305,   18,    0
 18712, 99727,20200306,   16,    0
 18712, 99727,20200307,    6,    0
 18712, 99727,20200308,   52,    0
 18712, 99727,20200309,   34,    0
 18712, 99727,20200310,   13,    0
 18712, 99727,20200311,   20,    0
 18712, 99727,20200312,    4,    0
 18712, 99727,20200313,  -36,    0
 18712, 99727,20200314,  -15,    0
 18712, 99727,20200315,   36,    0
 18712, 99727,20200316,    6,    0
 18712, 99727,20200317,   34,    0
 18712, 99727,20200318,   20,    0
 18712, 99727,20200319,   12,    0
 18712, 99727,20200320,-9999,    9
 18712, 99727,20200321,-9999,    9
 18712, 99727,20200322,-9999,    9
 18712, 99727,20200323,-9999,    9
 18712, 99727,20200324,-9999,    9
 18712, 99727,20200325,-9999,    9
 18712, 99727,20200326,-9999,    9
 18712, 99727,20200327,   42,    0
 18712, 99727,20200328,  -10,    0
 18712, 99727,20200329,    3,    0
 18712, 99727,20200330,    3,    0
 18712, 99727,20200331,   36,    0
 18712, 99727,20200401,   20,    0
 18712, 99727,20200402,   -1,    0
 18712, 99727,20200403,  -15,    0
 18712, 99727,20200404,  -19,    0
 18712, 99727,20200405,    3,    0
 18712, 99727,20200406,   66,    0
 18712, 99727,20200407,   61,    0
 18712, 99727,20200408,   36,    0
 18712, 99727,20200409,   23,    0
 18712, 99727,20200410,    0,    0
 18712, 99727,20200411,-9999,    9
 18712, 99727,20200412,-9999,    9
 18712, 99727,20200413,-9999,    9
 18712, 99727,20200414,-9999,    9
 18712, 99727,20200415,-9999,    9
 18712, 99727,20200416,-9999,    9
 18712, 99727,20200417,   35,    0
 18712, 99727,20200418,   44,    0
 18712, 99727,20200419,   37,    0
 18712, 99727,20200420,   49,    0
 18712, 99727,20200421,   42,    0
 18712, 99727,20200422,   44,    0
 18712, 99727,20200423,   36,    0
 18712, 99727,20200424,   47,    0
 18712, 99727,20200425,   41,    0
 18712, 99727,20200426,   35,    0
 18712, 99727,20200427,   50,    0
 18712, 99727,20200428,   52,    0
 18712, 99727,20200429,   50,    0
 18712, 99727,20200430,   56,    0
 18712, 99727,20200501,   61,    0
 18712, 99727,20200502,   47,    0
 18712, 99727,20200503,   38,    0
 18712, 99727,20200504,   32,    0
 18712, 99727,20200505,   49,    0
 18712, 99727,20200506,   48,    0
 18712, 99727,20200507,   42,    0
 18712, 99727,20200508,   36,    0
 18712, 99727,20200509,   24,    0
 18712, 99727,20200510,    5,    0
 18712, 99727,20200511,   10,    0
 18712, 99727,20200512,    6,    0
 18712, 99727,20200513,    3,    0
 18712, 99727,20200514,    2,    0
 18712, 99727,20200515,   14,    0
 18712, 99727,20200516,   12,    0
 18712, 99727,20200517,   39,    0
 18712, 99727,20200518,   36,    0
 18712, 99727,20200519,   38,    0
 18712, 99727,20200520,   50,    0
 18712, 99727,20200521,   92,    0
 18712, 99727,20200522,  129,    0
 18712, 99727,20200523,  132,    0
 18712, 99727,20200524,  113,    0
 18712, 99727,20200525,   87,    0
 18712, 99727,20200526,   93,    0
 18712, 99727,20200527,   78,    0
 18712, 99727,20200528,   82,    0
 18712, 99727,20200529,  103,    0
 18712, 99727,20200530,  147,    0
 18712, 99727,20200531,  174,    0
 18712, 99727,20200601,  145,    0
 18712, 99727,20200602,  113,    0
 18712, 99727,20200603,   80,    0
 18712, 99727,20200604,  140,    0
 18712, 99727,20200605,  169,    0
 18712, 99727,20200606,  136,    0
 18712, 99727,20200607,   72,    0
 18712, 99727,20200608,   61,    0
 18712, 99727,20200609,   82,    0
 18712, 99727,20200610,   99,    0
 18712, 99727,20200611,  101,    0
 18712, 99727,20200612,  149,    0
 18712, 99727,20200613,  186,    0
 18712, 99727,20200614,  163,    0
 18712, 99727,20200615,  149,    0
 18712, 99727,20200616,  153,    0
 18712, 99727,20200617,  159,    0
 18712, 99727,20200618,  133,    0
 18712, 99727,20200619,  143,    0
 18712, 99727,20200620,  223,    0
 18712, 99727,20200621,  212,    0
 18712, 99727,20200622,  144,    0
 18712, 99727,20200623,  163,    0
 18712, 99727,20200624,  184,    0
 18712, 99727,20200625,  168,    0
 18712, 99727,20200626,  171,    0
 18712, 99727,20200627,-9999,    9
 18712, 99727,20200628,  222,    0
 18712, 99727,20200629,  142,    0
 18712, 99727,20200630,-9999,    9
 18712, 99727,20200701,   81,    0
 18712, 99727,20200702,   78,    0
 18712, 99727,20200703,   79,    0
 18712, 99727,20200704,  103,    0
 18712, 99727,20200705,  137,    0
 18712, 99727,20200706,  102,    0
 18712, 99727,20200707,   95,    0
 18712, 99727,20200708,   93,    0
 18712, 99727,20200709,   95,    0
 18712, 99727,20200710,  112,    0
 18712, 99727,20200711,  100,    0
 18712, 99727,20200712,   87,    0
 18712, 99727,20200713,  107,    0
 18712, 99727,20200714,  137,    0
 18712, 99727,20200715,  145,    0
 18712, 99727,20200716,  140,    0
 18712, 99727,20200717,  128,    0
 18712, 99727,20200718,  146,    0
 18712, 99727,20200719,  135,    0
 18712, 99727,20200720,  115,    0
 18712, 99727,20200721,  101,    0
 18712, 99727,20200722,   93,    0
 18712, 99727,20200723,   96,    0
 18712, 99727,20200724,   94,    0
 18712, 99727,20200725,  101,    0
 18712, 99727,20200726,  162,    0
 18712, 99727,20200727,  151,    0
 18712, 99727,20200728,  171,    0
 18712, 99727,20200729,  167,    0
 18712, 99727,20200730,  140,    0
 18712, 99727,20200731,  144,    0
 18712, 99727,20200801,  170,    0
 18712, 99727,20200802,  148,    0
 18712, 99727,20200803,  109,    0
 18712, 99727,20200804,  117,    0
 18712, 99727,20200805,  144,    0
 18712, 99727,20200806,  152,    0
 18712, 99727,20200807,  177,    0
 18712, 99727,20200808,  141,    0
 18712, 99727,20200809,  112,    0
 18712, 99727,20200810,  136,    0
 18712, 99727,20200811,  134,    0
 18712, 99727,20200812,  124,    0
 18712, 99727,20200813,  140,    0
 18712, 99727,20200814,  133,    0
 18712, 99727,20200815,  135,    0
 18712, 99727,20200816,  123,    0
 18712, 99727,20200817,  121,    0
 18712, 99727,20200818,  136,    0
 18712, 99727,20200819,  131,    0
 18712, 99727,20200820,  144,    0
 18712, 99727,20200821,  186,    0
 18712, 99727,20200822,  157,    0
 18712, 99727,20200823,  101,    0
 18712, 99727,20200824,-9999,    9
 18712, 99727,20200825,-9999,    9
 18712, 99727,20200826,   97,    0
 18712, 99727,20200827,   91,    0
 18712, 99727,20200828,   97,    0
 18712, 99727,20200829,  103,    0
 18712, 99727,20200830,   76,    0
 18712, 99727,20200831,   69,    0
 18712, 99727,20200901,  103,    0
 18712, 99727,20200902,  123,    0
 18712, 99727,20200903,  131,    0
 18712, 99727,20200904,  121,    0
 18712, 99727,20200905,  106,    0
 18712, 99727,20200906,   88,    0
 18712, 99727,20200907,  105,    0
 18712, 99727,20200908,  111,    0
 18712, 99727,20200909,   90,    0
 18712, 99727,20200910,   68,    0
 18712, 99727,20200911,  104,    0
 18712, 99727,20200912,   91,    0
 18712, 99727,20200913,   91,    0
 18712, 99727,20200914,   87,    0
 18712, 99727,20200915,   81,    0
 18712, 99727,20200916,   78,    0
 18712, 99727,20200917,   84,    0
 18712, 99727,20200918,  107,    0
 18712, 99727,20200919,   90,    0
 18712, 99727,20200920,  107,    0
 18712, 99727,20200921,  109,    0
 18712, 99727,20200922,   80,    0
 18712, 99727,20200923,   70,    0
 18712, 99727,20200924,   75,    0
 18712, 99727,20200925,   74,    0
 18712, 99727,20200926,   73,    0
 18712, 99727,20200927,   99,    0
 18712, 99727,20200928,  124,    0
 18712, 99727,20200929,  100,    0
 18712, 99727,20200930,  103,    0
 18712, 99727,20201001,  122,    0
 18712, 99727,20201002,  138,    0
 18712, 99727,20201003,  134,    0
 18712, 99727,20201004,  142,    0
 18712, 99727,20201005,  123,    0
 18712, 99727,20201006,  113,    0
 18712, 99727,20201007,  100,    0
 18712, 99727,20201008,   70,    0
 18712, 99727,20201009,   71,    0
 18712, 99727,20201010,   64,    0
 18712, 99727,20201011,   78,    0
 18712, 99727,20201012,   59,    0
 18712, 99727,20201013,   54,    0
 18712, 99727,20201014,   56,    0
 18712, 99727,20201015,   58,    0
 18712, 99727,20201016,   69,    0
 18712, 99727,20201017,   53,    0
 18712, 99727,20201018,   34,    0
 18712, 99727,20201019,   10,    0
 18712, 99727,20201020,   15,    0
 18712, 99727,20201021,   11,    0
 18712, 99727,20201022,  -10,    0
 18712, 99727,20201023,    0,    0
 18712, 99727,20201024,   12,    0
 18712, 99727,20201025,-9999,    9
 18712, 99727,20201026,-9999,    9
 18712, 99727,20201027,    0,    0
 18712, 99727,20201028,   19,    0
 18712, 99727,20201029,   17,    0
 18712, 99727,20201030,   33,    0
 18712, 99727,20201031,   63,    0
 18712, 99727,20201101,  108,    0
 18712, 99727,20201102,   78,    0
 18712, 99727,20201103,   60,    0
 18712, 99727,20201104,   51,    0
 18712, 99727,20201105,   88,    0
 18712, 99727,20201106,   91,    0
 18712, 99727,20201107,   67,    0
 18712, 99727,20201108,   39,    0
 18712, 99727,20201109,   51,    0
 18712, 99727,20201110,   61,    0
 18712, 99727,20201111,   37,    0
 18712, 99727,20201112,   66,    0
 18712, 99727,20201113,   43,    0
 18712, 99727,20201114,   37,    0
 18712, 99727,20201115,   68,    0
 18712, 99727,20201116,   85,    0
 18712, 99727,20201117,   61,    0
 18712, 99727,20201118,   24,    0
 18712, 99727,20201119,   -3,    0
 18712, 99727,20201120,    4,    0
 18712, 99727,20201121,   40,    0
 18712, 99727,20201122,   49,    0
 18712, 99727,20201123,   24,    0
 18712, 99727,20201124,   36,    0
 18712, 99727,20201125,   43,    0
 18712, 99727,20201126,   34,    0
 18712, 99727,20201127,    1,    0
 18712, 99727,20201128,  -30,    0
 18712, 99727,20201129,    6,    0
 18712, 99727,20201130,   37,    0
 18712, 99727,20201201,    3,    0
 18712, 99727,20201202,   16,    0
 18712, 99727,20201203,-9999,    9
 18712, 99727,20201204,    7,    0
 18712, 99727,20201205,   -3,    0
 18712, 99727,20201206,    2,    0
 18712, 99727,20201207,-9999,    9
 18712, 99727,20201208,-9999,    9
 18712, 99727,20201209,   11,    0
 18712, 99727,20201210,  -34,    0
 18712, 99727,20201211,   24,    0
 18712, 99727,20201212,  -14,    0
 18712, 99727,20201213,  -71,    0
 18712, 99727,20201214,-9999,    9
 18712, 99727,20201215,   16,    0
 18712, 99727,20201216,   42,    0
 18712, 99727,20201217,   25,    0
 18712, 99727,20201218,   23,    0
 18712, 99727,20201219,   74,    0
 18712, 99727,20201220,   55,    0
 18712, 99727,20201221,   42,    0
 18712, 99727,20201222,-9999,    9
 18712, 99727,20201223,   23,    0
 18712, 99727,20201224,    0,    0
 18712, 99727,20201225,  -10,    0
 18712, 99727,20201226,    9,    0
 18712, 99727,20201227,-9999,    9
 18712, 99727,20201228,   43,    0
 18712, 99727,20201229,   19,    0
 18712, 99727,20201230,    4,    0
 18712, 99727,20201231,  -29,    0
 18712, 99727,20210101,-9999,    9
 18712, 99727,20210102,-9999,    9
 18712, 99727,20210103, -101,    0
 18712, 99727,20210104, -102,    0
 18712, 99727,20210105,  -78,    0
 18712, 99727,20210106,  -93,    0
 18712, 99727,20210107,  -79,    0
 18712, 99727,20210108,  -45,    0
 18712, 99727,20210109,  -27,    0
 18712, 99727,20210110,  -19,    0
 18712, 99727,20210111,  -69,    0
 18712, 99727,20210112,  -35,    0
 18712, 99727,20210113,  -92,    0
 18712, 99727,20210114, -163,    0
 18712, 99727,20210115, -111,    0
 18712, 99727,20210116,  -94,    0
 18712, 99727,20210117, -110,    0
 18712, 99727,20210118,  -69,    0
 18712, 99727,20210119,  -90,    0
 18712, 99727,20210120,  -41,    0
 18712, 99727,20210121,   22,    0
 18712, 99727,20210122,   28,    0
 18712, 99727,20210123,    7,    0
 18712, 99727,20210124,  -12,    0
 18712, 99727,20210125,  -48,    0
 18712, 99727,20210126,   -9,    0
 18712, 99727,20210127,  -24,    0
 18712, 99727,20210128,  -23,    0
 18712, 99727,20210129,   -6,    0
 18712, 99727,20210130,  -18,    0
 18712, 99727,20210131,  -27,    0
 18712, 99727,20210201,  -55,    0
 18712, 99727,20210202, -146,    0
 18712, 99727,20210203, -138,    0
 18712, 99727,20210204, -126,    0
 18712, 99727,20210205, -134,    0
 18712, 99727,20210206, -115,    0
 18712, 99727,20210207, -129,    0
 18712, 99727,20210208, -101,    0
 18712, 99727,20210209,  -88,    0
 18712, 99727,20210210, -114,    0
 18712, 99727,20210211, -162,    0
 18712, 99727,20210212,  -49,    0
 18712, 99727,20210213,   -3,    0
 18712, 99727,20210214,  -46,    0
 18712, 99727,20210215,  -46,    0
 18712, 99727,20210216,  -15,    0
 18712, 99727,20210217,  -14,    0
 18712, 99727,20210218,    8,    0
 18712, 99727,20210219,   19,    0
 18712, 99727,20210220,   22,    0
 18712, 99727,20210221,-9999,    9
 18712, 99727,20210222,    4,    0
 18712, 99727,20210223,   41,    0
 18712, 99727,20210224,   56,    0
 18712, 99727,20210225,   53,    0
 18712, 99727,20210226,   39,    0
 18712, 99727,20210227,   57,    0
 18712, 99727,20210228,   59,    0
 18712, 99727,20210301,   45,    0
 18712, 99727,20210302,   36,    0
 18712, 99727,20210303,   17,    0
 18712, 99727,20210304,-9999,    9
 18712, 99727,20210305,    4,    0
 18712, 99727,20210306,    6,    0
 18712, 99727,20210307,   -8,    0
 18712, 99727,20210308,  -19,    0
 18712, 99727,20210309,    3,    0
 18712, 99727,20210310,    6,    0
 18712, 99727,20210311,   35,    0
 18712, 99727,20210312,   30,    0
 18712, 99727,20210313,    2,    0
 18712, 99727,20210314,   -7,    0
 18712, 99727,20210315,   16,    0
 18712, 99727,20210316,   -2,    0
 18712, 99727,20210317,    0,    0
 18712, 99727,20210318,   21,    0
 18712, 99727,20210319,   28,    0
 18712, 99727,20210320,   38,    0
 18712, 99727,20210321,-9999,    9
 18712, 99727,20210322,   52,    0
 18712, 99727,20210323,   64,    0
 18712, 99727,20210324,   51,    0
 18712, 99727,20210325,   29,    0
 18712, 99727,20210326,   55,    0
 18712, 99727,20210327,   39,    0
 18712, 99727,20210328,   48,    0
 18712, 99727,20210329,   51,    0
 18712, 99727,20210330,   43,    0
 18712, 99727,20210331,   24,    0
 18712, 99727,20210401,   23,    0
 18712, 99727,20210402,   19,    0
 18712, 99727,20210403,   35,    0
 18712, 99727,20210404,   24,    0
 18712, 99727,20210405,    5,    0
 18712, 99727,20210406,   19,    0
 18712, 99727,20210407,   -3,    0
 18712, 99727,20210408,   -6,    0
 18712, 99727,20210409,    0,    0
 18712, 99727,20210410,    5,    0
 18712, 99727,20210411,   20,    0
 18712, 99727,20210412,   12,    0
 18712, 99727,20210413,   10,    0
 18712, 99727,20210414,   28,    0
 18712, 99727,20210415,   38,    0
 18712, 99727,20210416,   45,    0
 18712, 99727,20210417,-9999,    9
 18712, 99727,20210418,   66,    0
 18712, 99727,20210419,   77,    0
 18712, 99727,20210420,   65,    0
 18712, 99727,20210421,   25,    0
 18712, 99727,20210422,   10,    0
 18712, 99727,20210423,    4,    0
 18712, 99727,20210424,    7,    0
 18712, 99727,20210425,   12,    0
 18712, 99727,20210426,   17,    0
 18712, 99727,20210427,   19,    0
 18712, 99727,20210428,   11,    0
 18712, 99727,20210429,    4,    0
 18712, 99727,20210430,   16,    0
 18712, 99727,20210501,   16,    0
 18712, 99727,20210502,    4,    0
 18712, 99727,20210503,   27,    0
 18712, 99727,20210504,   53,    0
 18712, 99727,20210505,   59,    0
 18712, 99727,20210506,   33,    0
 18712, 99727,20210507,   14,    0
 18712, 99727,20210508,   15,    0
 18712, 99727,20210509,   52,    0
 18712, 99727,20210510,-9999,    9
 18712, 99727,20210511,-9999,    9
 18712, 99727,20210512,   63,    0
 18712, 99727,20210513,   62,    0
 18712, 99727,20210514,   76,    0
 18712, 99727,20210515,  119,    0
 18712, 99727,20210516,-9999,    9
 18712, 99727,20210517,   86,    0
 18712, 99727,20210518,   76,    0
 18712, 99727,20210519,   78,    0
 18712, 99727,20210520,   57,    0
 18712, 99727,20210521,   71,    0
 18712, 99727,20210522,   89,    0
 18712, 99727,20210523,  101,    0
 18712, 99727,20210524,   95,    0
 18712, 99727,20210525,  111,    0
 18712, 99727,20210526,  114,    0
 18712, 99727,20210527,  105,    0
 18712, 99727,20210528,   80,    0
 18712, 99727,20210529,   89,    0
 18712, 99727,20210530,   85,    0
 18712, 99727,20210531,   96,    0
 18712, 99727,20210601,  148,    0
 18712, 99727,20210602,  155,    0
 18712, 99727,20210603,  155,    0
 18712, 99727,20210604,  169,    0
 18712, 99727,20210605,  137,    0
 18712, 99727,20210606,  127,    0
 18712, 99727,20210607,  117,    0
 18712, 99727,20210608,  125,    0
 18712, 99727,20210609,  139,    0
 18712, 99727,20210610,  167,    0
 18712, 99727,20210611,  138,    0
 18712, 99727,20210612,   94,    0
 18712, 99727,20210613,   92,    0
 18712, 99727,20210614,-9999,    9
 18712, 99727,20210615,   78,    0
 18712, 99727,20210616,  108,    0
 18712, 99727,20210617,  119,    0
 18712, 99727,20210618,  105,    0
 18712, 99727,20210619,  102,    0
 18712, 99727,20210620,  119,    0
 18712, 99727,20210621,  120,    0
 18712, 99727,20210622,  104,    0
 18712, 99727,20210623,  113,    0
 18712, 99727,20210624,  105,    0
 18712, 99727,20210625,  100,    0
 18712, 99727,20210626,  109,    0
 18712, 99727,20210627,  110,    0
 18712, 99727,20210628,  113,    0
 18712, 99727,20210629,   98,    0
 18712, 99727,20210630,  106,    0
 18712, 99727,20210701,  154,    0
 18712, 99727,20210702,  142,    0
 18712, 99727,20210703,  173,    0
 18712, 99727,20210704,  152,    0
 18712, 99727,20210705,  192,    0
 18712, 99727,20210706,  194,    0
 18712, 99727,20210707,  160,    0
 18712, 99727,20210708,  164,    0
 18712, 99727,20210709,  168,    0
 18712, 99727,20210710,  146,    0
 18712, 99727,20210711,  157,    0
 18712, 99727,20210712,  158,    0
 18712, 99727,20210713,  135,    0
 18712, 99727,20210714,  159,    0
 18712, 99727,20210715,  140,    0
 18712, 99727,20210716,  142,    0
 18712, 99727,20210717,  130,    0
 18712, 99727,20210718,  101,    0
 18712, 99727,20210719,  112,    0
 18712, 99727,20210720,  100,    0
 18712, 99727,20210721,  120,    0
 18712, 99727,20210722,  110,    0
 18712, 99727,20210723,  117,    0
 18712, 99727,20210724,  134,    0
 18712, 99727,20210725,  121,    0
 18712, 99727,20210726,  163,    0
 18712, 99727,20210727,  214,    0
 18712, 99727,20210728,  227,    0
 18712, 99727,20210729,  174,    0
 18712, 99727,20210730,  113,    0
 18712, 99727,20210731,-9999,    9
 18712, 99727,20210801,-9999,    9
 18712, 99727,20210802,-9999,    9
 18712, 99727,20210803,   86,    0
 18712, 99727,20210804,  109,    0
 18712, 99727,20210805,  135,    0
 18712, 99727,20210806,  148,    0
 18712, 99727,20210807,  175,    0
 18712, 99727,20210808,  149,    0
 18712, 99727,20210809,  151,    0
 18712, 99727,20210810,  130,    0
 18712, 99727,20210811,  132,    0
 18712, 99727,20210812,-9999,    9
 18712, 99727,20210813,  142,    0
 18712, 99727,20210814,  116,    0
 18712, 99727,20210815,  119,    0
 18712, 99727,20210816,  110,    0
 18712, 99727,20210817,  102,    0
 18712, 99727,20210818,  106,    0
 18712, 99727,20210819,  102,    0
 18712, 99727,20210820,  101,    0
 18712, 99727,20210821,   98,    0
 18712, 99727,20210822,   99,    0
 18712, 99727,20210823,   89,    0
 18712, 99727,20210824,  104,    0
 18712, 99727,20210825,  110,    0
 18712, 99727,20210826,  108,    0
 18712, 99727,20210827,  129,    0
 18712, 99727,20210828,  107,    0
 18712, 99727,20210829,  103,    0
 18712, 99727,20210830,  118,    0
 18712, 99727,20210831,-9999,    9
 18712, 99727,20210901,  114,    0
 18712, 99727,20210902,  113,    0
 18712, 99727,20210903,   85,    0
 18712, 99727,20210904,   76,    0
 18712, 99727,20210905,   97,    0
 18712, 99727,20210906,  118,    0
 18712, 99727,20210907,  130,    0
 18712, 99727,20210908,-9999,    9
 18712, 99727,20210909,  111,    0
 18712, 99727,20210910,   96,    0
 18712, 99727,20210911,  109,    0
 18712, 99727,20210912,   95,    0
 18712, 99727,20210913,   75,    0
 18712, 99727,20210914,   73,    0
 18712, 99727,20210915,   91,    0
 18712, 99727,20210916,  105,    0
 18712, 99727,20210917,  115,    0
 18712, 99727,20210918,   94,    0
 18712, 99727,20210919,   94,    0
 18712, 99727,20210920,   92,    0
 18712, 99727,20210921,   95,    0
 18712, 99727,20210922,   95,    0
 18712, 99727,20210923,   71,    0
 18712, 99727,20210924,   72,    0
 18712, 99727,20210925,   86,    0
 18712, 99727,20210926,  121,    0
 18712, 99727,20210927,  142,    0
 18712, 99727,20210928,  111,    0
 18712, 99727,20210929,  110,    0
 18712, 99727,20210930,  124,    0
 18712, 99727,20211001,  122,    0
 18712, 99727,20211002,  100,    0
 18712, 99727,20211003,  118,    0
 18712, 99727,20211004,  105,    0
 18712, 99727,20211005,   85,    0
 18712, 99727,20211006,   79,    0
 18712, 99727,20211007,   90,    0
 18712, 99727,20211008,  108,    0
 18712, 99727,20211009,  117,    0
 18712, 99727,20211010,   92,    0
 18712, 99727,20211011,   60,    0
 18712, 99727,20211012,   50,    0
 18712, 99727,20211013,   44,    0
 18712, 99727,20211014,   86,    0
 18712, 99727,20211015,-9999,    9
 18712, 99727,20211016,   33,    0
 18712, 99727,20211017,   27,    0
 18712, 99727,20211018,   32,    0
 18712, 99727,20211019,   54,    0
 18712, 99727,20211020,   75,    0
 18712, 99727,20211021,   40,    0
 18712, 99727,20211022,   39,    0
 18712, 99727,20211023,   33,    0
 18712, 99727,20211024,   57,    0
 18712, 99727,20211025,   58,    0
 18712, 99727,20211026,   47,    0
 18712, 99727,20211027,   82,    0
 18712, 99727,20211028,   89,    0
 18712, 99727,20211029,   79,    0
 18712, 99727,20211030,   92,    0
 18712, 99727,20211031,-9999,    9
 18712, 99727,20211101,-9999,    9
 18712, 99727,20211102,   92,    0
 18712, 99727,20211103,    8,    0
 18712, 99727,20211104,   21,    0
 18712, 99727,20211105,   37,    0
 18712, 99727,20211106,   17,    0
 18712, 99727,20211107,-9999,    9
 18712, 99727,20211108,-9999,    9
 18712, 99727,20211109,   49,    0
 18712, 99727,20211110,   51,    0
 18712, 99727,20211111,   45,    0
 18712, 99727,20211112,   13,    0
 18712, 99727,20211113,    3,    0
 18712, 99727,20211114,  -12,    0
 18712, 99727,20211115,   40,    0
 18712, 99727,20211116,   48,    0
 18712, 99727,20211117,   43,    0
 18712, 99727,20211118,   24,    0
 18712, 99727,20211119,   42,    0
 18712, 99727,20211120,   23,    0
 18712, 99727,20211121,    6,    0
 18712, 99727,20211122,   28,    0
 18712, 99727,20211123,   54,    0
 18712, 99727,20211124,   36,    0
 18712, 99727,20211125,   -9,    0
 18712, 99727,20211126,  -43,    0
 18712, 99727,20211127,  -99,    0
 18712, 99727,20211128, -114,    0
 18712, 99727,20211129,  -47,    0
 18712, 99727,20211130,-9999,    9
 18712, 99727,20211201,  -18,    0
 18712, 99727,20211202,  -76,    0
 18712, 99727,20211203,  -94,    0
 18712, 99727,20211204,  -30,    0
 18712, 99727,20211205,  -82,    0
 18712, 99727,20211206, -113,    0
 18712, 99727,20211207,  -83,    0
 18712, 99727,20211208,  -59,    0
 18712, 99727,20211209,  -46,    0
 18712, 99727,20211210,  -75,    0
 18712, 99727,20211211,  -70,    0
 18712, 99727,20211212,   -2,    0
 18712, 99727,20211213,   12,    0
 18712, 99727,20211214,   38,    0
 18712, 99727,20211215,   51,    0
 18712, 99727,20211216,   54,    0
 18712, 99727,20211217,   72,    0
 18712, 99727,20211218,   61,    0
 18712, 99727,20211219,   21,    0
 18712, 99727,20211220,    4,    0
 18712, 99727,20211221,   10,    0
 18712, 99727,20211222,  -23,    0
 18712, 99727,20211223,  -21,    0
 18712, 99727,20211224,  -68,    0
 18712, 99727,20211225,  -17,    0
 18712, 99727,20211226,   -8,    0
 18712, 99727,20211227,  -66,    0
 18712, 99727,20211228,  -83,    0
 18712, 99727,20211229,  -20,    0
 18712, 99727,20211230,  -21,    0
 18712, 99727,20211231,   12,    0
 18712, 99727,20220101,  -29,    0
 18712, 99727,20220102,   27,    0
 18712, 99727,20220103,    6,    0
 18712, 99727,20220104,  -69,    0
 18712, 99727,20220105,  -29,    0
 18712, 99727,20220106,  -74,    0
 18712, 99727,20220107,  -68,    0
 18712, 99727,20220108,  -62,    0
 18712, 99727,20220109, -115,    0
 18712, 99727,20220110,  -80,    0
 18712, 99727,20220111,   36,    0
 18712, 99727,20220112,   62,    0
 18712, 99727,20220113,   56,    0
 18712, 99727,20220114,   15,    0
 18712, 99727,20220115,   26,    0
 18712, 99727,20220116,   16,    0
 18712, 99727,20220117,    6,    0
 18712, 99727,20220118,-9999,    9
 18712, 99727,20220119,   12,    0
 18712, 99727,20220120,  -19,    0
 18712, 99727,20220121,   16,    0
 18712, 99727,20220122,   60,    0
 18712, 99727,20220123,   72,    0
 18712, 99727,20220124,   24,    0
 18712, 99727,20220125,    5,    0
 18712, 99727,20220126,   25,    0
 18712, 99727,20220127,   14,    0
 18712, 99727,20220128,   10,    0
 18712, 99727,20220129,   18,    0
 18712, 99727,20220130,   -6,    0
 18712, 99727,20220131,  -46,    0
 18712, 99727,20220201,-9999,    9
 18712, 99727,20220202,-9999,    9
 18712, 99727,20220203,  -24,    0
 18712, 99727,20220204,    9,    0
 18712, 99727,20220205,    0,    0
 18712, 99727,20220206,    2,    0
 18712, 99727,20220207,   10,    0
 18712, 99727,20220208,   15,    0
 18712, 99727,20220209,    6,    0
 18712, 99727,20220210,   -6,    0
 18712, 99727,20220211,  -13,    0
 18712, 99727,20220212,    6,    0
 18712, 99727,20220213,   19,    0
 18712, 99727,20220214,  -12,    0
 18712, 99727,20220215,  -23,    0
 18712, 99727,20220216,  -21,    0
 18712, 99727,20220217,  -11,    0
 18712, 99727,20220218,   -5,    0
 18712, 99727,20220219,  -16,    0
 18712, 99727,20220220,  -12,    0
 18712, 99727,20220221,  -59,    0
 18712, 99727,20220222,  -21,    0
 18712, 99727,20220223,   21,    0
 18712, 99727,20220224,   14,    0
 18712, 99727,20220225,   -1,    0
 18712, 99727,20220226,    5,    0
 18712, 99727,20220227,   -4,    0
 18712, 99727,20220228,  -12,    0
 18712, 99727,20220301,   27,    0
 18712, 99727,20220302,   21,    0
 18712, 99727,20220303,-9999,    9
 18712, 99727,20220304,  -22,    0
 18712, 99727,20220305,    6,    0
 18712, 99727,20220306,   30,    0
 18712, 99727,20220307,   44,    0
 18712, 99727,20220308,   18,    0
 18712, 99727,20220309,   24,    0
 18712, 99727,20220310,   41,    0
 18712, 99727,20220311,   41,    0
 18712, 99727,20220312,   39,    0
 18712, 99727,20220313,   33,    0
 18712, 99727,20220314,   17,    0
 18712, 99727,20220315,   11,    0
 18712, 99727,20220316,   34,    0
 18712, 99727,20220317,   35,    0
 18712, 99727,20220318,   37,    0
 18712, 99727,20220319,   81,    0
 18712, 99727,20220320,   20,    0
 18712, 99727,20220321,    6,    0
 18712, 99727,20220322,   11,    0
 18712, 99727,20220323,   73,    0
 18712, 99727,20220324,   65,    0
 18712, 99727,20220325,   44,    0
 18712, 99727,20220326,   13,    0
 18712, 99727,20220327,-9999,    9
 18712, 99727,20220328,    6,    0
 18712, 99727,20220329,  -24,    0
 18712, 99727,20220330,  -16,    0
 18712, 99727,20220331,  -24,    0
 18712, 99727,20220401,  -22,    0
 18712, 99727,20220402,   -1,    0
 18712, 99727,20220403,   -4,    0
 18712, 99727,20220404,  -13,    0
 18712, 99727,20220405,-9999,    9
 18712, 99727,20220406,   -9,    0
 18712, 99727,20220407,   -9,    0
 18712, 99727,20220408,  -21,    0
 18712, 99727,20220409,   12,    0
 18712, 99727,20220410,   26,    0
 18712, 99727,20220411,   17,    0
 18712, 99727,20220412,   29,    0
 18712, 99727,20220413,   27,    0
 18712, 99727,20220414,   32,    0
 18712, 99727,20220415,   44,    0
 18712, 99727,20220416,   64,    0
 18712, 99727,20220417,   64,    0
 18712, 99727,20220418,   89,    0
 18712, 99727,20220419,   71,    0
 18712, 99727,20220420,   61,    0
 18712, 99727,20220421,   55,    0
 18712, 99727,20220422,   57,    0
 18712, 99727,20220423,   64,    0
 18712, 99727,20220424,   72,    0
 18712, 99727,20220425,   43,    0
 18712, 99727,20220426,   12,    0
 18712, 99727,20220427,    9,    0
 18712, 99727,20220428,   30,    0
 18712, 99727,20220429,   26,    0
 18712, 99727,20220430,   45,    0
 18712, 99727,20220501,-9999,    9
 18712, 99727,20220502,-9999,    9
 18712, 99727,20220503,-9999,    9
 18712, 99727,20220504,-9999,    9
 18712, 99727,20220505,-9999,    9
 18712, 99727,20220506,-9999,    9
 18712, 99727,20220507,-9999,    9
 18712, 99727,20220508,-9999,    9
 18712, 99727,20220509,-9999,    9
 18712, 99727,20220510,-9999,    9
 18712, 99727,20220511,-9999,    9
 18712, 99727,20220512,-9999,    9
 18712, 99727,20220513,-9999,    9
 18712, 99727,20220514,-9999,    9
 18712, 99727,20220515,   53,    0
 18712, 99727,20220516,   43,    0
 18712, 99727,20220517,   67,    0
 18712, 99727,20220518,   96,    0
 18712, 99727,20220519,-9999,    9
 18712, 99727,20220520,-9999,    9
 18712, 99727,20220521,   93,    0
 18712, 99727,20220522,  100,    0
 18712, 99727,20220523,  134,    0
 18712, 99727,20220524,  133,    0
 18712, 99727,20220525,  111,    0
 18712, 99727,20220526,   96,    0
 18712, 99727,20220527,   80,    0
 18712, 99727,20220528,   56,    0
 18712, 99727,20220529,   72,    0
 18712, 99727,20220530,  134,    0
 18712, 99727,20220531,  126,    0
 18712, 99727,20220601,  100,    0
 18712, 99727,20220602,  108,    0
 18712, 99727,20220603,   88,    0
 18712, 99727,20220604,   77,    0
 18712, 99727,20220605,   68,    0
 18712, 99727,20220606,   92,    0
 18712, 99727,20220607,   86,    0
 18712, 99727,20220608,   80,    0
 18712, 99727,20220609,   83,    0
 18712, 99727,20220610,  110,    0
 18712, 99727,20220611,  137,    0
 18712, 99727,20220612,-9999,    9
 18712, 99727,20220613,-9999,    9
 18712, 99727,20220614,   96,    0
 18712, 99727,20220615,  106,    0
 18712, 99727,20220616,  117,    0
 18712, 99727,20220617,  133,    0
 18712, 99727,20220618,  108,    0
 18712, 99727,20220619,   99,    0
 18712, 99727,20220620,  115,    0
 18712, 99727,20220621,   88,    0
 18712, 99727,20220622,   96,    0
 18712, 99727,20220623,  108,    0
 18712, 99727,20220624,  155,    0
 18712, 99727,20220625,  183,    0
 18712, 99727,20220626,  207,    0
 18712, 99727,20220627,  141,    0
 18712, 99727,20220628,  113,    0
 18712, 99727,20220629,  142,    0
 18712, 99727,20220630,  180,    0
 18712, 99727,20220701,  213,    0
 18712, 99727,20220702,  139,    0
 18712, 99727,20220703,  141,    0
 18712, 99727,20220704,  135,    0
 18712, 99727,20220705,  105,    0
 18712, 99727,20220706,   93,    0
 18712, 99727,20220707,   93,    0
 18712, 99727,20220708,  103,    0
 18712, 99727,20220709,   91,    0
 18712, 99727,20220710,   96,    0
 18712, 99727,20220711,  118,    0
 18712, 99727,20220712,  141,    0
 18712, 99727,20220713,  126,    0
 18712, 99727,20220714,   91,    0
 18712, 99727,20220715,   94,    0
 18712, 99727,20220716,   91,    0
 18712, 99727,20220717,  101,    0
 18712, 99727,20220718,  116,    0
 18712, 99727,20220719,  133,    0
 18712, 99727,20220720,  160,    0
 18712, 99727,20220721,  121,    0
 18712, 99727,20220722,  110,    0
 18712, 99727,20220723,  118,    0
 18712, 99727,20220724,  125,    0
 18712, 99727,20220725,  159,    0
 18712, 99727,20220726,  112,    0
 18712, 99727,20220727,   91,    0
 18712, 99727,20220728,  109,    0
 18712, 99727,20220729,  148,    0
 18712, 99727,20220730,  139,    0
 18712, 99727,20220731,  116,    0
 18712, 99727,20220801,  105,    0
 18712, 99727,20220802,  124,    0
 18712, 99727,20220803,  137,    0
 18712, 99727,20220804,  109,    0
 18712, 99727,20220805,  117,    0
 18712, 99727,20220806,   95,    0
 18712, 99727,20220807,  115,    0
 18712, 99727,20220808,  133,    0
 18712, 99727,20220809,-9999,    9
 18712, 99727,20220810,  172,    0
 18712, 99727,20220811,  116,    0
 18712, 99727,20220812,  113,    0
 18712, 99727,20220813,  122,    0
 18712, 99727,20220814,  156,    0
 18712, 99727,20220815,-9999,    9
 18712, 99727,20220816,  154,    0
 18712, 99727,20220817,-9999,    9
 18712, 99727,20220818,  125,    0
 18712, 99727,20220819,  140,    0
 18712, 99727,20220820,  113,    0
 18712, 99727,20220821,  104,    0
 18712, 99727,20220822,   99,    0
 18712, 99727,20220823,  123,    0
 18712, 99727,20220824,  154,    0
 18712, 99727,20220825,  159,    0
 18712, 99727,20220826,  127,    0
 18712, 99727,20220827,  111,    0
 18712, 99727,20220828,   95,    0
 18712, 99727,20220829,  101,    0
 18712, 99727,20220830,   99,    0
 18712, 99727,20220831,   84,    0
 18712, 99727,20220901,   95,    0
 18712, 99727,20220902,   96,    0
 18712, 99727,20220903,   93,    0
 18712, 99727,20220904,   94,    0
 18712, 99727,20220905,  100,    0
 18712, 99727,20220906,   73,    0
 18712, 99727,20220907,   71,    0
 18712, 99727,20220908,  101,    0
 18712, 99727,20220909,   90,    0
 18712, 99727,20220910,   74,    0
 18712, 99727,20220911,   90,    0
 18712, 99727,20220912,  107,    0
 18712, 99727,20220913,  110,    0
 18712, 99727,20220914,   95,    0
 18712, 99727,20220915,   98,    0
 18712, 99727,20220916,   94,    0
 18712, 99727,20220917,   91,    0
 18712, 99727,20220918,   88,    0
 18712, 99727,20220919,   71,    0
 18712, 99727,20220920,   60,    0
 18712, 99727,20220921,   86,    0
 18712, 99727,20220922,   99,    0
 18712, 99727,20220923,   98,    0
 18712, 99727,20220924,   74,    0
 18712, 99727,20220925,   70,    0
 18712, 99727,20220926,  105,    0
 18712, 99727,20220927,  126,    0
 18712, 99727,20220928,  112,    0
 18712, 99727,20220929,   89,    0
 18712, 99727,20220930,   91,    0
 18712, 99727,20221001,   86,    0
 18712, 99727,20221002,   90,    0
 18712, 99727,20221003,   89,    0
 18712, 99727,20221004,   94,    0
 18712, 99727,20221005,   84,    0
 18712, 99727,20221006,   79,    0
 18712, 99727,20221007,   73,    0
 18712, 99727,20221008,   58,    0
 18712, 99727,20221009,   72,    0
 18712, 99727,20221010,   91,    0
 18712, 99727,20221011,   50,    0
 18712, 99727,20221012,   67,    0
 18712, 99727,20221013,   57,    0
 18712, 99727,20221014,   42,    0
 18712, 99727,20221015,   52,    0
 18712, 99727,20221016,   58,    0
 18712, 99727,20221017,   58,    0
 18712, 99727,20221018,   44,    0
 18712, 99727,20221019,   54,    0
 18712, 99727,20221020,   40,    0
 18712, 99727,20221021,   23,    0
 18712, 99727,20221022,   34,    0
 18712, 99727,20221023,   30,    0
 18712, 99727,20221024,   27,    0
 18712, 99727,20221025,   52,    0
 18712, 99727,20221026,   78,    0
 18712, 99727,20221027,   74,    0
 18712, 99727,20221028,   94,    0
 18712, 99727,20221029,   61,    0
 18712, 99727,20221030,-9999,    9
 18712, 99727,20221031,   62,    0
