EUROPEAN CLIMATE ASSESSMENT & DATASET (ECA&D), file created on: 16-11-2022
THESE DATA CAN BE USED FOR NON-COMMERCIAL RESEARCH AND EDUCATION PROVIDED THAT THE FOLLOWING SOURCE IS ACKNOWLEDGED: 

Klein Tank, A.M.G. and Coauthors, 2002. Daily dataset of 20th-century surface
air temperature and precipitation series for the European Climate Assessment.
Int. J. of Climatol., 22, 1441-1453.
Data and metadata available at http://www.ecad.eu

FILE FORMAT (MISSING VALUE CODE = -9999):

01-06 STAID: Station identifier
08-13 SOUID: Source identifier
15-22 DATE : Date YYYYMMDD
24-28 TG   : Mean temperature in 0.1 &#176;C
30-34 Q_TG : quality code for TG (0='valid'; 1='suspect'; 9='missing')

This is the blended series of station FV40 VEGGLI, NORWAY (STAID: 18518)
Blended and updated with sources:99377 
See files sources.txt and stations.txt for more info.

STAID, SOUID,    DATE,   TG, Q_TG
 18518, 99377,20161001,-9999,    9
 18518, 99377,20161002,-9999,    9
 18518, 99377,20161003,-9999,    9
 18518, 99377,20161004,   21,    0
 18518, 99377,20161005,-9999,    9
 18518, 99377,20161006,-9999,    9
 18518, 99377,20161007,-9999,    9
 18518, 99377,20161008,-9999,    9
 18518, 99377,20161009,-9999,    9
 18518, 99377,20161010,-9999,    9
 18518, 99377,20161011,-9999,    9
 18518, 99377,20161012,-9999,    9
 18518, 99377,20161013,-9999,    9
 18518, 99377,20161014,-9999,    9
 18518, 99377,20161015,-9999,    9
 18518, 99377,20161016,-9999,    9
 18518, 99377,20161017,-9999,    9
 18518, 99377,20161018,-9999,    9
 18518, 99377,20161019,-9999,    9
 18518, 99377,20161020,-9999,    9
 18518, 99377,20161021,-9999,    9
 18518, 99377,20161022,-9999,    9
 18518, 99377,20161023,-9999,    9
 18518, 99377,20161024,-9999,    9
 18518, 99377,20161025,-9999,    9
 18518, 99377,20161026,-9999,    9
 18518, 99377,20161027,-9999,    9
 18518, 99377,20161028,-9999,    9
 18518, 99377,20161029,-9999,    9
 18518, 99377,20161030,-9999,    9
 18518, 99377,20161031,-9999,    9
 18518, 99377,20161101,-9999,    9
 18518, 99377,20161102,-9999,    9
 18518, 99377,20161103,-9999,    9
 18518, 99377,20161104,-9999,    9
 18518, 99377,20161105,-9999,    9
 18518, 99377,20161106,-9999,    9
 18518, 99377,20161107,-9999,    9
 18518, 99377,20161108,-9999,    9
 18518, 99377,20161109,-9999,    9
 18518, 99377,20161110,-9999,    9
 18518, 99377,20161111,-9999,    9
 18518, 99377,20161112,-9999,    9
 18518, 99377,20161113,-9999,    9
 18518, 99377,20161114,-9999,    9
 18518, 99377,20161115,-9999,    9
 18518, 99377,20161116,-9999,    9
 18518, 99377,20161117,-9999,    9
 18518, 99377,20161118,-9999,    9
 18518, 99377,20161119,-9999,    9
 18518, 99377,20161120,-9999,    9
 18518, 99377,20161121,-9999,    9
 18518, 99377,20161122,-9999,    9
 18518, 99377,20161123,-9999,    9
 18518, 99377,20161124,-9999,    9
 18518, 99377,20161125,-9999,    9
 18518, 99377,20161126,-9999,    9
 18518, 99377,20161127,-9999,    9
 18518, 99377,20161128,-9999,    9
 18518, 99377,20161129,-9999,    9
 18518, 99377,20161130,-9999,    9
 18518, 99377,20161201,-9999,    9
 18518, 99377,20161202,-9999,    9
 18518, 99377,20161203,-9999,    9
 18518, 99377,20161204,-9999,    9
 18518, 99377,20161205,-9999,    9
 18518, 99377,20161206,-9999,    9
 18518, 99377,20161207,-9999,    9
 18518, 99377,20161208,-9999,    9
 18518, 99377,20161209,-9999,    9
 18518, 99377,20161210,-9999,    9
 18518, 99377,20161211,-9999,    9
 18518, 99377,20161212,-9999,    9
 18518, 99377,20161213,-9999,    9
 18518, 99377,20161214,-9999,    9
 18518, 99377,20161215,-9999,    9
 18518, 99377,20161216,-9999,    9
 18518, 99377,20161217,-9999,    9
 18518, 99377,20161218,-9999,    9
 18518, 99377,20161219,-9999,    9
 18518, 99377,20161220,-9999,    9
 18518, 99377,20161221,-9999,    9
 18518, 99377,20161222,-9999,    9
 18518, 99377,20161223,-9999,    9
 18518, 99377,20161224,-9999,    9
 18518, 99377,20161225,-9999,    9
 18518, 99377,20161226,-9999,    9
 18518, 99377,20161227,-9999,    9
 18518, 99377,20161228,-9999,    9
 18518, 99377,20161229,-9999,    9
 18518, 99377,20161230,-9999,    9
 18518, 99377,20161231,-9999,    9
 18518, 99377,20170101,-9999,    9
 18518, 99377,20170102,-9999,    9
 18518, 99377,20170103,-9999,    9
 18518, 99377,20170104,-9999,    9
 18518, 99377,20170105,-9999,    9
 18518, 99377,20170106,-9999,    9
 18518, 99377,20170107,-9999,    9
 18518, 99377,20170108,-9999,    9
 18518, 99377,20170109,-9999,    9
 18518, 99377,20170110,-9999,    9
 18518, 99377,20170111,-9999,    9
 18518, 99377,20170112,-9999,    9
 18518, 99377,20170113,-9999,    9
 18518, 99377,20170114,-9999,    9
 18518, 99377,20170115,-9999,    9
 18518, 99377,20170116,-9999,    9
 18518, 99377,20170117,-9999,    9
 18518, 99377,20170118,-9999,    9
 18518, 99377,20170119,-9999,    9
 18518, 99377,20170120,-9999,    9
 18518, 99377,20170121,-9999,    9
 18518, 99377,20170122,-9999,    9
 18518, 99377,20170123,-9999,    9
 18518, 99377,20170124,-9999,    9
 18518, 99377,20170125,-9999,    9
 18518, 99377,20170126,-9999,    9
 18518, 99377,20170127,-9999,    9
 18518, 99377,20170128,-9999,    9
 18518, 99377,20170129,-9999,    9
 18518, 99377,20170130,-9999,    9
 18518, 99377,20170131,-9999,    9
 18518, 99377,20170201,-9999,    9
 18518, 99377,20170202,-9999,    9
 18518, 99377,20170203,-9999,    9
 18518, 99377,20170204,-9999,    9
 18518, 99377,20170205,-9999,    9
 18518, 99377,20170206,-9999,    9
 18518, 99377,20170207,-9999,    9
 18518, 99377,20170208,-9999,    9
 18518, 99377,20170209,-9999,    9
 18518, 99377,20170210,-9999,    9
 18518, 99377,20170211,-9999,    9
 18518, 99377,20170212,-9999,    9
 18518, 99377,20170213,-9999,    9
 18518, 99377,20170214,-9999,    9
 18518, 99377,20170215,-9999,    9
 18518, 99377,20170216,-9999,    9
 18518, 99377,20170217,-9999,    9
 18518, 99377,20170218,-9999,    9
 18518, 99377,20170219,-9999,    9
 18518, 99377,20170220,-9999,    9
 18518, 99377,20170221,-9999,    9
 18518, 99377,20170222,-9999,    9
 18518, 99377,20170223,-9999,    9
 18518, 99377,20170224,-9999,    9
 18518, 99377,20170225,-9999,    9
 18518, 99377,20170226,-9999,    9
 18518, 99377,20170227,-9999,    9
 18518, 99377,20170228,-9999,    9
 18518, 99377,20170301,-9999,    9
 18518, 99377,20170302,-9999,    9
 18518, 99377,20170303,-9999,    9
 18518, 99377,20170304,-9999,    9
 18518, 99377,20170305,-9999,    9
 18518, 99377,20170306,-9999,    9
 18518, 99377,20170307,-9999,    9
 18518, 99377,20170308,-9999,    9
 18518, 99377,20170309,-9999,    9
 18518, 99377,20170310,-9999,    9
 18518, 99377,20170311,-9999,    9
 18518, 99377,20170312,-9999,    9
 18518, 99377,20170313,   15,    0
 18518, 99377,20170314,-9999,    9
 18518, 99377,20170315,-9999,    9
 18518, 99377,20170316,-9999,    9
 18518, 99377,20170317,-9999,    9
 18518, 99377,20170318,-9999,    9
 18518, 99377,20170319,-9999,    9
 18518, 99377,20170320,-9999,    9
 18518, 99377,20170321,-9999,    9
 18518, 99377,20170322,-9999,    9
 18518, 99377,20170323,-9999,    9
 18518, 99377,20170324,-9999,    9
 18518, 99377,20170325,-9999,    9
 18518, 99377,20170326,-9999,    9
 18518, 99377,20170327,-9999,    9
 18518, 99377,20170328,-9999,    9
 18518, 99377,20170329,-9999,    9
 18518, 99377,20170330,-9999,    9
 18518, 99377,20170331,-9999,    9
 18518, 99377,20170401,-9999,    9
 18518, 99377,20170402,-9999,    9
 18518, 99377,20170403,   60,    0
 18518, 99377,20170404,   48,    0
 18518, 99377,20170405,   57,    0
 18518, 99377,20170406,   82,    0
 18518, 99377,20170407,  104,    0
 18518, 99377,20170408,   78,    0
 18518, 99377,20170409,   93,    0
 18518, 99377,20170410,   70,    0
 18518, 99377,20170411,   39,    0
 18518, 99377,20170412,   47,    0
 18518, 99377,20170413,   37,    0
 18518, 99377,20170414,   14,    0
 18518, 99377,20170415,   10,    0
 18518, 99377,20170416,    6,    0
 18518, 99377,20170417,    8,    0
 18518, 99377,20170418,   14,    0
 18518, 99377,20170419,   29,    0
 18518, 99377,20170420,   75,    0
 18518, 99377,20170421,   63,    0
 18518, 99377,20170422,   55,    0
 18518, 99377,20170423,   37,    0
 18518, 99377,20170424,   11,    0
 18518, 99377,20170425,   26,    0
 18518, 99377,20170426,   30,    0
 18518, 99377,20170427,-9999,    9
 18518, 99377,20170428,    2,    0
 18518, 99377,20170429,   36,    0
 18518, 99377,20170430,   44,    0
 18518, 99377,20170501,   56,    0
 18518, 99377,20170502,   87,    0
 18518, 99377,20170503,   80,    0
 18518, 99377,20170504,   81,    0
 18518, 99377,20170505,  117,    0
 18518, 99377,20170506,  144,    0
 18518, 99377,20170507,   92,    0
 18518, 99377,20170508,   49,    0
 18518, 99377,20170509,   43,    0
 18518, 99377,20170510,   17,    0
 18518, 99377,20170511,   38,    0
 18518, 99377,20170512,   51,    0
 18518, 99377,20170513,   58,    0
 18518, 99377,20170514,   94,    0
 18518, 99377,20170515,  106,    0
 18518, 99377,20170516,   77,    0
 18518, 99377,20170517,  132,    0
 18518, 99377,20170518,  108,    0
 18518, 99377,20170519,  128,    0
 18518, 99377,20170520,-9999,    9
 18518, 99377,20170521,  132,    0
 18518, 99377,20170522,  113,    0
 18518, 99377,20170523,  128,    0
 18518, 99377,20170524,  139,    0
 18518, 99377,20170525,  139,    0
 18518, 99377,20170526,  178,    0
 18518, 99377,20170527,  196,    0
 18518, 99377,20170528,  145,    0
 18518, 99377,20170529,  161,    0
 18518, 99377,20170530,  143,    0
 18518, 99377,20170531,  136,    0
 18518, 99377,20170601,  118,    0
 18518, 99377,20170602,   83,    0
 18518, 99377,20170603,  122,    0
 18518, 99377,20170604,  121,    0
 18518, 99377,20170605,  126,    0
 18518, 99377,20170606,  125,    0
 18518, 99377,20170607,  108,    0
 18518, 99377,20170608,  112,    0
 18518, 99377,20170609,-9999,    9
 18518, 99377,20170610,  128,    0
 18518, 99377,20170611,  126,    0
 18518, 99377,20170612,  147,    0
 18518, 99377,20170613,  158,    0
 18518, 99377,20170614,  153,    0
 18518, 99377,20170615,  147,    0
 18518, 99377,20170616,  141,    0
 18518, 99377,20170617,  175,    0
 18518, 99377,20170618,  175,    0
 18518, 99377,20170619,  148,    0
 18518, 99377,20170620,  134,    0
 18518, 99377,20170621,  140,    0
 18518, 99377,20170622,  143,    0
 18518, 99377,20170623,  127,    0
 18518, 99377,20170624,  137,    0
 18518, 99377,20170625,  116,    0
 18518, 99377,20170626,  132,    0
 18518, 99377,20170627,  126,    0
 18518, 99377,20170628,  137,    0
 18518, 99377,20170629,  147,    0
 18518, 99377,20170630,  163,    0
 18518, 99377,20170701,  180,    0
 18518, 99377,20170702,  168,    0
 18518, 99377,20170703,  150,    0
 18518, 99377,20170704,  140,    0
 18518, 99377,20170705,  137,    0
 18518, 99377,20170706,  148,    0
 18518, 99377,20170707,  151,    0
 18518, 99377,20170708,  159,    0
 18518, 99377,20170709,  139,    0
 18518, 99377,20170710,  147,    0
 18518, 99377,20170711,  146,    0
 18518, 99377,20170712,  135,    0
 18518, 99377,20170713,  131,    0
 18518, 99377,20170714,  140,    0
 18518, 99377,20170715,  164,    0
 18518, 99377,20170716,  154,    0
 18518, 99377,20170717,  129,    0
 18518, 99377,20170718,  160,    0
 18518, 99377,20170719,  152,    0
 18518, 99377,20170720,  166,    0
 18518, 99377,20170721,  127,    0
 18518, 99377,20170722,  148,    0
 18518, 99377,20170723,  176,    0
 18518, 99377,20170724,  150,    0
 18518, 99377,20170725,  176,    0
 18518, 99377,20170726,  170,    0
 18518, 99377,20170727,  148,    0
 18518, 99377,20170728,  147,    0
 18518, 99377,20170729,  131,    0
 18518, 99377,20170730,  136,    0
 18518, 99377,20170731,  153,    0
 18518, 99377,20170801,  148,    0
 18518, 99377,20170802,  144,    0
 18518, 99377,20170803,  113,    0
 18518, 99377,20170804,  144,    0
 18518, 99377,20170805,  140,    0
 18518, 99377,20170806,  142,    0
 18518, 99377,20170807,  119,    0
 18518, 99377,20170808,  137,    0
 18518, 99377,20170809,  126,    0
 18518, 99377,20170810,  155,    0
 18518, 99377,20170811,  157,    0
 18518, 99377,20170812,  154,    0
 18518, 99377,20170813,  136,    0
 18518, 99377,20170814,  124,    0
 18518, 99377,20170815,  117,    0
 18518, 99377,20170816,  143,    0
 18518, 99377,20170817,  112,    0
 18518, 99377,20170818,  149,    0
 18518, 99377,20170819,  138,    0
 18518, 99377,20170820,  123,    0
 18518, 99377,20170821,  136,    0
 18518, 99377,20170822,  132,    0
 18518, 99377,20170823,  135,    0
 18518, 99377,20170824,  107,    0
 18518, 99377,20170825,  131,    0
 18518, 99377,20170826,  109,    0
 18518, 99377,20170827,  121,    0
 18518, 99377,20170828,  130,    0
 18518, 99377,20170829,  142,    0
 18518, 99377,20170830,  116,    0
 18518, 99377,20170831,  112,    0
 18518, 99377,20170901,  112,    0
 18518, 99377,20170902,  118,    0
 18518, 99377,20170903,  100,    0
 18518, 99377,20170904,   96,    0
 18518, 99377,20170905,  107,    0
 18518, 99377,20170906,  120,    0
 18518, 99377,20170907,   95,    0
 18518, 99377,20170908,   86,    0
 18518, 99377,20170909,  109,    0
 18518, 99377,20170910,  106,    0
 18518, 99377,20170911,  111,    0
 18518, 99377,20170912,  112,    0
 18518, 99377,20170913,   93,    0
 18518, 99377,20170914,  105,    0
 18518, 99377,20170915,  106,    0
 18518, 99377,20170916,  105,    0
 18518, 99377,20170917,   95,    0
 18518, 99377,20170918,  111,    0
 18518, 99377,20170919,  105,    0
 18518, 99377,20170920,   78,    0
 18518, 99377,20170921,   77,    0
 18518, 99377,20170922,   85,    0
 18518, 99377,20170923,  110,    0
 18518, 99377,20170924,  112,    0
 18518, 99377,20170925,  112,    0
 18518, 99377,20170926,  107,    0
 18518, 99377,20170927,  109,    0
 18518, 99377,20170928,  105,    0
 18518, 99377,20170929,   94,    0
 18518, 99377,20170930,   96,    0
 18518, 99377,20171001,   91,    0
 18518, 99377,20171002,  107,    0
 18518, 99377,20171003,   96,    0
 18518, 99377,20171004,-9999,    9
 18518, 99377,20171005,   42,    0
 18518, 99377,20171006,   73,    0
 18518, 99377,20171007,   67,    0
 18518, 99377,20171008,   39,    0
 18518, 99377,20171009,   19,    0
 18518, 99377,20171010,    1,    0
 18518, 99377,20171011,   19,    0
 18518, 99377,20171012,   69,    0
 18518, 99377,20171013,   40,    0
 18518, 99377,20171014,-9999,    9
 18518, 99377,20171015,   53,    0
 18518, 99377,20171016,   95,    0
 18518, 99377,20171017,-9999,    9
 18518, 99377,20171018,-9999,    9
 18518, 99377,20171019,-9999,    9
 18518, 99377,20171020,-9999,    9
 18518, 99377,20171021,-9999,    9
 18518, 99377,20171022,-9999,    9
 18518, 99377,20171023,-9999,    9
 18518, 99377,20171024,-9999,    9
 18518, 99377,20171025,    8,    0
 18518, 99377,20171026,   17,    0
 18518, 99377,20171027,   27,    0
 18518, 99377,20171028,   74,    0
 18518, 99377,20171029,   42,    0
 18518, 99377,20171030,   -7,    0
 18518, 99377,20171031,   30,    0
 18518, 99377,20171101,-9999,    9
 18518, 99377,20171102,-9999,    9
 18518, 99377,20171103,  -15,    0
 18518, 99377,20171104,    8,    0
 18518, 99377,20171105,   13,    0
 18518, 99377,20171106,  -16,    0
 18518, 99377,20171107,  -24,    0
 18518, 99377,20171108,   23,    0
 18518, 99377,20171109,   58,    0
 18518, 99377,20171110,   -8,    0
 18518, 99377,20171111,   13,    0
 18518, 99377,20171112,   -7,    0
 18518, 99377,20171113,  -37,    0
 18518, 99377,20171114,  -26,    0
 18518, 99377,20171115,    5,    0
 18518, 99377,20171116,  -16,    0
 18518, 99377,20171117,   42,    0
 18518, 99377,20171118,  -14,    0
 18518, 99377,20171119,  -33,    0
 18518, 99377,20171120,  -52,    0
 18518, 99377,20171121,  -68,    0
 18518, 99377,20171122,  -63,    0
 18518, 99377,20171123,   -3,    0
 18518, 99377,20171124,    7,    0
 18518, 99377,20171125,  -69,    0
 18518, 99377,20171126,  -28,    0
 18518, 99377,20171127,  -75,    0
 18518, 99377,20171128,-9999,    9
 18518, 99377,20171129,-9999,    9
 18518, 99377,20171130,  -50,    0
 18518, 99377,20171201, -116,    0
 18518, 99377,20171202,  -86,    0
 18518, 99377,20171203,   -2,    0
 18518, 99377,20171204,  -54,    0
 18518, 99377,20171205,  -13,    0
 18518, 99377,20171206,   -1,    0
 18518, 99377,20171207,   22,    0
 18518, 99377,20171208,   43,    0
 18518, 99377,20171209,    1,    0
 18518, 99377,20171210, -126,    0
 18518, 99377,20171211,  -76,    0
 18518, 99377,20171212, -139,    0
 18518, 99377,20171213, -133,    0
 18518, 99377,20171214,  -61,    0
 18518, 99377,20171215,  -54,    0
 18518, 99377,20171216, -102,    0
 18518, 99377,20171217, -119,    0
 18518, 99377,20171218,  -86,    0
 18518, 99377,20171219,  -65,    0
 18518, 99377,20171220,  -66,    0
 18518, 99377,20171221,  -31,    0
 18518, 99377,20171222,   26,    0
 18518, 99377,20171223,   65,    0
 18518, 99377,20171224,   16,    0
 18518, 99377,20171225,  -48,    0
 18518, 99377,20171226,  -16,    0
 18518, 99377,20171227,  -40,    0
 18518, 99377,20171228,  -25,    0
 18518, 99377,20171229,  -87,    0
 18518, 99377,20171230, -144,    0
 18518, 99377,20171231,  -65,    0
 18518, 99377,20180101,  -46,    0
 18518, 99377,20180102, -103,    0
 18518, 99377,20180103,  -71,    0
 18518, 99377,20180104,  -15,    0
 18518, 99377,20180105,  -40,    0
 18518, 99377,20180106, -108,    0
 18518, 99377,20180107,  -94,    0
 18518, 99377,20180108,  -50,    0
 18518, 99377,20180109, -150,    0
 18518, 99377,20180110, -128,    0
 18518, 99377,20180111,  -58,    0
 18518, 99377,20180112,  -41,    0
 18518, 99377,20180113,  -48,    0
 18518, 99377,20180114,  -40,    0
 18518, 99377,20180115,  -16,    0
 18518, 99377,20180116,  -23,    0
 18518, 99377,20180117,  -68,    0
 18518, 99377,20180118,  -70,    0
 18518, 99377,20180119,  -69,    0
 18518, 99377,20180120,  -44,    0
 18518, 99377,20180121, -100,    0
 18518, 99377,20180122,  -98,    0
 18518, 99377,20180123,  -39,    0
 18518, 99377,20180124,  -12,    0
 18518, 99377,20180125,   19,    0
 18518, 99377,20180126,  -44,    0
 18518, 99377,20180127, -103,    0
 18518, 99377,20180128,  -53,    0
 18518, 99377,20180129,  -25,    0
 18518, 99377,20180130,  -79,    0
 18518, 99377,20180131,  -12,    0
 18518, 99377,20180201,   -4,    0
 18518, 99377,20180202, -115,    0
 18518, 99377,20180203, -138,    0
 18518, 99377,20180204, -152,    0
 18518, 99377,20180205, -103,    0
 18518, 99377,20180206,  -74,    0
 18518, 99377,20180207,  -91,    0
 18518, 99377,20180208, -101,    0
 18518, 99377,20180209,  -14,    0
 18518, 99377,20180210,  -19,    0
 18518, 99377,20180211,  -28,    0
 18518, 99377,20180212,  -41,    0
 18518, 99377,20180213, -102,    0
 18518, 99377,20180214,  -14,    0
 18518, 99377,20180215,  -11,    0
 18518, 99377,20180216,  -31,    0
 18518, 99377,20180217,  -98,    0
 18518, 99377,20180218,  -66,    0
 18518, 99377,20180219,  -41,    0
 18518, 99377,20180220,  -58,    0
 18518, 99377,20180221,  -76,    0
 18518, 99377,20180222,  -99,    0
 18518, 99377,20180223,  -61,    0
 18518, 99377,20180224,  -42,    0
 18518, 99377,20180225,  -71,    0
 18518, 99377,20180226, -121,    0
 18518, 99377,20180227, -122,    0
 18518, 99377,20180228, -140,    0
 18518, 99377,20180301, -172,    0
 18518, 99377,20180302, -131,    0
 18518, 99377,20180303,-9999,    9
 18518, 99377,20180304,  -75,    0
 18518, 99377,20180305,  -69,    0
 18518, 99377,20180306,  -69,    0
 18518, 99377,20180307,  -41,    0
 18518, 99377,20180308,  -27,    0
 18518, 99377,20180309,  -56,    0
 18518, 99377,20180310,-9999,    9
 18518, 99377,20180311,  -60,    0
 18518, 99377,20180312,  -36,    0
 18518, 99377,20180313,  -33,    0
 18518, 99377,20180314,  -57,    0
 18518, 99377,20180315,  -49,    0
 18518, 99377,20180316,  -98,    0
 18518, 99377,20180317,-9999,    9
 18518, 99377,20180318,  -67,    0
 18518, 99377,20180319,    0,    0
 18518, 99377,20180320,  -29,    0
 18518, 99377,20180321,   -1,    0
 18518, 99377,20180322,    2,    0
 18518, 99377,20180323,   -1,    0
 18518, 99377,20180324,   29,    0
 18518, 99377,20180325,   19,    0
 18518, 99377,20180326,  -19,    0
 18518, 99377,20180327,  -41,    0
 18518, 99377,20180328,  -68,    0
 18518, 99377,20180329,  -60,    0
 18518, 99377,20180330,  -58,    0
 18518, 99377,20180331,  -44,    0
 18518, 99377,20180401,  -52,    0
 18518, 99377,20180402,  -46,    0
 18518, 99377,20180403,  -46,    0
 18518, 99377,20180404,    9,    0
 18518, 99377,20180405,   15,    0
 18518, 99377,20180406,   23,    0
 18518, 99377,20180407,-9999,    9
 18518, 99377,20180408,   14,    0
 18518, 99377,20180409,   16,    0
 18518, 99377,20180410,   21,    0
 18518, 99377,20180411,   18,    0
 18518, 99377,20180412,   22,    0
 18518, 99377,20180413,   26,    0
 18518, 99377,20180414,   63,    0
 18518, 99377,20180415,   70,    0
 18518, 99377,20180416,   34,    0
 18518, 99377,20180417,   69,    0
 18518, 99377,20180418,   78,    0
 18518, 99377,20180419,   78,    0
 18518, 99377,20180420,   71,    0
 18518, 99377,20180421,   79,    0
 18518, 99377,20180422,   61,    0
 18518, 99377,20180423,   55,    0
 18518, 99377,20180424,   47,    0
 18518, 99377,20180425,   60,    0
 18518, 99377,20180426,   58,    0
 18518, 99377,20180427,   59,    0
 18518, 99377,20180428,   52,    0
 18518, 99377,20180429,   59,    0
 18518, 99377,20180430,   63,    0
 18518, 99377,20180501,   32,    0
 18518, 99377,20180502,   66,    0
 18518, 99377,20180503,   57,    0
 18518, 99377,20180504,   65,    0
 18518, 99377,20180505,-9999,    9
 18518, 99377,20180506,  130,    0
 18518, 99377,20180507,  130,    0
 18518, 99377,20180508,  140,    0
 18518, 99377,20180509,  144,    0
 18518, 99377,20180510,  134,    0
 18518, 99377,20180511,  140,    0
 18518, 99377,20180512,  136,    0
 18518, 99377,20180513,  123,    0
 18518, 99377,20180514,  175,    0
 18518, 99377,20180515,  177,    0
 18518, 99377,20180516,-9999,    9
 18518, 99377,20180517,  130,    0
 18518, 99377,20180518,  131,    0
 18518, 99377,20180519,-9999,    9
 18518, 99377,20180520,  152,    0
 18518, 99377,20180521,  154,    0
 18518, 99377,20180522,  158,    0
 18518, 99377,20180523,  177,    0
 18518, 99377,20180524,  189,    0
 18518, 99377,20180525,  196,    0
 18518, 99377,20180526,-9999,    9
 18518, 99377,20180527,  198,    0
 18518, 99377,20180528,  159,    0
 18518, 99377,20180529,  182,    0
 18518, 99377,20180530,-9999,    9
 18518, 99377,20180531,  209,    0
 18518, 99377,20180601,  202,    0
 18518, 99377,20180602,  229,    0
 18518, 99377,20180603,  235,    0
 18518, 99377,20180604,  196,    0
 18518, 99377,20180605,  139,    0
 18518, 99377,20180606,-9999,    9
 18518, 99377,20180607,  201,    0
 18518, 99377,20180608,  194,    0
 18518, 99377,20180609,  200,    0
 18518, 99377,20180610,  186,    0
 18518, 99377,20180611,  145,    0
 18518, 99377,20180612,  154,    0
 18518, 99377,20180613,  162,    0
 18518, 99377,20180614,  133,    0
 18518, 99377,20180615,  130,    0
 18518, 99377,20180616,  134,    0
 18518, 99377,20180617,  118,    0
 18518, 99377,20180618,  137,    0
 18518, 99377,20180619,  137,    0
 18518, 99377,20180620,  110,    0
 18518, 99377,20180621,  104,    0
 18518, 99377,20180622,  122,    0
 18518, 99377,20180623,  159,    0
 18518, 99377,20180624,  169,    0
 18518, 99377,20180625,  216,    0
 18518, 99377,20180626,  221,    0
 18518, 99377,20180627,  218,    0
 18518, 99377,20180628,  196,    0
 18518, 99377,20180629,  168,    0
 18518, 99377,20180630,  162,    0
 18518, 99377,20180701,  189,    0
 18518, 99377,20180702,  204,    0
 18518, 99377,20180703,  229,    0
 18518, 99377,20180704,  221,    0
 18518, 99377,20180705,  222,    0
 18518, 99377,20180706,  213,    0
 18518, 99377,20180707,  199,    0
 18518, 99377,20180708,  202,    0
 18518, 99377,20180709,  157,    0
 18518, 99377,20180710,  198,    0
 18518, 99377,20180711,  208,    0
 18518, 99377,20180712,  198,    0
 18518, 99377,20180713,  188,    0
 18518, 99377,20180714,  210,    0
 18518, 99377,20180715,  226,    0
 18518, 99377,20180716,  204,    0
 18518, 99377,20180717,  189,    0
 18518, 99377,20180718,  187,    0
 18518, 99377,20180719,  202,    0
 18518, 99377,20180720,  197,    0
 18518, 99377,20180721,  205,    0
 18518, 99377,20180722,  222,    0
 18518, 99377,20180723,  215,    0
 18518, 99377,20180724,  223,    0
 18518, 99377,20180725,  229,    0
 18518, 99377,20180726,  223,    0
 18518, 99377,20180727,  235,    0
 18518, 99377,20180728,  199,    0
 18518, 99377,20180729,  207,    0
 18518, 99377,20180730,  174,    0
 18518, 99377,20180731,  193,    0
 18518, 99377,20180801,  186,    0
 18518, 99377,20180802,  179,    0
 18518, 99377,20180803,  172,    0
 18518, 99377,20180804,  187,    0
 18518, 99377,20180805,  165,    0
 18518, 99377,20180806,  157,    0
 18518, 99377,20180807,  165,    0
 18518, 99377,20180808,  156,    0
 18518, 99377,20180809,  171,    0
 18518, 99377,20180810,  130,    0
 18518, 99377,20180811,  138,    0
 18518, 99377,20180812,  113,    0
 18518, 99377,20180813,  120,    0
 18518, 99377,20180814,  136,    0
 18518, 99377,20180815,  149,    0
 18518, 99377,20180816,  163,    0
 18518, 99377,20180817,  134,    0
 18518, 99377,20180818,  130,    0
 18518, 99377,20180819,  131,    0
 18518, 99377,20180820,  113,    0
 18518, 99377,20180821,  115,    0
 18518, 99377,20180822,  139,    0
 18518, 99377,20180823,  126,    0
 18518, 99377,20180824,  123,    0
 18518, 99377,20180825,   93,    0
 18518, 99377,20180826,  103,    0
 18518, 99377,20180827,   86,    0
 18518, 99377,20180828,  135,    0
 18518, 99377,20180829,  130,    0
 18518, 99377,20180830,  137,    0
 18518, 99377,20180831,  116,    0
 18518, 99377,20180901,  110,    0
 18518, 99377,20180902,  134,    0
 18518, 99377,20180903,  132,    0
 18518, 99377,20180904,  129,    0
 18518, 99377,20180905,  131,    0
 18518, 99377,20180906,  136,    0
 18518, 99377,20180907,  131,    0
 18518, 99377,20180908,  124,    0
 18518, 99377,20180909,  119,    0
 18518, 99377,20180910,  122,    0
 18518, 99377,20180911,   95,    0
 18518, 99377,20180912,   98,    0
 18518, 99377,20180913,   87,    0
 18518, 99377,20180914,  101,    0
 18518, 99377,20180915,   75,    0
 18518, 99377,20180916,   53,    0
 18518, 99377,20180917,   96,    0
 18518, 99377,20180918,  151,    0
 18518, 99377,20180919,  156,    0
 18518, 99377,20180920,  118,    0
 18518, 99377,20180921,   79,    0
 18518, 99377,20180922,   99,    0
 18518, 99377,20180923,   86,    0
 18518, 99377,20180924,   57,    0
 18518, 99377,20180925,   74,    0
 18518, 99377,20180926,-9999,    9
 18518, 99377,20180927,-9999,    9
 18518, 99377,20180928,-9999,    9
 18518, 99377,20180929,-9999,    9
 18518, 99377,20180930,-9999,    9
 18518, 99377,20181001,-9999,    9
 18518, 99377,20181002,-9999,    9
 18518, 99377,20181003,-9999,    9
 18518, 99377,20181004,   42,    0
 18518, 99377,20181005,   63,    0
 18518, 99377,20181006,   44,    0
 18518, 99377,20181007,   25,    0
 18518, 99377,20181008,   73,    0
 18518, 99377,20181009,  119,    0
 18518, 99377,20181010,  105,    0
 18518, 99377,20181011,-9999,    9
 18518, 99377,20181012,   93,    0
 18518, 99377,20181013,  155,    0
 18518, 99377,20181014,  141,    0
 18518, 99377,20181015,   92,    0
 18518, 99377,20181016,   42,    0
 18518, 99377,20181017,-9999,    9
 18518, 99377,20181018,-9999,    9
 18518, 99377,20181019,   32,    0
 18518, 99377,20181020,   43,    0
 18518, 99377,20181021,   67,    0
 18518, 99377,20181022,-9999,    9
 18518, 99377,20181023,   62,    0
 18518, 99377,20181024,   27,    0
 18518, 99377,20181025,   57,    0
 18518, 99377,20181026,    3,    0
 18518, 99377,20181027,   -3,    0
 18518, 99377,20181028,  -55,    0
 18518, 99377,20181029,  -25,    0
 18518, 99377,20181030,   -4,    0
 18518, 99377,20181031,    6,    0
 18518, 99377,20181101,   -4,    0
 18518, 99377,20181102,   13,    0
 18518, 99377,20181103,  -10,    0
 18518, 99377,20181104,   45,    0
 18518, 99377,20181105,   46,    0
 18518, 99377,20181106,   48,    0
 18518, 99377,20181107,   44,    0
 18518, 99377,20181108,   45,    0
 18518, 99377,20181109,   46,    0
 18518, 99377,20181110,   51,    0
 18518, 99377,20181111,   69,    0
 18518, 99377,20181112,   50,    0
 18518, 99377,20181113,   32,    0
 18518, 99377,20181114,   12,    0
 18518, 99377,20181115,   38,    0
 18518, 99377,20181116,   22,    0
 18518, 99377,20181117,   12,    0
 18518, 99377,20181118,    7,    0
 18518, 99377,20181119,  -26,    0
 18518, 99377,20181120,  -52,    0
 18518, 99377,20181121,  -23,    0
 18518, 99377,20181122,  -74,    0
 18518, 99377,20181123,  -94,    0
 18518, 99377,20181124,  -74,    0
 18518, 99377,20181125,  -68,    0
 18518, 99377,20181126, -115,    0
 18518, 99377,20181127,  -88,    0
 18518, 99377,20181128,  -84,    0
 18518, 99377,20181129,   -6,    0
 18518, 99377,20181130,   27,    0
 18518, 99377,20181201,    9,    0
 18518, 99377,20181202,   -3,    0
 18518, 99377,20181203,    0,    0
 18518, 99377,20181204,    6,    0
 18518, 99377,20181205,  -41,    0
 18518, 99377,20181206,  -60,    0
 18518, 99377,20181207,  -65,    0
 18518, 99377,20181208,  -41,    0
 18518, 99377,20181209,  -61,    0
 18518, 99377,20181210,  -19,    0
 18518, 99377,20181211,  -64,    0
 18518, 99377,20181212, -116,    0
 18518, 99377,20181213, -170,    0
 18518, 99377,20181214, -180,    0
 18518, 99377,20181215,  -94,    0
 18518, 99377,20181216,  -54,    0
 18518, 99377,20181217,  -68,    0
 18518, 99377,20181218, -131,    0
 18518, 99377,20181219,  -68,    0
 18518, 99377,20181220,  -29,    0
 18518, 99377,20181221,  -24,    0
 18518, 99377,20181222,  -67,    0
 18518, 99377,20181223, -129,    0
 18518, 99377,20181224, -110,    0
 18518, 99377,20181225,   61,    0
 18518, 99377,20181226,    2,    0
 18518, 99377,20181227,   -6,    0
 18518, 99377,20181228,  -51,    0
 18518, 99377,20181229,  -45,    0
 18518, 99377,20181230,  -41,    0
 18518, 99377,20181231,   14,    0
 18518, 99377,20190101,   43,    0
 18518, 99377,20190102,  -59,    0
 18518, 99377,20190103,  -48,    0
 18518, 99377,20190104,   65,    0
 18518, 99377,20190105,  -12,    0
 18518, 99377,20190106,  -37,    0
 18518, 99377,20190107,  -54,    0
 18518, 99377,20190108,   -1,    0
 18518, 99377,20190109,  -49,    0
 18518, 99377,20190110,   -8,    0
 18518, 99377,20190111,   28,    0
 18518, 99377,20190112,  -60,    0
 18518, 99377,20190113,  -47,    0
 18518, 99377,20190114,  -13,    0
 18518, 99377,20190115,  -55,    0
 18518, 99377,20190116,  -73,    0
 18518, 99377,20190117, -145,    0
 18518, 99377,20190118,-9999,    9
 18518, 99377,20190119,-9999,    9
 18518, 99377,20190120,  -93,    0
 18518, 99377,20190121, -111,    0
 18518, 99377,20190122, -134,    0
 18518, 99377,20190123,  -67,    0
 18518, 99377,20190124,  -47,    0
 18518, 99377,20190125,  -47,    0
 18518, 99377,20190126,  -61,    0
 18518, 99377,20190127,  -67,    0
 18518, 99377,20190128,  -97,    0
 18518, 99377,20190129, -165,    0
 18518, 99377,20190130,-9999,    9
 18518, 99377,20190131,  -78,    0
 18518, 99377,20190201,  -53,    0
 18518, 99377,20190202,  -50,    0
 18518, 99377,20190203, -113,    0
 18518, 99377,20190204, -105,    0
 18518, 99377,20190205,  -59,    0
 18518, 99377,20190206, -135,    0
 18518, 99377,20190207, -127,    0
 18518, 99377,20190208,  -75,    0
 18518, 99377,20190209,  -11,    0
 18518, 99377,20190210,    1,    0
 18518, 99377,20190211,  -33,    0
 18518, 99377,20190212,  -61,    0
 18518, 99377,20190213,-9999,    9
 18518, 99377,20190214,-9999,    9
 18518, 99377,20190215,-9999,    9
 18518, 99377,20190216,  -19,    0
 18518, 99377,20190217,  -10,    0
 18518, 99377,20190218,   23,    0
 18518, 99377,20190219,   34,    0
 18518, 99377,20190220,    4,    0
 18518, 99377,20190221,    3,    0
 18518, 99377,20190222,    5,    0
 18518, 99377,20190223,    7,    0
 18518, 99377,20190224,   37,    0
 18518, 99377,20190225,   44,    0
 18518, 99377,20190226,   31,    0
 18518, 99377,20190227,   37,    0
 18518, 99377,20190228,   15,    0
 18518, 99377,20190301,  -13,    0
 18518, 99377,20190302,   -8,    0
 18518, 99377,20190303,    9,    0
 18518, 99377,20190304,    7,    0
 18518, 99377,20190305,  -15,    0
 18518, 99377,20190306,  -21,    0
 18518, 99377,20190307,  -10,    0
 18518, 99377,20190308,   -5,    0
 18518, 99377,20190309,  -37,    0
 18518, 99377,20190310,  -58,    0
 18518, 99377,20190311,  -75,    0
 18518, 99377,20190312,  -66,    0
 18518, 99377,20190313,  -24,    0
 18518, 99377,20190314,  -51,    0
 18518, 99377,20190315,  -11,    0
 18518, 99377,20190316,  -15,    0
 18518, 99377,20190317,    1,    0
 18518, 99377,20190318,   14,    0
 18518, 99377,20190319,  -16,    0
 18518, 99377,20190320,   18,    0
 18518, 99377,20190321,   35,    0
 18518, 99377,20190322,   14,    0
 18518, 99377,20190323,   45,    0
 18518, 99377,20190324,   26,    0
 18518, 99377,20190325,   34,    0
 18518, 99377,20190326,   27,    0
 18518, 99377,20190327,   62,    0
 18518, 99377,20190328,   57,    0
 18518, 99377,20190329,   70,    0
 18518, 99377,20190330,   30,    0
 18518, 99377,20190331,    9,    0
 18518, 99377,20190401,   -1,    0
 18518, 99377,20190402,   15,    0
 18518, 99377,20190403,   -9,    0
 18518, 99377,20190404,   49,    0
 18518, 99377,20190405,   29,    0
 18518, 99377,20190406,   38,    0
 18518, 99377,20190407,   21,    0
 18518, 99377,20190408,   24,    0
 18518, 99377,20190409,-9999,    9
 18518, 99377,20190410,-9999,    9
 18518, 99377,20190411,-9999,    9
 18518, 99377,20190412,   12,    0
 18518, 99377,20190413,   19,    0
 18518, 99377,20190414,   23,    0
 18518, 99377,20190415,   34,    0
 18518, 99377,20190416,   33,    0
 18518, 99377,20190417,   41,    0
 18518, 99377,20190418,   63,    0
 18518, 99377,20190419,   79,    0
 18518, 99377,20190420,   90,    0
 18518, 99377,20190421,   99,    0
 18518, 99377,20190422,   97,    0
 18518, 99377,20190423,   82,    0
 18518, 99377,20190424,   87,    0
 18518, 99377,20190425,   79,    0
 18518, 99377,20190426,   90,    0
 18518, 99377,20190427,   80,    0
 18518, 99377,20190428,  105,    0
 18518, 99377,20190429,  133,    0
 18518, 99377,20190430,  137,    0
 18518, 99377,20190501,  111,    0
 18518, 99377,20190502,   52,    0
 18518, 99377,20190503,   13,    0
 18518, 99377,20190504,   43,    0
 18518, 99377,20190505,   47,    0
 18518, 99377,20190506,   37,    0
 18518, 99377,20190507,   32,    0
 18518, 99377,20190508,   34,    0
 18518, 99377,20190509,   16,    0
 18518, 99377,20190510,   56,    0
 18518, 99377,20190511,   68,    0
 18518, 99377,20190512,   67,    0
 18518, 99377,20190513,   70,    0
 18518, 99377,20190514,  104,    0
 18518, 99377,20190515,  108,    0
 18518, 99377,20190516,  135,    0
 18518, 99377,20190517,  142,    0
 18518, 99377,20190518,   97,    0
 18518, 99377,20190519,  132,    0
 18518, 99377,20190520,  134,    0
 18518, 99377,20190521,  160,    0
 18518, 99377,20190522,  148,    0
 18518, 99377,20190523,  110,    0
 18518, 99377,20190524,  101,    0
 18518, 99377,20190525,  121,    0
 18518, 99377,20190526,  113,    0
 18518, 99377,20190527,   90,    0
 18518, 99377,20190528,   86,    0
 18518, 99377,20190529,-9999,    9
 18518, 99377,20190530,-9999,    9
 18518, 99377,20190531,-9999,    9
 18518, 99377,20190601,  101,    0
 18518, 99377,20190602,  124,    0
 18518, 99377,20190603,  131,    0
 18518, 99377,20190604,  130,    0
 18518, 99377,20190605,   97,    0
 18518, 99377,20190606,  147,    0
 18518, 99377,20190607,  174,    0
 18518, 99377,20190608,  122,    0
 18518, 99377,20190609,  133,    0
 18518, 99377,20190610,  131,    0
 18518, 99377,20190611,  139,    0
 18518, 99377,20190612,   99,    0
 18518, 99377,20190613,  106,    0
 18518, 99377,20190614,  129,    0
 18518, 99377,20190615,  166,    0
 18518, 99377,20190616,  143,    0
 18518, 99377,20190617,  157,    0
 18518, 99377,20190618,  130,    0
 18518, 99377,20190619,  130,    0
 18518, 99377,20190620,  133,    0
 18518, 99377,20190621,  127,    0
 18518, 99377,20190622,  128,    0
 18518, 99377,20190623,  122,    0
 18518, 99377,20190624,  143,    0
 18518, 99377,20190625,-9999,    9
 18518, 99377,20190626,  164,    0
 18518, 99377,20190627,  164,    0
 18518, 99377,20190628,  194,    0
 18518, 99377,20190629,  208,    0
 18518, 99377,20190630,  185,    0
 18518, 99377,20190701,  158,    0
 18518, 99377,20190702,  128,    0
 18518, 99377,20190703,  110,    0
 18518, 99377,20190704,  122,    0
 18518, 99377,20190705,  135,    0
 18518, 99377,20190706,  124,    0
 18518, 99377,20190707,  133,    0
 18518, 99377,20190708,  147,    0
 18518, 99377,20190709,  147,    0
 18518, 99377,20190710,  176,    0
 18518, 99377,20190711,  177,    0
 18518, 99377,20190712,  189,    0
 18518, 99377,20190713,  201,    0
 18518, 99377,20190714,  173,    0
 18518, 99377,20190715,  166,    0
 18518, 99377,20190716,  163,    0
 18518, 99377,20190717,  181,    0
 18518, 99377,20190718,  167,    0
 18518, 99377,20190719,  154,    0
 18518, 99377,20190720,  147,    0
 18518, 99377,20190721,  140,    0
 18518, 99377,20190722,  145,    0
 18518, 99377,20190723,  184,    0
 18518, 99377,20190724,  207,    0
 18518, 99377,20190725,  209,    0
 18518, 99377,20190726,  215,    0
 18518, 99377,20190727,  223,    0
 18518, 99377,20190728,  221,    0
 18518, 99377,20190729,  210,    0
 18518, 99377,20190730,  130,    0
 18518, 99377,20190731,  112,    0
 18518, 99377,20190801,  163,    0
 18518, 99377,20190802,  185,    0
 18518, 99377,20190803,  188,    0
 18518, 99377,20190804,  168,    0
 18518, 99377,20190805,  172,    0
 18518, 99377,20190806,  150,    0
 18518, 99377,20190807,  152,    0
 18518, 99377,20190808,  156,    0
 18518, 99377,20190809,  158,    0
 18518, 99377,20190810,  139,    0
 18518, 99377,20190811,  158,    0
 18518, 99377,20190812,  153,    0
 18518, 99377,20190813,  139,    0
 18518, 99377,20190814,  130,    0
 18518, 99377,20190815,  118,    0
 18518, 99377,20190816,  158,    0
 18518, 99377,20190817,  143,    0
 18518, 99377,20190818,  124,    0
 18518, 99377,20190819,  128,    0
 18518, 99377,20190820,  127,    0
 18518, 99377,20190821,  129,    0
 18518, 99377,20190822,-9999,    9
 18518, 99377,20190823,  147,    0
 18518, 99377,20190824,  161,    0
 18518, 99377,20190825,  178,    0
 18518, 99377,20190826,  175,    0
 18518, 99377,20190827,  169,    0
 18518, 99377,20190828,  152,    0
 18518, 99377,20190829,  159,    0
 18518, 99377,20190830,  136,    0
 18518, 99377,20190831,  161,    0
 18518, 99377,20190901,  141,    0
 18518, 99377,20190902,  104,    0
 18518, 99377,20190903,  109,    0
 18518, 99377,20190904,   65,    0
 18518, 99377,20190905,   90,    0
 18518, 99377,20190906,   78,    0
 18518, 99377,20190907,  103,    0
 18518, 99377,20190908,   85,    0
 18518, 99377,20190909,  113,    0
 18518, 99377,20190910,-9999,    9
 18518, 99377,20190911,  113,    0
 18518, 99377,20190912,   90,    0
 18518, 99377,20190913,  104,    0
 18518, 99377,20190914,   92,    0
 18518, 99377,20190915,  113,    0
 18518, 99377,20190916,   98,    0
 18518, 99377,20190917,   81,    0
 18518, 99377,20190918,   77,    0
 18518, 99377,20190919,   54,    0
 18518, 99377,20190920,  108,    0
 18518, 99377,20190921,  130,    0
 18518, 99377,20190922,  116,    0
 18518, 99377,20190923,   94,    0
 18518, 99377,20190924,   88,    0
 18518, 99377,20190925,   87,    0
 18518, 99377,20190926,   79,    0
 18518, 99377,20190927,   83,    0
 18518, 99377,20190928,   88,    0
 18518, 99377,20190929,   96,    0
 18518, 99377,20190930,   72,    0
 18518, 99377,20191001,   76,    0
 18518, 99377,20191002,   69,    0
 18518, 99377,20191003,   34,    0
 18518, 99377,20191004,   13,    0
 18518, 99377,20191005,    8,    0
 18518, 99377,20191006,  -10,    0
 18518, 99377,20191007,   -3,    0
 18518, 99377,20191008,    7,    0
 18518, 99377,20191009,   12,    0
 18518, 99377,20191010,   37,    0
 18518, 99377,20191011,   36,    0
 18518, 99377,20191012,   35,    0
 18518, 99377,20191013,   37,    0
 18518, 99377,20191014,   56,    0
 18518, 99377,20191015,   33,    0
 18518, 99377,20191016,   38,    0
 18518, 99377,20191017,   53,    0
 18518, 99377,20191018,   45,    0
 18518, 99377,20191019,   52,    0
 18518, 99377,20191020,   42,    0
 18518, 99377,20191021,    8,    0
 18518, 99377,20191022,   34,    0
 18518, 99377,20191023,-9999,    9
 18518, 99377,20191024,-9999,    9
 18518, 99377,20191025,-9999,    9
 18518, 99377,20191026,-9999,    9
 18518, 99377,20191027,   -6,    0
 18518, 99377,20191028,  -14,    0
 18518, 99377,20191029,  -25,    0
 18518, 99377,20191030,   -2,    0
 18518, 99377,20191031,   24,    0
 18518, 99377,20191101,  -19,    0
 18518, 99377,20191102,  -13,    0
 18518, 99377,20191103,   -4,    0
 18518, 99377,20191104,  -10,    0
 18518, 99377,20191105,  -59,    0
 18518, 99377,20191106,  -78,    0
 18518, 99377,20191107,  -70,    0
 18518, 99377,20191108,  -58,    0
 18518, 99377,20191109,  -27,    0
 18518, 99377,20191110,  -59,    0
 18518, 99377,20191111,  -57,    0
 18518, 99377,20191112,  -35,    0
 18518, 99377,20191113,  -13,    0
 18518, 99377,20191114,    0,    0
 18518, 99377,20191115,  -11,    0
 18518, 99377,20191116,   -3,    0
 18518, 99377,20191117,   -4,    0
 18518, 99377,20191118,  -23,    0
 18518, 99377,20191119,   -1,    0
 18518, 99377,20191120,  -57,    0
 18518, 99377,20191121,   -6,    0
 18518, 99377,20191122,    3,    0
 18518, 99377,20191123,    3,    0
 18518, 99377,20191124,    4,    0
 18518, 99377,20191125,    2,    0
 18518, 99377,20191126,    0,    0
 18518, 99377,20191127,   -1,    0
 18518, 99377,20191128,   -4,    0
 18518, 99377,20191129,  -83,    0
 18518, 99377,20191130, -130,    0
 18518, 99377,20191201, -124,    0
 18518, 99377,20191202, -115,    0
 18518, 99377,20191203,  -13,    0
 18518, 99377,20191204,  -21,    0
 18518, 99377,20191205,   63,    0
 18518, 99377,20191206,   -9,    0
 18518, 99377,20191207,-9999,    9
 18518, 99377,20191208,  -36,    0
 18518, 99377,20191209,  -38,    0
 18518, 99377,20191210,  -82,    0
 18518, 99377,20191211,    5,    0
 18518, 99377,20191212,   -1,    0
 18518, 99377,20191213,  -15,    0
 18518, 99377,20191214,-9999,    9
 18518, 99377,20191215,   -9,    0
 18518, 99377,20191216,  -92,    0
 18518, 99377,20191217, -130,    0
 18518, 99377,20191218, -123,    0
 18518, 99377,20191219,  -91,    0
 18518, 99377,20191220,  -25,    0
 18518, 99377,20191221,-9999,    9
 18518, 99377,20191222,-9999,    9
 18518, 99377,20191223,-9999,    9
 18518, 99377,20191224,   -7,    0
 18518, 99377,20191225,  -76,    0
 18518, 99377,20191226, -108,    0
 18518, 99377,20191227,  -98,    0
 18518, 99377,20191228,  -75,    0
 18518, 99377,20191229,  -22,    0
 18518, 99377,20191230,   49,    0
 18518, 99377,20191231,   38,    0
 18518, 99377,20200101,  -28,    0
 18518, 99377,20200102,  -21,    0
 18518, 99377,20200103,   28,    0
 18518, 99377,20200104,    0,    0
 18518, 99377,20200105,-9999,    9
 18518, 99377,20200106,-9999,    9
 18518, 99377,20200107,  -10,    0
 18518, 99377,20200108,   42,    0
 18518, 99377,20200109,  -17,    0
 18518, 99377,20200110,  -66,    0
 18518, 99377,20200111,   -3,    0
 18518, 99377,20200112,-9999,    9
 18518, 99377,20200113,-9999,    9
 18518, 99377,20200114,-9999,    9
 18518, 99377,20200115,-9999,    9
 18518, 99377,20200116,   13,    0
 18518, 99377,20200117,   15,    0
 18518, 99377,20200118,    4,    0
 18518, 99377,20200119,   18,    0
 18518, 99377,20200120,   57,    0
 18518, 99377,20200121,   73,    0
 18518, 99377,20200122,   16,    0
 18518, 99377,20200123,   12,    0
 18518, 99377,20200124,   56,    0
 18518, 99377,20200125,   -3,    0
 18518, 99377,20200126,  -24,    0
 18518, 99377,20200127,-9999,    9
 18518, 99377,20200128,-9999,    9
 18518, 99377,20200129,  -12,    0
 18518, 99377,20200130,  -70,    0
 18518, 99377,20200131,  -39,    0
 18518, 99377,20200201,  -20,    0
 18518, 99377,20200202,   -5,    0
 18518, 99377,20200203,  -68,    0
 18518, 99377,20200204,  -59,    0
 18518, 99377,20200205,   19,    0
 18518, 99377,20200206,   57,    0
 18518, 99377,20200207,  -28,    0
 18518, 99377,20200208,  -22,    0
 18518, 99377,20200209,   32,    0
 18518, 99377,20200210,   31,    0
 18518, 99377,20200211,  -11,    0
 18518, 99377,20200212,   20,    0
 18518, 99377,20200213,   -3,    0
 18518, 99377,20200214,  -36,    0
 18518, 99377,20200215,    6,    0
 18518, 99377,20200216,   37,    0
 18518, 99377,20200217,   49,    0
 18518, 99377,20200218,   29,    0
 18518, 99377,20200219,  -11,    0
 18518, 99377,20200220,  -16,    0
 18518, 99377,20200221,   38,    0
 18518, 99377,20200222,   36,    0
 18518, 99377,20200223,   20,    0
 18518, 99377,20200224,    8,    0
 18518, 99377,20200225,  -17,    0
 18518, 99377,20200226,  -46,    0
 18518, 99377,20200227,  -62,    0
 18518, 99377,20200228,  -34,    0
 18518, 99377,20200229,  -29,    0
 18518, 99377,20200301,  -11,    0
 18518, 99377,20200302,   12,    0
 18518, 99377,20200303,    3,    0
 18518, 99377,20200304,   -5,    0
 18518, 99377,20200305,  -39,    0
 18518, 99377,20200306,  -59,    0
 18518, 99377,20200307,  -45,    0
 18518, 99377,20200308,   27,    0
 18518, 99377,20200309,   13,    0
 18518, 99377,20200310,   -1,    0
 18518, 99377,20200311,   34,    0
 18518, 99377,20200312,   17,    0
 18518, 99377,20200313,  -17,    0
 18518, 99377,20200314,  -41,    0
 18518, 99377,20200315,   31,    0
 18518, 99377,20200316,   19,    0
 18518, 99377,20200317,   55,    0
 18518, 99377,20200318,   36,    0
 18518, 99377,20200319,   27,    0
 18518, 99377,20200320,-9999,    9
 18518, 99377,20200321,-9999,    9
 18518, 99377,20200322,-9999,    9
 18518, 99377,20200323,-9999,    9
 18518, 99377,20200324,-9999,    9
 18518, 99377,20200325,-9999,    9
 18518, 99377,20200326,-9999,    9
 18518, 99377,20200327,   36,    0
 18518, 99377,20200328,   22,    0
 18518, 99377,20200329,   -8,    0
 18518, 99377,20200330,   10,    0
 18518, 99377,20200331,   38,    0
 18518, 99377,20200401,   72,    0
 18518, 99377,20200402,   30,    0
 18518, 99377,20200403,   11,    0
 18518, 99377,20200404,    5,    0
 18518, 99377,20200405,   32,    0
 18518, 99377,20200406,   46,    0
 18518, 99377,20200407,   58,    0
 18518, 99377,20200408,   54,    0
 18518, 99377,20200409,   40,    0
 18518, 99377,20200410,   35,    0
 18518, 99377,20200411,-9999,    9
 18518, 99377,20200412,-9999,    9
 18518, 99377,20200413,-9999,    9
 18518, 99377,20200414,-9999,    9
 18518, 99377,20200415,-9999,    9
 18518, 99377,20200416,-9999,    9
 18518, 99377,20200417,   31,    0
 18518, 99377,20200418,   41,    0
 18518, 99377,20200419,   76,    0
 18518, 99377,20200420,   92,    0
 18518, 99377,20200421,  108,    0
 18518, 99377,20200422,  109,    0
 18518, 99377,20200423,   98,    0
 18518, 99377,20200424,   60,    0
 18518, 99377,20200425,   65,    0
 18518, 99377,20200426,   64,    0
 18518, 99377,20200427,   37,    0
 18518, 99377,20200428,   31,    0
 18518, 99377,20200429,   28,    0
 18518, 99377,20200430,   29,    0
 18518, 99377,20200501,   41,    0
 18518, 99377,20200502,   69,    0
 18518, 99377,20200503,   65,    0
 18518, 99377,20200504,   54,    0
 18518, 99377,20200505,   56,    0
 18518, 99377,20200506,   89,    0
 18518, 99377,20200507,   72,    0
 18518, 99377,20200508,   85,    0
 18518, 99377,20200509,   73,    0
 18518, 99377,20200510,   27,    0
 18518, 99377,20200511,   34,    0
 18518, 99377,20200512,   27,    0
 18518, 99377,20200513,   27,    0
 18518, 99377,20200514,   44,    0
 18518, 99377,20200515,   55,    0
 18518, 99377,20200516,   55,    0
 18518, 99377,20200517,   70,    0
 18518, 99377,20200518,   73,    0
 18518, 99377,20200519,   79,    0
 18518, 99377,20200520,   86,    0
 18518, 99377,20200521,  120,    0
 18518, 99377,20200522,   96,    0
 18518, 99377,20200523,   92,    0
 18518, 99377,20200524,   98,    0
 18518, 99377,20200525,  131,    0
 18518, 99377,20200526,  127,    0
 18518, 99377,20200527,  102,    0
 18518, 99377,20200528,  109,    0
 18518, 99377,20200529,  138,    0
 18518, 99377,20200530,  162,    0
 18518, 99377,20200531,  164,    0
 18518, 99377,20200601,  184,    0
 18518, 99377,20200602,  170,    0
 18518, 99377,20200603,  157,    0
 18518, 99377,20200604,  109,    0
 18518, 99377,20200605,  109,    0
 18518, 99377,20200606,   93,    0
 18518, 99377,20200607,  107,    0
 18518, 99377,20200608,  112,    0
 18518, 99377,20200609,  114,    0
 18518, 99377,20200610,  130,    0
 18518, 99377,20200611,  181,    0
 18518, 99377,20200612,  188,    0
 18518, 99377,20200613,  179,    0
 18518, 99377,20200614,  188,    0
 18518, 99377,20200615,  197,    0
 18518, 99377,20200616,  205,    0
 18518, 99377,20200617,  200,    0
 18518, 99377,20200618,  210,    0
 18518, 99377,20200619,  227,    0
 18518, 99377,20200620,  198,    0
 18518, 99377,20200621,  159,    0
 18518, 99377,20200622,  144,    0
 18518, 99377,20200623,  188,    0
 18518, 99377,20200624,  224,    0
 18518, 99377,20200625,  223,    0
 18518, 99377,20200626,  213,    0
 18518, 99377,20200627,-9999,    9
 18518, 99377,20200628,  170,    0
 18518, 99377,20200629,  138,    0
 18518, 99377,20200630,-9999,    9
 18518, 99377,20200701,  122,    0
 18518, 99377,20200702,  119,    0
 18518, 99377,20200703,   90,    0
 18518, 99377,20200704,  125,    0
 18518, 99377,20200705,  125,    0
 18518, 99377,20200706,  133,    0
 18518, 99377,20200707,   92,    0
 18518, 99377,20200708,  124,    0
 18518, 99377,20200709,  122,    0
 18518, 99377,20200710,  120,    0
 18518, 99377,20200711,  128,    0
 18518, 99377,20200712,  131,    0
 18518, 99377,20200713,  142,    0
 18518, 99377,20200714,  131,    0
 18518, 99377,20200715,  149,    0
 18518, 99377,20200716,  156,    0
 18518, 99377,20200717,  158,    0
 18518, 99377,20200718,  161,    0
 18518, 99377,20200719,  157,    0
 18518, 99377,20200720,  146,    0
 18518, 99377,20200721,  130,    0
 18518, 99377,20200722,  124,    0
 18518, 99377,20200723,  128,    0
 18518, 99377,20200724,  138,    0
 18518, 99377,20200725,  143,    0
 18518, 99377,20200726,  138,    0
 18518, 99377,20200727,  153,    0
 18518, 99377,20200728,  135,    0
 18518, 99377,20200729,  131,    0
 18518, 99377,20200730,  156,    0
 18518, 99377,20200731,  175,    0
 18518, 99377,20200801,  183,    0
 18518, 99377,20200802,  144,    0
 18518, 99377,20200803,  136,    0
 18518, 99377,20200804,  128,    0
 18518, 99377,20200805,  131,    0
 18518, 99377,20200806,  178,    0
 18518, 99377,20200807,  175,    0
 18518, 99377,20200808,  190,    0
 18518, 99377,20200809,  166,    0
 18518, 99377,20200810,  150,    0
 18518, 99377,20200811,  183,    0
 18518, 99377,20200812,  192,    0
 18518, 99377,20200813,  190,    0
 18518, 99377,20200814,  193,    0
 18518, 99377,20200815,  196,    0
 18518, 99377,20200816,  194,    0
 18518, 99377,20200817,  191,    0
 18518, 99377,20200818,  168,    0
 18518, 99377,20200819,  168,    0
 18518, 99377,20200820,  181,    0
 18518, 99377,20200821,  165,    0
 18518, 99377,20200822,  171,    0
 18518, 99377,20200823,  141,    0
 18518, 99377,20200824,-9999,    9
 18518, 99377,20200825,-9999,    9
 18518, 99377,20200826,  104,    0
 18518, 99377,20200827,  109,    0
 18518, 99377,20200828,  104,    0
 18518, 99377,20200829,  118,    0
 18518, 99377,20200830,  105,    0
 18518, 99377,20200831,  101,    0
 18518, 99377,20200901,  109,    0
 18518, 99377,20200902,  113,    0
 18518, 99377,20200903,   94,    0
 18518, 99377,20200904,  133,    0
 18518, 99377,20200905,   87,    0
 18518, 99377,20200906,   84,    0
 18518, 99377,20200907,   88,    0
 18518, 99377,20200908,  131,    0
 18518, 99377,20200909,  110,    0
 18518, 99377,20200910,   93,    0
 18518, 99377,20200911,   84,    0
 18518, 99377,20200912,   82,    0
 18518, 99377,20200913,  107,    0
 18518, 99377,20200914,  148,    0
 18518, 99377,20200915,  148,    0
 18518, 99377,20200916,  114,    0
 18518, 99377,20200917,   68,    0
 18518, 99377,20200918,  115,    0
 18518, 99377,20200919,   98,    0
 18518, 99377,20200920,  103,    0
 18518, 99377,20200921,  132,    0
 18518, 99377,20200922,  119,    0
 18518, 99377,20200923,  127,    0
 18518, 99377,20200924,  122,    0
 18518, 99377,20200925,   72,    0
 18518, 99377,20200926,   79,    0
 18518, 99377,20200927,   98,    0
 18518, 99377,20200928,  123,    0
 18518, 99377,20200929,  109,    0
 18518, 99377,20200930,  107,    0
 18518, 99377,20201001,  105,    0
 18518, 99377,20201002,   99,    0
 18518, 99377,20201003,  107,    0
 18518, 99377,20201004,  113,    0
 18518, 99377,20201005,  107,    0
 18518, 99377,20201006,   95,    0
 18518, 99377,20201007,   97,    0
 18518, 99377,20201008,   92,    0
 18518, 99377,20201009,   76,    0
 18518, 99377,20201010,   51,    0
 18518, 99377,20201011,   71,    0
 18518, 99377,20201012,   33,    0
 18518, 99377,20201013,   37,    0
 18518, 99377,20201014,   16,    0
 18518, 99377,20201015,   19,    0
 18518, 99377,20201016,   17,    0
 18518, 99377,20201017,   38,    0
 18518, 99377,20201018,   32,    0
 18518, 99377,20201019,    9,    0
 18518, 99377,20201020,    2,    0
 18518, 99377,20201021,   12,    0
 18518, 99377,20201022,   26,    0
 18518, 99377,20201023,   36,    0
 18518, 99377,20201024,   41,    0
 18518, 99377,20201025,   74,    0
 18518, 99377,20201026,   40,    0
 18518, 99377,20201027,   52,    0
 18518, 99377,20201028,   53,    0
 18518, 99377,20201029,   24,    0
 18518, 99377,20201030,    4,    0
 18518, 99377,20201031,   32,    0
 18518, 99377,20201101,   67,    0
 18518, 99377,20201102,   71,    0
 18518, 99377,20201103,   19,    0
 18518, 99377,20201104,   32,    0
 18518, 99377,20201105,  111,    0
 18518, 99377,20201106,  104,    0
 18518, 99377,20201107,   20,    0
 18518, 99377,20201108,    1,    0
 18518, 99377,20201109,  -16,    0
 18518, 99377,20201110,  -22,    0
 18518, 99377,20201111,    1,    0
 18518, 99377,20201112,   29,    0
 18518, 99377,20201113,   31,    0
 18518, 99377,20201114,   22,    0
 18518, 99377,20201115,   62,    0
 18518, 99377,20201116,   63,    0
 18518, 99377,20201117,   16,    0
 18518, 99377,20201118,   63,    0
 18518, 99377,20201119,   36,    0
 18518, 99377,20201120,  -10,    0
 18518, 99377,20201121,   10,    0
 18518, 99377,20201122,   46,    0
 18518, 99377,20201123,   16,    0
 18518, 99377,20201124,  -10,    0
 18518, 99377,20201125,   35,    0
 18518, 99377,20201126,  -29,    0
 18518, 99377,20201127,  -55,    0
 18518, 99377,20201128,  -74,    0
 18518, 99377,20201129,  -79,    0
 18518, 99377,20201130,  -38,    0
 18518, 99377,20201201,  -29,    0
 18518, 99377,20201202,  -63,    0
 18518, 99377,20201203,    2,    0
 18518, 99377,20201204,   -6,    0
 18518, 99377,20201205,   -3,    0
 18518, 99377,20201206,    1,    0
 18518, 99377,20201207,-9999,    9
 18518, 99377,20201208,-9999,    9
 18518, 99377,20201209,    0,    0
 18518, 99377,20201210,    1,    0
 18518, 99377,20201211,-9999,    9
 18518, 99377,20201212,   -1,    0
 18518, 99377,20201213,   -3,    0
 18518, 99377,20201214,-9999,    9
 18518, 99377,20201215,   -1,    0
 18518, 99377,20201216,  -51,    0
 18518, 99377,20201217,  -16,    0
 18518, 99377,20201218,  -38,    0
 18518, 99377,20201219,   24,    0
 18518, 99377,20201220,   21,    0
 18518, 99377,20201221,   -1,    0
 18518, 99377,20201222,-9999,    9
 18518, 99377,20201223,  -20,    0
 18518, 99377,20201224,  -83,    0
 18518, 99377,20201225, -113,    0
 18518, 99377,20201226,  -65,    0
 18518, 99377,20201227,-9999,    9
 18518, 99377,20201228,    1,    0
 18518, 99377,20201229,    2,    0
 18518, 99377,20201230,    1,    0
 18518, 99377,20201231,  -10,    0
 18518, 99377,20210101,  -28,    0
 18518, 99377,20210102,  -27,    0
 18518, 99377,20210103,  -59,    0
 18518, 99377,20210104, -114,    0
 18518, 99377,20210105, -123,    0
 18518, 99377,20210106, -162,    0
 18518, 99377,20210107, -149,    0
 18518, 99377,20210108, -140,    0
 18518, 99377,20210109, -160,    0
 18518, 99377,20210110, -138,    0
 18518, 99377,20210111, -135,    0
 18518, 99377,20210112, -107,    0
 18518, 99377,20210113,  -61,    0
 18518, 99377,20210114, -155,    0
 18518, 99377,20210115, -171,    0
 18518, 99377,20210116, -168,    0
 18518, 99377,20210117, -108,    0
 18518, 99377,20210118, -117,    0
 18518, 99377,20210119,  -60,    0
 18518, 99377,20210120,  -34,    0
 18518, 99377,20210121,  -14,    0
 18518, 99377,20210122,   11,    0
 18518, 99377,20210123,  -13,    0
 18518, 99377,20210124, -100,    0
 18518, 99377,20210125, -131,    0
 18518, 99377,20210126, -143,    0
 18518, 99377,20210127, -143,    0
 18518, 99377,20210128, -152,    0
 18518, 99377,20210129, -184,    0
 18518, 99377,20210130, -171,    0
 18518, 99377,20210131, -157,    0
 18518, 99377,20210201, -140,    0
 18518, 99377,20210202, -139,    0
 18518, 99377,20210203,  -95,    0
 18518, 99377,20210204, -157,    0
 18518, 99377,20210205, -149,    0
 18518, 99377,20210206, -129,    0
 18518, 99377,20210207, -133,    0
 18518, 99377,20210208, -108,    0
 18518, 99377,20210209, -109,    0
 18518, 99377,20210210, -138,    0
 18518, 99377,20210211, -168,    0
 18518, 99377,20210212, -158,    0
 18518, 99377,20210213, -154,    0
 18518, 99377,20210214, -156,    0
 18518, 99377,20210215, -110,    0
 18518, 99377,20210216,  -70,    0
 18518, 99377,20210217,  -42,    0
 18518, 99377,20210218,  -30,    0
 18518, 99377,20210219,  -23,    0
 18518, 99377,20210220,    6,    0
 18518, 99377,20210221,   17,    0
 18518, 99377,20210222,   10,    0
 18518, 99377,20210223,   16,    0
 18518, 99377,20210224,   35,    0
 18518, 99377,20210225,   30,    0
 18518, 99377,20210226,   58,    0
 18518, 99377,20210227,   42,    0
 18518, 99377,20210228,   32,    0
 18518, 99377,20210301,   58,    0
 18518, 99377,20210302,   49,    0
 18518, 99377,20210303,   16,    0
 18518, 99377,20210304,  -11,    0
 18518, 99377,20210305,  -30,    0
 18518, 99377,20210306,   51,    0
 18518, 99377,20210307,   -3,    0
 18518, 99377,20210308,  -39,    0
 18518, 99377,20210309,    0,    0
 18518, 99377,20210310,  -23,    0
 18518, 99377,20210311,   -2,    0
 18518, 99377,20210312,   -7,    0
 18518, 99377,20210313,  -23,    0
 18518, 99377,20210314,  -18,    0
 18518, 99377,20210315,   17,    0
 18518, 99377,20210316,   -6,    0
 18518, 99377,20210317,  -26,    0
 18518, 99377,20210318,    4,    0
 18518, 99377,20210319,    8,    0
 18518, 99377,20210320,   41,    0
 18518, 99377,20210321,-9999,    9
 18518, 99377,20210322,   53,    0
 18518, 99377,20210323,   45,    0
 18518, 99377,20210324,   27,    0
 18518, 99377,20210325,   21,    0
 18518, 99377,20210326,   22,    0
 18518, 99377,20210327,   34,    0
 18518, 99377,20210328,    2,    0
 18518, 99377,20210329,   64,    0
 18518, 99377,20210330,   79,    0
 18518, 99377,20210331,   34,    0
 18518, 99377,20210401,   33,    0
 18518, 99377,20210402,   42,    0
 18518, 99377,20210403,   27,    0
 18518, 99377,20210404,   62,    0
 18518, 99377,20210405,    9,    0
 18518, 99377,20210406,   20,    0
 18518, 99377,20210407,   -5,    0
 18518, 99377,20210408,   -5,    0
 18518, 99377,20210409,   30,    0
 18518, 99377,20210410,   24,    0
 18518, 99377,20210411,    8,    0
 18518, 99377,20210412,    8,    0
 18518, 99377,20210413,   20,    0
 18518, 99377,20210414,   23,    0
 18518, 99377,20210415,   44,    0
 18518, 99377,20210416,   42,    0
 18518, 99377,20210417,-9999,    9
 18518, 99377,20210418,   67,    0
 18518, 99377,20210419,   72,    0
 18518, 99377,20210420,   76,    0
 18518, 99377,20210421,   61,    0
 18518, 99377,20210422,   49,    0
 18518, 99377,20210423,   31,    0
 18518, 99377,20210424,   17,    0
 18518, 99377,20210425,   30,    0
 18518, 99377,20210426,   38,    0
 18518, 99377,20210427,   37,    0
 18518, 99377,20210428,   34,    0
 18518, 99377,20210429,   30,    0
 18518, 99377,20210430,   38,    0
 18518, 99377,20210501,   50,    0
 18518, 99377,20210502,   58,    0
 18518, 99377,20210503,   47,    0
 18518, 99377,20210504,   21,    0
 18518, 99377,20210505,   20,    0
 18518, 99377,20210506,   39,    0
 18518, 99377,20210507,   41,    0
 18518, 99377,20210508,   57,    0
 18518, 99377,20210509,   34,    0
 18518, 99377,20210510,-9999,    9
 18518, 99377,20210511,-9999,    9
 18518, 99377,20210512,   73,    0
 18518, 99377,20210513,  129,    0
 18518, 99377,20210514,  129,    0
 18518, 99377,20210515,   95,    0
 18518, 99377,20210516,   84,    0
 18518, 99377,20210517,   79,    0
 18518, 99377,20210518,  104,    0
 18518, 99377,20210519,  107,    0
 18518, 99377,20210520,   98,    0
 18518, 99377,20210521,   86,    0
 18518, 99377,20210522,   83,    0
 18518, 99377,20210523,   92,    0
 18518, 99377,20210524,   91,    0
 18518, 99377,20210525,   86,    0
 18518, 99377,20210526,   88,    0
 18518, 99377,20210527,  111,    0
 18518, 99377,20210528,  141,    0
 18518, 99377,20210529,  168,    0
 18518, 99377,20210530,  196,    0
 18518, 99377,20210531,  217,    0
 18518, 99377,20210601,  182,    0
 18518, 99377,20210602,  164,    0
 18518, 99377,20210603,  162,    0
 18518, 99377,20210604,  160,    0
 18518, 99377,20210605,  182,    0
 18518, 99377,20210606,  166,    0
 18518, 99377,20210607,  158,    0
 18518, 99377,20210608,  157,    0
 18518, 99377,20210609,  178,    0
 18518, 99377,20210610,  171,    0
 18518, 99377,20210611,  166,    0
 18518, 99377,20210612,  139,    0
 18518, 99377,20210613,  145,    0
 18518, 99377,20210614,  139,    0
 18518, 99377,20210615,  135,    0
 18518, 99377,20210616,  145,    0
 18518, 99377,20210617,  164,    0
 18518, 99377,20210618,  177,    0
 18518, 99377,20210619,  128,    0
 18518, 99377,20210620,  146,    0
 18518, 99377,20210621,  167,    0
 18518, 99377,20210622,  147,    0
 18518, 99377,20210623,  180,    0
 18518, 99377,20210624,  174,    0
 18518, 99377,20210625,  178,    0
 18518, 99377,20210626,  183,    0
 18518, 99377,20210627,  192,    0
 18518, 99377,20210628,  203,    0
 18518, 99377,20210629,  182,    0
 18518, 99377,20210630,  165,    0
 18518, 99377,20210701,  169,    0
 18518, 99377,20210702,  201,    0
 18518, 99377,20210703,  208,    0
 18518, 99377,20210704,  177,    0
 18518, 99377,20210705,  167,    0
 18518, 99377,20210706,  175,    0
 18518, 99377,20210707,  159,    0
 18518, 99377,20210708,  161,    0
 18518, 99377,20210709,  157,    0
 18518, 99377,20210710,  148,    0
 18518, 99377,20210711,  181,    0
 18518, 99377,20210712,  176,    0
 18518, 99377,20210713,  189,    0
 18518, 99377,20210714,  188,    0
 18518, 99377,20210715,  210,    0
 18518, 99377,20210716,  195,    0
 18518, 99377,20210717,  202,    0
 18518, 99377,20210718,  168,    0
 18518, 99377,20210719,  167,    0
 18518, 99377,20210720,  183,    0
 18518, 99377,20210721,  166,    0
 18518, 99377,20210722,  206,    0
 18518, 99377,20210723,  197,    0
 18518, 99377,20210724,  201,    0
 18518, 99377,20210725,  198,    0
 18518, 99377,20210726,  186,    0
 18518, 99377,20210727,  169,    0
 18518, 99377,20210728,  165,    0
 18518, 99377,20210729,  143,    0
 18518, 99377,20210730,-9999,    9
 18518, 99377,20210731,  144,    0
 18518, 99377,20210801,  121,    0
 18518, 99377,20210802,-9999,    9
 18518, 99377,20210803,  127,    0
 18518, 99377,20210804,  136,    0
 18518, 99377,20210805,  129,    0
 18518, 99377,20210806,  133,    0
 18518, 99377,20210807,  139,    0
 18518, 99377,20210808,  149,    0
 18518, 99377,20210809,  131,    0
 18518, 99377,20210810,  160,    0
 18518, 99377,20210811,  158,    0
 18518, 99377,20210812,-9999,    9
 18518, 99377,20210813,  149,    0
 18518, 99377,20210814,  139,    0
 18518, 99377,20210815,  140,    0
 18518, 99377,20210816,  117,    0
 18518, 99377,20210817,  155,    0
 18518, 99377,20210818,  119,    0
 18518, 99377,20210819,  128,    0
 18518, 99377,20210820,  118,    0
 18518, 99377,20210821,  122,    0
 18518, 99377,20210822,  128,    0
 18518, 99377,20210823,  146,    0
 18518, 99377,20210824,  153,    0
 18518, 99377,20210825,  185,    0
 18518, 99377,20210826,  145,    0
 18518, 99377,20210827,  130,    0
 18518, 99377,20210828,  150,    0
 18518, 99377,20210829,  154,    0
 18518, 99377,20210830,  152,    0
 18518, 99377,20210831,-9999,    9
 18518, 99377,20210901,  149,    0
 18518, 99377,20210902,  156,    0
 18518, 99377,20210903,  133,    0
 18518, 99377,20210904,  105,    0
 18518, 99377,20210905,  126,    0
 18518, 99377,20210906,  110,    0
 18518, 99377,20210907,  140,    0
 18518, 99377,20210908,  165,    0
 18518, 99377,20210909,  159,    0
 18518, 99377,20210910,  147,    0
 18518, 99377,20210911,  149,    0
 18518, 99377,20210912,  148,    0
 18518, 99377,20210913,  119,    0
 18518, 99377,20210914,   99,    0
 18518, 99377,20210915,  101,    0
 18518, 99377,20210916,   91,    0
 18518, 99377,20210917,   80,    0
 18518, 99377,20210918,   82,    0
 18518, 99377,20210919,   82,    0
 18518, 99377,20210920,   79,    0
 18518, 99377,20210921,   97,    0
 18518, 99377,20210922,  110,    0
 18518, 99377,20210923,  102,    0
 18518, 99377,20210924,   75,    0
 18518, 99377,20210925,  104,    0
 18518, 99377,20210926,  100,    0
 18518, 99377,20210927,  109,    0
 18518, 99377,20210928,  107,    0
 18518, 99377,20210929,   83,    0
 18518, 99377,20210930,   94,    0
 18518, 99377,20211001,  100,    0
 18518, 99377,20211002,   97,    0
 18518, 99377,20211003,  103,    0
 18518, 99377,20211004,  105,    0
 18518, 99377,20211005,  100,    0
 18518, 99377,20211006,   93,    0
 18518, 99377,20211007,   66,    0
 18518, 99377,20211008,  110,    0
 18518, 99377,20211009,  123,    0
 18518, 99377,20211010,   74,    0
 18518, 99377,20211011,   45,    0
 18518, 99377,20211012,   29,    0
 18518, 99377,20211013,   10,    0
 18518, 99377,20211014,   68,    0
 18518, 99377,20211015,   62,    0
 18518, 99377,20211016,   38,    0
 18518, 99377,20211017,    6,    0
 18518, 99377,20211018,  -12,    0
 18518, 99377,20211019,    6,    0
 18518, 99377,20211020,   26,    0
 18518, 99377,20211021,   38,    0
 18518, 99377,20211022,   58,    0
 18518, 99377,20211023,   35,    0
 18518, 99377,20211024,   55,    0
 18518, 99377,20211025,   83,    0
 18518, 99377,20211026,   21,    0
 18518, 99377,20211027,   51,    0
 18518, 99377,20211028,  108,    0
 18518, 99377,20211029,   85,    0
 18518, 99377,20211030,   83,    0
 18518, 99377,20211031,   67,    0
 18518, 99377,20211101,-9999,    9
 18518, 99377,20211102,   63,    0
 18518, 99377,20211103,   35,    0
 18518, 99377,20211104,   -6,    0
 18518, 99377,20211105,    3,    0
 18518, 99377,20211106,   30,    0
 18518, 99377,20211107,-9999,    9
 18518, 99377,20211108,-9999,    9
 18518, 99377,20211109,   37,    0
 18518, 99377,20211110,    6,    0
 18518, 99377,20211111,   25,    0
 18518, 99377,20211112,    3,    0
 18518, 99377,20211113,    3,    0
 18518, 99377,20211114,  -26,    0
 18518, 99377,20211115,  -13,    0
 18518, 99377,20211116,   10,    0
 18518, 99377,20211117,   25,    0
 18518, 99377,20211118,   23,    0
 18518, 99377,20211119,-9999,    9
 18518, 99377,20211120,-9999,    9
 18518, 99377,20211121,-9999,    9
 18518, 99377,20211122,   10,    0
 18518, 99377,20211123,   60,    0
 18518, 99377,20211124,   20,    0
 18518, 99377,20211125,  -34,    0
 18518, 99377,20211126,  -56,    0
 18518, 99377,20211127,  -33,    0
 18518, 99377,20211128,  -70,    0
 18518, 99377,20211129, -114,    0
 18518, 99377,20211130,-9999,    9
 18518, 99377,20211201, -119,    0
 18518, 99377,20211202, -130,    0
 18518, 99377,20211203, -100,    0
 18518, 99377,20211204,  -80,    0
 18518, 99377,20211205,  -71,    0
 18518, 99377,20211206, -104,    0
 18518, 99377,20211207, -101,    0
 18518, 99377,20211208,  -77,    0
 18518, 99377,20211209,  -39,    0
 18518, 99377,20211210,  -30,    0
 18518, 99377,20211211,  -29,    0
 18518, 99377,20211212,  -50,    0
 18518, 99377,20211213,  -44,    0
 18518, 99377,20211214,  -70,    0
 18518, 99377,20211215,  -22,    0
 18518, 99377,20211216,   48,    0
 18518, 99377,20211217,   -8,    0
 18518, 99377,20211218,   88,    0
 18518, 99377,20211219,   13,    0
 18518, 99377,20211220,  -58,    0
 18518, 99377,20211221,  -79,    0
 18518, 99377,20211222, -101,    0
 18518, 99377,20211223, -116,    0
 18518, 99377,20211224, -135,    0
 18518, 99377,20211225, -140,    0
 18518, 99377,20211226, -121,    0
 18518, 99377,20211227, -125,    0
 18518, 99377,20211228,  -77,    0
 18518, 99377,20211229, -122,    0
 18518, 99377,20211230,  -94,    0
 18518, 99377,20211231,  -58,    0
 18518, 99377,20220101,  -37,    0
 18518, 99377,20220102,  -37,    0
 18518, 99377,20220103,  -64,    0
 18518, 99377,20220104, -101,    0
 18518, 99377,20220105, -117,    0
 18518, 99377,20220106, -155,    0
 18518, 99377,20220107,  -96,    0
 18518, 99377,20220108,  -68,    0
 18518, 99377,20220109,  -40,    0
 18518, 99377,20220110,  -23,    0
 18518, 99377,20220111,  -15,    0
 18518, 99377,20220112,  -22,    0
 18518, 99377,20220113,  103,    0
 18518, 99377,20220114,   25,    0
 18518, 99377,20220115,  -27,    0
 18518, 99377,20220116,  -11,    0
 18518, 99377,20220117,   -8,    0
 18518, 99377,20220118,   36,    0
 18518, 99377,20220119,   10,    0
 18518, 99377,20220120,  -14,    0
 18518, 99377,20220121,  -25,    0
 18518, 99377,20220122,  -20,    0
 18518, 99377,20220123,   15,    0
 18518, 99377,20220124,   33,    0
 18518, 99377,20220125,   31,    0
 18518, 99377,20220126,   22,    0
 18518, 99377,20220127,   16,    0
 18518, 99377,20220128,    8,    0
 18518, 99377,20220129,   11,    0
 18518, 99377,20220130,   12,    0
 18518, 99377,20220131,  -71,    0
 18518, 99377,20220201,  -54,    0
 18518, 99377,20220202,  -79,    0
 18518, 99377,20220203,  -59,    0
 18518, 99377,20220204,  -51,    0
 18518, 99377,20220205,  -22,    0
 18518, 99377,20220206,  -13,    0
 18518, 99377,20220207,   22,    0
 18518, 99377,20220208,   13,    0
 18518, 99377,20220209,   27,    0
 18518, 99377,20220210,   10,    0
 18518, 99377,20220211,  -39,    0
 18518, 99377,20220212,    1,    0
 18518, 99377,20220213,   28,    0
 18518, 99377,20220214,    3,    0
 18518, 99377,20220215,  -12,    0
 18518, 99377,20220216,  -26,    0
 18518, 99377,20220217,  -28,    0
 18518, 99377,20220218,  -17,    0
 18518, 99377,20220219,  -41,    0
 18518, 99377,20220220,  -57,    0
 18518, 99377,20220221,  -13,    0
 18518, 99377,20220222,  -62,    0
 18518, 99377,20220223,  -19,    0
 18518, 99377,20220224,  -12,    0
 18518, 99377,20220225,  -34,    0
 18518, 99377,20220226,  -59,    0
 18518, 99377,20220227,  -43,    0
 18518, 99377,20220228,  -35,    0
 18518, 99377,20220301,   20,    0
 18518, 99377,20220302,   28,    0
 18518, 99377,20220303,-9999,    9
 18518, 99377,20220304,  -48,    0
 18518, 99377,20220305,  -38,    0
 18518, 99377,20220306,   -8,    0
 18518, 99377,20220307,   12,    0
 18518, 99377,20220308,  -16,    0
 18518, 99377,20220309,  -34,    0
 18518, 99377,20220310,  -13,    0
 18518, 99377,20220311,    4,    0
 18518, 99377,20220312,  -34,    0
 18518, 99377,20220313,  -12,    0
 18518, 99377,20220314,    1,    0
 18518, 99377,20220315,  -10,    0
 18518, 99377,20220316,   -1,    0
 18518, 99377,20220317,    5,    0
 18518, 99377,20220318,    5,    0
 18518, 99377,20220319,   27,    0
 18518, 99377,20220320,   23,    0
 18518, 99377,20220321,    9,    0
 18518, 99377,20220322,   20,    0
 18518, 99377,20220323,   30,    0
 18518, 99377,20220324,   48,    0
 18518, 99377,20220325,   83,    0
 18518, 99377,20220326,   55,    0
 18518, 99377,20220327,   79,    0
 18518, 99377,20220328,   63,    0
 18518, 99377,20220329,   -4,    0
 18518, 99377,20220330,  -18,    0
 18518, 99377,20220331,  -17,    0
 18518, 99377,20220401,  -20,    0
 18518, 99377,20220402,   -7,    0
 18518, 99377,20220403,   27,    0
 18518, 99377,20220404,   10,    0
 18518, 99377,20220405,   -9,    0
 18518, 99377,20220406,  -11,    0
 18518, 99377,20220407,    5,    0
 18518, 99377,20220408,   15,    0
 18518, 99377,20220409,   37,    0
 18518, 99377,20220410,   47,    0
 18518, 99377,20220411,   29,    0
 18518, 99377,20220412,   30,    0
 18518, 99377,20220413,    7,    0
 18518, 99377,20220414,   32,    0
 18518, 99377,20220415,   50,    0
 18518, 99377,20220416,   59,    0
 18518, 99377,20220417,   71,    0
 18518, 99377,20220418,   71,    0
 18518, 99377,20220419,   77,    0
 18518, 99377,20220420,   96,    0
 18518, 99377,20220421,   91,    0
 18518, 99377,20220422,   97,    0
 18518, 99377,20220423,   85,    0
 18518, 99377,20220424,   65,    0
 18518, 99377,20220425,   96,    0
 18518, 99377,20220426,   60,    0
 18518, 99377,20220427,   49,    0
 18518, 99377,20220428,   64,    0
 18518, 99377,20220429,   54,    0
 18518, 99377,20220430,   64,    0
 18518, 99377,20220501,-9999,    9
 18518, 99377,20220502,-9999,    9
 18518, 99377,20220503,-9999,    9
 18518, 99377,20220504,-9999,    9
 18518, 99377,20220505,-9999,    9
 18518, 99377,20220506,-9999,    9
 18518, 99377,20220507,-9999,    9
 18518, 99377,20220508,-9999,    9
 18518, 99377,20220509,-9999,    9
 18518, 99377,20220510,-9999,    9
 18518, 99377,20220511,-9999,    9
 18518, 99377,20220512,-9999,    9
 18518, 99377,20220513,-9999,    9
 18518, 99377,20220514,-9999,    9
 18518, 99377,20220515,  108,    0
 18518, 99377,20220516,  105,    0
 18518, 99377,20220517,  111,    0
 18518, 99377,20220518,   97,    0
 18518, 99377,20220519,-9999,    9
 18518, 99377,20220520,-9999,    9
 18518, 99377,20220521,  102,    0
 18518, 99377,20220522,  117,    0
 18518, 99377,20220523,  117,    0
 18518, 99377,20220524,  102,    0
 18518, 99377,20220525,  120,    0
 18518, 99377,20220526,  109,    0
 18518, 99377,20220527,   86,    0
 18518, 99377,20220528,  125,    0
 18518, 99377,20220529,   68,    0
 18518, 99377,20220530,   95,    0
 18518, 99377,20220531,  110,    0
 18518, 99377,20220601,  119,    0
 18518, 99377,20220602,  111,    0
 18518, 99377,20220603,  127,    0
 18518, 99377,20220604,  154,    0
 18518, 99377,20220605,  150,    0
 18518, 99377,20220606,  160,    0
 18518, 99377,20220607,  145,    0
 18518, 99377,20220608,  135,    0
 18518, 99377,20220609,  146,    0
 18518, 99377,20220610,  162,    0
 18518, 99377,20220611,  139,    0
 18518, 99377,20220612,  144,    0
 18518, 99377,20220613,  135,    0
 18518, 99377,20220614,  144,    0
 18518, 99377,20220615,  158,    0
 18518, 99377,20220616,  184,    0
 18518, 99377,20220617,  146,    0
 18518, 99377,20220618,  134,    0
 18518, 99377,20220619,  116,    0
 18518, 99377,20220620,  174,    0
 18518, 99377,20220621,  143,    0
 18518, 99377,20220622,  170,    0
 18518, 99377,20220623,  202,    0
 18518, 99377,20220624,  194,    0
 18518, 99377,20220625,  187,    0
 18518, 99377,20220626,  182,    0
 18518, 99377,20220627,  151,    0
 18518, 99377,20220628,  170,    0
 18518, 99377,20220629,  173,    0
 18518, 99377,20220630,  183,    0
 18518, 99377,20220701,  189,    0
 18518, 99377,20220702,  173,    0
 18518, 99377,20220703,  156,    0
 18518, 99377,20220704,  138,    0
 18518, 99377,20220705,  134,    0
 18518, 99377,20220706,  127,    0
 18518, 99377,20220707,  158,    0
 18518, 99377,20220708,  166,    0
 18518, 99377,20220709,  147,    0
 18518, 99377,20220710,  162,    0
 18518, 99377,20220711,  167,    0
 18518, 99377,20220712,  176,    0
 18518, 99377,20220713,  152,    0
 18518, 99377,20220714,  144,    0
 18518, 99377,20220715,  133,    0
 18518, 99377,20220716,  148,    0
 18518, 99377,20220717,  148,    0
 18518, 99377,20220718,  168,    0
 18518, 99377,20220719,  189,    0
 18518, 99377,20220720,  225,    0
 18518, 99377,20220721,  218,    0
 18518, 99377,20220722,  179,    0
 18518, 99377,20220723,  160,    0
 18518, 99377,20220724,  151,    0
 18518, 99377,20220725,  157,    0
 18518, 99377,20220726,  159,    0
 18518, 99377,20220727,  181,    0
 18518, 99377,20220728,  166,    0
 18518, 99377,20220729,  165,    0
 18518, 99377,20220730,  156,    0
 18518, 99377,20220731,  134,    0
 18518, 99377,20220801,  152,    0
 18518, 99377,20220802,   97,    0
 18518, 99377,20220803,  174,    0
 18518, 99377,20220804,  144,    0
 18518, 99377,20220805,  133,    0
 18518, 99377,20220806,  139,    0
 18518, 99377,20220807,  118,    0
 18518, 99377,20220808,  159,    0
 18518, 99377,20220809,-9999,    9
 18518, 99377,20220810,  199,    0
 18518, 99377,20220811,  198,    0
 18518, 99377,20220812,  191,    0
 18518, 99377,20220813,  201,    0
 18518, 99377,20220814,  201,    0
 18518, 99377,20220815,-9999,    9
 18518, 99377,20220816,  178,    0
 18518, 99377,20220817,-9999,    9
 18518, 99377,20220818,  150,    0
 18518, 99377,20220819,  159,    0
 18518, 99377,20220820,  170,    0
 18518, 99377,20220821,  121,    0
 18518, 99377,20220822,  121,    0
 18518, 99377,20220823,  134,    0
 18518, 99377,20220824,  140,    0
 18518, 99377,20220825,  168,    0
 18518, 99377,20220826,  147,    0
 18518, 99377,20220827,  166,    0
 18518, 99377,20220828,  137,    0
 18518, 99377,20220829,  138,    0
 18518, 99377,20220830,  130,    0
 18518, 99377,20220831,  120,    0
 18518, 99377,20220901,  120,    0
 18518, 99377,20220902,  117,    0
 18518, 99377,20220903,  126,    0
 18518, 99377,20220904,  128,    0
 18518, 99377,20220905,  118,    0
 18518, 99377,20220906,  111,    0
 18518, 99377,20220907,  112,    0
 18518, 99377,20220908,  112,    0
 18518, 99377,20220909,  109,    0
 18518, 99377,20220910,  110,    0
 18518, 99377,20220911,  131,    0
 18518, 99377,20220912,   88,    0
 18518, 99377,20220913,  117,    0
 18518, 99377,20220914,  109,    0
 18518, 99377,20220915,   96,    0
 18518, 99377,20220916,  114,    0
 18518, 99377,20220917,  115,    0
 18518, 99377,20220918,   90,    0
 18518, 99377,20220919,   72,    0
 18518, 99377,20220920,   60,    0
 18518, 99377,20220921,   57,    0
 18518, 99377,20220922,   72,    0
 18518, 99377,20220923,  101,    0
 18518, 99377,20220924,   76,    0
 18518, 99377,20220925,   68,    0
 18518, 99377,20220926,   83,    0
 18518, 99377,20220927,   97,    0
 18518, 99377,20220928,   94,    0
 18518, 99377,20220929,   78,    0
 18518, 99377,20220930,   71,    0
 18518, 99377,20221001,   85,    0
 18518, 99377,20221002,   83,    0
 18518, 99377,20221003,   72,    0
 18518, 99377,20221004,   64,    0
 18518, 99377,20221005,   93,    0
 18518, 99377,20221006,   86,    0
 18518, 99377,20221007,   74,    0
 18518, 99377,20221008,   48,    0
 18518, 99377,20221009,   62,    0
 18518, 99377,20221010,   73,    0
 18518, 99377,20221011,   42,    0
 18518, 99377,20221012,   42,    0
 18518, 99377,20221013,   79,    0
 18518, 99377,20221014,   37,    0
 18518, 99377,20221015,   63,    0
 18518, 99377,20221016,   23,    0
 18518, 99377,20221017,   20,    0
 18518, 99377,20221018,   43,    0
 18518, 99377,20221019,    0,    0
 18518, 99377,20221020,  -12,    0
 18518, 99377,20221021,    9,    0
 18518, 99377,20221022,   17,    0
 18518, 99377,20221023,   19,    0
 18518, 99377,20221024,   41,    0
 18518, 99377,20221025,   59,    0
 18518, 99377,20221026,   43,    0
 18518, 99377,20221027,   58,    0
 18518, 99377,20221028,   56,    0
 18518, 99377,20221029,   92,    0
 18518, 99377,20221030,   31,    0
 18518, 99377,20221031,   49,    0
