EUROPEAN CLIMATE ASSESSMENT & DATASET (ECA&D), file created on: 16-11-2022
THESE DATA CAN BE USED FOR NON-COMMERCIAL RESEARCH AND EDUCATION PROVIDED THAT THE FOLLOWING SOURCE IS ACKNOWLEDGED: 

Klein Tank, A.M.G. and Coauthors, 2002. Daily dataset of 20th-century surface
air temperature and precipitation series for the European Climate Assessment.
Int. J. of Climatol., 22, 1441-1453.
Data and metadata available at http://www.ecad.eu

FILE FORMAT (MISSING VALUE CODE = -9999):

01-06 STAID: Station identifier
08-13 SOUID: Source identifier
15-22 DATE : Date YYYYMMDD
24-28 TG   : Mean temperature in 0.1 &#176;C
30-34 Q_TG : quality code for TG (0='valid'; 1='suspect'; 9='missing')

This is the blended series of station E6 SENNALANDET, NORWAY (STAID: 18718)
Blended and updated with sources:99735 
See files sources.txt and stations.txt for more info.

STAID, SOUID,    DATE,   TG, Q_TG
 18718, 99735,20150401,-9999,    9
 18718, 99735,20150402,-9999,    9
 18718, 99735,20150403,-9999,    9
 18718, 99735,20150404,-9999,    9
 18718, 99735,20150405,-9999,    9
 18718, 99735,20150406,-9999,    9
 18718, 99735,20150407,-9999,    9
 18718, 99735,20150408,-9999,    9
 18718, 99735,20150409,-9999,    9
 18718, 99735,20150410,-9999,    9
 18718, 99735,20150411,-9999,    9
 18718, 99735,20150412,-9999,    9
 18718, 99735,20150413,-9999,    9
 18718, 99735,20150414,   16,    0
 18718, 99735,20150415,   21,    0
 18718, 99735,20150416,-9999,    9
 18718, 99735,20150417,    4,    0
 18718, 99735,20150418,   44,    0
 18718, 99735,20150419,   40,    0
 18718, 99735,20150420,   61,    0
 18718, 99735,20150421,   63,    0
 18718, 99735,20150422,-9999,    9
 18718, 99735,20150423,-9999,    9
 18718, 99735,20150424,    9,    0
 18718, 99735,20150425,   14,    0
 18718, 99735,20150426,-9999,    9
 18718, 99735,20150427,-9999,    9
 18718, 99735,20150428,  -17,    0
 18718, 99735,20150429,  -27,    0
 18718, 99735,20150430,  -56,    0
 18718, 99735,20150501,-9999,    9
 18718, 99735,20150502,-9999,    9
 18718, 99735,20150503,    6,    0
 18718, 99735,20150504,-9999,    9
 18718, 99735,20150505,-9999,    9
 18718, 99735,20150506,-9999,    9
 18718, 99735,20150507,   60,    0
 18718, 99735,20150508,   64,    0
 18718, 99735,20150509,   55,    0
 18718, 99735,20150510,   62,    0
 18718, 99735,20150511,   57,    0
 18718, 99735,20150512,   75,    0
 18718, 99735,20150513,   58,    0
 18718, 99735,20150514,   34,    0
 18718, 99735,20150515,-9999,    9
 18718, 99735,20150516,   26,    0
 18718, 99735,20150517,-9999,    9
 18718, 99735,20150518,   47,    0
 18718, 99735,20150519,   51,    0
 18718, 99735,20150520,   77,    0
 18718, 99735,20150521,   62,    0
 18718, 99735,20150522,   86,    0
 18718, 99735,20150523,   57,    0
 18718, 99735,20150524,   37,    0
 18718, 99735,20150525,   38,    0
 18718, 99735,20150526,-9999,    9
 18718, 99735,20150527,-9999,    9
 18718, 99735,20150528,   61,    0
 18718, 99735,20150529,   64,    0
 18718, 99735,20150530,   75,    0
 18718, 99735,20150531,   97,    0
 18718, 99735,20150601,   68,    0
 18718, 99735,20150602,-9999,    9
 18718, 99735,20150603,   60,    0
 18718, 99735,20150604,   36,    0
 18718, 99735,20150605,   31,    0
 18718, 99735,20150606,   49,    0
 18718, 99735,20150607,   50,    0
 18718, 99735,20150608,   46,    0
 18718, 99735,20150609,   60,    0
 18718, 99735,20150610,-9999,    9
 18718, 99735,20150611,   51,    0
 18718, 99735,20150612,   59,    0
 18718, 99735,20150613,   67,    0
 18718, 99735,20150614,   82,    0
 18718, 99735,20150615,   97,    0
 18718, 99735,20150616,   75,    0
 18718, 99735,20150617,   70,    0
 18718, 99735,20150618,  106,    0
 18718, 99735,20150619,   80,    0
 18718, 99735,20150620,   96,    0
 18718, 99735,20150621,  128,    0
 18718, 99735,20150622,  122,    0
 18718, 99735,20150623,-9999,    9
 18718, 99735,20150624,-9999,    9
 18718, 99735,20150625,-9999,    9
 18718, 99735,20150626,   82,    0
 18718, 99735,20150627,   87,    0
 18718, 99735,20150628,   96,    0
 18718, 99735,20150629,   80,    0
 18718, 99735,20150630,   81,    0
 18718, 99735,20150701,   82,    0
 18718, 99735,20150702,  119,    0
 18718, 99735,20150703,   85,    0
 18718, 99735,20150704,   60,    0
 18718, 99735,20150705,-9999,    9
 18718, 99735,20150706,-9999,    9
 18718, 99735,20150707,-9999,    9
 18718, 99735,20150708,-9999,    9
 18718, 99735,20150709,-9999,    9
 18718, 99735,20150710,-9999,    9
 18718, 99735,20150711,-9999,    9
 18718, 99735,20150712,-9999,    9
 18718, 99735,20150713,-9999,    9
 18718, 99735,20150714,-9999,    9
 18718, 99735,20150715,-9999,    9
 18718, 99735,20150716,-9999,    9
 18718, 99735,20150717,-9999,    9
 18718, 99735,20150718,-9999,    9
 18718, 99735,20150719,-9999,    9
 18718, 99735,20150720,-9999,    9
 18718, 99735,20150721,-9999,    9
 18718, 99735,20150722,-9999,    9
 18718, 99735,20150723,-9999,    9
 18718, 99735,20150724,-9999,    9
 18718, 99735,20150725,-9999,    9
 18718, 99735,20150726,-9999,    9
 18718, 99735,20150727,-9999,    9
 18718, 99735,20150728,-9999,    9
 18718, 99735,20150729,-9999,    9
 18718, 99735,20150730,-9999,    9
 18718, 99735,20150731,-9999,    9
 18718, 99735,20150801,-9999,    9
 18718, 99735,20150802,-9999,    9
 18718, 99735,20150803,-9999,    9
 18718, 99735,20150804,  102,    0
 18718, 99735,20150805,  159,    0
 18718, 99735,20150806,  156,    0
 18718, 99735,20150807,  137,    0
 18718, 99735,20150808,  125,    0
 18718, 99735,20150809,  112,    0
 18718, 99735,20150810,  138,    0
 18718, 99735,20150811,  180,    0
 18718, 99735,20150812,  132,    0
 18718, 99735,20150813,   93,    0
 18718, 99735,20150814,  104,    0
 18718, 99735,20150815,  102,    0
 18718, 99735,20150816,  146,    0
 18718, 99735,20150817,  147,    0
 18718, 99735,20150818,-9999,    9
 18718, 99735,20150819,  179,    0
 18718, 99735,20150820,  182,    0
 18718, 99735,20150821,  161,    0
 18718, 99735,20150822,  169,    0
 18718, 99735,20150823,  172,    0
 18718, 99735,20150824,  142,    0
 18718, 99735,20150825,  117,    0
 18718, 99735,20150826,  109,    0
 18718, 99735,20150827,  114,    0
 18718, 99735,20150828,  134,    0
 18718, 99735,20150829,  122,    0
 18718, 99735,20150830,  139,    0
 18718, 99735,20150831,  118,    0
 18718, 99735,20150901,   74,    0
 18718, 99735,20150902,   67,    0
 18718, 99735,20150903,   76,    0
 18718, 99735,20150904,   67,    0
 18718, 99735,20150905,   71,    0
 18718, 99735,20150906,-9999,    9
 18718, 99735,20150907,-9999,    9
 18718, 99735,20150908,   78,    0
 18718, 99735,20150909,  108,    0
 18718, 99735,20150910,  108,    0
 18718, 99735,20150911,  114,    0
 18718, 99735,20150912,  112,    0
 18718, 99735,20150913,   73,    0
 18718, 99735,20150914,   94,    0
 18718, 99735,20150915,   92,    0
 18718, 99735,20150916,  128,    0
 18718, 99735,20150917,  111,    0
 18718, 99735,20150918,   94,    0
 18718, 99735,20150919,  105,    0
 18718, 99735,20150920,  110,    0
 18718, 99735,20150921,   99,    0
 18718, 99735,20150922,  108,    0
 18718, 99735,20150923,  103,    0
 18718, 99735,20150924,   97,    0
 18718, 99735,20150925,   94,    0
 18718, 99735,20150926,   99,    0
 18718, 99735,20150927,   79,    0
 18718, 99735,20150928,   75,    0
 18718, 99735,20150929,   83,    0
 18718, 99735,20150930,   44,    0
 18718, 99735,20151001,   26,    0
 18718, 99735,20151002,   19,    0
 18718, 99735,20151003,    8,    0
 18718, 99735,20151004,  -15,    0
 18718, 99735,20151005,   13,    0
 18718, 99735,20151006,  -26,    0
 18718, 99735,20151007,  -32,    0
 18718, 99735,20151008,  -10,    0
 18718, 99735,20151009,  -20,    0
 18718, 99735,20151010,  -32,    0
 18718, 99735,20151011,   13,    0
 18718, 99735,20151012,   33,    0
 18718, 99735,20151013,   52,    0
 18718, 99735,20151014,   50,    0
 18718, 99735,20151015,   47,    0
 18718, 99735,20151016,   24,    0
 18718, 99735,20151017,   50,    0
 18718, 99735,20151018,   54,    0
 18718, 99735,20151019,   64,    0
 18718, 99735,20151020,   43,    0
 18718, 99735,20151021,   27,    0
 18718, 99735,20151022,    7,    0
 18718, 99735,20151023,-9999,    9
 18718, 99735,20151024,-9999,    9
 18718, 99735,20151025,   31,    0
 18718, 99735,20151026,    5,    0
 18718, 99735,20151027,  -11,    0
 18718, 99735,20151028,   11,    0
 18718, 99735,20151029,-9999,    9
 18718, 99735,20151030,-9999,    9
 18718, 99735,20151031,  -88,    0
 18718, 99735,20151101,   34,    0
 18718, 99735,20151102,   44,    0
 18718, 99735,20151103,   31,    0
 18718, 99735,20151104,   16,    0
 18718, 99735,20151105,-9999,    9
 18718, 99735,20151106,-9999,    9
 18718, 99735,20151107,  -13,    0
 18718, 99735,20151108,  -11,    0
 18718, 99735,20151109,  -10,    0
 18718, 99735,20151110,    2,    0
 18718, 99735,20151111,  -17,    0
 18718, 99735,20151112,  -50,    0
 18718, 99735,20151113,  -44,    0
 18718, 99735,20151114,   -9,    0
 18718, 99735,20151115,  -52,    0
 18718, 99735,20151116,  -39,    0
 18718, 99735,20151117,  -19,    0
 18718, 99735,20151118,  -34,    0
 18718, 99735,20151119,  -35,    0
 18718, 99735,20151120, -115,    0
 18718, 99735,20151121,-9999,    9
 18718, 99735,20151122, -133,    0
 18718, 99735,20151123, -141,    0
 18718, 99735,20151124,  -62,    0
 18718, 99735,20151125,  -52,    0
 18718, 99735,20151126,  -68,    0
 18718, 99735,20151127,  -36,    0
 18718, 99735,20151128, -101,    0
 18718, 99735,20151129, -113,    0
 18718, 99735,20151130,  -11,    0
 18718, 99735,20151201,  -30,    0
 18718, 99735,20151202,  -88,    0
 18718, 99735,20151203,  -18,    0
 18718, 99735,20151204,    0,    0
 18718, 99735,20151205,  -31,    0
 18718, 99735,20151206,  -26,    0
 18718, 99735,20151207,   -6,    0
 18718, 99735,20151208,  -20,    0
 18718, 99735,20151209,  -50,    0
 18718, 99735,20151210,  -83,    0
 18718, 99735,20151211, -163,    0
 18718, 99735,20151212,  -62,    0
 18718, 99735,20151213,  -85,    0
 18718, 99735,20151214,  -58,    0
 18718, 99735,20151215,  -52,    0
 18718, 99735,20151216,  -53,    0
 18718, 99735,20151217, -205,    0
 18718, 99735,20151218,  -64,    0
 18718, 99735,20151219,  -23,    0
 18718, 99735,20151220,-9999,    9
 18718, 99735,20151221,-9999,    9
 18718, 99735,20151222,-9999,    9
 18718, 99735,20151223,  -86,    0
 18718, 99735,20151224,  -52,    0
 18718, 99735,20151225,   10,    0
 18718, 99735,20151226,  -31,    0
 18718, 99735,20151227, -111,    0
 18718, 99735,20151228, -138,    0
 18718, 99735,20151229, -104,    0
 18718, 99735,20151230,  -81,    0
 18718, 99735,20151231,   18,    0
 18718, 99735,20160101,   14,    0
 18718, 99735,20160102,  -34,    0
 18718, 99735,20160103,  -65,    0
 18718, 99735,20160104, -155,    0
 18718, 99735,20160105, -225,    0
 18718, 99735,20160106, -206,    0
 18718, 99735,20160107, -309,    0
 18718, 99735,20160108,  -87,    0
 18718, 99735,20160109, -112,    0
 18718, 99735,20160110,-9999,    9
 18718, 99735,20160111,-9999,    9
 18718, 99735,20160112,-9999,    9
 18718, 99735,20160113,-9999,    9
 18718, 99735,20160114,-9999,    9
 18718, 99735,20160115,  -41,    0
 18718, 99735,20160116,  -22,    0
 18718, 99735,20160117,-9999,    9
 18718, 99735,20160118,-9999,    9
 18718, 99735,20160119,-9999,    9
 18718, 99735,20160120,-9999,    9
 18718, 99735,20160121,-9999,    9
 18718, 99735,20160122,  -91,    0
 18718, 99735,20160123,  -71,    0
 18718, 99735,20160124,  -90,    0
 18718, 99735,20160125,-9999,    9
 18718, 99735,20160126,  -83,    0
 18718, 99735,20160127,-9999,    9
 18718, 99735,20160128,-9999,    9
 18718, 99735,20160129, -123,    0
 18718, 99735,20160130,  -53,    0
 18718, 99735,20160131,  -46,    0
 18718, 99735,20160201,  -44,    0
 18718, 99735,20160202,  -92,    0
 18718, 99735,20160203,  -92,    0
 18718, 99735,20160204, -101,    0
 18718, 99735,20160205,  -93,    0
 18718, 99735,20160206, -140,    0
 18718, 99735,20160207,  -78,    0
 18718, 99735,20160208,   -4,    0
 18718, 99735,20160209,  -37,    0
 18718, 99735,20160210,-9999,    9
 18718, 99735,20160211,-9999,    9
 18718, 99735,20160212,-9999,    9
 18718, 99735,20160213, -119,    0
 18718, 99735,20160214,  -44,    0
 18718, 99735,20160215,  -44,    0
 18718, 99735,20160216,   -8,    0
 18718, 99735,20160217,  -32,    0
 18718, 99735,20160218,  -25,    0
 18718, 99735,20160219,  -60,    0
 18718, 99735,20160220,  -60,    0
 18718, 99735,20160221,  -11,    0
 18718, 99735,20160222,  -49,    0
 18718, 99735,20160223,  -65,    0
 18718, 99735,20160224,  -86,    0
 18718, 99735,20160225,  -53,    0
 18718, 99735,20160226, -156,    0
 18718, 99735,20160227, -237,    0
 18718, 99735,20160228, -133,    0
 18718, 99735,20160229,  -21,    0
 18718, 99735,20160301, -117,    0
 18718, 99735,20160302,-9999,    9
 18718, 99735,20160303,-9999,    9
 18718, 99735,20160304,-9999,    9
 18718, 99735,20160305,  -41,    0
 18718, 99735,20160306,  -35,    0
 18718, 99735,20160307,  -27,    0
 18718, 99735,20160308,  -25,    0
 18718, 99735,20160309,  -50,    0
 18718, 99735,20160310,  -58,    0
 18718, 99735,20160311, -136,    0
 18718, 99735,20160312,   15,    0
 18718, 99735,20160313,   23,    0
 18718, 99735,20160314,   41,    0
 18718, 99735,20160315,   55,    0
 18718, 99735,20160316,  -14,    0
 18718, 99735,20160317,  -72,    0
 18718, 99735,20160318,  -71,    0
 18718, 99735,20160319,  -53,    0
 18718, 99735,20160320,  -72,    0
 18718, 99735,20160321, -158,    0
 18718, 99735,20160322, -176,    0
 18718, 99735,20160323,  -48,    0
 18718, 99735,20160324,  -58,    0
 18718, 99735,20160325, -134,    0
 18718, 99735,20160326,  -25,    0
 18718, 99735,20160327,   31,    0
 18718, 99735,20160328,   65,    0
 18718, 99735,20160329,-9999,    9
 18718, 99735,20160330,-9999,    9
 18718, 99735,20160331,-9999,    9
 18718, 99735,20160401,  -24,    0
 18718, 99735,20160402,  -33,    0
 18718, 99735,20160403,  -55,    0
 18718, 99735,20160404,    3,    0
 18718, 99735,20160405,   -2,    0
 18718, 99735,20160406,   14,    0
 18718, 99735,20160407,-9999,    9
 18718, 99735,20160408,-9999,    9
 18718, 99735,20160409,   25,    0
 18718, 99735,20160410,   18,    0
 18718, 99735,20160411,   17,    0
 18718, 99735,20160412,  -23,    0
 18718, 99735,20160413,  -43,    0
 18718, 99735,20160414,  -28,    0
 18718, 99735,20160415,  -25,    0
 18718, 99735,20160416,   -7,    0
 18718, 99735,20160417,   11,    0
 18718, 99735,20160418,    8,    0
 18718, 99735,20160419,  -22,    0
 18718, 99735,20160420,  -54,    0
 18718, 99735,20160421,  -54,    0
 18718, 99735,20160422,  -29,    0
 18718, 99735,20160423,  -19,    0
 18718, 99735,20160424,  -37,    0
 18718, 99735,20160425,  -42,    0
 18718, 99735,20160426,   34,    0
 18718, 99735,20160427,   83,    0
 18718, 99735,20160428,   53,    0
 18718, 99735,20160429,   61,    0
 18718, 99735,20160430,   45,    0
 18718, 99735,20160501,   63,    0
 18718, 99735,20160502,-9999,    9
 18718, 99735,20160503,-9999,    9
 18718, 99735,20160504,   62,    0
 18718, 99735,20160505,   54,    0
 18718, 99735,20160506,   68,    0
 18718, 99735,20160507,   74,    0
 18718, 99735,20160508,   58,    0
 18718, 99735,20160509,   44,    0
 18718, 99735,20160510,   37,    0
 18718, 99735,20160511,   44,    0
 18718, 99735,20160512,   59,    0
 18718, 99735,20160513,-9999,    9
 18718, 99735,20160514,   56,    0
 18718, 99735,20160515,-9999,    9
 18718, 99735,20160516,   47,    0
 18718, 99735,20160517,   38,    0
 18718, 99735,20160518,   39,    0
 18718, 99735,20160519,-9999,    9
 18718, 99735,20160520,-9999,    9
 18718, 99735,20160521,   95,    0
 18718, 99735,20160522,   85,    0
 18718, 99735,20160523,  100,    0
 18718, 99735,20160524,   76,    0
 18718, 99735,20160525,   61,    0
 18718, 99735,20160526,   72,    0
 18718, 99735,20160527,  128,    0
 18718, 99735,20160528,  121,    0
 18718, 99735,20160529,  103,    0
 18718, 99735,20160530,  147,    0
 18718, 99735,20160531, -308,    0
 18718, 99735,20160601, -373,    0
 18718, 99735,20160602, -373,    0
 18718, 99735,20160603, -373,    0
 18718, 99735,20160604,-9999,    9
 18718, 99735,20160605,-9999,    9
 18718, 99735,20160606,-9999,    9
 18718, 99735,20160607,-9999,    9
 18718, 99735,20160608,-9999,    9
 18718, 99735,20160609,-9999,    9
 18718, 99735,20160610,-9999,    9
 18718, 99735,20160611,-9999,    9
 18718, 99735,20160612,-9999,    9
 18718, 99735,20160613,-9999,    9
 18718, 99735,20160614,-9999,    9
 18718, 99735,20160615,-9999,    9
 18718, 99735,20160616,-9999,    9
 18718, 99735,20160617,-9999,    9
 18718, 99735,20160618,-9999,    9
 18718, 99735,20160619,-9999,    9
 18718, 99735,20160620,-9999,    9
 18718, 99735,20160621,-9999,    9
 18718, 99735,20160622,-9999,    9
 18718, 99735,20160623,-9999,    9
 18718, 99735,20160624,-9999,    9
 18718, 99735,20160625,-9999,    9
 18718, 99735,20160626,-9999,    9
 18718, 99735,20160627,-9999,    9
 18718, 99735,20160628,-9999,    9
 18718, 99735,20160629,-9999,    9
 18718, 99735,20160630,-9999,    9
 18718, 99735,20160701,-9999,    9
 18718, 99735,20160702,-9999,    9
 18718, 99735,20160703,-9999,    9
 18718, 99735,20160704,-9999,    9
 18718, 99735,20160705,-9999,    9
 18718, 99735,20160706,-9999,    9
 18718, 99735,20160707,-9999,    9
 18718, 99735,20160708,-9999,    9
 18718, 99735,20160709,-9999,    9
 18718, 99735,20160710,-9999,    9
 18718, 99735,20160711,-9999,    9
 18718, 99735,20160712,-9999,    9
 18718, 99735,20160713,-9999,    9
 18718, 99735,20160714,-9999,    9
 18718, 99735,20160715,-9999,    9
 18718, 99735,20160716,-9999,    9
 18718, 99735,20160717,-9999,    9
 18718, 99735,20160718,-9999,    9
 18718, 99735,20160719,-9999,    9
 18718, 99735,20160720,-9999,    9
 18718, 99735,20160721,-9999,    9
 18718, 99735,20160722,-9999,    9
 18718, 99735,20160723,-9999,    9
 18718, 99735,20160724,-9999,    9
 18718, 99735,20160725,-9999,    9
 18718, 99735,20160726,-9999,    9
 18718, 99735,20160727,-9999,    9
 18718, 99735,20160728,-9999,    9
 18718, 99735,20160729,-9999,    9
 18718, 99735,20160730,-9999,    9
 18718, 99735,20160731,-9999,    9
 18718, 99735,20160801,-9999,    9
 18718, 99735,20160802,-9999,    9
 18718, 99735,20160803,-9999,    9
 18718, 99735,20160804,-9999,    9
 18718, 99735,20160805,-9999,    9
 18718, 99735,20160806,-9999,    9
 18718, 99735,20160807,-9999,    9
 18718, 99735,20160808,-9999,    9
 18718, 99735,20160809,-9999,    9
 18718, 99735,20160810,-9999,    9
 18718, 99735,20160811,-9999,    9
 18718, 99735,20160812,-9999,    9
 18718, 99735,20160813,-9999,    9
 18718, 99735,20160814,-9999,    9
 18718, 99735,20160815,-9999,    9
 18718, 99735,20160816,-9999,    9
 18718, 99735,20160817,-9999,    9
 18718, 99735,20160818,-9999,    9
 18718, 99735,20160819,-9999,    9
 18718, 99735,20160820,-9999,    9
 18718, 99735,20160821,-9999,    9
 18718, 99735,20160822,-9999,    9
 18718, 99735,20160823,-9999,    9
 18718, 99735,20160824,-9999,    9
 18718, 99735,20160825,-9999,    9
 18718, 99735,20160826,-9999,    9
 18718, 99735,20160827,-9999,    9
 18718, 99735,20160828,-9999,    9
 18718, 99735,20160829,-9999,    9
 18718, 99735,20160830,-9999,    9
 18718, 99735,20160831,-9999,    9
 18718, 99735,20160901,-9999,    9
 18718, 99735,20160902,-9999,    9
 18718, 99735,20160903,-9999,    9
 18718, 99735,20160904,-9999,    9
 18718, 99735,20160905,-9999,    9
 18718, 99735,20160906,   62,    0
 18718, 99735,20160907,   80,    0
 18718, 99735,20160908,   77,    0
 18718, 99735,20160909,   80,    0
 18718, 99735,20160910,   88,    0
 18718, 99735,20160911,   84,    0
 18718, 99735,20160912,   77,    0
 18718, 99735,20160913,   97,    0
 18718, 99735,20160914,  110,    0
 18718, 99735,20160915,   75,    0
 18718, 99735,20160916,-9999,    9
 18718, 99735,20160917,-9999,    9
 18718, 99735,20160918,-9999,    9
 18718, 99735,20160919,  106,    0
 18718, 99735,20160920,  101,    0
 18718, 99735,20160921,   96,    0
 18718, 99735,20160922,   82,    0
 18718, 99735,20160923,   79,    0
 18718, 99735,20160924,   55,    0
 18718, 99735,20160925,   78,    0
 18718, 99735,20160926,  110,    0
 18718, 99735,20160927,  102,    0
 18718, 99735,20160928,  103,    0
 18718, 99735,20160929,   93,    0
 18718, 99735,20160930,   69,    0
 18718, 99735,20161001,   70,    0
 18718, 99735,20161002,   53,    0
 18718, 99735,20161003,   23,    0
 18718, 99735,20161004,   21,    0
 18718, 99735,20161005,   32,    0
 18718, 99735,20161006,   68,    0
 18718, 99735,20161007,   70,    0
 18718, 99735,20161008,   71,    0
 18718, 99735,20161009,   17,    0
 18718, 99735,20161010,  -33,    0
 18718, 99735,20161011,    0,    0
 18718, 99735,20161012,   69,    0
 18718, 99735,20161013,   68,    0
 18718, 99735,20161014,   58,    0
 18718, 99735,20161015,   38,    0
 18718, 99735,20161016,   37,    0
 18718, 99735,20161017,  -14,    0
 18718, 99735,20161018,  -24,    0
 18718, 99735,20161019,   28,    0
 18718, 99735,20161020,-9999,    9
 18718, 99735,20161021,-9999,    9
 18718, 99735,20161022,-9999,    9
 18718, 99735,20161023,-9999,    9
 18718, 99735,20161024,-9999,    9
 18718, 99735,20161025,-9999,    9
 18718, 99735,20161026,-9999,    9
 18718, 99735,20161027,   -4,    0
 18718, 99735,20161028,    9,    0
 18718, 99735,20161029,   21,    0
 18718, 99735,20161030,    6,    0
 18718, 99735,20161031,    2,    0
 18718, 99735,20161101,  -16,    0
 18718, 99735,20161102,  -21,    0
 18718, 99735,20161103,  -50,    0
 18718, 99735,20161104, -100,    0
 18718, 99735,20161105,  -74,    0
 18718, 99735,20161106,  -91,    0
 18718, 99735,20161107, -142,    0
 18718, 99735,20161108,  -83,    0
 18718, 99735,20161109, -122,    0
 18718, 99735,20161110,  -79,    0
 18718, 99735,20161111,  -64,    0
 18718, 99735,20161112,  -85,    0
 18718, 99735,20161113,  -81,    0
 18718, 99735,20161114,  -41,    0
 18718, 99735,20161115,    1,    0
 18718, 99735,20161116,  -35,    0
 18718, 99735,20161117,  -30,    0
 18718, 99735,20161118,   -1,    0
 18718, 99735,20161119,   -9,    0
 18718, 99735,20161120,  -68,    0
 18718, 99735,20161121, -137,    0
 18718, 99735,20161122,  -82,    0
 18718, 99735,20161123,  -44,    0
 18718, 99735,20161124,  -26,    0
 18718, 99735,20161125,  -71,    0
 18718, 99735,20161126,  -85,    0
 18718, 99735,20161127,  -76,    0
 18718, 99735,20161128,  -89,    0
 18718, 99735,20161129,  -39,    0
 18718, 99735,20161130,  -27,    0
 18718, 99735,20161201,-9999,    9
 18718, 99735,20161202, -180,    0
 18718, 99735,20161203, -234,    0
 18718, 99735,20161204, -112,    0
 18718, 99735,20161205, -188,    0
 18718, 99735,20161206, -138,    0
 18718, 99735,20161207,    1,    0
 18718, 99735,20161208,  -26,    0
 18718, 99735,20161209,  -52,    0
 18718, 99735,20161210,  -47,    0
 18718, 99735,20161211,  -75,    0
 18718, 99735,20161212,  -77,    0
 18718, 99735,20161213,-9999,    9
 18718, 99735,20161214,  -57,    0
 18718, 99735,20161215,   20,    0
 18718, 99735,20161216,   29,    0
 18718, 99735,20161217,   24,    0
 18718, 99735,20161218,   -2,    0
 18718, 99735,20161219,    0,    0
 18718, 99735,20161220,    7,    0
 18718, 99735,20161221,  -15,    0
 18718, 99735,20161222,  -31,    0
 18718, 99735,20161223,  -27,    0
 18718, 99735,20161224,  -75,    0
 18718, 99735,20161225,  -56,    0
 18718, 99735,20161226, -106,    0
 18718, 99735,20161227,  -38,    0
 18718, 99735,20161228,  -36,    0
 18718, 99735,20161229,   -1,    0
 18718, 99735,20161230,  -13,    0
 18718, 99735,20161231,  -19,    0
 18718, 99735,20170101,-9999,    9
 18718, 99735,20170102,-9999,    9
 18718, 99735,20170103,-9999,    9
 18718, 99735,20170104,-9999,    9
 18718, 99735,20170105,-9999,    9
 18718, 99735,20170106,-9999,    9
 18718, 99735,20170107,-9999,    9
 18718, 99735,20170108,-9999,    9
 18718, 99735,20170109,-9999,    9
 18718, 99735,20170110,-9999,    9
 18718, 99735,20170111,-9999,    9
 18718, 99735,20170112,-9999,    9
 18718, 99735,20170113,-9999,    9
 18718, 99735,20170114,-9999,    9
 18718, 99735,20170115,-9999,    9
 18718, 99735,20170116,-9999,    9
 18718, 99735,20170117,-9999,    9
 18718, 99735,20170118,-9999,    9
 18718, 99735,20170119,-9999,    9
 18718, 99735,20170120,-9999,    9
 18718, 99735,20170121,-9999,    9
 18718, 99735,20170122,-9999,    9
 18718, 99735,20170123,-9999,    9
 18718, 99735,20170124,-9999,    9
 18718, 99735,20170125,-9999,    9
 18718, 99735,20170126,-9999,    9
 18718, 99735,20170127,-9999,    9
 18718, 99735,20170128,-9999,    9
 18718, 99735,20170129,-9999,    9
 18718, 99735,20170130,-9999,    9
 18718, 99735,20170131,-9999,    9
 18718, 99735,20170201,-9999,    9
 18718, 99735,20170202,-9999,    9
 18718, 99735,20170203,-9999,    9
 18718, 99735,20170204,-9999,    9
 18718, 99735,20170205,-9999,    9
 18718, 99735,20170206,-9999,    9
 18718, 99735,20170207,-9999,    9
 18718, 99735,20170208,-9999,    9
 18718, 99735,20170209,-9999,    9
 18718, 99735,20170210,-9999,    9
 18718, 99735,20170211,-9999,    9
 18718, 99735,20170212,-9999,    9
 18718, 99735,20170213,-9999,    9
 18718, 99735,20170214,-9999,    9
 18718, 99735,20170215,-9999,    9
 18718, 99735,20170216,-9999,    9
 18718, 99735,20170217,-9999,    9
 18718, 99735,20170218,-9999,    9
 18718, 99735,20170219,-9999,    9
 18718, 99735,20170220,-9999,    9
 18718, 99735,20170221,-9999,    9
 18718, 99735,20170222,-9999,    9
 18718, 99735,20170223,-9999,    9
 18718, 99735,20170224,-9999,    9
 18718, 99735,20170225,-9999,    9
 18718, 99735,20170226,-9999,    9
 18718, 99735,20170227,-9999,    9
 18718, 99735,20170228,-9999,    9
 18718, 99735,20170301,-9999,    9
 18718, 99735,20170302,-9999,    9
 18718, 99735,20170303,-9999,    9
 18718, 99735,20170304,-9999,    9
 18718, 99735,20170305,-9999,    9
 18718, 99735,20170306,-9999,    9
 18718, 99735,20170307,-9999,    9
 18718, 99735,20170308,-9999,    9
 18718, 99735,20170309,-9999,    9
 18718, 99735,20170310,-9999,    9
 18718, 99735,20170311,-9999,    9
 18718, 99735,20170312,-9999,    9
 18718, 99735,20170313,  -70,    0
 18718, 99735,20170314,-9999,    9
 18718, 99735,20170315,-9999,    9
 18718, 99735,20170316,-9999,    9
 18718, 99735,20170317,-9999,    9
 18718, 99735,20170318,-9999,    9
 18718, 99735,20170319,-9999,    9
 18718, 99735,20170320,-9999,    9
 18718, 99735,20170321,-9999,    9
 18718, 99735,20170322,-9999,    9
 18718, 99735,20170323,-9999,    9
 18718, 99735,20170324,-9999,    9
 18718, 99735,20170325,-9999,    9
 18718, 99735,20170326,-9999,    9
 18718, 99735,20170327,-9999,    9
 18718, 99735,20170328,-9999,    9
 18718, 99735,20170329,-9999,    9
 18718, 99735,20170330,-9999,    9
 18718, 99735,20170331,-9999,    9
 18718, 99735,20170401,-9999,    9
 18718, 99735,20170402,-9999,    9
 18718, 99735,20170403,  -34,    0
 18718, 99735,20170404,   -5,    0
 18718, 99735,20170405,    2,    0
 18718, 99735,20170406,  -24,    0
 18718, 99735,20170407,  -71,    0
 18718, 99735,20170408, -157,    0
 18718, 99735,20170409, -154,    0
 18718, 99735,20170410,  -87,    0
 18718, 99735,20170411,  -32,    0
 18718, 99735,20170412,  -63,    0
 18718, 99735,20170413,  -55,    0
 18718, 99735,20170414,  -64,    0
 18718, 99735,20170415,  -46,    0
 18718, 99735,20170416,  -69,    0
 18718, 99735,20170417,  -88,    0
 18718, 99735,20170418,  -45,    0
 18718, 99735,20170419,  -31,    0
 18718, 99735,20170420,  -25,    0
 18718, 99735,20170421,  -83,    0
 18718, 99735,20170422,  -82,    0
 18718, 99735,20170423,  -93,    0
 18718, 99735,20170424, -130,    0
 18718, 99735,20170425, -129,    0
 18718, 99735,20170426,  -47,    0
 18718, 99735,20170427,-9999,    9
 18718, 99735,20170428,  -45,    0
 18718, 99735,20170429,  -76,    0
 18718, 99735,20170430,  -62,    0
 18718, 99735,20170501,    3,    0
 18718, 99735,20170502,    4,    0
 18718, 99735,20170503,    9,    0
 18718, 99735,20170504,   34,    0
 18718, 99735,20170505,   13,    0
 18718, 99735,20170506,  -30,    0
 18718, 99735,20170507,  -44,    0
 18718, 99735,20170508,  -28,    0
 18718, 99735,20170509,  -16,    0
 18718, 99735,20170510,  -16,    0
 18718, 99735,20170511,  -18,    0
 18718, 99735,20170512,  -12,    0
 18718, 99735,20170513,  -19,    0
 18718, 99735,20170514,  -48,    0
 18718, 99735,20170515,  -42,    0
 18718, 99735,20170516,   -8,    0
 18718, 99735,20170517,   25,    0
 18718, 99735,20170518,   34,    0
 18718, 99735,20170519,   24,    0
 18718, 99735,20170520,-9999,    9
 18718, 99735,20170521,   34,    0
 18718, 99735,20170522,   32,    0
 18718, 99735,20170523,    3,    0
 18718, 99735,20170524,    4,    0
 18718, 99735,20170525,   11,    0
 18718, 99735,20170526,   -6,    0
 18718, 99735,20170527,   -3,    0
 18718, 99735,20170528,   -2,    0
 18718, 99735,20170529,   -7,    0
 18718, 99735,20170530,   -6,    0
 18718, 99735,20170531,    5,    0
 18718, 99735,20170601,   15,    0
 18718, 99735,20170602,   14,    0
 18718, 99735,20170603,   13,    0
 18718, 99735,20170604,   22,    0
 18718, 99735,20170605,   24,    0
 18718, 99735,20170606,   50,    0
 18718, 99735,20170607,   66,    0
 18718, 99735,20170608,   64,    0
 18718, 99735,20170609,-9999,    9
 18718, 99735,20170610,   38,    0
 18718, 99735,20170611,   43,    0
 18718, 99735,20170612,   42,    0
 18718, 99735,20170613,   39,    0
 18718, 99735,20170614,   60,    0
 18718, 99735,20170615,   75,    0
 18718, 99735,20170616,   59,    0
 18718, 99735,20170617,   56,    0
 18718, 99735,20170618,   61,    0
 18718, 99735,20170619,   59,    0
 18718, 99735,20170620,   49,    0
 18718, 99735,20170621,   30,    0
 18718, 99735,20170622,   34,    0
 18718, 99735,20170623,   42,    0
 18718, 99735,20170624,   61,    0
 18718, 99735,20170625,   74,    0
 18718, 99735,20170626,   76,    0
 18718, 99735,20170627,   53,    0
 18718, 99735,20170628,   68,    0
 18718, 99735,20170629,   89,    0
 18718, 99735,20170630,  101,    0
 18718, 99735,20170701,  132,    0
 18718, 99735,20170702,  163,    0
 18718, 99735,20170703,  100,    0
 18718, 99735,20170704,   71,    0
 18718, 99735,20170705,   51,    0
 18718, 99735,20170706,   51,    0
 18718, 99735,20170707,   75,    0
 18718, 99735,20170708,  108,    0
 18718, 99735,20170709,  159,    0
 18718, 99735,20170710,  157,    0
 18718, 99735,20170711,  128,    0
 18718, 99735,20170712,  139,    0
 18718, 99735,20170713,   87,    0
 18718, 99735,20170714,   80,    0
 18718, 99735,20170715,  125,    0
 18718, 99735,20170716,  144,    0
 18718, 99735,20170717,  153,    0
 18718, 99735,20170718,  106,    0
 18718, 99735,20170719,   93,    0
 18718, 99735,20170720,-9999,    9
 18718, 99735,20170721,   96,    0
 18718, 99735,20170722,  121,    0
 18718, 99735,20170723,  150,    0
 18718, 99735,20170724,  160,    0
 18718, 99735,20170725,  158,    0
 18718, 99735,20170726,  113,    0
 18718, 99735,20170727,  143,    0
 18718, 99735,20170728,  119,    0
 18718, 99735,20170729,  128,    0
 18718, 99735,20170730,   87,    0
 18718, 99735,20170731,   70,    0
 18718, 99735,20170801,  117,    0
 18718, 99735,20170802,  139,    0
 18718, 99735,20170803,  119,    0
 18718, 99735,20170804,  120,    0
 18718, 99735,20170805,  112,    0
 18718, 99735,20170806,  101,    0
 18718, 99735,20170807,  113,    0
 18718, 99735,20170808,  121,    0
 18718, 99735,20170809,  105,    0
 18718, 99735,20170810,  128,    0
 18718, 99735,20170811,  121,    0
 18718, 99735,20170812,  134,    0
 18718, 99735,20170813,   84,    0
 18718, 99735,20170814,   84,    0
 18718, 99735,20170815,   79,    0
 18718, 99735,20170816,  127,    0
 18718, 99735,20170817,  108,    0
 18718, 99735,20170818,  124,    0
 18718, 99735,20170819,  143,    0
 18718, 99735,20170820,   97,    0
 18718, 99735,20170821,   75,    0
 18718, 99735,20170822,   64,    0
 18718, 99735,20170823,   69,    0
 18718, 99735,20170824,   62,    0
 18718, 99735,20170825,   56,    0
 18718, 99735,20170826,   61,    0
 18718, 99735,20170827,   72,    0
 18718, 99735,20170828,   86,    0
 18718, 99735,20170829,  111,    0
 18718, 99735,20170830,   97,    0
 18718, 99735,20170831,   86,    0
 18718, 99735,20170901,   70,    0
 18718, 99735,20170902,   57,    0
 18718, 99735,20170903,  103,    0
 18718, 99735,20170904,  105,    0
 18718, 99735,20170905,  111,    0
 18718, 99735,20170906,   94,    0
 18718, 99735,20170907,   83,    0
 18718, 99735,20170908,   74,    0
 18718, 99735,20170909,   65,    0
 18718, 99735,20170910,   64,    0
 18718, 99735,20170911,   80,    0
 18718, 99735,20170912,  114,    0
 18718, 99735,20170913,   81,    0
 18718, 99735,20170914,   54,    0
 18718, 99735,20170915,   42,    0
 18718, 99735,20170916,   52,    0
 18718, 99735,20170917,   66,    0
 18718, 99735,20170918,   64,    0
 18718, 99735,20170919,-9999,    9
 18718, 99735,20170920,-9999,    9
 18718, 99735,20170921,   49,    0
 18718, 99735,20170922,   66,    0
 18718, 99735,20170923,   69,    0
 18718, 99735,20170924,   84,    0
 18718, 99735,20170925,   76,    0
 18718, 99735,20170926,   43,    0
 18718, 99735,20170927,   46,    0
 18718, 99735,20170928,   33,    0
 18718, 99735,20170929,   29,    0
 18718, 99735,20170930,   20,    0
 18718, 99735,20171001,   48,    0
 18718, 99735,20171002,   48,    0
 18718, 99735,20171003,   53,    0
 18718, 99735,20171004,-9999,    9
 18718, 99735,20171005,   43,    0
 18718, 99735,20171006,   39,    0
 18718, 99735,20171007,   46,    0
 18718, 99735,20171008,   32,    0
 18718, 99735,20171009,   21,    0
 18718, 99735,20171010,   13,    0
 18718, 99735,20171011,   19,    0
 18718, 99735,20171012,   26,    0
 18718, 99735,20171013,    1,    0
 18718, 99735,20171014,-9999,    9
 18718, 99735,20171015,   40,    0
 18718, 99735,20171016,   20,    0
 18718, 99735,20171017,-9999,    9
 18718, 99735,20171018,-9999,    9
 18718, 99735,20171019,-9999,    9
 18718, 99735,20171020,-9999,    9
 18718, 99735,20171021,-9999,    9
 18718, 99735,20171022,-9999,    9
 18718, 99735,20171023,-9999,    9
 18718, 99735,20171024,-9999,    9
 18718, 99735,20171025,    7,    0
 18718, 99735,20171026,   -5,    0
 18718, 99735,20171027,   13,    0
 18718, 99735,20171028,   -9,    0
 18718, 99735,20171029,  -40,    0
 18718, 99735,20171030,  -41,    0
 18718, 99735,20171031,  -97,    0
 18718, 99735,20171101,-9999,    9
 18718, 99735,20171102,-9999,    9
 18718, 99735,20171103,   17,    0
 18718, 99735,20171104,   13,    0
 18718, 99735,20171105,  -55,    0
 18718, 99735,20171106,  -11,    0
 18718, 99735,20171107,  -19,    0
 18718, 99735,20171108,  -11,    0
 18718, 99735,20171109,  -33,    0
 18718, 99735,20171110,  -58,    0
 18718, 99735,20171111,  -53,    0
 18718, 99735,20171112,  -60,    0
 18718, 99735,20171113,  -58,    0
 18718, 99735,20171114,  -72,    0
 18718, 99735,20171115,  -80,    0
 18718, 99735,20171116,  -84,    0
 18718, 99735,20171117,-9999,    9
 18718, 99735,20171118,  -82,    0
 18718, 99735,20171119, -119,    0
 18718, 99735,20171120, -231,    0
 18718, 99735,20171121, -221,    0
 18718, 99735,20171122, -255,    0
 18718, 99735,20171123, -192,    0
 18718, 99735,20171124,  -63,    0
 18718, 99735,20171125,  -27,    0
 18718, 99735,20171126,  -68,    0
 18718, 99735,20171127, -134,    0
 18718, 99735,20171128,-9999,    9
 18718, 99735,20171129,  -45,    0
 18718, 99735,20171130, -128,    0
 18718, 99735,20171201, -124,    0
 18718, 99735,20171202,  -44,    0
 18718, 99735,20171203,  -41,    0
 18718, 99735,20171204,  -87,    0
 18718, 99735,20171205, -201,    0
 18718, 99735,20171206, -203,    0
 18718, 99735,20171207, -196,    0
 18718, 99735,20171208,  -89,    0
 18718, 99735,20171209,  -60,    0
 18718, 99735,20171210,  -26,    0
 18718, 99735,20171211,  -40,    0
 18718, 99735,20171212,  -49,    0
 18718, 99735,20171213,  -36,    0
 18718, 99735,20171214,  -15,    0
 18718, 99735,20171215,  -91,    0
 18718, 99735,20171216, -183,    0
 18718, 99735,20171217, -145,    0
 18718, 99735,20171218,  -32,    0
 18718, 99735,20171219,  -81,    0
 18718, 99735,20171220,   10,    0
 18718, 99735,20171221,  -16,    0
 18718, 99735,20171222,  -19,    0
 18718, 99735,20171223, -163,    0
 18718, 99735,20171224, -232,    0
 18718, 99735,20171225, -248,    0
 18718, 99735,20171226, -120,    0
 18718, 99735,20171227, -109,    0
 18718, 99735,20171228,  -75,    0
 18718, 99735,20171229, -214,    0
 18718, 99735,20171230,  -61,    0
 18718, 99735,20171231, -178,    0
 18718, 99735,20180101,  -95,    0
 18718, 99735,20180102, -133,    0
 18718, 99735,20180103,  -91,    0
 18718, 99735,20180104,  -35,    0
 18718, 99735,20180105, -159,    0
 18718, 99735,20180106,  -69,    0
 18718, 99735,20180107,  -90,    0
 18718, 99735,20180108,  -43,    0
 18718, 99735,20180109, -106,    0
 18718, 99735,20180110,    9,    0
 18718, 99735,20180111,  -79,    0
 18718, 99735,20180112,  -33,    0
 18718, 99735,20180113,  -47,    0
 18718, 99735,20180114, -123,    0
 18718, 99735,20180115,  -59,    0
 18718, 99735,20180116,  -86,    0
 18718, 99735,20180117, -116,    0
 18718, 99735,20180118, -152,    0
 18718, 99735,20180119, -170,    0
 18718, 99735,20180120, -160,    0
 18718, 99735,20180121, -153,    0
 18718, 99735,20180122, -172,    0
 18718, 99735,20180123, -199,    0
 18718, 99735,20180124, -196,    0
 18718, 99735,20180125, -106,    0
 18718, 99735,20180126,  -28,    0
 18718, 99735,20180127, -170,    0
 18718, 99735,20180128, -272,    0
 18718, 99735,20180129, -138,    0
 18718, 99735,20180130, -127,    0
 18718, 99735,20180131, -135,    0
 18718, 99735,20180201, -212,    0
 18718, 99735,20180202, -282,    0
 18718, 99735,20180203, -296,    0
 18718, 99735,20180204, -289,    0
 18718, 99735,20180205, -124,    0
 18718, 99735,20180206, -105,    0
 18718, 99735,20180207, -149,    0
 18718, 99735,20180208, -147,    0
 18718, 99735,20180209,  -86,    0
 18718, 99735,20180210,  -38,    0
 18718, 99735,20180211,  -47,    0
 18718, 99735,20180212,  -99,    0
 18718, 99735,20180213,  -90,    0
 18718, 99735,20180214,  -47,    0
 18718, 99735,20180215, -128,    0
 18718, 99735,20180216, -116,    0
 18718, 99735,20180217, -204,    0
 18718, 99735,20180218, -262,    0
 18718, 99735,20180219, -233,    0
 18718, 99735,20180220, -196,    0
 18718, 99735,20180221, -103,    0
 18718, 99735,20180222, -106,    0
 18718, 99735,20180223, -234,    0
 18718, 99735,20180224, -244,    0
 18718, 99735,20180225, -249,    0
 18718, 99735,20180226, -164,    0
 18718, 99735,20180227, -158,    0
 18718, 99735,20180228,   -2,    0
 18718, 99735,20180301,  -39,    0
 18718, 99735,20180302,  -83,    0
 18718, 99735,20180303,-9999,    9
 18718, 99735,20180304, -212,    0
 18718, 99735,20180305, -220,    0
 18718, 99735,20180306, -276,    0
 18718, 99735,20180307, -306,    0
 18718, 99735,20180308, -251,    0
 18718, 99735,20180309, -211,    0
 18718, 99735,20180310,-9999,    9
 18718, 99735,20180311, -122,    0
 18718, 99735,20180312, -114,    0
 18718, 99735,20180313,  -92,    0
 18718, 99735,20180314, -211,    0
 18718, 99735,20180315, -201,    0
 18718, 99735,20180316, -114,    0
 18718, 99735,20180317,-9999,    9
 18718, 99735,20180318,  -50,    0
 18718, 99735,20180319, -104,    0
 18718, 99735,20180320, -173,    0
 18718, 99735,20180321,  -98,    0
 18718, 99735,20180322, -129,    0
 18718, 99735,20180323,  -63,    0
 18718, 99735,20180324, -128,    0
 18718, 99735,20180325,  -90,    0
 18718, 99735,20180326,  -70,    0
 18718, 99735,20180327,  -55,    0
 18718, 99735,20180328,  -34,    0
 18718, 99735,20180329,  -50,    0
 18718, 99735,20180330,  -46,    0
 18718, 99735,20180331,  -67,    0
 18718, 99735,20180401, -182,    0
 18718, 99735,20180402, -130,    0
 18718, 99735,20180403,  -36,    0
 18718, 99735,20180404,  -35,    0
 18718, 99735,20180405,  -50,    0
 18718, 99735,20180406,  -78,    0
 18718, 99735,20180407,-9999,    9
 18718, 99735,20180408,  -74,    0
 18718, 99735,20180409,  -75,    0
 18718, 99735,20180410,  -55,    0
 18718, 99735,20180411,    5,    0
 18718, 99735,20180412,    6,    0
 18718, 99735,20180413,  -31,    0
 18718, 99735,20180414,   -3,    0
 18718, 99735,20180415,   -3,    0
 18718, 99735,20180416,  -29,    0
 18718, 99735,20180417,  -54,    0
 18718, 99735,20180418,  -32,    0
 18718, 99735,20180419,  -16,    0
 18718, 99735,20180420,  -20,    0
 18718, 99735,20180421,  -20,    0
 18718, 99735,20180422,  -22,    0
 18718, 99735,20180423,  -35,    0
 18718, 99735,20180424,   24,    0
 18718, 99735,20180425,   17,    0
 18718, 99735,20180426,   13,    0
 18718, 99735,20180427,   -6,    0
 18718, 99735,20180428,  -20,    0
 18718, 99735,20180429,  -74,    0
 18718, 99735,20180430,  -66,    0
 18718, 99735,20180501,  -78,    0
 18718, 99735,20180502,  -29,    0
 18718, 99735,20180503,   15,    0
 18718, 99735,20180504,   21,    0
 18718, 99735,20180505,-9999,    9
 18718, 99735,20180506,   35,    0
 18718, 99735,20180507,   17,    0
 18718, 99735,20180508,   28,    0
 18718, 99735,20180509,   39,    0
 18718, 99735,20180510,   55,    0
 18718, 99735,20180511,   53,    0
 18718, 99735,20180512,   34,    0
 18718, 99735,20180513,   39,    0
 18718, 99735,20180514,   52,    0
 18718, 99735,20180515,   47,    0
 18718, 99735,20180516,-9999,    9
 18718, 99735,20180517,   53,    0
 18718, 99735,20180518,   48,    0
 18718, 99735,20180519,-9999,    9
 18718, 99735,20180520,   59,    0
 18718, 99735,20180521,   61,    0
 18718, 99735,20180522,   54,    0
 18718, 99735,20180523,   30,    0
 18718, 99735,20180524,   57,    0
 18718, 99735,20180525,   97,    0
 18718, 99735,20180526,-9999,    9
 18718, 99735,20180527,   51,    0
 18718, 99735,20180528,  102,    0
 18718, 99735,20180529,   64,    0
 18718, 99735,20180530,-9999,    9
 18718, 99735,20180531,   88,    0
 18718, 99735,20180601,   61,    0
 18718, 99735,20180602,   55,    0
 18718, 99735,20180603,   53,    0
 18718, 99735,20180604,   32,    0
 18718, 99735,20180605,-9999,    9
 18718, 99735,20180606,-9999,    9
 18718, 99735,20180607,-9999,    9
 18718, 99735,20180608,   29,    0
 18718, 99735,20180609,   68,    0
 18718, 99735,20180610,   71,    0
 18718, 99735,20180611,   45,    0
 18718, 99735,20180612,   26,    0
 18718, 99735,20180613,   39,    0
 18718, 99735,20180614,  111,    0
 18718, 99735,20180615,  124,    0
 18718, 99735,20180616,  134,    0
 18718, 99735,20180617,  105,    0
 18718, 99735,20180618,  147,    0
 18718, 99735,20180619,  129,    0
 18718, 99735,20180620,  128,    0
 18718, 99735,20180621,-9999,    9
 18718, 99735,20180622,-9999,    9
 18718, 99735,20180623,   65,    0
 18718, 99735,20180624,   71,    0
 18718, 99735,20180625,  120,    0
 18718, 99735,20180626,  117,    0
 18718, 99735,20180627,   77,    0
 18718, 99735,20180628,   67,    0
 18718, 99735,20180629,   60,    0
 18718, 99735,20180630,   67,    0
 18718, 99735,20180701,  117,    0
 18718, 99735,20180702,  169,    0
 18718, 99735,20180703,  152,    0
 18718, 99735,20180704,   96,    0
 18718, 99735,20180705,  106,    0
 18718, 99735,20180706,  146,    0
 18718, 99735,20180707,  102,    0
 18718, 99735,20180708,  135,    0
 18718, 99735,20180709,  147,    0
 18718, 99735,20180710,  153,    0
 18718, 99735,20180711,  144,    0
 18718, 99735,20180712,  169,    0
 18718, 99735,20180713,  117,    0
 18718, 99735,20180714,  109,    0
 18718, 99735,20180715,  129,    0
 18718, 99735,20180716,  154,    0
 18718, 99735,20180717,  212,    0
 18718, 99735,20180718,  243,    0
 18718, 99735,20180719,  223,    0
 18718, 99735,20180720,  164,    0
 18718, 99735,20180721,  153,    0
 18718, 99735,20180722,  164,    0
 18718, 99735,20180723,  146,    0
 18718, 99735,20180724,  167,    0
 18718, 99735,20180725,  152,    0
 18718, 99735,20180726,  124,    0
 18718, 99735,20180727,  153,    0
 18718, 99735,20180728,  203,    0
 18718, 99735,20180729,  208,    0
 18718, 99735,20180730,  235,    0
 18718, 99735,20180731,  234,    0
 18718, 99735,20180801,  236,    0
 18718, 99735,20180802,  151,    0
 18718, 99735,20180803,  130,    0
 18718, 99735,20180804,  133,    0
 18718, 99735,20180805,  114,    0
 18718, 99735,20180806,   81,    0
 18718, 99735,20180807,   88,    0
 18718, 99735,20180808,   99,    0
 18718, 99735,20180809,   96,    0
 18718, 99735,20180810,  128,    0
 18718, 99735,20180811,  103,    0
 18718, 99735,20180812,   88,    0
 18718, 99735,20180813,   78,    0
 18718, 99735,20180814,   77,    0
 18718, 99735,20180815,   87,    0
 18718, 99735,20180816,  115,    0
 18718, 99735,20180817,  145,    0
 18718, 99735,20180818,  133,    0
 18718, 99735,20180819,  112,    0
 18718, 99735,20180820,   85,    0
 18718, 99735,20180821,   77,    0
 18718, 99735,20180822,   79,    0
 18718, 99735,20180823,   81,    0
 18718, 99735,20180824,  115,    0
 18718, 99735,20180825,  124,    0
 18718, 99735,20180826,  108,    0
 18718, 99735,20180827,   76,    0
 18718, 99735,20180828,   70,    0
 18718, 99735,20180829,  110,    0
 18718, 99735,20180830,  133,    0
 18718, 99735,20180831,   66,    0
 18718, 99735,20180901,   84,    0
 18718, 99735,20180902,  101,    0
 18718, 99735,20180903,  123,    0
 18718, 99735,20180904,   78,    0
 18718, 99735,20180905,   82,    0
 18718, 99735,20180906,   78,    0
 18718, 99735,20180907,   58,    0
 18718, 99735,20180908,   78,    0
 18718, 99735,20180909,   77,    0
 18718, 99735,20180910,  115,    0
 18718, 99735,20180911,  121,    0
 18718, 99735,20180912,-9999,    9
 18718, 99735,20180913,   94,    0
 18718, 99735,20180914,   67,    0
 18718, 99735,20180915,   76,    0
 18718, 99735,20180916,   68,    0
 18718, 99735,20180917,   65,    0
 18718, 99735,20180918,   67,    0
 18718, 99735,20180919,   66,    0
 18718, 99735,20180920,   65,    0
 18718, 99735,20180921,   79,    0
 18718, 99735,20180922,   68,    0
 18718, 99735,20180923,   71,    0
 18718, 99735,20180924,   34,    0
 18718, 99735,20180925,   13,    0
 18718, 99735,20180926,-9999,    9
 18718, 99735,20180927,-9999,    9
 18718, 99735,20180928,-9999,    9
 18718, 99735,20180929,-9999,    9
 18718, 99735,20180930,-9999,    9
 18718, 99735,20181001,-9999,    9
 18718, 99735,20181002,-9999,    9
 18718, 99735,20181003,-9999,    9
 18718, 99735,20181004,  -19,    0
 18718, 99735,20181005,  -28,    0
 18718, 99735,20181006,  -20,    0
 18718, 99735,20181007,   -9,    0
 18718, 99735,20181008,  -10,    0
 18718, 99735,20181009,   22,    0
 18718, 99735,20181010,   11,    0
 18718, 99735,20181011,-9999,    9
 18718, 99735,20181012,   -5,    0
 18718, 99735,20181013,   49,    0
 18718, 99735,20181014,   69,    0
 18718, 99735,20181015,   52,    0
 18718, 99735,20181016,   24,    0
 18718, 99735,20181017,-9999,    9
 18718, 99735,20181018,-9999,    9
 18718, 99735,20181019,   -3,    0
 18718, 99735,20181020,    4,    0
 18718, 99735,20181021,   23,    0
 18718, 99735,20181022,-9999,    9
 18718, 99735,20181023,  -13,    0
 18718, 99735,20181024,  -15,    0
 18718, 99735,20181025,   -8,    0
 18718, 99735,20181026,   -8,    0
 18718, 99735,20181027,  -39,    0
 18718, 99735,20181028,  -77,    0
 18718, 99735,20181029,  -46,    0
 18718, 99735,20181030, -119,    0
 18718, 99735,20181031,  -26,    0
 18718, 99735,20181101,    1,    0
 18718, 99735,20181102,  -11,    0
 18718, 99735,20181103,   11,    0
 18718, 99735,20181104,    3,    0
 18718, 99735,20181105,   39,    0
 18718, 99735,20181106,   34,    0
 18718, 99735,20181107,  -49,    0
 18718, 99735,20181108,  -35,    0
 18718, 99735,20181109,   10,    0
 18718, 99735,20181110,   20,    0
 18718, 99735,20181111,   18,    0
 18718, 99735,20181112,   25,    0
 18718, 99735,20181113,   10,    0
 18718, 99735,20181114,   -5,    0
 18718, 99735,20181115,   19,    0
 18718, 99735,20181116,   34,    0
 18718, 99735,20181117,   33,    0
 18718, 99735,20181118,  -10,    0
 18718, 99735,20181119,    2,    0
 18718, 99735,20181120,   11,    0
 18718, 99735,20181121,   31,    0
 18718, 99735,20181122,   15,    0
 18718, 99735,20181123,    2,    0
 18718, 99735,20181124,   -3,    0
 18718, 99735,20181125,  -37,    0
 18718, 99735,20181126,  -25,    0
 18718, 99735,20181127,  -45,    0
 18718, 99735,20181128,  -21,    0
 18718, 99735,20181129,  -77,    0
 18718, 99735,20181130,  -44,    0
 18718, 99735,20181201,    9,    0
 18718, 99735,20181202,    4,    0
 18718, 99735,20181203,    1,    0
 18718, 99735,20181204,  -33,    0
 18718, 99735,20181205,  -40,    0
 18718, 99735,20181206,    0,    0
 18718, 99735,20181207,  -69,    0
 18718, 99735,20181208, -229,    0
 18718, 99735,20181209, -178,    0
 18718, 99735,20181210,  -60,    0
 18718, 99735,20181211,  -71,    0
 18718, 99735,20181212,   -4,    0
 18718, 99735,20181213,   30,    0
 18718, 99735,20181214,   29,    0
 18718, 99735,20181215,  -78,    0
 18718, 99735,20181216, -185,    0
 18718, 99735,20181217, -153,    0
 18718, 99735,20181218,  -64,    0
 18718, 99735,20181219,  -83,    0
 18718, 99735,20181220,  -73,    0
 18718, 99735,20181221,  -90,    0
 18718, 99735,20181222, -106,    0
 18718, 99735,20181223,  -86,    0
 18718, 99735,20181224, -103,    0
 18718, 99735,20181225, -107,    0
 18718, 99735,20181226,  -47,    0
 18718, 99735,20181227, -102,    0
 18718, 99735,20181228,  -73,    0
 18718, 99735,20181229,  -15,    0
 18718, 99735,20181230, -100,    0
 18718, 99735,20181231,  -67,    0
 18718, 99735,20190101,  -59,    0
 18718, 99735,20190102, -103,    0
 18718, 99735,20190103,  -79,    0
 18718, 99735,20190104,   -7,    0
 18718, 99735,20190105,    4,    0
 18718, 99735,20190106,   28,    0
 18718, 99735,20190107,  -22,    0
 18718, 99735,20190108,  -62,    0
 18718, 99735,20190109,  -63,    0
 18718, 99735,20190110,  -45,    0
 18718, 99735,20190111,  -24,    0
 18718, 99735,20190112,  -18,    0
 18718, 99735,20190113, -105,    0
 18718, 99735,20190114, -124,    0
 18718, 99735,20190115, -196,    0
 18718, 99735,20190116, -176,    0
 18718, 99735,20190117, -105,    0
 18718, 99735,20190118,-9999,    9
 18718, 99735,20190119,-9999,    9
 18718, 99735,20190120, -179,    0
 18718, 99735,20190121,  -92,    0
 18718, 99735,20190122, -159,    0
 18718, 99735,20190123, -205,    0
 18718, 99735,20190124, -194,    0
 18718, 99735,20190125, -289,    0
 18718, 99735,20190126, -319,    0
 18718, 99735,20190127, -298,    0
 18718, 99735,20190128, -348,    0
 18718, 99735,20190129, -153,    0
 18718, 99735,20190130,-9999,    9
 18718, 99735,20190131, -136,    0
 18718, 99735,20190201, -150,    0
 18718, 99735,20190202, -156,    0
 18718, 99735,20190203, -182,    0
 18718, 99735,20190204, -241,    0
 18718, 99735,20190205, -203,    0
 18718, 99735,20190206, -184,    0
 18718, 99735,20190207, -148,    0
 18718, 99735,20190208, -224,    0
 18718, 99735,20190209, -210,    0
 18718, 99735,20190210, -148,    0
 18718, 99735,20190211,  -78,    0
 18718, 99735,20190212,  -50,    0
 18718, 99735,20190213,-9999,    9
 18718, 99735,20190214,-9999,    9
 18718, 99735,20190215,-9999,    9
 18718, 99735,20190216,  -44,    0
 18718, 99735,20190217,  -72,    0
 18718, 99735,20190218, -119,    0
 18718, 99735,20190219,  -99,    0
 18718, 99735,20190220, -118,    0
 18718, 99735,20190221, -176,    0
 18718, 99735,20190222,  -62,    0
 18718, 99735,20190223,   39,    0
 18718, 99735,20190224,   22,    0
 18718, 99735,20190225,  -10,    0
 18718, 99735,20190226,  -28,    0
 18718, 99735,20190227,  -50,    0
 18718, 99735,20190228,  -83,    0
 18718, 99735,20190301, -114,    0
 18718, 99735,20190302, -226,    0
 18718, 99735,20190303,  -95,    0
 18718, 99735,20190304, -108,    0
 18718, 99735,20190305, -108,    0
 18718, 99735,20190306, -100,    0
 18718, 99735,20190307, -125,    0
 18718, 99735,20190308, -256,    0
 18718, 99735,20190309,  -81,    0
 18718, 99735,20190310,-9999,    9
 18718, 99735,20190311, -136,    0
 18718, 99735,20190312,  -77,    0
 18718, 99735,20190313, -138,    0
 18718, 99735,20190314,  -71,    0
 18718, 99735,20190315,  -28,    0
 18718, 99735,20190316,  -49,    0
 18718, 99735,20190317,  -65,    0
 18718, 99735,20190318,  -55,    0
 18718, 99735,20190319,  -53,    0
 18718, 99735,20190320,  -61,    0
 18718, 99735,20190321,  -59,    0
 18718, 99735,20190322,  -22,    0
 18718, 99735,20190323,  -15,    0
 18718, 99735,20190324,  -62,    0
 18718, 99735,20190325,  -60,    0
 18718, 99735,20190326,  -68,    0
 18718, 99735,20190327,  -37,    0
 18718, 99735,20190328,   -9,    0
 18718, 99735,20190329,  -24,    0
 18718, 99735,20190330,  -20,    0
 18718, 99735,20190331,  -33,    0
 18718, 99735,20190401,  -29,    0
 18718, 99735,20190402,  -26,    0
 18718, 99735,20190403,  -13,    0
 18718, 99735,20190404,  -60,    0
 18718, 99735,20190405, -119,    0
 18718, 99735,20190406,  -54,    0
 18718, 99735,20190407,  -42,    0
 18718, 99735,20190408, -120,    0
 18718, 99735,20190409,-9999,    9
 18718, 99735,20190410,-9999,    9
 18718, 99735,20190411,-9999,    9
 18718, 99735,20190412,    5,    0
 18718, 99735,20190413,   16,    0
 18718, 99735,20190414,   38,    0
 18718, 99735,20190415,   25,    0
 18718, 99735,20190416,   11,    0
 18718, 99735,20190417,   17,    0
 18718, 99735,20190418,    0,    0
 18718, 99735,20190419,   27,    0
 18718, 99735,20190420,   51,    0
 18718, 99735,20190421,   40,    0
 18718, 99735,20190422,   27,    0
 18718, 99735,20190423,   45,    0
 18718, 99735,20190424,   30,    0
 18718, 99735,20190425,   29,    0
 18718, 99735,20190426,   22,    0
 18718, 99735,20190427,    7,    0
 18718, 99735,20190428,   20,    0
 18718, 99735,20190429,   20,    0
 18718, 99735,20190430,    6,    0
 18718, 99735,20190501,  -31,    0
 18718, 99735,20190502,  -37,    0
 18718, 99735,20190503,  -37,    0
 18718, 99735,20190504,  -40,    0
 18718, 99735,20190505,  -17,    0
 18718, 99735,20190506,  -32,    0
 18718, 99735,20190507,   16,    0
 18718, 99735,20190508,    4,    0
 18718, 99735,20190509,    7,    0
 18718, 99735,20190510,   43,    0
 18718, 99735,20190511,   40,    0
 18718, 99735,20190512,   24,    0
 18718, 99735,20190513,   27,    0
 18718, 99735,20190514,   26,    0
 18718, 99735,20190515,   26,    0
 18718, 99735,20190516,   36,    0
 18718, 99735,20190517,   41,    0
 18718, 99735,20190518,   45,    0
 18718, 99735,20190519,   51,    0
 18718, 99735,20190520,   51,    0
 18718, 99735,20190521,   21,    0
 18718, 99735,20190522,   10,    0
 18718, 99735,20190523,    7,    0
 18718, 99735,20190524,   31,    0
 18718, 99735,20190525,   19,    0
 18718, 99735,20190526,   31,    0
 18718, 99735,20190527,   47,    0
 18718, 99735,20190528,   69,    0
 18718, 99735,20190529,-9999,    9
 18718, 99735,20190530,-9999,    9
 18718, 99735,20190531,-9999,    9
 18718, 99735,20190601,   40,    0
 18718, 99735,20190602,   30,    0
 18718, 99735,20190603,   46,    0
 18718, 99735,20190604,   83,    0
 18718, 99735,20190605,   90,    0
 18718, 99735,20190606,   92,    0
 18718, 99735,20190607,  116,    0
 18718, 99735,20190608,  103,    0
 18718, 99735,20190609,   51,    0
 18718, 99735,20190610,    7,    0
 18718, 99735,20190611,   30,    0
 18718, 99735,20190612,   58,    0
 18718, 99735,20190613,   94,    0
 18718, 99735,20190614,   58,    0
 18718, 99735,20190615,   81,    0
 18718, 99735,20190616,   77,    0
 18718, 99735,20190617,   70,    0
 18718, 99735,20190618,   87,    0
 18718, 99735,20190619,   66,    0
 18718, 99735,20190620,   84,    0
 18718, 99735,20190621,  109,    0
 18718, 99735,20190622,   79,    0
 18718, 99735,20190623,   99,    0
 18718, 99735,20190624,  102,    0
 18718, 99735,20190625,   93,    0
 18718, 99735,20190626,   97,    0
 18718, 99735,20190627,   60,    0
 18718, 99735,20190628,   57,    0
 18718, 99735,20190629,   54,    0
 18718, 99735,20190630,   65,    0
 18718, 99735,20190701,  103,    0
 18718, 99735,20190702,   77,    0
 18718, 99735,20190703,   71,    0
 18718, 99735,20190704,   72,    0
 18718, 99735,20190705,   95,    0
 18718, 99735,20190706,   75,    0
 18718, 99735,20190707,  126,    0
 18718, 99735,20190708,  137,    0
 18718, 99735,20190709,  117,    0
 18718, 99735,20190710,  112,    0
 18718, 99735,20190711,  129,    0
 18718, 99735,20190712,  122,    0
 18718, 99735,20190713,   95,    0
 18718, 99735,20190714,   74,    0
 18718, 99735,20190715,   84,    0
 18718, 99735,20190716,   96,    0
 18718, 99735,20190717,   87,    0
 18718, 99735,20190718,  110,    0
 18718, 99735,20190719,  146,    0
 18718, 99735,20190720,  178,    0
 18718, 99735,20190721,  174,    0
 18718, 99735,20190722,  199,    0
 18718, 99735,20190723,  191,    0
 18718, 99735,20190724,  162,    0
 18718, 99735,20190725,  160,    0
 18718, 99735,20190726,  147,    0
 18718, 99735,20190727,  110,    0
 18718, 99735,20190728,   86,    0
 18718, 99735,20190729,   60,    0
 18718, 99735,20190730,   63,    0
 18718, 99735,20190731,  100,    0
 18718, 99735,20190801,   87,    0
 18718, 99735,20190802,   68,    0
 18718, 99735,20190803,   88,    0
 18718, 99735,20190804,   65,    0
 18718, 99735,20190805,   62,    0
 18718, 99735,20190806,   78,    0
 18718, 99735,20190807,   75,    0
 18718, 99735,20190808,   75,    0
 18718, 99735,20190809,   65,    0
 18718, 99735,20190810,   80,    0
 18718, 99735,20190811,  119,    0
 18718, 99735,20190812,  125,    0
 18718, 99735,20190813,   77,    0
 18718, 99735,20190814,   89,    0
 18718, 99735,20190815,   91,    0
 18718, 99735,20190816,  116,    0
 18718, 99735,20190817,  120,    0
 18718, 99735,20190818,  152,    0
 18718, 99735,20190819,  146,    0
 18718, 99735,20190820,  115,    0
 18718, 99735,20190821,  101,    0
 18718, 99735,20190822,-9999,    9
 18718, 99735,20190823,   89,    0
 18718, 99735,20190824,   59,    0
 18718, 99735,20190825,   70,    0
 18718, 99735,20190826,  104,    0
 18718, 99735,20190827,  121,    0
 18718, 99735,20190828,  137,    0
 18718, 99735,20190829,  169,    0
 18718, 99735,20190830,  157,    0
 18718, 99735,20190831,  124,    0
 18718, 99735,20190901,  148,    0
 18718, 99735,20190902,  121,    0
 18718, 99735,20190903,   99,    0
 18718, 99735,20190904,  102,    0
 18718, 99735,20190905,   79,    0
 18718, 99735,20190906,   91,    0
 18718, 99735,20190907,   59,    0
 18718, 99735,20190908,   67,    0
 18718, 99735,20190909,  113,    0
 18718, 99735,20190910,-9999,    9
 18718, 99735,20190911,  144,    0
 18718, 99735,20190912,  122,    0
 18718, 99735,20190913,   75,    0
 18718, 99735,20190914,   50,    0
 18718, 99735,20190915,   31,    0
 18718, 99735,20190916,   42,    0
 18718, 99735,20190917,   42,    0
 18718, 99735,20190918,   16,    0
 18718, 99735,20190919,   15,    0
 18718, 99735,20190920,   23,    0
 18718, 99735,20190921,   24,    0
 18718, 99735,20190922,   19,    0
 18718, 99735,20190923,   18,    0
 18718, 99735,20190924,   29,    0
 18718, 99735,20190925,   66,    0
 18718, 99735,20190926,   77,    0
 18718, 99735,20190927,   60,    0
 18718, 99735,20190928,   26,    0
 18718, 99735,20190929,    5,    0
 18718, 99735,20190930,   22,    0
 18718, 99735,20191001,   27,    0
 18718, 99735,20191002,    2,    0
 18718, 99735,20191003,    4,    0
 18718, 99735,20191004,   -8,    0
 18718, 99735,20191005,   24,    0
 18718, 99735,20191006,   36,    0
 18718, 99735,20191007,   25,    0
 18718, 99735,20191008,    9,    0
 18718, 99735,20191009,   20,    0
 18718, 99735,20191010,   15,    0
 18718, 99735,20191011,   -4,    0
 18718, 99735,20191012,  -22,    0
 18718, 99735,20191013,   -8,    0
 18718, 99735,20191014,   -6,    0
 18718, 99735,20191015,   -8,    0
 18718, 99735,20191016,  -46,    0
 18718, 99735,20191017,  -89,    0
 18718, 99735,20191018,  -24,    0
 18718, 99735,20191019,  -66,    0
 18718, 99735,20191020,  -81,    0
 18718, 99735,20191021,  -31,    0
 18718, 99735,20191022,  -59,    0
 18718, 99735,20191023,-9999,    9
 18718, 99735,20191024,-9999,    9
 18718, 99735,20191025,-9999,    9
 18718, 99735,20191026,-9999,    9
 18718, 99735,20191027, -193,    0
 18718, 99735,20191028,  -51,    0
 18718, 99735,20191029,  -42,    0
 18718, 99735,20191030, -201,    0
 18718, 99735,20191031, -150,    0
 18718, 99735,20191101, -111,    0
 18718, 99735,20191102, -179,    0
 18718, 99735,20191103, -176,    0
 18718, 99735,20191104,  -39,    0
 18718, 99735,20191105,  -52,    0
 18718, 99735,20191106, -158,    0
 18718, 99735,20191107, -210,    0
 18718, 99735,20191108, -148,    0
 18718, 99735,20191109, -191,    0
 18718, 99735,20191110, -291,    0
 18718, 99735,20191111, -227,    0
 18718, 99735,20191112, -165,    0
 18718, 99735,20191113,  -45,    0
 18718, 99735,20191114,  -17,    0
 18718, 99735,20191115,  -10,    0
 18718, 99735,20191116,  -89,    0
 18718, 99735,20191117,  -78,    0
 18718, 99735,20191118,  -75,    0
 18718, 99735,20191119,  -19,    0
 18718, 99735,20191120,    2,    0
 18718, 99735,20191121,  -24,    0
 18718, 99735,20191122,  -59,    0
 18718, 99735,20191123,  -66,    0
 18718, 99735,20191124,  -17,    0
 18718, 99735,20191125,   -5,    0
 18718, 99735,20191126,  -29,    0
 18718, 99735,20191127,  -87,    0
 18718, 99735,20191128, -128,    0
 18718, 99735,20191129,  -38,    0
 18718, 99735,20191130,  -53,    0
 18718, 99735,20191201,  -32,    0
 18718, 99735,20191202,  -23,    0
 18718, 99735,20191203,  -45,    0
 18718, 99735,20191204,  -23,    0
 18718, 99735,20191205,  -56,    0
 18718, 99735,20191206, -109,    0
 18718, 99735,20191207,-9999,    9
 18718, 99735,20191208,  -71,    0
 18718, 99735,20191209, -187,    0
 18718, 99735,20191210,  -98,    0
 18718, 99735,20191211, -109,    0
 18718, 99735,20191212,  -35,    0
 18718, 99735,20191213,  -48,    0
 18718, 99735,20191214,-9999,    9
 18718, 99735,20191215,  -11,    0
 18718, 99735,20191216,  -18,    0
 18718, 99735,20191217,  -51,    0
 18718, 99735,20191218,  -37,    0
 18718, 99735,20191219,  -82,    0
 18718, 99735,20191220, -260,    0
 18718, 99735,20191221,-9999,    9
 18718, 99735,20191222,-9999,    9
 18718, 99735,20191223,-9999,    9
 18718, 99735,20191224,  -25,    0
 18718, 99735,20191225,  -12,    0
 18718, 99735,20191226,  -71,    0
 18718, 99735,20191227, -188,    0
 18718, 99735,20191228,  -88,    0
 18718, 99735,20191229,    1,    0
 18718, 99735,20191230,  -37,    0
 18718, 99735,20191231,  -53,    0
 18718, 99735,20200101, -118,    0
 18718, 99735,20200102,  -53,    0
 18718, 99735,20200103,  -56,    0
 18718, 99735,20200104,  -54,    0
 18718, 99735,20200105,-9999,    9
 18718, 99735,20200106,-9999,    9
 18718, 99735,20200107,  -30,    0
 18718, 99735,20200108,  -14,    0
 18718, 99735,20200109,   -4,    0
 18718, 99735,20200110,  -24,    0
 18718, 99735,20200111,  -44,    0
 18718, 99735,20200112,-9999,    9
 18718, 99735,20200113,-9999,    9
 18718, 99735,20200114,-9999,    9
 18718, 99735,20200115,-9999,    9
 18718, 99735,20200116,  -84,    0
 18718, 99735,20200117, -169,    0
 18718, 99735,20200118, -252,    0
 18718, 99735,20200119, -101,    0
 18718, 99735,20200120,  -29,    0
 18718, 99735,20200121,  -19,    0
 18718, 99735,20200122,  -62,    0
 18718, 99735,20200123, -100,    0
 18718, 99735,20200124,  -91,    0
 18718, 99735,20200125, -108,    0
 18718, 99735,20200126, -188,    0
 18718, 99735,20200127,-9999,    9
 18718, 99735,20200128,-9999,    9
 18718, 99735,20200129, -118,    0
 18718, 99735,20200130,  -94,    0
 18718, 99735,20200131,  -97,    0
 18718, 99735,20200201, -107,    0
 18718, 99735,20200202,  -87,    0
 18718, 99735,20200203,  -44,    0
 18718, 99735,20200204,-9999,    9
 18718, 99735,20200205,-9999,    9
 18718, 99735,20200206,-9999,    9
 18718, 99735,20200207,-9999,    9
 18718, 99735,20200208,-9999,    9
 18718, 99735,20200209,-9999,    9
 18718, 99735,20200210,-9999,    9
 18718, 99735,20200211,-9999,    9
 18718, 99735,20200212,-9999,    9
 18718, 99735,20200213,-9999,    9
 18718, 99735,20200214,-9999,    9
 18718, 99735,20200215,-9999,    9
 18718, 99735,20200216,-9999,    9
 18718, 99735,20200217,-9999,    9
 18718, 99735,20200218,-9999,    9
 18718, 99735,20200219,-9999,    9
 18718, 99735,20200220,-9999,    9
 18718, 99735,20200221,-9999,    9
 18718, 99735,20200222,-9999,    9
 18718, 99735,20200223,-9999,    9
 18718, 99735,20200224,-9999,    9
 18718, 99735,20200225,-9999,    9
 18718, 99735,20200226,-9999,    9
 18718, 99735,20200227,-9999,    9
 18718, 99735,20200228,-9999,    9
 18718, 99735,20200229,-9999,    9
 18718, 99735,20200301,-9999,    9
 18718, 99735,20200302,-9999,    9
 18718, 99735,20200303,-9999,    9
 18718, 99735,20200304,-9999,    9
 18718, 99735,20200305,-9999,    9
 18718, 99735,20200306,-9999,    9
 18718, 99735,20200307,-9999,    9
 18718, 99735,20200308,-9999,    9
 18718, 99735,20200309,-9999,    9
 18718, 99735,20200310,-9999,    9
 18718, 99735,20200311,-9999,    9
 18718, 99735,20200312,-9999,    9
 18718, 99735,20200313,-9999,    9
 18718, 99735,20200314,-9999,    9
 18718, 99735,20200315,-9999,    9
 18718, 99735,20200316,-9999,    9
 18718, 99735,20200317,-9999,    9
 18718, 99735,20200318,-9999,    9
 18718, 99735,20200319,-9999,    9
 18718, 99735,20200320,-9999,    9
 18718, 99735,20200321,-9999,    9
 18718, 99735,20200322,-9999,    9
 18718, 99735,20200323,-9999,    9
 18718, 99735,20200324,-9999,    9
 18718, 99735,20200325,-9999,    9
 18718, 99735,20200326,-9999,    9
 18718, 99735,20200327,-9999,    9
 18718, 99735,20200328,-9999,    9
 18718, 99735,20200329,-9999,    9
 18718, 99735,20200330,-9999,    9
 18718, 99735,20200331,-9999,    9
 18718, 99735,20200401,-9999,    9
 18718, 99735,20200402,-9999,    9
 18718, 99735,20200403,-9999,    9
 18718, 99735,20200404,-9999,    9
 18718, 99735,20200405,-9999,    9
 18718, 99735,20200406,-9999,    9
 18718, 99735,20200407,-9999,    9
 18718, 99735,20200408,-9999,    9
 18718, 99735,20200409,-9999,    9
 18718, 99735,20200410,-9999,    9
 18718, 99735,20200411,-9999,    9
 18718, 99735,20200412,-9999,    9
 18718, 99735,20200413,-9999,    9
 18718, 99735,20200414,-9999,    9
 18718, 99735,20200415,-9999,    9
 18718, 99735,20200416,-9999,    9
 18718, 99735,20200417,-9999,    9
 18718, 99735,20200418,-9999,    9
 18718, 99735,20200419,-9999,    9
 18718, 99735,20200420,-9999,    9
 18718, 99735,20200421,-9999,    9
 18718, 99735,20200422,-9999,    9
 18718, 99735,20200423,-9999,    9
 18718, 99735,20200424,-9999,    9
 18718, 99735,20200425,-9999,    9
 18718, 99735,20200426,-9999,    9
 18718, 99735,20200427,-9999,    9
 18718, 99735,20200428,-9999,    9
 18718, 99735,20200429,-9999,    9
 18718, 99735,20200430,-9999,    9
 18718, 99735,20200501,  -29,    0
 18718, 99735,20200502,  -11,    0
 18718, 99735,20200503,    3,    0
 18718, 99735,20200504,    1,    0
 18718, 99735,20200505,   -5,    0
 18718, 99735,20200506,    2,    0
 18718, 99735,20200507,    3,    0
 18718, 99735,20200508,  -27,    0
 18718, 99735,20200509,  -37,    0
 18718, 99735,20200510,  -36,    0
 18718, 99735,20200511,  -19,    0
 18718, 99735,20200512,  -43,    0
 18718, 99735,20200513,  -36,    0
 18718, 99735,20200514,  -22,    0
 18718, 99735,20200515,  -13,    0
 18718, 99735,20200516,  -10,    0
 18718, 99735,20200517,  -16,    0
 18718, 99735,20200518,  -17,    0
 18718, 99735,20200519,   -8,    0
 18718, 99735,20200520,  -14,    0
 18718, 99735,20200521,  -20,    0
 18718, 99735,20200522,   18,    0
 18718, 99735,20200523,   46,    0
 18718, 99735,20200524,   47,    0
 18718, 99735,20200525,   45,    0
 18718, 99735,20200526,   42,    0
 18718, 99735,20200527,   31,    0
 18718, 99735,20200528,   22,    0
 18718, 99735,20200529,   22,    0
 18718, 99735,20200530,   23,    0
 18718, 99735,20200531,   57,    0
 18718, 99735,20200601,   75,    0
 18718, 99735,20200602,   57,    0
 18718, 99735,20200603,   34,    0
 18718, 99735,20200604,   45,    0
 18718, 99735,20200605,   77,    0
 18718, 99735,20200606,   65,    0
 18718, 99735,20200607,   79,    0
 18718, 99735,20200608,   55,    0
 18718, 99735,20200609,   29,    0
 18718, 99735,20200610,   39,    0
 18718, 99735,20200611,   42,    0
 18718, 99735,20200612,   50,    0
 18718, 99735,20200613,  114,    0
 18718, 99735,20200614,  109,    0
 18718, 99735,20200615,   46,    0
 18718, 99735,20200616,   41,    0
 18718, 99735,20200617,   87,    0
 18718, 99735,20200618,   84,    0
 18718, 99735,20200619,   42,    0
 18718, 99735,20200620,   89,    0
 18718, 99735,20200621,  125,    0
 18718, 99735,20200622,   95,    0
 18718, 99735,20200623,  109,    0
 18718, 99735,20200624,   91,    0
 18718, 99735,20200625,  110,    0
 18718, 99735,20200626,   67,    0
 18718, 99735,20200627,   51,    0
 18718, 99735,20200628,   78,    0
 18718, 99735,20200629,   59,    0
 18718, 99735,20200630,   23,    0
 18718, 99735,20200701,   43,    0
 18718, 99735,20200702,   39,    0
 18718, 99735,20200703,   80,    0
 18718, 99735,20200704,   61,    0
 18718, 99735,20200705,   49,    0
 18718, 99735,20200706,   50,    0
 18718, 99735,20200707,   80,    0
 18718, 99735,20200708,   69,    0
 18718, 99735,20200709,  101,    0
 18718, 99735,20200710,   69,    0
 18718, 99735,20200711,   99,    0
 18718, 99735,20200712,  110,    0
 18718, 99735,20200713,  109,    0
 18718, 99735,20200714,  100,    0
 18718, 99735,20200715,-9999,    9
 18718, 99735,20200716,  142,    0
 18718, 99735,20200717,  162,    0
 18718, 99735,20200718,  130,    0
 18718, 99735,20200719,  132,    0
 18718, 99735,20200720,  111,    0
 18718, 99735,20200721,  131,    0
 18718, 99735,20200722,   84,    0
 18718, 99735,20200723,   81,    0
 18718, 99735,20200724,  141,    0
 18718, 99735,20200725,  146,    0
 18718, 99735,20200726,  153,    0
 18718, 99735,20200727,  165,    0
 18718, 99735,20200728,  177,    0
 18718, 99735,20200729,  177,    0
 18718, 99735,20200730,  144,    0
 18718, 99735,20200731,  128,    0
 18718, 99735,20200801,  106,    0
 18718, 99735,20200802,  102,    0
 18718, 99735,20200803,  110,    0
 18718, 99735,20200804,  141,    0
 18718, 99735,20200805,  106,    0
 18718, 99735,20200806,  144,    0
 18718, 99735,20200807,  112,    0
 18718, 99735,20200808,  140,    0
 18718, 99735,20200809,  109,    0
 18718, 99735,20200810,   87,    0
 18718, 99735,20200811,  104,    0
 18718, 99735,20200812,-9999,    9
 18718, 99735,20200813,  113,    0
 18718, 99735,20200814,  111,    0
 18718, 99735,20200815,   98,    0
 18718, 99735,20200816,   64,    0
 18718, 99735,20200817,   62,    0
 18718, 99735,20200818,   71,    0
 18718, 99735,20200819,  106,    0
 18718, 99735,20200820,   90,    0
 18718, 99735,20200821,  119,    0
 18718, 99735,20200822,  154,    0
 18718, 99735,20200823,  142,    0
 18718, 99735,20200824,   87,    0
 18718, 99735,20200825,   82,    0
 18718, 99735,20200826,   63,    0
 18718, 99735,20200827,   48,    0
 18718, 99735,20200828,   47,    0
 18718, 99735,20200829,   65,    0
 18718, 99735,20200830,   55,    0
 18718, 99735,20200831,   53,    0
 18718, 99735,20200901,   68,    0
 18718, 99735,20200902,  105,    0
 18718, 99735,20200903,  117,    0
 18718, 99735,20200904,-9999,    9
 18718, 99735,20200905,  127,    0
 18718, 99735,20200906,   97,    0
 18718, 99735,20200907,   98,    0
 18718, 99735,20200908,   97,    0
 18718, 99735,20200909,   84,    0
 18718, 99735,20200910,   69,    0
 18718, 99735,20200911,   65,    0
 18718, 99735,20200912,   66,    0
 18718, 99735,20200913,   73,    0
 18718, 99735,20200914,   62,    0
 18718, 99735,20200915,   70,    0
 18718, 99735,20200916,   54,    0
 18718, 99735,20200917,   51,    0
 18718, 99735,20200918,   59,    0
 18718, 99735,20200919,   49,    0
 18718, 99735,20200920,   43,    0
 18718, 99735,20200921,   41,    0
 18718, 99735,20200922,   49,    0
 18718, 99735,20200923,   47,    0
 18718, 99735,20200924,   49,    0
 18718, 99735,20200925,   50,    0
 18718, 99735,20200926,   29,    0
 18718, 99735,20200927,   17,    0
 18718, 99735,20200928,   63,    0
 18718, 99735,20200929,   80,    0
 18718, 99735,20200930,   76,    0
 18718, 99735,20201001,   71,    0
 18718, 99735,20201002,   80,    0
 18718, 99735,20201003,   85,    0
 18718, 99735,20201004,   62,    0
 18718, 99735,20201005,   27,    0
 18718, 99735,20201006,   36,    0
 18718, 99735,20201007,   75,    0
 18718, 99735,20201008,  103,    0
 18718, 99735,20201009,   84,    0
 18718, 99735,20201010,   68,    0
 18718, 99735,20201011,   49,    0
 18718, 99735,20201012,   20,    0
 18718, 99735,20201013,    2,    0
 18718, 99735,20201014,   19,    0
 18718, 99735,20201015,   19,    0
 18718, 99735,20201016,    5,    0
 18718, 99735,20201017,  -30,    0
 18718, 99735,20201018,  -41,    0
 18718, 99735,20201019,  -27,    0
 18718, 99735,20201020,  -31,    0
 18718, 99735,20201021,  -87,    0
 18718, 99735,20201022,  -54,    0
 18718, 99735,20201023,    0,    0
 18718, 99735,20201024,   13,    0
 18718, 99735,20201025,   -2,    0
 18718, 99735,20201026,  -22,    0
 18718, 99735,20201027,  -69,    0
 18718, 99735,20201028,  -56,    0
 18718, 99735,20201029,  -38,    0
 18718, 99735,20201030,  -14,    0
 18718, 99735,20201031,  -53,    0
 18718, 99735,20201101,  -17,    0
 18718, 99735,20201102,   31,    0
 18718, 99735,20201103,   30,    0
 18718, 99735,20201104,  -12,    0
 18718, 99735,20201105,   12,    0
 18718, 99735,20201106,   21,    0
 18718, 99735,20201107,    8,    0
 18718, 99735,20201108,   -7,    0
 18718, 99735,20201109,    6,    0
 18718, 99735,20201110,   -4,    0
 18718, 99735,20201111,  -87,    0
 18718, 99735,20201112,  -39,    0
 18718, 99735,20201113,  -19,    0
 18718, 99735,20201114,   14,    0
 18718, 99735,20201115,   24,    0
 18718, 99735,20201116,   18,    0
 18718, 99735,20201117,   34,    0
 18718, 99735,20201118,   21,    0
 18718, 99735,20201119,   -2,    0
 18718, 99735,20201120,  -22,    0
 18718, 99735,20201121,  -57,    0
 18718, 99735,20201122,  -55,    0
 18718, 99735,20201123,  -12,    0
 18718, 99735,20201124,  -84,    0
 18718, 99735,20201125, -112,    0
 18718, 99735,20201126, -114,    0
 18718, 99735,20201127,  -44,    0
 18718, 99735,20201128,  -40,    0
 18718, 99735,20201129,  -18,    0
 18718, 99735,20201130,  -32,    0
 18718, 99735,20201201,  -41,    0
 18718, 99735,20201202,  -31,    0
 18718, 99735,20201203,   -4,    0
 18718, 99735,20201204,   -7,    0
 18718, 99735,20201205,  -22,    0
 18718, 99735,20201206,  -82,    0
 18718, 99735,20201207,-9999,    9
 18718, 99735,20201208,-9999,    9
 18718, 99735,20201209,    2,    0
 18718, 99735,20201210,    0,    0
 18718, 99735,20201211,  -95,    0
 18718, 99735,20201212,  -49,    0
 18718, 99735,20201213,  -37,    0
 18718, 99735,20201214,-9999,    9
 18718, 99735,20201215,  -37,    0
 18718, 99735,20201216,  -54,    0
 18718, 99735,20201217, -213,    0
 18718, 99735,20201218, -127,    0
 18718, 99735,20201219, -123,    0
 18718, 99735,20201220,  -36,    0
 18718, 99735,20201221,  -10,    0
 18718, 99735,20201222,-9999,    9
 18718, 99735,20201223,  -18,    0
 18718, 99735,20201224,  -41,    0
 18718, 99735,20201225,  -99,    0
 18718, 99735,20201226, -200,    0
 18718, 99735,20201227,-9999,    9
 18718, 99735,20201228,  -55,    0
 18718, 99735,20201229,  -36,    0
 18718, 99735,20201230,  -29,    0
 18718, 99735,20201231,  -30,    0
 18718, 99735,20210101,  -44,    0
 18718, 99735,20210102,  -50,    0
 18718, 99735,20210103,  -46,    0
 18718, 99735,20210104,   -2,    0
 18718, 99735,20210105,   -6,    0
 18718, 99735,20210106,  -65,    0
 18718, 99735,20210107, -107,    0
 18718, 99735,20210108, -108,    0
 18718, 99735,20210109, -111,    0
 18718, 99735,20210110, -112,    0
 18718, 99735,20210111, -132,    0
 18718, 99735,20210112, -142,    0
 18718, 99735,20210113, -194,    0
 18718, 99735,20210114,  -56,    0
 18718, 99735,20210115,    4,    0
 18718, 99735,20210116,  -16,    0
 18718, 99735,20210117,   -3,    0
 18718, 99735,20210118,  -27,    0
 18718, 99735,20210119, -158,    0
 18718, 99735,20210120, -249,    0
 18718, 99735,20210121, -259,    0
 18718, 99735,20210122, -148,    0
 18718, 99735,20210123, -158,    0
 18718, 99735,20210124, -165,    0
 18718, 99735,20210125, -133,    0
 18718, 99735,20210126,  -86,    0
 18718, 99735,20210127,  -74,    0
 18718, 99735,20210128,  -84,    0
 18718, 99735,20210129, -118,    0
 18718, 99735,20210130, -121,    0
 18718, 99735,20210131,  -56,    0
 18718, 99735,20210201,  -96,    0
 18718, 99735,20210202, -150,    0
 18718, 99735,20210203, -124,    0
 18718, 99735,20210204,  -39,    0
 18718, 99735,20210205,  -39,    0
 18718, 99735,20210206,  -59,    0
 18718, 99735,20210207,  -61,    0
 18718, 99735,20210208, -108,    0
 18718, 99735,20210209, -101,    0
 18718, 99735,20210210,  -80,    0
 18718, 99735,20210211,  -90,    0
 18718, 99735,20210212,  -79,    0
 18718, 99735,20210213,  -95,    0
 18718, 99735,20210214, -121,    0
 18718, 99735,20210215,  -53,    0
 18718, 99735,20210216, -238,    0
 18718, 99735,20210217, -277,    0
 18718, 99735,20210218, -167,    0
 18718, 99735,20210219, -175,    0
 18718, 99735,20210220, -141,    0
 18718, 99735,20210221, -148,    0
 18718, 99735,20210222, -159,    0
 18718, 99735,20210223, -124,    0
 18718, 99735,20210224,  -99,    0
 18718, 99735,20210225,  -20,    0
 18718, 99735,20210226,    0,    0
 18718, 99735,20210227,  -17,    0
 18718, 99735,20210228,   24,    0
 18718, 99735,20210301,  -15,    0
 18718, 99735,20210302,  -32,    0
 18718, 99735,20210303,  -47,    0
 18718, 99735,20210304,  -83,    0
 18718, 99735,20210305,  -88,    0
 18718, 99735,20210306,  -47,    0
 18718, 99735,20210307,  -59,    0
 18718, 99735,20210308, -208,    0
 18718, 99735,20210309, -246,    0
 18718, 99735,20210310, -179,    0
 18718, 99735,20210311, -111,    0
 18718, 99735,20210312,  -71,    0
 18718, 99735,20210313,  -71,    0
 18718, 99735,20210314,  -49,    0
 18718, 99735,20210315,  -48,    0
 18718, 99735,20210316,  -82,    0
 18718, 99735,20210317,  -78,    0
 18718, 99735,20210318, -111,    0
 18718, 99735,20210319,  -66,    0
 18718, 99735,20210320,  -21,    0
 18718, 99735,20210321,-9999,    9
 18718, 99735,20210322,  -49,    0
 18718, 99735,20210323,   -3,    0
 18718, 99735,20210324,   -3,    0
 18718, 99735,20210325,  -21,    0
 18718, 99735,20210326,  -64,    0
 18718, 99735,20210327,   -9,    0
 18718, 99735,20210328,  -15,    0
 18718, 99735,20210329,   -3,    0
 18718, 99735,20210330,    0,    0
 18718, 99735,20210331,    4,    0
 18718, 99735,20210401,  -31,    0
 18718, 99735,20210402,  -65,    0
 18718, 99735,20210403,  -10,    0
 18718, 99735,20210404,  -35,    0
 18718, 99735,20210405,   -5,    0
 18718, 99735,20210406,   -9,    0
 18718, 99735,20210407,  -22,    0
 18718, 99735,20210408, -110,    0
 18718, 99735,20210409, -164,    0
 18718, 99735,20210410, -122,    0
 18718, 99735,20210411,  -12,    0
 18718, 99735,20210412,  -38,    0
 18718, 99735,20210413, -129,    0
 18718, 99735,20210414,  -45,    0
 18718, 99735,20210415,-9999,    9
 18718, 99735,20210416,   25,    0
 18718, 99735,20210417,-9999,    9
 18718, 99735,20210418,  -17,    0
 18718, 99735,20210419,  -15,    0
 18718, 99735,20210420,   29,    0
 18718, 99735,20210421,   18,    0
 18718, 99735,20210422,  -14,    0
 18718, 99735,20210423,  -31,    0
 18718, 99735,20210424,  -23,    0
 18718, 99735,20210425,  -20,    0
 18718, 99735,20210426,  -22,    0
 18718, 99735,20210427,  -32,    0
 18718, 99735,20210428,  -42,    0
 18718, 99735,20210429,  -37,    0
 18718, 99735,20210430,  -50,    0
 18718, 99735,20210501,  -38,    0
 18718, 99735,20210502,  -85,    0
 18718, 99735,20210503,  -99,    0
 18718, 99735,20210504, -119,    0
 18718, 99735,20210505,  -88,    0
 18718, 99735,20210506,  -23,    0
 18718, 99735,20210507,   -9,    0
 18718, 99735,20210508,    1,    0
 18718, 99735,20210509,  -23,    0
 18718, 99735,20210510,-9999,    9
 18718, 99735,20210511,-9999,    9
 18718, 99735,20210512,   24,    0
 18718, 99735,20210513,   11,    0
 18718, 99735,20210514,    4,    0
 18718, 99735,20210515,   10,    0
 18718, 99735,20210516,   11,    0
 18718, 99735,20210517,   35,    0
 18718, 99735,20210518,   49,    0
 18718, 99735,20210519,   50,    0
 18718, 99735,20210520,   24,    0
 18718, 99735,20210521,   16,    0
 18718, 99735,20210522,   -6,    0
 18718, 99735,20210523,    8,    0
 18718, 99735,20210524,   14,    0
 18718, 99735,20210525,   21,    0
 18718, 99735,20210526,   23,    0
 18718, 99735,20210527,   24,    0
 18718, 99735,20210528,   12,    0
 18718, 99735,20210529,   24,    0
 18718, 99735,20210530,   40,    0
 18718, 99735,20210531,   53,    0
 18718, 99735,20210601,   75,    0
 18718, 99735,20210602,   96,    0
 18718, 99735,20210603,  111,    0
 18718, 99735,20210604,  115,    0
 18718, 99735,20210605,   58,    0
 18718, 99735,20210606,   63,    0
 18718, 99735,20210607,  105,    0
 18718, 99735,20210608,   97,    0
 18718, 99735,20210609,  105,    0
 18718, 99735,20210610,  112,    0
 18718, 99735,20210611,  149,    0
 18718, 99735,20210612,  100,    0
 18718, 99735,20210613,   70,    0
 18718, 99735,20210614,   76,    0
 18718, 99735,20210615,   60,    0
 18718, 99735,20210616,   45,    0
 18718, 99735,20210617,   78,    0
 18718, 99735,20210618,   98,    0
 18718, 99735,20210619,   88,    0
 18718, 99735,20210620,   93,    0
 18718, 99735,20210621,  106,    0
 18718, 99735,20210622,  100,    0
 18718, 99735,20210623,   91,    0
 18718, 99735,20210624,  120,    0
 18718, 99735,20210625,   92,    0
 18718, 99735,20210626,   85,    0
 18718, 99735,20210627,  108,    0
 18718, 99735,20210628,  107,    0
 18718, 99735,20210629,   90,    0
 18718, 99735,20210630,   88,    0
 18718, 99735,20210701,  138,    0
 18718, 99735,20210702,   99,    0
 18718, 99735,20210703,  142,    0
 18718, 99735,20210704,  150,    0
 18718, 99735,20210705,  217,    0
 18718, 99735,20210706,  225,    0
 18718, 99735,20210707,  214,    0
 18718, 99735,20210708,  156,    0
 18718, 99735,20210709,  134,    0
 18718, 99735,20210710,  130,    0
 18718, 99735,20210711,  141,    0
 18718, 99735,20210712,  144,    0
 18718, 99735,20210713,  148,    0
 18718, 99735,20210714,  114,    0
 18718, 99735,20210715,  149,    0
 18718, 99735,20210716,  117,    0
 18718, 99735,20210717,  111,    0
 18718, 99735,20210718,  111,    0
 18718, 99735,20210719,   88,    0
 18718, 99735,20210720,   56,    0
 18718, 99735,20210721,   75,    0
 18718, 99735,20210722,   62,    0
 18718, 99735,20210723,   70,    0
 18718, 99735,20210724,   93,    0
 18718, 99735,20210725,   92,    0
 18718, 99735,20210726,  108,    0
 18718, 99735,20210727,  153,    0
 18718, 99735,20210728,   99,    0
 18718, 99735,20210729,   76,    0
 18718, 99735,20210730,   92,    0
 18718, 99735,20210731,   89,    0
 18718, 99735,20210801,   66,    0
 18718, 99735,20210802,   92,    0
 18718, 99735,20210803,   89,    0
 18718, 99735,20210804,   88,    0
 18718, 99735,20210805,  121,    0
 18718, 99735,20210806,  148,    0
 18718, 99735,20210807,  157,    0
 18718, 99735,20210808,  165,    0
 18718, 99735,20210809,  151,    0
 18718, 99735,20210810,  163,    0
 18718, 99735,20210811,  157,    0
 18718, 99735,20210812,-9999,    9
 18718, 99735,20210813,  115,    0
 18718, 99735,20210814,   99,    0
 18718, 99735,20210815,   67,    0
 18718, 99735,20210816,   67,    0
 18718, 99735,20210817,   85,    0
 18718, 99735,20210818,   88,    0
 18718, 99735,20210819,   90,    0
 18718, 99735,20210820,   78,    0
 18718, 99735,20210821,   68,    0
 18718, 99735,20210822,   59,    0
 18718, 99735,20210823,   69,    0
 18718, 99735,20210824,   89,    0
 18718, 99735,20210825,   87,    0
 18718, 99735,20210826,   77,    0
 18718, 99735,20210827,   97,    0
 18718, 99735,20210828,   84,    0
 18718, 99735,20210829,   91,    0
 18718, 99735,20210830,   98,    0
 18718, 99735,20210831,-9999,    9
 18718, 99735,20210901,   55,    0
 18718, 99735,20210902,   53,    0
 18718, 99735,20210903,   39,    0
 18718, 99735,20210904,   35,    0
 18718, 99735,20210905,   61,    0
 18718, 99735,20210906,   68,    0
 18718, 99735,20210907,   67,    0
 18718, 99735,20210908,   66,    0
 18718, 99735,20210909,   51,    0
 18718, 99735,20210910,   55,    0
 18718, 99735,20210911,   45,    0
 18718, 99735,20210912,   50,    0
 18718, 99735,20210913,   53,    0
 18718, 99735,20210914,   40,    0
 18718, 99735,20210915,   45,    0
 18718, 99735,20210916,   30,    0
 18718, 99735,20210917,   37,    0
 18718, 99735,20210918,   26,    0
 18718, 99735,20210919,   41,    0
 18718, 99735,20210920,   50,    0
 18718, 99735,20210921,   42,    0
 18718, 99735,20210922,   64,    0
 18718, 99735,20210923,   62,    0
 18718, 99735,20210924,   62,    0
 18718, 99735,20210925,   65,    0
 18718, 99735,20210926,   57,    0
 18718, 99735,20210927,  120,    0
 18718, 99735,20210928,   96,    0
 18718, 99735,20210929,   31,    0
 18718, 99735,20210930,   34,    0
 18718, 99735,20211001,   63,    0
 18718, 99735,20211002,   94,    0
 18718, 99735,20211003,   90,    0
 18718, 99735,20211004,  104,    0
 18718, 99735,20211005,  101,    0
 18718, 99735,20211006,   63,    0
 18718, 99735,20211007,   22,    0
 18718, 99735,20211008,   15,    0
 18718, 99735,20211009,   14,    0
 18718, 99735,20211010,   39,    0
 18718, 99735,20211011,   46,    0
 18718, 99735,20211012,   41,    0
 18718, 99735,20211013,    9,    0
 18718, 99735,20211014,   -7,    0
 18718, 99735,20211015,  -33,    0
 18718, 99735,20211016,  -12,    0
 18718, 99735,20211017,   13,    0
 18718, 99735,20211018,  -18,    0
 18718, 99735,20211019,  -73,    0
 18718, 99735,20211020, -126,    0
 18718, 99735,20211021,  -16,    0
 18718, 99735,20211022,  -49,    0
 18718, 99735,20211023,  -56,    0
 18718, 99735,20211024, -103,    0
 18718, 99735,20211025,  -61,    0
 18718, 99735,20211026,  -25,    0
 18718, 99735,20211027,  -40,    0
 18718, 99735,20211028,  -27,    0
 18718, 99735,20211029,   15,    0
 18718, 99735,20211030,  -38,    0
 18718, 99735,20211031,  -87,    0
 18718, 99735,20211101,-9999,    9
 18718, 99735,20211102,   31,    0
 18718, 99735,20211103,   11,    0
 18718, 99735,20211104,   -6,    0
 18718, 99735,20211105,   -9,    0
 18718, 99735,20211106,  -18,    0
 18718, 99735,20211107,-9999,    9
 18718, 99735,20211108,-9999,    9
 18718, 99735,20211109,  -72,    0
 18718, 99735,20211110,  -12,    0
 18718, 99735,20211111,   -1,    0
 18718, 99735,20211112,  -78,    0
 18718, 99735,20211113,  -34,    0
 18718, 99735,20211114,  -82,    0
 18718, 99735,20211115,   -7,    0
 18718, 99735,20211116,  -11,    0
 18718, 99735,20211117,   -1,    0
 18718, 99735,20211118,  -24,    0
 18718, 99735,20211119,  -91,    0
 18718, 99735,20211120,  -22,    0
 18718, 99735,20211121,  -64,    0
 18718, 99735,20211122, -141,    0
 18718, 99735,20211123,  -97,    0
 18718, 99735,20211124, -170,    0
 18718, 99735,20211125, -253,    0
 18718, 99735,20211126, -175,    0
 18718, 99735,20211127, -239,    0
 18718, 99735,20211128, -200,    0
 18718, 99735,20211129, -182,    0
 18718, 99735,20211130,-9999,    9
 18718, 99735,20211201,  -75,    0
 18718, 99735,20211202,  -67,    0
 18718, 99735,20211203, -221,    0
 18718, 99735,20211204, -193,    0
 18718, 99735,20211205, -216,    0
 18718, 99735,20211206, -178,    0
 18718, 99735,20211207, -170,    0
 18718, 99735,20211208, -139,    0
 18718, 99735,20211209, -180,    0
 18718, 99735,20211210, -112,    0
 18718, 99735,20211211, -137,    0
 18718, 99735,20211212,  -64,    0
 18718, 99735,20211213,  -10,    0
 18718, 99735,20211214,  -45,    0
 18718, 99735,20211215,  -53,    0
 18718, 99735,20211216,  -81,    0
 18718, 99735,20211217,  -52,    0
 18718, 99735,20211218,  -10,    0
 18718, 99735,20211219,  -93,    0
 18718, 99735,20211220, -183,    0
 18718, 99735,20211221, -208,    0
 18718, 99735,20211222, -129,    0
 18718, 99735,20211223,  -96,    0
 18718, 99735,20211224,  -74,    0
 18718, 99735,20211225, -175,    0
 18718, 99735,20211226,  -79,    0
 18718, 99735,20211227, -184,    0
 18718, 99735,20211228, -243,    0
 18718, 99735,20211229, -219,    0
 18718, 99735,20211230, -160,    0
 18718, 99735,20211231, -180,    0
 18718, 99735,20220101,  -89,    0
 18718, 99735,20220102, -147,    0
 18718, 99735,20220103,  -96,    0
 18718, 99735,20220104, -111,    0
 18718, 99735,20220105, -128,    0
 18718, 99735,20220106, -110,    0
 18718, 99735,20220107, -142,    0
 18718, 99735,20220108,  -71,    0
 18718, 99735,20220109, -108,    0
 18718, 99735,20220110, -147,    0
 18718, 99735,20220111, -104,    0
 18718, 99735,20220112,  -24,    0
 18718, 99735,20220113,  -10,    0
 18718, 99735,20220114,   -6,    0
 18718, 99735,20220115,  -61,    0
 18718, 99735,20220116,  -91,    0
 18718, 99735,20220117,  -65,    0
 18718, 99735,20220118,  -47,    0
 18718, 99735,20220119,  -24,    0
 18718, 99735,20220120,  -26,    0
 18718, 99735,20220121, -109,    0
 18718, 99735,20220122,  -87,    0
 18718, 99735,20220123,    1,    0
 18718, 99735,20220124,  -22,    0
 18718, 99735,20220125,  -42,    0
 18718, 99735,20220126, -114,    0
 18718, 99735,20220127, -131,    0
 18718, 99735,20220128, -109,    0
 18718, 99735,20220129, -222,    0
 18718, 99735,20220130, -162,    0
 18718, 99735,20220131, -208,    0
 18718, 99735,20220201, -250,    0
 18718, 99735,20220202, -276,    0
 18718, 99735,20220203, -227,    0
 18718, 99735,20220204, -155,    0
 18718, 99735,20220205,  -64,    0
 18718, 99735,20220206,  -44,    0
 18718, 99735,20220207, -102,    0
 18718, 99735,20220208,  -93,    0
 18718, 99735,20220209,  -85,    0
 18718, 99735,20220210, -129,    0
 18718, 99735,20220211,  -56,    0
 18718, 99735,20220212, -136,    0
 18718, 99735,20220213, -148,    0
 18718, 99735,20220214,  -51,    0
 18718, 99735,20220215,  -52,    0
 18718, 99735,20220216, -161,    0
 18718, 99735,20220217, -103,    0
 18718, 99735,20220218,  -42,    0
 18718, 99735,20220219,  -69,    0
 18718, 99735,20220220, -195,    0
 18718, 99735,20220221, -216,    0
 18718, 99735,20220222, -196,    0
 18718, 99735,20220223, -200,    0
 18718, 99735,20220224,  -99,    0
 18718, 99735,20220225,  -73,    0
 18718, 99735,20220226, -123,    0
 18718, 99735,20220227,   15,    0
 18718, 99735,20220228,   -9,    0
 18718, 99735,20220301,  -25,    0
 18718, 99735,20220302,   -3,    0
 18718, 99735,20220303,-9999,    9
 18718, 99735,20220304,  -46,    0
 18718, 99735,20220305,  -66,    0
 18718, 99735,20220306,  -79,    0
 18718, 99735,20220307,  -69,    0
 18718, 99735,20220308,  -38,    0
 18718, 99735,20220309,  -90,    0
 18718, 99735,20220310,  -17,    0
 18718, 99735,20220311,   22,    0
 18718, 99735,20220312,   17,    0
 18718, 99735,20220313,  -41,    0
 18718, 99735,20220314,  -71,    0
 18718, 99735,20220315,  -36,    0
 18718, 99735,20220316,  -60,    0
 18718, 99735,20220317,  -25,    0
 18718, 99735,20220318,    5,    0
 18718, 99735,20220319,    7,    0
 18718, 99735,20220320,   15,    0
 18718, 99735,20220321,   21,    0
 18718, 99735,20220322,   -6,    0
 18718, 99735,20220323,  -42,    0
 18718, 99735,20220324,  -76,    0
 18718, 99735,20220325,  -65,    0
 18718, 99735,20220326,  -79,    0
 18718, 99735,20220327, -161,    0
 18718, 99735,20220328, -162,    0
 18718, 99735,20220329,  -44,    0
 18718, 99735,20220330,  -47,    0
 18718, 99735,20220331,  -85,    0
 18718, 99735,20220401,  -69,    0
 18718, 99735,20220402,  -96,    0
 18718, 99735,20220403,  -99,    0
 18718, 99735,20220404, -137,    0
 18718, 99735,20220405,  -73,    0
 18718, 99735,20220406,  -24,    0
 18718, 99735,20220407,  -15,    0
 18718, 99735,20220408,  -33,    0
 18718, 99735,20220409,    3,    0
 18718, 99735,20220410,    4,    0
 18718, 99735,20220411,   -2,    0
 18718, 99735,20220412,  -24,    0
 18718, 99735,20220413,  -34,    0
 18718, 99735,20220414,  -36,    0
 18718, 99735,20220415,   -7,    0
 18718, 99735,20220416,    9,    0
 18718, 99735,20220417,   34,    0
 18718, 99735,20220418,   39,    0
 18718, 99735,20220419,   28,    0
 18718, 99735,20220420,   17,    0
 18718, 99735,20220421,    7,    0
 18718, 99735,20220422,   17,    0
 18718, 99735,20220423,   14,    0
 18718, 99735,20220424,   20,    0
 18718, 99735,20220425,  -13,    0
 18718, 99735,20220426,  -80,    0
 18718, 99735,20220427,  -66,    0
 18718, 99735,20220428,  -60,    0
 18718, 99735,20220429,  -40,    0
 18718, 99735,20220430,  -38,    0
 18718, 99735,20220501,-9999,    9
 18718, 99735,20220502,-9999,    9
 18718, 99735,20220503,-9999,    9
 18718, 99735,20220504,-9999,    9
 18718, 99735,20220505,-9999,    9
 18718, 99735,20220506,-9999,    9
 18718, 99735,20220507,-9999,    9
 18718, 99735,20220508,-9999,    9
 18718, 99735,20220509,-9999,    9
 18718, 99735,20220510,-9999,    9
 18718, 99735,20220511,-9999,    9
 18718, 99735,20220512,-9999,    9
 18718, 99735,20220513,-9999,    9
 18718, 99735,20220514,-9999,    9
 18718, 99735,20220515,   24,    0
 18718, 99735,20220516,    7,    0
 18718, 99735,20220517,    1,    0
 18718, 99735,20220518,    0,    0
 18718, 99735,20220519,-9999,    9
 18718, 99735,20220520,-9999,    9
 18718, 99735,20220521,   22,    0
 18718, 99735,20220522,   38,    0
 18718, 99735,20220523,   46,    0
 18718, 99735,20220524,   70,    0
 18718, 99735,20220525,   70,    0
 18718, 99735,20220526,   74,    0
 18718, 99735,20220527,   45,    0
 18718, 99735,20220528,   44,    0
 18718, 99735,20220529,   52,    0
 18718, 99735,20220530,   84,    0
 18718, 99735,20220531,   92,    0
 18718, 99735,20220601,   92,    0
 18718, 99735,20220602,  114,    0
 18718, 99735,20220603,   96,    0
 18718, 99735,20220604,   62,    0
 18718, 99735,20220605,   64,    0
 18718, 99735,20220606,   75,    0
 18718, 99735,20220607,   65,    0
 18718, 99735,20220608,   65,    0
 18718, 99735,20220609,   55,    0
 18718, 99735,20220610,   49,    0
 18718, 99735,20220611,  100,    0
 18718, 99735,20220612,   64,    0
 18718, 99735,20220613,   71,    0
 18718, 99735,20220614,   59,    0
 18718, 99735,20220615,   52,    0
 18718, 99735,20220616,   47,    0
 18718, 99735,20220617,   52,    0
 18718, 99735,20220618,   89,    0
 18718, 99735,20220619,   95,    0
 18718, 99735,20220620,  106,    0
 18718, 99735,20220621,  119,    0
 18718, 99735,20220622,   54,    0
 18718, 99735,20220623,   96,    0
 18718, 99735,20220624,   99,    0
 18718, 99735,20220625,  125,    0
 18718, 99735,20220626,  121,    0
 18718, 99735,20220627,  192,    0
 18718, 99735,20220628,  235,    0
 18718, 99735,20220629,  236,    0
 18718, 99735,20220630,  117,    0
 18718, 99735,20220701,  186,    0
 18718, 99735,20220702,  240,    0
 18718, 99735,20220703,  172,    0
 18718, 99735,20220704,  155,    0
 18718, 99735,20220705,  170,    0
 18718, 99735,20220706,  128,    0
 18718, 99735,20220707,  125,    0
 18718, 99735,20220708,  102,    0
 18718, 99735,20220709,  118,    0
 18718, 99735,20220710,  138,    0
 18718, 99735,20220711,  154,    0
 18718, 99735,20220712,  189,    0
 18718, 99735,20220713,  183,    0
 18718, 99735,20220714,  161,    0
 18718, 99735,20220715,  160,    0
 18718, 99735,20220716,  103,    0
 18718, 99735,20220717,  101,    0
 18718, 99735,20220718,  118,    0
 18718, 99735,20220719,  119,    0
 18718, 99735,20220720,  137,    0
 18718, 99735,20220721,  157,    0
 18718, 99735,20220722,  125,    0
 18718, 99735,20220723,  105,    0
 18718, 99735,20220724,   97,    0
 18718, 99735,20220725,  115,    0
 18718, 99735,20220726,  158,    0
 18718, 99735,20220727,  134,    0
 18718, 99735,20220728,   91,    0
 18718, 99735,20220729,  126,    0
 18718, 99735,20220730,  122,    0
 18718, 99735,20220731,  121,    0
 18718, 99735,20220801,  154,    0
 18718, 99735,20220802,  142,    0
 18718, 99735,20220803,  144,    0
 18718, 99735,20220804,  155,    0
 18718, 99735,20220805,  116,    0
 18718, 99735,20220806,  117,    0
 18718, 99735,20220807,   84,    0
 18718, 99735,20220808,   97,    0
 18718, 99735,20220809,-9999,    9
 18718, 99735,20220810,  122,    0
 18718, 99735,20220811,  120,    0
 18718, 99735,20220812,   91,    0
 18718, 99735,20220813,   96,    0
 18718, 99735,20220814,   81,    0
 18718, 99735,20220815,-9999,    9
 18718, 99735,20220816,  192,    0
 18718, 99735,20220817,-9999,    9
 18718, 99735,20220818,   98,    0
 18718, 99735,20220819,  142,    0
 18718, 99735,20220820,  180,    0
 18718, 99735,20220821,  176,    0
 18718, 99735,20220822,  149,    0
 18718, 99735,20220823,  114,    0
 18718, 99735,20220824,  107,    0
 18718, 99735,20220825,  133,    0
 18718, 99735,20220826,  164,    0
 18718, 99735,20220827,  120,    0
 18718, 99735,20220828,   94,    0
 18718, 99735,20220829,   60,    0
 18718, 99735,20220830,   60,    0
 18718, 99735,20220831,   59,    0
 18718, 99735,20220901,   48,    0
 18718, 99735,20220902,   56,    0
 18718, 99735,20220903,   55,    0
 18718, 99735,20220904,   78,    0
 18718, 99735,20220905,   72,    0
 18718, 99735,20220906,   54,    0
 18718, 99735,20220907,   52,    0
 18718, 99735,20220908,   70,    0
 18718, 99735,20220909,   58,    0
 18718, 99735,20220910,   80,    0
 18718, 99735,20220911,   75,    0
 18718, 99735,20220912,   44,    0
 18718, 99735,20220913,   42,    0
 18718, 99735,20220914,   33,    0
 18718, 99735,20220915,   49,    0
 18718, 99735,20220916,   70,    0
 18718, 99735,20220917,   63,    0
 18718, 99735,20220918,   56,    0
 18718, 99735,20220919,   45,    0
 18718, 99735,20220920,   28,    0
 18718, 99735,20220921,   53,    0
 18718, 99735,20220922,   99,    0
 18718, 99735,20220923,   82,    0
 18718, 99735,20220924,   82,    0
 18718, 99735,20220925,   78,    0
 18718, 99735,20220926,   53,    0
 18718, 99735,20220927,   73,    0
 18718, 99735,20220928,   64,    0
 18718, 99735,20220929,   56,    0
 18718, 99735,20220930,   14,    0
 18718, 99735,20221001,    8,    0
 18718, 99735,20221002,   20,    0
 18718, 99735,20221003,   14,    0
 18718, 99735,20221004,   38,    0
 18718, 99735,20221005,   53,    0
 18718, 99735,20221006,   51,    0
 18718, 99735,20221007,   54,    0
 18718, 99735,20221008,    3,    0
 18718, 99735,20221009,   33,    0
 18718, 99735,20221010,   37,    0
 18718, 99735,20221011,   56,    0
 18718, 99735,20221012,   25,    0
 18718, 99735,20221013,    2,    0
 18718, 99735,20221014,   25,    0
 18718, 99735,20221015,   29,    0
 18718, 99735,20221016,   53,    0
 18718, 99735,20221017,   33,    0
 18718, 99735,20221018,   11,    0
 18718, 99735,20221019,   21,    0
 18718, 99735,20221020,    0,    0
 18718, 99735,20221021,  -29,    0
 18718, 99735,20221022,    8,    0
 18718, 99735,20221023,   16,    0
 18718, 99735,20221024,  -10,    0
 18718, 99735,20221025,  -68,    0
 18718, 99735,20221026,  -24,    0
 18718, 99735,20221027,  -25,    0
 18718, 99735,20221028,   -8,    0
 18718, 99735,20221029,    5,    0
 18718, 99735,20221030,   -8,    0
 18718, 99735,20221031,   -7,    0
