EUROPEAN CLIMATE ASSESSMENT & DATASET (ECA&D), file created on: 16-11-2022
THESE DATA CAN BE USED FOR NON-COMMERCIAL RESEARCH AND EDUCATION PROVIDED THAT THE FOLLOWING SOURCE IS ACKNOWLEDGED: 

Klein Tank, A.M.G. and Coauthors, 2002. Daily dataset of 20th-century surface
air temperature and precipitation series for the European Climate Assessment.
Int. J. of Climatol., 22, 1441-1453.
Data and metadata available at http://www.ecad.eu

FILE FORMAT (MISSING VALUE CODE = -9999):

01-06 STAID: Station identifier
08-13 SOUID: Source identifier
15-22 DATE : Date YYYYMMDD
24-28 TG   : Mean temperature in 0.1 &#176;C
30-34 Q_TG : quality code for TG (0='valid'; 1='suspect'; 9='missing')

This is the blended series of station MOGEN TEST, NORWAY (STAID: 18781)
Blended and updated with sources:10341 100629 
See files sources.txt and stations.txt for more info.

STAID, SOUID,    DATE,   TG, Q_TG
 18781,100629,20151001,-9999,    9
 18781,100629,20151002,-9999,    9
 18781,100629,20151003,-9999,    9
 18781,100629,20151004,-9999,    9
 18781,100629,20151005,-9999,    9
 18781,100629,20151006,-9999,    9
 18781,100629,20151007,-9999,    9
 18781,100629,20151008,-9999,    9
 18781,100629,20151009,-9999,    9
 18781,100629,20151010,-9999,    9
 18781,100629,20151011,-9999,    9
 18781,100629,20151012,-9999,    9
 18781,100629,20151013,-9999,    9
 18781,100629,20151014,-9999,    9
 18781,100629,20151015,-9999,    9
 18781,100629,20151016,-9999,    9
 18781,100629,20151017,-9999,    9
 18781,100629,20151018,-9999,    9
 18781,100629,20151019,-9999,    9
 18781,100629,20151020,-9999,    9
 18781,100629,20151021,-9999,    9
 18781,100629,20151022,-9999,    9
 18781,100629,20151023,-9999,    9
 18781,100629,20151024,-9999,    9
 18781,100629,20151025,-9999,    9
 18781,100629,20151026,-9999,    9
 18781,100629,20151027,-9999,    9
 18781,100629,20151028,-9999,    9
 18781,100629,20151029,-9999,    9
 18781,100629,20151030,-9999,    9
 18781,100629,20151031,   43,    1
 18781, 10341,20151101,   49,    0
 18781, 10341,20151102,   64,    0
 18781, 10341,20151103,   29,    0
 18781, 10341,20151104,   28,    0
 18781, 10341,20151105,   27,    0
 18781, 10341,20151106,   44,    0
 18781, 10341,20151107,   34,    0
 18781, 10341,20151108,   12,    0
 18781, 10341,20151109,   13,    0
 18781, 10341,20151110,   25,    0
 18781, 10341,20151111,   24,    0
 18781, 10341,20151112,   15,    0
 18781, 10341,20151113,    4,    0
 18781,100629,20151114,   -5,    0
 18781,100629,20151115,  -11,    0
 18781,100629,20151116,  -19,    0
 18781,100629,20151117,   -4,    0
 18781,100629,20151118,  -12,    0
 18781,100629,20151119,  -58,    0
 18781,100629,20151120, -157,    0
 18781,100629,20151121, -164,    0
 18781,100629,20151122, -195,    0
 18781,100629,20151123,  -52,    0
 18781,100629,20151124,   -7,    0
 18781,100629,20151125,  -42,    0
 18781,100629,20151126,  -16,    0
 18781, 10341,20151127,   46,    0
 18781,100629,20151128,  -26,    0
 18781,100629,20151129,  -29,    0
 18781,100629,20151130,  -37,    0
 18781,100629,20151201,  -51,    0
 18781,100629,20151202,   -7,    0
 18781,100629,20151203,  -25,    0
 18781,100629,20151204,  -13,    0
 18781,100629,20151205,   24,    0
 18781,100629,20151206,    8,    0
 18781,100629,20151207,  -40,    0
 18781,100629,20151208,   10,    0
 18781,100629,20151209,    7,    0
 18781,100629,20151210,    0,    0
 18781,100629,20151211,  -35,    0
 18781,100629,20151212,  -42,    0
 18781,100629,20151213,  -98,    0
 18781,100629,20151214,  -99,    0
 18781,100629,20151215, -151,    0
 18781,100629,20151216,  -92,    0
 18781,100629,20151217,   10,    0
 18781,100629,20151218,   42,    0
 18781,100629,20151219,   47,    0
 18781,100629,20151220,   42,    0
 18781,100629,20151221,   15,    0
 18781,100629,20151222,    0,    0
 18781,100629,20151223,   -6,    0
 18781,100629,20151224,   12,    0
 18781,100629,20151225,  -28,    0
 18781,100629,20151226, -101,    0
 18781,100629,20151227,  -98,    0
 18781,100629,20151228, -124,    0
 18781,100629,20151229,  -53,    0
 18781,100629,20151230,  -10,    0
 18781,100629,20151231,  -20,    0
 18781,100629,20160101,  -28,    0
 18781,100629,20160102,  -64,    0
 18781,100629,20160103, -121,    0
 18781,100629,20160104, -144,    0
 18781,100629,20160105, -125,    0
 18781,100629,20160106, -181,    0
 18781,100629,20160107, -248,    0
 18781,100629,20160108, -188,    0
 18781,100629,20160109, -137,    0
 18781,100629,20160110, -111,    0
 18781,100629,20160111,  -73,    0
 18781,100629,20160112,  -91,    0
 18781,100629,20160113,  -99,    0
 18781,100629,20160114, -146,    0
 18781,100629,20160115, -126,    0
 18781,100629,20160116, -162,    0
 18781,100629,20160117, -169,    0
 18781,100629,20160118,  -96,    0
 18781,100629,20160119, -200,    0
 18781,100629,20160120, -227,    0
 18781,100629,20160121, -231,    0
 18781,100629,20160122, -109,    0
 18781,100629,20160123,  -51,    0
 18781, 10341,20160124,  -21,    0
 18781,100629,20160125,   44,    0
 18781,100629,20160126,    2,    0
 18781,100629,20160127,    9,    0
 18781,100629,20160128,  -20,    0
 18781,100629,20160129,   -4,    0
 18781,100629,20160130,  -45,    0
 18781,100629,20160131,  -53,    0
 18781,100629,20160201,  -45,    0
 18781,100629,20160202,  -23,    0
 18781,100629,20160203,  -50,    0
 18781,100629,20160204,  -65,    0
 18781,100629,20160205,  -48,    0
 18781,100629,20160206,  -12,    0
 18781,100629,20160207,   -7,    0
 18781,100629,20160208,  -22,    0
 18781,100629,20160209,  -26,    0
 18781,100629,20160210,  -92,    0
 18781,100629,20160211,  -84,    0
 18781,100629,20160212, -175,    0
 18781,100629,20160213, -169,    0
 18781,100629,20160214, -214,    0
 18781,100629,20160215, -192,    0
 18781,100629,20160216, -146,    0
 18781,100629,20160217,  -39,    0
 18781,100629,20160218,  -72,    0
 18781,100629,20160219,  -71,    0
 18781,100629,20160220,  -34,    0
 18781,100629,20160221,  -40,    0
 18781,100629,20160222,  -35,    0
 18781,100629,20160223,  -43,    0
 18781,100629,20160224,  -58,    0
 18781,100629,20160225,  -86,    0
 18781,100629,20160226,  -54,    0
 18781,100629,20160227,  -61,    0
 18781,100629,20160228,  -74,    0
 18781,100629,20160229, -147,    0
 18781,100629,20160301,  -77,    0
 18781,100629,20160302,  -62,    0
 18781,100629,20160303,  -51,    0
 18781,100629,20160304,  -39,    0
 18781,100629,20160305,  -68,    0
 18781,100629,20160306,  -51,    0
 18781,100629,20160307,  -64,    0
 18781,100629,20160308, -132,    0
 18781,100629,20160309,  -86,    0
 18781,100629,20160310,  -70,    0
 18781,100629,20160311, -124,    0
 18781,100629,20160312,  -74,    0
 18781,100629,20160313,   25,    0
 18781,100629,20160314,   46,    0
 18781,100629,20160315,   20,    0
 18781, 10341,20160316,   23,    0
 18781, 10341,20160317,   25,    0
 18781,100629,20160318,   -2,    0
 18781,100629,20160319,   -6,    0
 18781,100629,20160320,  -16,    0
 18781,100629,20160321,   -5,    0
 18781,100629,20160322,   -6,    0
 18781,100629,20160323,  -45,    0
 18781,100629,20160324,  -56,    0
 18781,100629,20160325,   -5,    0
 18781, 10341,20160326,  -11,    0
 18781, 10341,20160327,   10,    0
 18781,100629,20160328,   -3,    0
 18781,100629,20160329,  -10,    0
 18781,100629,20160330,  -64,    0
 18781,100629,20160331,  -67,    0
 18781,100629,20160401,  -53,    0
 18781,100629,20160402,   -9,    0
 18781,100629,20160403,   -7,    1
 18781,100629,20160404,   16,    0
 18781,100629,20160405,   20,    0
 18781,100629,20160406,   -4,    1
 18781,100629,20160407,  -16,    1
 18781,100629,20160408,  -16,    1
 18781,100629,20160409,  -40,    0
 18781,100629,20160410,  -37,    0
 18781,100629,20160411,  -28,    1
 18781, 10341,20160412,  -30,    0
 18781, 10341,20160413,  -16,    0
 18781, 10341,20160414,   12,    0
 18781, 10341,20160415,  -18,    0
 18781, 10341,20160416,  -37,    0
 18781, 10341,20160417,  -41,    0
 18781, 10341,20160418,  -12,    0
 18781, 10341,20160419,  -16,    0
 18781, 10341,20160420,   -3,    0
 18781, 10341,20160421,   12,    0
 18781, 10341,20160422,  -42,    0
 18781, 10341,20160423,  -57,    0
 18781, 10341,20160424,  -82,    0
 18781, 10341,20160425,  -66,    0
 18781, 10341,20160426,  -45,    0
 18781, 10341,20160427,  -51,    0
 18781, 10341,20160428,  -43,    0
 18781, 10341,20160429,  -17,    0
 18781, 10341,20160430,  -15,    0
 18781, 10341,20160501,  -17,    0
 18781, 10341,20160502,   -4,    0
 18781, 10341,20160503,    3,    0
 18781, 10341,20160504,   -3,    0
 18781, 10341,20160505,    5,    0
 18781, 10341,20160506,   12,    0
 18781, 10341,20160507,   34,    0
 18781, 10341,20160508,   38,    0
 18781, 10341,20160509,   33,    0
 18781, 10341,20160510,   55,    0
 18781, 10341,20160511,   41,    0
 18781, 10341,20160512,   35,    0
 18781, 10341,20160513,    3,    0
 18781, 10341,20160514,   -1,    0
 18781, 10341,20160515,   -5,    0
 18781, 10341,20160516,    7,    0
 18781, 10341,20160517,    9,    0
 18781, 10341,20160518,   17,    0
 18781, 10341,20160519,   48,    0
 18781, 10341,20160520,   24,    0
 18781, 10341,20160521,   32,    0
 18781, 10341,20160522,   42,    0
 18781, 10341,20160523,   55,    0
 18781, 10341,20160524,   79,    0
 18781, 10341,20160525,   72,    0
 18781, 10341,20160526,   75,    0
 18781, 10341,20160527,   88,    0
 18781, 10341,20160528,   59,    0
 18781, 10341,20160529,   61,    0
 18781, 10341,20160530,   76,    0
 18781, 10341,20160531,  126,    0
 18781, 10341,20160601,  136,    0
 18781, 10341,20160602,  119,    0
 18781, 10341,20160603,  138,    0
 18781, 10341,20160604,  133,    0
 18781, 10341,20160605,  136,    0
 18781, 10341,20160606,  128,    0
 18781, 10341,20160607,  129,    0
 18781, 10341,20160608,  110,    0
 18781, 10341,20160609,   75,    0
 18781, 10341,20160610,   64,    0
 18781, 10341,20160611,   68,    0
 18781, 10341,20160612,   74,    0
 18781, 10341,20160613,   92,    0
 18781, 10341,20160614,   93,    0
 18781, 10341,20160615,   76,    0
 18781, 10341,20160616,  104,    0
 18781, 10341,20160617,   97,    0
 18781, 10341,20160618,  116,    0
 18781, 10341,20160619,   90,    0
 18781, 10341,20160620,   54,    0
 18781, 10341,20160621,   94,    0
 18781, 10341,20160622,   90,    0
 18781, 10341,20160623,  119,    0
 18781, 10341,20160624,   99,    0
 18781, 10341,20160625,  127,    0
 18781, 10341,20160626,  115,    0
 18781, 10341,20160627,   92,    0
 18781, 10341,20160628,   83,    0
 18781, 10341,20160629,   68,    0
 18781, 10341,20160630,   84,    0
 18781, 10341,20160701,   66,    0
 18781, 10341,20160702,   65,    0
 18781, 10341,20160703,   68,    0
 18781, 10341,20160704,   80,    0
 18781, 10341,20160705,   84,    0
 18781, 10341,20160706,   87,    0
 18781, 10341,20160707,   85,    0
 18781, 10341,20160708,   97,    0
 18781, 10341,20160709,  108,    0
 18781, 10341,20160710,   78,    0
 18781, 10341,20160711,  114,    0
 18781, 10341,20160712,  118,    0
 18781, 10341,20160713,  108,    0
 18781, 10341,20160714,  120,    0
 18781, 10341,20160715,  124,    0
 18781, 10341,20160716,   86,    0
 18781, 10341,20160717,   78,    0
 18781, 10341,20160718,  103,    0
 18781, 10341,20160719,   92,    0
 18781, 10341,20160720,  145,    0
 18781, 10341,20160721,  143,    0
 18781, 10341,20160722,  150,    0
 18781, 10341,20160723,  138,    0
 18781, 10341,20160724,  139,    0
 18781, 10341,20160725,  130,    0
 18781, 10341,20160726,  113,    0
 18781, 10341,20160727,   90,    0
 18781, 10341,20160728,  104,    0
 18781, 10341,20160729,   88,    0
 18781, 10341,20160730,   97,    0
 18781, 10341,20160731,   83,    0
 18781, 10341,20160801,   85,    0
 18781, 10341,20160802,   97,    0
 18781, 10341,20160803,   82,    0
 18781, 10341,20160804,  104,    0
 18781, 10341,20160805,  115,    0
 18781, 10341,20160806,   91,    0
 18781, 10341,20160807,   85,    0
 18781, 10341,20160808,   86,    0
 18781, 10341,20160809,   63,    0
 18781, 10341,20160810,   57,    0
 18781, 10341,20160811,   56,    0
 18781, 10341,20160812,   52,    0
 18781, 10341,20160813,   99,    0
 18781, 10341,20160814,   89,    0
 18781, 10341,20160815,  109,    0
 18781, 10341,20160816,  134,    0
 18781, 10341,20160817,  136,    0
 18781, 10341,20160818,  110,    0
 18781, 10341,20160819,   92,    0
 18781, 10341,20160820,   79,    0
 18781, 10341,20160821,   95,    0
 18781, 10341,20160822,  101,    0
 18781, 10341,20160823,  128,    0
 18781, 10341,20160824,  125,    0
 18781, 10341,20160825,  125,    0
 18781, 10341,20160826,  112,    0
 18781, 10341,20160827,   92,    0
 18781, 10341,20160828,   64,    0
 18781, 10341,20160829,   80,    0
 18781, 10341,20160830,   91,    0
 18781, 10341,20160831,  103,    0
 18781, 10341,20160901,   91,    0
 18781, 10341,20160902,   86,    0
 18781, 10341,20160903,   74,    0
 18781, 10341,20160904,   77,    0
 18781, 10341,20160905,   66,    0
 18781, 10341,20160906,  114,    0
 18781, 10341,20160907,  119,    0
 18781, 10341,20160908,  108,    0
 18781, 10341,20160909,  131,    0
 18781, 10341,20160910,  115,    0
 18781, 10341,20160911,   95,    0
 18781, 10341,20160912,   62,    0
 18781, 10341,20160913,  121,    0
 18781, 10341,20160914,  118,    0
 18781, 10341,20160915,  128,    0
 18781, 10341,20160916,  114,    0
 18781, 10341,20160917,  112,    0
 18781, 10341,20160918,  103,    0
 18781, 10341,20160919,  105,    0
 18781, 10341,20160920,   90,    0
 18781, 10341,20160921,   93,    0
 18781, 10341,20160922,   94,    0
 18781, 10341,20160923,   74,    0
 18781, 10341,20160924,   60,    0
 18781, 10341,20160925,  112,    0
 18781, 10341,20160926,   87,    0
 18781, 10341,20160927,   52,    0
 18781, 10341,20160928,   70,    0
 18781, 10341,20160929,   58,    0
 18781, 10341,20160930,   29,    0
 18781, 10341,20161001,   34,    0
 18781, 10341,20161002,   18,    0
 18781, 10341,20161003,   19,    0
 18781, 10341,20161004,   15,    0
 18781, 10341,20161005,    8,    0
 18781, 10341,20161006,   24,    0
 18781, 10341,20161007,   33,    0
 18781, 10341,20161008,   25,    0
 18781, 10341,20161009,  -13,    0
 18781, 10341,20161010,    9,    0
 18781, 10341,20161011,   -5,    0
 18781, 10341,20161012,    1,    0
 18781, 10341,20161013,  -16,    0
 18781, 10341,20161014,   -3,    0
 18781, 10341,20161015,  -20,    0
 18781, 10341,20161016,   -4,    0
 18781, 10341,20161017,   17,    0
 18781, 10341,20161018,   26,    0
 18781, 10341,20161019,   25,    0
 18781, 10341,20161020,   19,    0
 18781, 10341,20161021,   -5,    0
 18781, 10341,20161022,  -25,    0
 18781, 10341,20161023,  -24,    0
 18781, 10341,20161024,   -3,    0
 18781, 10341,20161025,    6,    0
 18781, 10341,20161026,    8,    0
 18781, 10341,20161027,   43,    0
 18781, 10341,20161028,   10,    0
 18781, 10341,20161029,   -6,    0
 18781, 10341,20161030,    8,    0
 18781, 10341,20161031,   32,    0
 18781, 10341,20161101,    9,    0
 18781, 10341,20161102,  -36,    0
 18781, 10341,20161103,  -75,    0
 18781, 10341,20161104,  -52,    0
 18781, 10341,20161105,  -53,    0
 18781, 10341,20161106,  -93,    0
 18781, 10341,20161107, -155,    0
 18781, 10341,20161108, -145,    0
 18781, 10341,20161109, -122,    0
 18781, 10341,20161110, -111,    0
 18781, 10341,20161111, -120,    0
 18781, 10341,20161112,  -77,    0
 18781, 10341,20161113,   -9,    0
 18781, 10341,20161114,   14,    0
 18781, 10341,20161115,   31,    0
 18781, 10341,20161116,    3,    0
 18781, 10341,20161117,  -25,    0
 18781, 10341,20161118,  -25,    0
 18781, 10341,20161119,  -34,    0
 18781, 10341,20161120,  -39,    0
 18781, 10341,20161121,  -52,    0
 18781, 10341,20161122,    1,    0
 18781, 10341,20161123,    1,    0
 18781, 10341,20161124,  -15,    0
 18781, 10341,20161125,   31,    0
 18781, 10341,20161126,    7,    0
 18781, 10341,20161127,  -59,    0
 18781, 10341,20161128, -101,    0
 18781, 10341,20161129,  -38,    0
 18781, 10341,20161130,  -31,    0
 18781, 10341,20161201,  -17,    0
 18781, 10341,20161202,  -62,    0
 18781, 10341,20161203,  -17,    0
 18781, 10341,20161204,   15,    0
 18781, 10341,20161205,    4,    0
 18781, 10341,20161206,  -93,    0
 18781, 10341,20161207,  -21,    0
 18781, 10341,20161208,   49,    0
 18781, 10341,20161209,   20,    0
 18781, 10341,20161210,    5,    0
 18781, 10341,20161211,   -9,    0
 18781, 10341,20161212,  -48,    0
 18781, 10341,20161213,  -23,    0
 18781, 10341,20161214, -127,    0
 18781, 10341,20161215,  -74,    0
 18781, 10341,20161216,  -29,    0
 18781, 10341,20161217,   -7,    0
 18781, 10341,20161218,  -21,    0
 18781, 10341,20161219,   28,    0
 18781, 10341,20161220,    2,    0
 18781, 10341,20161221,  -18,    0
 18781, 10341,20161222,  -19,    0
 18781, 10341,20161223,  -25,    0
 18781, 10341,20161224,  -29,    0
 18781, 10341,20161225,    6,    0
 18781, 10341,20161226,  -30,    0
 18781, 10341,20161227,  -35,    0
 18781, 10341,20161228,  -12,    0
 18781, 10341,20161229,   13,    0
 18781, 10341,20161230,   35,    0
 18781, 10341,20161231,   30,    0
 18781, 10341,20170101,  -46,    0
 18781, 10341,20170102,  -83,    0
 18781, 10341,20170103,  -39,    0
 18781, 10341,20170104,  -84,    0
 18781, 10341,20170105, -187,    0
 18781, 10341,20170106,  -81,    0
 18781, 10341,20170107,  -43,    0
 18781, 10341,20170108,  -21,    0
 18781, 10341,20170109,   16,    0
 18781, 10341,20170110,  -16,    0
 18781, 10341,20170111,  -17,    0
 18781, 10341,20170112,  -39,    0
 18781, 10341,20170113,  -90,    0
 18781, 10341,20170114,  -87,    0
 18781, 10341,20170115, -185,    0
 18781, 10341,20170116, -208,    0
 18781, 10341,20170117,   -7,    0
 18781, 10341,20170118,   41,    0
 18781, 10341,20170119,   34,    0
 18781, 10341,20170120,   21,    0
 18781, 10341,20170121,  -14,    0
 18781, 10341,20170122,  -43,    0
 18781, 10341,20170123,  -25,    0
 18781, 10341,20170124,  -38,    0
 18781, 10341,20170125,   32,    0
 18781, 10341,20170126,  -15,    0
 18781, 10341,20170127,  -56,    0
 18781, 10341,20170128,  -67,    0
 18781, 10341,20170129,  -38,    0
 18781, 10341,20170130,  -58,    0
 18781, 10341,20170131, -167,    0
 18781, 10341,20170201, -101,    0
 18781, 10341,20170202,  -45,    0
 18781, 10341,20170203,  -32,    0
 18781, 10341,20170204,  -26,    0
 18781, 10341,20170205,  -48,    0
 18781, 10341,20170206,  -59,    0
 18781, 10341,20170207, -123,    0
 18781, 10341,20170208, -156,    0
 18781, 10341,20170209, -124,    0
 18781, 10341,20170210, -102,    0
 18781, 10341,20170211, -105,    0
 18781, 10341,20170212, -141,    0
 18781, 10341,20170213,  -92,    0
 18781, 10341,20170214,  -69,    0
 18781, 10341,20170215,  -62,    0
 18781, 10341,20170216,    9,    0
 18781, 10341,20170217,    2,    0
 18781, 10341,20170218,  -30,    0
 18781, 10341,20170219,   24,    0
 18781, 10341,20170220,   24,    0
 18781, 10341,20170221,  -26,    0
 18781, 10341,20170222,  -21,    0
 18781, 10341,20170223,  -88,    0
 18781, 10341,20170224, -139,    0
 18781, 10341,20170225, -116,    0
 18781, 10341,20170226,  -17,    0
 18781, 10341,20170227,   -4,    0
 18781, 10341,20170228,  -18,    0
 18781, 10341,20170301,  -41,    0
 18781, 10341,20170302,  -79,    0
 18781, 10341,20170303,  -45,    0
 18781, 10341,20170304,  -46,    0
 18781, 10341,20170305,  -70,    0
 18781, 10341,20170306, -100,    0
 18781, 10341,20170307, -135,    0
 18781, 10341,20170308, -167,    0
 18781, 10341,20170309,  -17,    0
 18781, 10341,20170310,  -20,    0
 18781, 10341,20170311,  -55,    0
 18781, 10341,20170312,   -6,    0
 18781, 10341,20170313,   -7,    0
 18781, 10341,20170314,    4,    0
 18781, 10341,20170315,  -25,    0
 18781, 10341,20170316,    5,    0
 18781, 10341,20170317,  -46,    0
 18781, 10341,20170318,  -86,    0
 18781, 10341,20170319,  -89,    0
 18781, 10341,20170320,  -25,    0
 18781, 10341,20170321,  -16,    1
 18781, 10341,20170322,  -56,    0
 18781, 10341,20170323,  -73,    0
 18781, 10341,20170324,  -31,    0
 18781, 10341,20170325,    0,    0
 18781, 10341,20170326,   39,    0
 18781, 10341,20170327,   49,    0
 18781, 10341,20170328,   32,    0
 18781, 10341,20170329,   21,    0
 18781, 10341,20170330,   -1,    0
 18781, 10341,20170331,   30,    0
 18781, 10341,20170401,   39,    0
 18781, 10341,20170402,   38,    0
 18781, 10341,20170403,   15,    0
 18781, 10341,20170404,   14,    0
 18781, 10341,20170405,   -6,    0
 18781, 10341,20170406,   16,    0
 18781, 10341,20170407,   36,    0
 18781, 10341,20170408,   29,    1
 18781, 10341,20170409,   42,    0
 18781, 10341,20170410,   14,    0
 18781, 10341,20170411,  -24,    0
 18781, 10341,20170412,    3,    0
 18781, 10341,20170413,  -24,    0
 18781, 10341,20170414,  -30,    0
 18781, 10341,20170415,  -36,    0
 18781, 10341,20170416,  -33,    0
 18781, 10341,20170417,  -53,    0
 18781, 10341,20170418,  -52,    0
 18781, 10341,20170419,  -26,    0
 18781, 10341,20170420,   27,    0
 18781, 10341,20170421,  -13,    0
 18781, 10341,20170422,  -20,    0
 18781, 10341,20170423,  -31,    0
 18781, 10341,20170424,  -32,    0
 18781, 10341,20170425,  -28,    0
 18781, 10341,20170426,  -41,    0
 18781, 10341,20170427,  -30,    0
 18781, 10341,20170428,  -30,    0
 18781, 10341,20170429,  -17,    0
 18781, 10341,20170430,  -25,    0
 18781,100629,20170501,-9999,    9
 18781,100629,20170502,-9999,    9
 18781,100629,20170503,-9999,    9
 18781,100629,20170504,-9999,    9
 18781,100629,20170505,-9999,    9
 18781,100629,20170506,-9999,    9
 18781,100629,20170507,-9999,    9
 18781,100629,20170508,-9999,    9
 18781,100629,20170509,-9999,    9
 18781,100629,20170510,-9999,    9
 18781,100629,20170511,-9999,    9
 18781,100629,20170512,-9999,    9
 18781,100629,20170513,-9999,    9
 18781,100629,20170514,-9999,    9
 18781,100629,20170515,-9999,    9
 18781,100629,20170516,-9999,    9
 18781,100629,20170517,-9999,    9
 18781,100629,20170518,-9999,    9
 18781,100629,20170519,-9999,    9
 18781,100629,20170520,-9999,    9
 18781,100629,20170521,-9999,    9
 18781,100629,20170522,-9999,    9
 18781,100629,20170523,-9999,    9
 18781,100629,20170524,-9999,    9
 18781,100629,20170525,-9999,    9
 18781,100629,20170526,-9999,    9
 18781,100629,20170527,-9999,    9
 18781,100629,20170528,-9999,    9
 18781,100629,20170529,-9999,    9
 18781,100629,20170530,-9999,    9
 18781,100629,20170531,-9999,    9
 18781,100629,20170601,-9999,    9
 18781,100629,20170602,-9999,    9
 18781,100629,20170603,-9999,    9
 18781,100629,20170604,-9999,    9
 18781,100629,20170605,-9999,    9
 18781,100629,20170606,-9999,    9
 18781,100629,20170607,-9999,    9
 18781,100629,20170608,-9999,    9
 18781,100629,20170609,-9999,    9
 18781,100629,20170610,-9999,    9
 18781,100629,20170611,-9999,    9
 18781,100629,20170612,-9999,    9
 18781,100629,20170613,-9999,    9
 18781,100629,20170614,-9999,    9
 18781,100629,20170615,-9999,    9
 18781,100629,20170616,-9999,    9
 18781,100629,20170617,-9999,    9
 18781,100629,20170618,-9999,    9
 18781,100629,20170619,-9999,    9
 18781,100629,20170620,-9999,    9
 18781,100629,20170621,-9999,    9
 18781,100629,20170622,-9999,    9
 18781,100629,20170623,-9999,    9
 18781,100629,20170624,-9999,    9
 18781,100629,20170625,-9999,    9
 18781,100629,20170626,-9999,    9
 18781,100629,20170627,-9999,    9
 18781,100629,20170628,-9999,    9
 18781,100629,20170629,-9999,    9
 18781,100629,20170630,-9999,    9
 18781,100629,20170701,-9999,    9
 18781,100629,20170702,-9999,    9
 18781,100629,20170703,-9999,    9
 18781,100629,20170704,-9999,    9
 18781,100629,20170705,-9999,    9
 18781,100629,20170706,-9999,    9
 18781,100629,20170707,-9999,    9
 18781,100629,20170708,-9999,    9
 18781,100629,20170709,-9999,    9
 18781,100629,20170710,-9999,    9
 18781,100629,20170711,-9999,    9
 18781,100629,20170712,-9999,    9
 18781,100629,20170713,-9999,    9
 18781,100629,20170714,-9999,    9
 18781,100629,20170715,-9999,    9
 18781,100629,20170716,-9999,    9
 18781,100629,20170717,-9999,    9
 18781,100629,20170718,-9999,    9
 18781,100629,20170719,-9999,    9
 18781,100629,20170720,-9999,    9
 18781,100629,20170721,-9999,    9
 18781,100629,20170722,-9999,    9
 18781,100629,20170723,-9999,    9
 18781,100629,20170724,-9999,    9
 18781,100629,20170725,-9999,    9
 18781,100629,20170726,-9999,    9
 18781,100629,20170727,-9999,    9
 18781,100629,20170728,-9999,    9
 18781,100629,20170729,-9999,    9
 18781,100629,20170730,-9999,    9
 18781,100629,20170731,-9999,    9
 18781,100629,20170801,-9999,    9
 18781,100629,20170802,-9999,    9
 18781,100629,20170803,-9999,    9
 18781,100629,20170804,-9999,    9
 18781,100629,20170805,-9999,    9
 18781,100629,20170806,-9999,    9
 18781,100629,20170807,-9999,    9
 18781,100629,20170808,-9999,    9
 18781,100629,20170809,-9999,    9
 18781,100629,20170810,-9999,    9
 18781,100629,20170811,-9999,    9
 18781,100629,20170812,-9999,    9
 18781,100629,20170813,-9999,    9
 18781,100629,20170814,-9999,    9
 18781,100629,20170815,-9999,    9
 18781,100629,20170816,-9999,    9
 18781,100629,20170817,-9999,    9
 18781,100629,20170818,-9999,    9
 18781,100629,20170819,-9999,    9
 18781,100629,20170820,-9999,    9
 18781,100629,20170821,-9999,    9
 18781,100629,20170822,-9999,    9
 18781,100629,20170823,-9999,    9
 18781,100629,20170824,-9999,    9
 18781,100629,20170825,-9999,    9
 18781,100629,20170826,-9999,    9
 18781,100629,20170827,-9999,    9
 18781,100629,20170828,-9999,    9
 18781,100629,20170829,-9999,    9
 18781,100629,20170830,-9999,    9
 18781,100629,20170831,-9999,    9
 18781,100629,20170901,-9999,    9
 18781,100629,20170902,-9999,    9
 18781,100629,20170903,-9999,    9
 18781,100629,20170904,-9999,    9
 18781,100629,20170905,-9999,    9
 18781,100629,20170906,-9999,    9
 18781,100629,20170907,-9999,    9
 18781,100629,20170908,-9999,    9
 18781,100629,20170909,-9999,    9
 18781,100629,20170910,-9999,    9
 18781,100629,20170911,-9999,    9
 18781,100629,20170912,-9999,    9
 18781,100629,20170913,-9999,    9
 18781,100629,20170914,-9999,    9
 18781,100629,20170915,-9999,    9
 18781,100629,20170916,-9999,    9
 18781,100629,20170917,-9999,    9
 18781,100629,20170918,-9999,    9
 18781,100629,20170919,-9999,    9
 18781,100629,20170920,-9999,    9
 18781,100629,20170921,-9999,    9
 18781,100629,20170922,-9999,    9
 18781,100629,20170923,-9999,    9
 18781,100629,20170924,-9999,    9
 18781,100629,20170925,-9999,    9
 18781,100629,20170926,-9999,    9
 18781,100629,20170927,-9999,    9
 18781,100629,20170928,-9999,    9
 18781,100629,20170929,-9999,    9
 18781,100629,20170930,-9999,    9
 18781,100629,20171001,-9999,    9
 18781,100629,20171002,-9999,    9
 18781,100629,20171003,-9999,    9
 18781,100629,20171004,-9999,    9
 18781,100629,20171005,-9999,    9
 18781,100629,20171006,-9999,    9
 18781,100629,20171007,-9999,    9
 18781,100629,20171008,-9999,    9
 18781,100629,20171009,-9999,    9
 18781,100629,20171010,-9999,    9
 18781,100629,20171011,-9999,    9
 18781,100629,20171012,-9999,    9
 18781,100629,20171013,-9999,    9
 18781,100629,20171014,-9999,    9
 18781,100629,20171015,-9999,    9
 18781,100629,20171016,-9999,    9
 18781,100629,20171017,-9999,    9
 18781,100629,20171018,-9999,    9
 18781,100629,20171019,-9999,    9
 18781,100629,20171020,-9999,    9
 18781,100629,20171021,-9999,    9
 18781,100629,20171022,-9999,    9
 18781,100629,20171023,-9999,    9
 18781,100629,20171024,-9999,    9
 18781,100629,20171025,-9999,    9
 18781,100629,20171026,-9999,    9
 18781,100629,20171027,-9999,    9
 18781,100629,20171028,-9999,    9
 18781,100629,20171029,-9999,    9
 18781,100629,20171030,-9999,    9
 18781,100629,20171031,-9999,    9
 18781,100629,20171101,-9999,    9
 18781,100629,20171102,-9999,    9
 18781,100629,20171103,-9999,    9
 18781,100629,20171104,-9999,    9
 18781,100629,20171105,-9999,    9
 18781,100629,20171106,-9999,    9
 18781,100629,20171107,-9999,    9
 18781,100629,20171108,-9999,    9
 18781,100629,20171109,-9999,    9
 18781,100629,20171110,-9999,    9
 18781,100629,20171111,-9999,    9
 18781,100629,20171112,-9999,    9
 18781,100629,20171113,-9999,    9
 18781,100629,20171114,-9999,    9
 18781,100629,20171115,-9999,    9
 18781,100629,20171116,-9999,    9
 18781,100629,20171117,-9999,    9
 18781,100629,20171118,-9999,    9
 18781,100629,20171119,-9999,    9
 18781,100629,20171120,-9999,    9
 18781,100629,20171121,-9999,    9
 18781,100629,20171122,-9999,    9
 18781,100629,20171123,-9999,    9
 18781,100629,20171124,-9999,    9
 18781,100629,20171125,-9999,    9
 18781,100629,20171126,-9999,    9
 18781,100629,20171127,-9999,    9
 18781,100629,20171128,-9999,    9
 18781,100629,20171129,-9999,    9
 18781,100629,20171130,-9999,    9
 18781,100629,20171201,-9999,    9
 18781,100629,20171202,-9999,    9
 18781,100629,20171203,-9999,    9
 18781,100629,20171204,-9999,    9
 18781,100629,20171205,-9999,    9
 18781,100629,20171206,-9999,    9
 18781,100629,20171207,-9999,    9
 18781,100629,20171208,-9999,    9
 18781,100629,20171209,-9999,    9
 18781,100629,20171210,-9999,    9
 18781,100629,20171211,-9999,    9
 18781,100629,20171212,-9999,    9
 18781,100629,20171213,-9999,    9
 18781,100629,20171214,-9999,    9
 18781,100629,20171215,-9999,    9
 18781,100629,20171216,-9999,    9
 18781,100629,20171217,-9999,    9
 18781,100629,20171218,-9999,    9
 18781,100629,20171219,-9999,    9
 18781,100629,20171220,-9999,    9
 18781,100629,20171221,-9999,    9
 18781,100629,20171222,-9999,    9
 18781,100629,20171223,-9999,    9
 18781,100629,20171224,-9999,    9
 18781,100629,20171225,-9999,    9
 18781,100629,20171226,-9999,    9
 18781,100629,20171227,-9999,    9
 18781,100629,20171228,-9999,    9
 18781,100629,20171229,-9999,    9
 18781,100629,20171230,-9999,    9
 18781,100629,20171231,-9999,    9
 18781,100629,20180101,-9999,    9
 18781,100629,20180102,-9999,    9
 18781,100629,20180103,-9999,    9
 18781,100629,20180104,-9999,    9
 18781,100629,20180105,-9999,    9
 18781,100629,20180106,-9999,    9
 18781,100629,20180107,-9999,    9
 18781,100629,20180108,-9999,    9
 18781,100629,20180109,-9999,    9
 18781,100629,20180110,-9999,    9
 18781,100629,20180111,-9999,    9
 18781,100629,20180112,-9999,    9
 18781,100629,20180113,-9999,    9
 18781,100629,20180114,-9999,    9
 18781,100629,20180115,-9999,    9
 18781,100629,20180116,-9999,    9
 18781,100629,20180117,-9999,    9
 18781,100629,20180118,-9999,    9
 18781,100629,20180119,-9999,    9
 18781,100629,20180120,-9999,    9
 18781,100629,20180121,-9999,    9
 18781,100629,20180122,-9999,    9
 18781,100629,20180123,-9999,    9
 18781,100629,20180124,-9999,    9
 18781,100629,20180125,-9999,    9
 18781,100629,20180126,-9999,    9
 18781,100629,20180127,-9999,    9
 18781,100629,20180128,-9999,    9
 18781,100629,20180129,-9999,    9
 18781,100629,20180130,-9999,    9
 18781,100629,20180131,-9999,    9
 18781,100629,20180201,-9999,    9
 18781,100629,20180202,-9999,    9
 18781,100629,20180203,-9999,    9
 18781,100629,20180204,-9999,    9
 18781,100629,20180205,-9999,    9
 18781,100629,20180206,-9999,    9
 18781,100629,20180207,-9999,    9
 18781,100629,20180208,-9999,    9
 18781,100629,20180209,-9999,    9
 18781,100629,20180210,-9999,    9
 18781,100629,20180211,-9999,    9
 18781,100629,20180212,-9999,    9
 18781,100629,20180213,-9999,    9
 18781,100629,20180214,-9999,    9
 18781,100629,20180215,-9999,    9
 18781,100629,20180216,-9999,    9
 18781,100629,20180217,-9999,    9
 18781,100629,20180218,-9999,    9
 18781,100629,20180219,-9999,    9
 18781,100629,20180220,-9999,    9
 18781,100629,20180221,-9999,    9
 18781,100629,20180222,-9999,    9
 18781,100629,20180223,-9999,    9
 18781,100629,20180224,-9999,    9
 18781,100629,20180225,-9999,    9
 18781,100629,20180226,-9999,    9
 18781,100629,20180227,-9999,    9
 18781,100629,20180228,-9999,    9
 18781,100629,20180301,-9999,    9
 18781,100629,20180302,-9999,    9
 18781,100629,20180303,-9999,    9
 18781,100629,20180304,-9999,    9
 18781,100629,20180305,-9999,    9
 18781,100629,20180306,-9999,    9
 18781,100629,20180307,-9999,    9
 18781,100629,20180308,-9999,    9
 18781,100629,20180309,-9999,    9
 18781,100629,20180310,-9999,    9
 18781,100629,20180311,-9999,    9
 18781,100629,20180312,-9999,    9
 18781,100629,20180313,-9999,    9
 18781,100629,20180314,-9999,    9
 18781,100629,20180315,-9999,    9
 18781,100629,20180316,-9999,    9
 18781,100629,20180317,-9999,    9
 18781,100629,20180318,-9999,    9
 18781,100629,20180319,-9999,    9
 18781,100629,20180320,-9999,    9
 18781,100629,20180321,-9999,    9
 18781,100629,20180322,-9999,    9
 18781,100629,20180323,-9999,    9
 18781,100629,20180324,-9999,    9
 18781,100629,20180325,-9999,    9
 18781,100629,20180326,-9999,    9
 18781,100629,20180327,-9999,    9
 18781,100629,20180328,-9999,    9
 18781,100629,20180329,-9999,    9
 18781,100629,20180330,-9999,    9
 18781,100629,20180331,-9999,    9
 18781,100629,20180401,-9999,    9
 18781,100629,20180402,-9999,    9
 18781,100629,20180403,-9999,    9
 18781,100629,20180404,-9999,    9
 18781,100629,20180405,-9999,    9
 18781,100629,20180406,-9999,    9
 18781,100629,20180407,-9999,    9
 18781,100629,20180408,-9999,    9
 18781,100629,20180409,-9999,    9
 18781,100629,20180410,-9999,    9
 18781,100629,20180411,-9999,    9
 18781,100629,20180412,-9999,    9
 18781,100629,20180413,-9999,    9
 18781,100629,20180414,-9999,    9
 18781,100629,20180415,-9999,    9
 18781,100629,20180416,-9999,    9
 18781,100629,20180417,-9999,    9
 18781,100629,20180418,-9999,    9
 18781,100629,20180419,-9999,    9
 18781,100629,20180420,-9999,    9
 18781,100629,20180421,-9999,    9
 18781,100629,20180422,-9999,    9
 18781,100629,20180423,-9999,    9
 18781,100629,20180424,-9999,    9
 18781,100629,20180425,-9999,    9
 18781,100629,20180426,-9999,    9
 18781,100629,20180427,-9999,    9
 18781,100629,20180428,-9999,    9
 18781,100629,20180429,-9999,    9
 18781,100629,20180430,-9999,    9
 18781,100629,20180501,-9999,    9
 18781,100629,20180502,-9999,    9
 18781,100629,20180503,-9999,    9
 18781,100629,20180504,-9999,    9
 18781,100629,20180505,-9999,    9
 18781,100629,20180506,-9999,    9
 18781,100629,20180507,-9999,    9
 18781,100629,20180508,-9999,    9
 18781,100629,20180509,-9999,    9
 18781,100629,20180510,-9999,    9
 18781,100629,20180511,-9999,    9
 18781,100629,20180512,-9999,    9
 18781,100629,20180513,-9999,    9
 18781,100629,20180514,-9999,    9
 18781,100629,20180515,-9999,    9
 18781,100629,20180516,-9999,    9
 18781,100629,20180517,-9999,    9
 18781,100629,20180518,-9999,    9
 18781,100629,20180519,-9999,    9
 18781,100629,20180520,-9999,    9
 18781,100629,20180521,-9999,    9
 18781,100629,20180522,-9999,    9
 18781,100629,20180523,-9999,    9
 18781,100629,20180524,-9999,    9
 18781,100629,20180525,-9999,    9
 18781,100629,20180526,-9999,    9
 18781,100629,20180527,-9999,    9
 18781,100629,20180528,-9999,    9
 18781,100629,20180529,-9999,    9
 18781,100629,20180530,-9999,    9
 18781,100629,20180531,-9999,    9
 18781,100629,20180601,-9999,    9
 18781,100629,20180602,-9999,    9
 18781,100629,20180603,-9999,    9
 18781,100629,20180604,-9999,    9
 18781,100629,20180605,-9999,    9
 18781,100629,20180606,-9999,    9
 18781,100629,20180607,-9999,    9
 18781,100629,20180608,-9999,    9
 18781,100629,20180609,-9999,    9
 18781,100629,20180610,-9999,    9
 18781,100629,20180611,-9999,    9
 18781,100629,20180612,-9999,    9
 18781,100629,20180613,-9999,    9
 18781,100629,20180614,-9999,    9
 18781,100629,20180615,-9999,    9
 18781,100629,20180616,-9999,    9
 18781,100629,20180617,-9999,    9
 18781,100629,20180618,-9999,    9
 18781,100629,20180619,-9999,    9
 18781,100629,20180620,-9999,    9
 18781,100629,20180621,-9999,    9
 18781,100629,20180622,-9999,    9
 18781,100629,20180623,-9999,    9
 18781,100629,20180624,-9999,    9
 18781,100629,20180625,-9999,    9
 18781,100629,20180626,-9999,    9
 18781,100629,20180627,-9999,    9
 18781,100629,20180628,-9999,    9
 18781,100629,20180629,-9999,    9
 18781,100629,20180630,-9999,    9
 18781,100629,20180701,-9999,    9
 18781,100629,20180702,-9999,    9
 18781,100629,20180703,-9999,    9
 18781,100629,20180704,-9999,    9
 18781,100629,20180705,-9999,    9
 18781,100629,20180706,-9999,    9
 18781,100629,20180707,-9999,    9
 18781,100629,20180708,-9999,    9
 18781,100629,20180709,-9999,    9
 18781,100629,20180710,-9999,    9
 18781,100629,20180711,-9999,    9
 18781,100629,20180712,-9999,    9
 18781,100629,20180713,-9999,    9
 18781,100629,20180714,-9999,    9
 18781,100629,20180715,-9999,    9
 18781,100629,20180716,-9999,    9
 18781,100629,20180717,-9999,    9
 18781,100629,20180718,-9999,    9
 18781,100629,20180719,-9999,    9
 18781,100629,20180720,-9999,    9
 18781,100629,20180721,-9999,    9
 18781,100629,20180722,-9999,    9
 18781,100629,20180723,-9999,    9
 18781,100629,20180724,-9999,    9
 18781,100629,20180725,-9999,    9
 18781,100629,20180726,-9999,    9
 18781,100629,20180727,-9999,    9
 18781,100629,20180728,-9999,    9
 18781,100629,20180729,-9999,    9
 18781,100629,20180730,-9999,    9
 18781,100629,20180731,-9999,    9
 18781,100629,20180801,-9999,    9
 18781,100629,20180802,-9999,    9
 18781,100629,20180803,-9999,    9
 18781,100629,20180804,-9999,    9
 18781,100629,20180805,-9999,    9
 18781,100629,20180806,-9999,    9
 18781,100629,20180807,-9999,    9
 18781,100629,20180808,-9999,    9
 18781,100629,20180809,-9999,    9
 18781,100629,20180810,-9999,    9
 18781,100629,20180811,-9999,    9
 18781,100629,20180812,-9999,    9
 18781,100629,20180813,-9999,    9
 18781,100629,20180814,-9999,    9
 18781,100629,20180815,-9999,    9
 18781,100629,20180816,-9999,    9
 18781,100629,20180817,-9999,    9
 18781,100629,20180818,-9999,    9
 18781,100629,20180819,-9999,    9
 18781,100629,20180820,-9999,    9
 18781,100629,20180821,-9999,    9
 18781,100629,20180822,-9999,    9
 18781,100629,20180823,-9999,    9
 18781,100629,20180824,-9999,    9
 18781,100629,20180825,-9999,    9
 18781,100629,20180826,-9999,    9
 18781,100629,20180827,-9999,    9
 18781,100629,20180828,-9999,    9
 18781,100629,20180829,-9999,    9
 18781,100629,20180830,-9999,    9
 18781,100629,20180831,-9999,    9
 18781,100629,20180901,-9999,    9
 18781,100629,20180902,-9999,    9
 18781,100629,20180903,-9999,    9
 18781,100629,20180904,-9999,    9
 18781,100629,20180905,-9999,    9
 18781,100629,20180906,-9999,    9
 18781,100629,20180907,-9999,    9
 18781,100629,20180908,-9999,    9
 18781,100629,20180909,-9999,    9
 18781,100629,20180910,-9999,    9
 18781,100629,20180911,-9999,    9
 18781,100629,20180912,-9999,    9
 18781,100629,20180913,-9999,    9
 18781,100629,20180914,-9999,    9
 18781,100629,20180915,-9999,    9
 18781,100629,20180916,-9999,    9
 18781,100629,20180917,-9999,    9
 18781,100629,20180918,-9999,    9
 18781,100629,20180919,-9999,    9
 18781,100629,20180920,-9999,    9
 18781,100629,20180921,-9999,    9
 18781,100629,20180922,-9999,    9
 18781,100629,20180923,-9999,    9
 18781,100629,20180924,-9999,    9
 18781,100629,20180925,-9999,    9
 18781,100629,20180926,-9999,    9
 18781,100629,20180927,-9999,    9
 18781,100629,20180928,-9999,    9
 18781,100629,20180929,-9999,    9
 18781,100629,20180930,-9999,    9
 18781,100629,20181001,-9999,    9
 18781,100629,20181002,-9999,    9
 18781,100629,20181003,-9999,    9
 18781,100629,20181004,-9999,    9
 18781,100629,20181005,-9999,    9
 18781,100629,20181006,-9999,    9
 18781,100629,20181007,-9999,    9
 18781,100629,20181008,-9999,    9
 18781,100629,20181009,-9999,    9
 18781,100629,20181010,-9999,    9
 18781,100629,20181011,-9999,    9
 18781,100629,20181012,-9999,    9
 18781,100629,20181013,-9999,    9
 18781,100629,20181014,-9999,    9
 18781,100629,20181015,-9999,    9
 18781,100629,20181016,-9999,    9
 18781,100629,20181017,-9999,    9
 18781,100629,20181018,-9999,    9
 18781,100629,20181019,-9999,    9
 18781,100629,20181020,-9999,    9
 18781,100629,20181021,-9999,    9
 18781,100629,20181022,-9999,    9
 18781,100629,20181023,-9999,    9
 18781,100629,20181024,-9999,    9
 18781,100629,20181025,-9999,    9
 18781,100629,20181026,-9999,    9
 18781,100629,20181027,-9999,    9
 18781,100629,20181028,-9999,    9
 18781,100629,20181029,-9999,    9
 18781,100629,20181030,-9999,    9
 18781,100629,20181031,-9999,    9
 18781,100629,20181101,-9999,    9
 18781,100629,20181102,-9999,    9
 18781,100629,20181103,-9999,    9
 18781,100629,20181104,-9999,    9
 18781,100629,20181105,-9999,    9
 18781,100629,20181106,-9999,    9
 18781,100629,20181107,-9999,    9
 18781,100629,20181108,-9999,    9
 18781,100629,20181109,-9999,    9
 18781,100629,20181110,-9999,    9
 18781,100629,20181111,-9999,    9
 18781,100629,20181112,-9999,    9
 18781,100629,20181113,-9999,    9
 18781,100629,20181114,-9999,    9
 18781,100629,20181115,-9999,    9
 18781,100629,20181116,-9999,    9
 18781,100629,20181117,-9999,    9
 18781,100629,20181118,-9999,    9
 18781,100629,20181119,-9999,    9
 18781,100629,20181120,-9999,    9
 18781,100629,20181121,-9999,    9
 18781,100629,20181122,-9999,    9
 18781,100629,20181123,-9999,    9
 18781,100629,20181124,-9999,    9
 18781,100629,20181125,-9999,    9
 18781,100629,20181126,-9999,    9
 18781,100629,20181127,-9999,    9
 18781,100629,20181128,-9999,    9
 18781,100629,20181129,-9999,    9
 18781,100629,20181130,-9999,    9
 18781,100629,20181201,-9999,    9
 18781,100629,20181202,-9999,    9
 18781,100629,20181203,-9999,    9
 18781,100629,20181204,-9999,    9
 18781,100629,20181205,-9999,    9
 18781,100629,20181206,-9999,    9
 18781,100629,20181207,-9999,    9
 18781,100629,20181208,-9999,    9
 18781,100629,20181209,-9999,    9
 18781,100629,20181210,-9999,    9
 18781,100629,20181211,-9999,    9
 18781,100629,20181212,-9999,    9
 18781,100629,20181213,-9999,    9
 18781,100629,20181214,-9999,    9
 18781,100629,20181215,-9999,    9
 18781,100629,20181216,-9999,    9
 18781,100629,20181217,-9999,    9
 18781,100629,20181218,-9999,    9
 18781,100629,20181219,-9999,    9
 18781,100629,20181220,-9999,    9
 18781,100629,20181221,-9999,    9
 18781,100629,20181222,-9999,    9
 18781,100629,20181223,-9999,    9
 18781,100629,20181224,-9999,    9
 18781,100629,20181225,-9999,    9
 18781,100629,20181226,-9999,    9
 18781,100629,20181227,-9999,    9
 18781,100629,20181228,-9999,    9
 18781,100629,20181229,-9999,    9
 18781,100629,20181230,-9999,    9
 18781,100629,20181231,-9999,    9
 18781,100629,20190101,-9999,    9
 18781,100629,20190102,-9999,    9
 18781,100629,20190103,-9999,    9
 18781,100629,20190104,-9999,    9
 18781,100629,20190105,-9999,    9
 18781,100629,20190106,-9999,    9
 18781,100629,20190107,-9999,    9
 18781,100629,20190108,-9999,    9
 18781,100629,20190109,-9999,    9
 18781,100629,20190110,-9999,    9
 18781,100629,20190111,-9999,    9
 18781,100629,20190112,-9999,    9
 18781,100629,20190113,-9999,    9
 18781,100629,20190114,-9999,    9
 18781,100629,20190115,-9999,    9
 18781,100629,20190116,-9999,    9
 18781,100629,20190117,-9999,    9
 18781,100629,20190118,-9999,    9
 18781,100629,20190119,-9999,    9
 18781,100629,20190120,-9999,    9
 18781,100629,20190121,-9999,    9
 18781,100629,20190122,-9999,    9
 18781,100629,20190123,-9999,    9
 18781,100629,20190124,-9999,    9
 18781,100629,20190125,-9999,    9
 18781,100629,20190126,-9999,    9
 18781,100629,20190127,-9999,    9
 18781,100629,20190128,-9999,    9
 18781,100629,20190129,-9999,    9
 18781,100629,20190130,-9999,    9
 18781,100629,20190131,-9999,    9
 18781,100629,20190201,-9999,    9
 18781,100629,20190202,-9999,    9
 18781,100629,20190203,-9999,    9
 18781,100629,20190204,-9999,    9
 18781,100629,20190205,-9999,    9
 18781,100629,20190206,-9999,    9
 18781,100629,20190207,-9999,    9
 18781,100629,20190208,-9999,    9
 18781,100629,20190209,-9999,    9
 18781,100629,20190210,-9999,    9
 18781,100629,20190211,-9999,    9
 18781,100629,20190212,-9999,    9
 18781,100629,20190213,-9999,    9
 18781,100629,20190214,-9999,    9
 18781,100629,20190215,-9999,    9
 18781,100629,20190216,-9999,    9
 18781,100629,20190217,-9999,    9
 18781,100629,20190218,-9999,    9
 18781,100629,20190219,-9999,    9
 18781,100629,20190220,-9999,    9
 18781,100629,20190221,-9999,    9
 18781,100629,20190222,-9999,    9
 18781,100629,20190223,-9999,    9
 18781,100629,20190224,-9999,    9
 18781,100629,20190225,-9999,    9
 18781,100629,20190226,-9999,    9
 18781,100629,20190227,-9999,    9
 18781,100629,20190228,-9999,    9
 18781,100629,20190301,-9999,    9
 18781,100629,20190302,-9999,    9
 18781,100629,20190303,-9999,    9
 18781,100629,20190304,-9999,    9
 18781,100629,20190305,-9999,    9
 18781,100629,20190306,-9999,    9
 18781,100629,20190307,-9999,    9
 18781,100629,20190308,-9999,    9
 18781,100629,20190309,-9999,    9
 18781,100629,20190310,-9999,    9
 18781,100629,20190311,-9999,    9
 18781,100629,20190312,-9999,    9
 18781,100629,20190313,-9999,    9
 18781,100629,20190314,-9999,    9
 18781,100629,20190315,-9999,    9
 18781,100629,20190316,-9999,    9
 18781,100629,20190317,-9999,    9
 18781,100629,20190318,-9999,    9
 18781,100629,20190319,-9999,    9
 18781,100629,20190320,-9999,    9
 18781,100629,20190321,-9999,    9
 18781,100629,20190322,-9999,    9
 18781,100629,20190323,-9999,    9
 18781,100629,20190324,-9999,    9
 18781,100629,20190325,-9999,    9
 18781,100629,20190326,-9999,    9
 18781,100629,20190327,-9999,    9
 18781,100629,20190328,-9999,    9
 18781,100629,20190329,-9999,    9
 18781,100629,20190330,-9999,    9
 18781,100629,20190331,-9999,    9
 18781,100629,20190401,-9999,    9
 18781,100629,20190402,-9999,    9
 18781,100629,20190403,-9999,    9
 18781,100629,20190404,-9999,    9
 18781,100629,20190405,-9999,    9
 18781,100629,20190406,-9999,    9
 18781,100629,20190407,-9999,    9
 18781,100629,20190408,-9999,    9
 18781,100629,20190409,-9999,    9
 18781,100629,20190410,-9999,    9
 18781,100629,20190411,-9999,    9
 18781,100629,20190412,-9999,    9
 18781,100629,20190413,-9999,    9
 18781,100629,20190414,-9999,    9
 18781,100629,20190415,-9999,    9
 18781,100629,20190416,-9999,    9
 18781,100629,20190417,-9999,    9
 18781,100629,20190418,-9999,    9
 18781,100629,20190419,-9999,    9
 18781,100629,20190420,-9999,    9
 18781,100629,20190421,-9999,    9
 18781,100629,20190422,-9999,    9
 18781,100629,20190423,-9999,    9
 18781,100629,20190424,-9999,    9
 18781,100629,20190425,-9999,    9
 18781,100629,20190426,-9999,    9
 18781,100629,20190427,-9999,    9
 18781,100629,20190428,-9999,    9
 18781,100629,20190429,-9999,    9
 18781,100629,20190430,-9999,    9
 18781,100629,20190501,-9999,    9
 18781,100629,20190502,-9999,    9
 18781,100629,20190503,-9999,    9
 18781,100629,20190504,-9999,    9
 18781,100629,20190505,-9999,    9
 18781,100629,20190506,-9999,    9
 18781,100629,20190507,-9999,    9
 18781,100629,20190508,-9999,    9
 18781,100629,20190509,-9999,    9
 18781,100629,20190510,-9999,    9
 18781,100629,20190511,-9999,    9
 18781,100629,20190512,-9999,    9
 18781,100629,20190513,-9999,    9
 18781,100629,20190514,-9999,    9
 18781,100629,20190515,-9999,    9
 18781,100629,20190516,-9999,    9
 18781,100629,20190517,-9999,    9
 18781,100629,20190518,-9999,    9
 18781,100629,20190519,-9999,    9
 18781,100629,20190520,-9999,    9
 18781,100629,20190521,-9999,    9
 18781,100629,20190522,-9999,    9
 18781,100629,20190523,-9999,    9
 18781,100629,20190524,-9999,    9
 18781,100629,20190525,-9999,    9
 18781,100629,20190526,-9999,    9
 18781,100629,20190527,-9999,    9
 18781,100629,20190528,-9999,    9
 18781,100629,20190529,-9999,    9
 18781,100629,20190530,-9999,    9
 18781,100629,20190531,-9999,    9
 18781,100629,20190601,-9999,    9
 18781,100629,20190602,-9999,    9
 18781,100629,20190603,-9999,    9
 18781,100629,20190604,-9999,    9
 18781,100629,20190605,-9999,    9
 18781,100629,20190606,-9999,    9
 18781,100629,20190607,-9999,    9
 18781,100629,20190608,-9999,    9
 18781,100629,20190609,-9999,    9
 18781,100629,20190610,-9999,    9
 18781,100629,20190611,-9999,    9
 18781,100629,20190612,-9999,    9
 18781,100629,20190613,-9999,    9
 18781,100629,20190614,-9999,    9
 18781,100629,20190615,-9999,    9
 18781,100629,20190616,-9999,    9
 18781,100629,20190617,-9999,    9
 18781,100629,20190618,-9999,    9
 18781,100629,20190619,-9999,    9
 18781,100629,20190620,-9999,    9
 18781,100629,20190621,-9999,    9
 18781,100629,20190622,-9999,    9
 18781,100629,20190623,-9999,    9
 18781,100629,20190624,-9999,    9
 18781,100629,20190625,-9999,    9
 18781,100629,20190626,-9999,    9
 18781,100629,20190627,-9999,    9
 18781,100629,20190628,-9999,    9
 18781,100629,20190629,-9999,    9
 18781,100629,20190630,-9999,    9
 18781,100629,20190701,-9999,    9
 18781,100629,20190702,-9999,    9
 18781,100629,20190703,-9999,    9
 18781,100629,20190704,-9999,    9
 18781,100629,20190705,-9999,    9
 18781,100629,20190706,-9999,    9
 18781,100629,20190707,-9999,    9
 18781,100629,20190708,-9999,    9
 18781,100629,20190709,-9999,    9
 18781,100629,20190710,-9999,    9
 18781,100629,20190711,-9999,    9
 18781,100629,20190712,-9999,    9
 18781,100629,20190713,-9999,    9
 18781,100629,20190714,-9999,    9
 18781,100629,20190715,-9999,    9
 18781,100629,20190716,-9999,    9
 18781,100629,20190717,-9999,    9
 18781,100629,20190718,-9999,    9
 18781,100629,20190719,-9999,    9
 18781,100629,20190720,-9999,    9
 18781,100629,20190721,-9999,    9
 18781,100629,20190722,-9999,    9
 18781,100629,20190723,-9999,    9
 18781,100629,20190724,-9999,    9
 18781,100629,20190725,-9999,    9
 18781,100629,20190726,-9999,    9
 18781,100629,20190727,-9999,    9
 18781,100629,20190728,-9999,    9
 18781,100629,20190729,-9999,    9
 18781,100629,20190730,-9999,    9
 18781,100629,20190731,-9999,    9
 18781,100629,20190801,-9999,    9
 18781,100629,20190802,-9999,    9
 18781,100629,20190803,-9999,    9
 18781,100629,20190804,-9999,    9
 18781,100629,20190805,-9999,    9
 18781,100629,20190806,-9999,    9
 18781,100629,20190807,-9999,    9
 18781,100629,20190808,-9999,    9
 18781,100629,20190809,-9999,    9
 18781,100629,20190810,-9999,    9
 18781,100629,20190811,-9999,    9
 18781,100629,20190812,-9999,    9
 18781,100629,20190813,-9999,    9
 18781,100629,20190814,-9999,    9
 18781,100629,20190815,-9999,    9
 18781,100629,20190816,-9999,    9
 18781,100629,20190817,-9999,    9
 18781,100629,20190818,-9999,    9
 18781,100629,20190819,-9999,    9
 18781,100629,20190820,-9999,    9
 18781,100629,20190821,-9999,    9
 18781,100629,20190822,-9999,    9
 18781,100629,20190823,-9999,    9
 18781,100629,20190824,-9999,    9
 18781,100629,20190825,-9999,    9
 18781,100629,20190826,-9999,    9
 18781,100629,20190827,-9999,    9
 18781,100629,20190828,-9999,    9
 18781,100629,20190829,-9999,    9
 18781,100629,20190830,-9999,    9
 18781,100629,20190831,-9999,    9
 18781,100629,20190901,-9999,    9
 18781,100629,20190902,-9999,    9
 18781,100629,20190903,-9999,    9
 18781,100629,20190904,-9999,    9
 18781,100629,20190905,-9999,    9
 18781,100629,20190906,-9999,    9
 18781,100629,20190907,-9999,    9
 18781,100629,20190908,-9999,    9
 18781,100629,20190909,-9999,    9
 18781,100629,20190910,-9999,    9
 18781,100629,20190911,-9999,    9
 18781,100629,20190912,-9999,    9
 18781,100629,20190913,-9999,    9
 18781,100629,20190914,-9999,    9
 18781,100629,20190915,-9999,    9
 18781,100629,20190916,-9999,    9
 18781,100629,20190917,-9999,    9
 18781,100629,20190918,-9999,    9
 18781,100629,20190919,-9999,    9
 18781,100629,20190920,-9999,    9
 18781,100629,20190921,-9999,    9
 18781,100629,20190922,-9999,    9
 18781,100629,20190923,-9999,    9
 18781,100629,20190924,-9999,    9
 18781,100629,20190925,-9999,    9
 18781,100629,20190926,-9999,    9
 18781,100629,20190927,-9999,    9
 18781,100629,20190928,-9999,    9
 18781,100629,20190929,-9999,    9
 18781,100629,20190930,-9999,    9
 18781,100629,20191001,-9999,    9
 18781,100629,20191002,-9999,    9
 18781,100629,20191003,-9999,    9
 18781,100629,20191004,-9999,    9
 18781,100629,20191005,-9999,    9
 18781,100629,20191006,-9999,    9
 18781,100629,20191007,-9999,    9
 18781,100629,20191008,-9999,    9
 18781,100629,20191009,-9999,    9
 18781,100629,20191010,-9999,    9
 18781,100629,20191011,-9999,    9
 18781,100629,20191012,-9999,    9
 18781,100629,20191013,-9999,    9
 18781,100629,20191014,-9999,    9
 18781,100629,20191015,-9999,    9
 18781,100629,20191016,-9999,    9
 18781,100629,20191017,-9999,    9
 18781,100629,20191018,-9999,    9
 18781,100629,20191019,-9999,    9
 18781,100629,20191020,-9999,    9
 18781,100629,20191021,-9999,    9
 18781,100629,20191022,-9999,    9
 18781,100629,20191023,-9999,    9
 18781,100629,20191024,-9999,    9
 18781,100629,20191025,-9999,    9
 18781,100629,20191026,-9999,    9
 18781,100629,20191027,-9999,    9
 18781,100629,20191028,-9999,    9
 18781,100629,20191029,-9999,    9
 18781,100629,20191030,-9999,    9
 18781,100629,20191031,-9999,    9
 18781,100629,20191101,-9999,    9
 18781,100629,20191102,-9999,    9
 18781,100629,20191103,-9999,    9
 18781,100629,20191104,-9999,    9
 18781,100629,20191105,-9999,    9
 18781,100629,20191106,-9999,    9
 18781,100629,20191107,-9999,    9
 18781,100629,20191108,-9999,    9
 18781,100629,20191109,-9999,    9
 18781,100629,20191110,-9999,    9
 18781,100629,20191111,-9999,    9
 18781,100629,20191112,-9999,    9
 18781,100629,20191113,-9999,    9
 18781,100629,20191114,-9999,    9
 18781,100629,20191115,-9999,    9
 18781,100629,20191116,-9999,    9
 18781,100629,20191117,-9999,    9
 18781,100629,20191118,-9999,    9
 18781,100629,20191119,-9999,    9
 18781,100629,20191120,-9999,    9
 18781,100629,20191121,-9999,    9
 18781,100629,20191122,-9999,    9
 18781,100629,20191123,-9999,    9
 18781,100629,20191124,-9999,    9
 18781,100629,20191125,-9999,    9
 18781,100629,20191126,-9999,    9
 18781,100629,20191127,-9999,    9
 18781,100629,20191128,-9999,    9
 18781,100629,20191129,-9999,    9
 18781,100629,20191130,-9999,    9
 18781,100629,20191201,-9999,    9
 18781,100629,20191202,-9999,    9
 18781,100629,20191203,-9999,    9
 18781,100629,20191204,-9999,    9
 18781,100629,20191205,-9999,    9
 18781,100629,20191206,-9999,    9
 18781,100629,20191207,-9999,    9
 18781,100629,20191208,-9999,    9
 18781,100629,20191209,-9999,    9
 18781,100629,20191210,-9999,    9
 18781,100629,20191211,-9999,    9
 18781,100629,20191212,-9999,    9
 18781,100629,20191213,-9999,    9
 18781,100629,20191214,-9999,    9
 18781,100629,20191215,-9999,    9
 18781,100629,20191216,-9999,    9
 18781,100629,20191217,-9999,    9
 18781,100629,20191218,-9999,    9
 18781,100629,20191219,-9999,    9
 18781,100629,20191220,-9999,    9
 18781,100629,20191221,-9999,    9
 18781,100629,20191222,-9999,    9
 18781,100629,20191223,-9999,    9
 18781,100629,20191224,-9999,    9
 18781,100629,20191225,-9999,    9
 18781,100629,20191226,-9999,    9
 18781,100629,20191227,-9999,    9
 18781,100629,20191228,-9999,    9
 18781,100629,20191229,-9999,    9
 18781,100629,20191230,-9999,    9
 18781,100629,20191231,-9999,    9
 18781,100629,20200101,-9999,    9
 18781,100629,20200102,-9999,    9
 18781,100629,20200103,-9999,    9
 18781,100629,20200104,-9999,    9
 18781,100629,20200105,-9999,    9
 18781,100629,20200106,-9999,    9
 18781,100629,20200107,-9999,    9
 18781,100629,20200108,-9999,    9
 18781,100629,20200109,-9999,    9
 18781,100629,20200110,-9999,    9
 18781,100629,20200111,-9999,    9
 18781,100629,20200112,-9999,    9
 18781,100629,20200113,-9999,    9
 18781,100629,20200114,-9999,    9
 18781,100629,20200115,-9999,    9
 18781,100629,20200116,-9999,    9
 18781,100629,20200117,-9999,    9
 18781,100629,20200118,-9999,    9
 18781,100629,20200119,-9999,    9
 18781,100629,20200120,-9999,    9
 18781,100629,20200121,-9999,    9
 18781,100629,20200122,-9999,    9
 18781,100629,20200123,-9999,    9
 18781,100629,20200124,-9999,    9
 18781,100629,20200125,-9999,    9
 18781,100629,20200126,-9999,    9
 18781,100629,20200127,-9999,    9
 18781,100629,20200128,-9999,    9
 18781,100629,20200129,-9999,    9
 18781,100629,20200130,-9999,    9
 18781,100629,20200131,-9999,    9
 18781,100629,20200201,-9999,    9
 18781,100629,20200202,-9999,    9
 18781,100629,20200203,-9999,    9
 18781,100629,20200204,-9999,    9
 18781,100629,20200205,-9999,    9
 18781,100629,20200206,-9999,    9
 18781,100629,20200207,-9999,    9
 18781,100629,20200208,-9999,    9
 18781,100629,20200209,-9999,    9
 18781,100629,20200210,-9999,    9
 18781,100629,20200211,-9999,    9
 18781,100629,20200212,-9999,    9
 18781,100629,20200213,-9999,    9
 18781,100629,20200214,-9999,    9
 18781,100629,20200215,-9999,    9
 18781,100629,20200216,-9999,    9
 18781,100629,20200217,-9999,    9
 18781,100629,20200218,-9999,    9
 18781,100629,20200219,-9999,    9
 18781,100629,20200220,-9999,    9
 18781,100629,20200221,-9999,    9
 18781,100629,20200222,-9999,    9
 18781,100629,20200223,-9999,    9
 18781,100629,20200224,-9999,    9
 18781,100629,20200225,-9999,    9
 18781,100629,20200226,-9999,    9
 18781,100629,20200227,-9999,    9
 18781,100629,20200228,-9999,    9
 18781,100629,20200229,-9999,    9
 18781,100629,20200301,-9999,    9
 18781,100629,20200302,-9999,    9
 18781,100629,20200303,-9999,    9
 18781,100629,20200304,-9999,    9
 18781,100629,20200305,-9999,    9
 18781,100629,20200306,-9999,    9
 18781,100629,20200307,-9999,    9
 18781,100629,20200308,-9999,    9
 18781,100629,20200309,-9999,    9
 18781,100629,20200310,-9999,    9
 18781,100629,20200311,-9999,    9
 18781,100629,20200312,-9999,    9
 18781,100629,20200313,-9999,    9
 18781,100629,20200314,-9999,    9
 18781,100629,20200315,-9999,    9
 18781,100629,20200316,-9999,    9
 18781,100629,20200317,-9999,    9
 18781,100629,20200318,-9999,    9
 18781,100629,20200319,-9999,    9
 18781,100629,20200320,-9999,    9
 18781,100629,20200321,-9999,    9
 18781,100629,20200322,-9999,    9
 18781,100629,20200323,-9999,    9
 18781,100629,20200324,-9999,    9
 18781,100629,20200325,-9999,    9
 18781,100629,20200326,-9999,    9
 18781,100629,20200327,-9999,    9
 18781,100629,20200328,-9999,    9
 18781,100629,20200329,-9999,    9
 18781,100629,20200330,-9999,    9
 18781,100629,20200331,-9999,    9
 18781,100629,20200401,-9999,    9
 18781,100629,20200402,-9999,    9
 18781,100629,20200403,-9999,    9
 18781,100629,20200404,-9999,    9
 18781,100629,20200405,-9999,    9
 18781,100629,20200406,-9999,    9
 18781,100629,20200407,-9999,    9
 18781,100629,20200408,-9999,    9
 18781,100629,20200409,-9999,    9
 18781,100629,20200410,-9999,    9
 18781,100629,20200411,-9999,    9
 18781,100629,20200412,-9999,    9
 18781,100629,20200413,-9999,    9
 18781,100629,20200414,-9999,    9
 18781,100629,20200415,-9999,    9
 18781,100629,20200416,-9999,    9
 18781,100629,20200417,-9999,    9
 18781,100629,20200418,-9999,    9
 18781,100629,20200419,-9999,    9
 18781,100629,20200420,-9999,    9
 18781,100629,20200421,-9999,    9
 18781,100629,20200422,-9999,    9
 18781,100629,20200423,-9999,    9
 18781,100629,20200424,-9999,    9
 18781,100629,20200425,-9999,    9
 18781,100629,20200426,-9999,    9
 18781,100629,20200427,-9999,    9
 18781,100629,20200428,-9999,    9
 18781,100629,20200429,-9999,    9
 18781,100629,20200430,-9999,    9
 18781,100629,20200501,-9999,    9
 18781,100629,20200502,-9999,    9
 18781,100629,20200503,-9999,    9
 18781,100629,20200504,-9999,    9
 18781,100629,20200505,-9999,    9
 18781,100629,20200506,-9999,    9
 18781,100629,20200507,-9999,    9
 18781,100629,20200508,-9999,    9
 18781,100629,20200509,-9999,    9
 18781,100629,20200510,-9999,    9
 18781,100629,20200511,-9999,    9
 18781,100629,20200512,-9999,    9
 18781,100629,20200513,-9999,    9
 18781,100629,20200514,-9999,    9
 18781,100629,20200515,-9999,    9
 18781,100629,20200516,-9999,    9
 18781,100629,20200517,-9999,    9
 18781,100629,20200518,-9999,    9
 18781,100629,20200519,-9999,    9
 18781,100629,20200520,-9999,    9
 18781,100629,20200521,-9999,    9
 18781,100629,20200522,-9999,    9
 18781,100629,20200523,-9999,    9
 18781,100629,20200524,-9999,    9
 18781,100629,20200525,-9999,    9
 18781,100629,20200526,-9999,    9
 18781,100629,20200527,-9999,    9
 18781,100629,20200528,-9999,    9
 18781,100629,20200529,-9999,    9
 18781,100629,20200530,-9999,    9
 18781,100629,20200531,-9999,    9
 18781,100629,20200601,-9999,    9
 18781,100629,20200602,-9999,    9
 18781,100629,20200603,-9999,    9
 18781,100629,20200604,-9999,    9
 18781,100629,20200605,-9999,    9
 18781,100629,20200606,-9999,    9
 18781,100629,20200607,-9999,    9
 18781,100629,20200608,-9999,    9
 18781,100629,20200609,-9999,    9
 18781,100629,20200610,-9999,    9
 18781,100629,20200611,-9999,    9
 18781,100629,20200612,-9999,    9
 18781,100629,20200613,-9999,    9
 18781,100629,20200614,-9999,    9
 18781,100629,20200615,-9999,    9
 18781,100629,20200616,-9999,    9
 18781,100629,20200617,-9999,    9
 18781,100629,20200618,-9999,    9
 18781,100629,20200619,-9999,    9
 18781,100629,20200620,-9999,    9
 18781,100629,20200621,-9999,    9
 18781,100629,20200622,-9999,    9
 18781,100629,20200623,-9999,    9
 18781,100629,20200624,-9999,    9
 18781,100629,20200625,-9999,    9
 18781,100629,20200626,-9999,    9
 18781,100629,20200627,-9999,    9
 18781,100629,20200628,-9999,    9
 18781,100629,20200629,-9999,    9
 18781,100629,20200630,-9999,    9
 18781,100629,20200701,-9999,    9
 18781,100629,20200702,-9999,    9
 18781,100629,20200703,-9999,    9
 18781,100629,20200704,-9999,    9
 18781,100629,20200705,-9999,    9
 18781,100629,20200706,-9999,    9
 18781,100629,20200707,-9999,    9
 18781,100629,20200708,-9999,    9
 18781,100629,20200709,-9999,    9
 18781,100629,20200710,-9999,    9
 18781,100629,20200711,-9999,    9
 18781,100629,20200712,-9999,    9
 18781,100629,20200713,-9999,    9
 18781,100629,20200714,-9999,    9
 18781,100629,20200715,-9999,    9
 18781,100629,20200716,-9999,    9
 18781,100629,20200717,-9999,    9
 18781,100629,20200718,-9999,    9
 18781,100629,20200719,-9999,    9
 18781,100629,20200720,-9999,    9
 18781,100629,20200721,-9999,    9
 18781,100629,20200722,-9999,    9
 18781,100629,20200723,-9999,    9
 18781,100629,20200724,-9999,    9
 18781,100629,20200725,-9999,    9
 18781,100629,20200726,-9999,    9
 18781,100629,20200727,-9999,    9
 18781,100629,20200728,-9999,    9
 18781,100629,20200729,-9999,    9
 18781,100629,20200730,-9999,    9
 18781,100629,20200731,-9999,    9
 18781,100629,20200801,-9999,    9
 18781,100629,20200802,-9999,    9
 18781,100629,20200803,-9999,    9
 18781,100629,20200804,-9999,    9
 18781,100629,20200805,-9999,    9
 18781,100629,20200806,-9999,    9
 18781,100629,20200807,-9999,    9
 18781,100629,20200808,-9999,    9
 18781,100629,20200809,-9999,    9
 18781,100629,20200810,-9999,    9
 18781,100629,20200811,-9999,    9
 18781,100629,20200812,-9999,    9
 18781,100629,20200813,-9999,    9
 18781,100629,20200814,-9999,    9
 18781,100629,20200815,-9999,    9
 18781,100629,20200816,-9999,    9
 18781,100629,20200817,-9999,    9
 18781,100629,20200818,-9999,    9
 18781,100629,20200819,-9999,    9
 18781,100629,20200820,-9999,    9
 18781,100629,20200821,-9999,    9
 18781,100629,20200822,-9999,    9
 18781,100629,20200823,-9999,    9
 18781,100629,20200824,-9999,    9
 18781,100629,20200825,-9999,    9
 18781,100629,20200826,-9999,    9
 18781,100629,20200827,-9999,    9
 18781,100629,20200828,-9999,    9
 18781,100629,20200829,-9999,    9
 18781,100629,20200830,-9999,    9
 18781,100629,20200831,-9999,    9
 18781,100629,20200901,-9999,    9
 18781,100629,20200902,-9999,    9
 18781,100629,20200903,-9999,    9
 18781,100629,20200904,-9999,    9
 18781,100629,20200905,-9999,    9
 18781,100629,20200906,-9999,    9
 18781,100629,20200907,-9999,    9
 18781,100629,20200908,-9999,    9
 18781,100629,20200909,-9999,    9
 18781,100629,20200910,-9999,    9
 18781,100629,20200911,-9999,    9
 18781,100629,20200912,-9999,    9
 18781,100629,20200913,-9999,    9
 18781,100629,20200914,-9999,    9
 18781,100629,20200915,-9999,    9
 18781,100629,20200916,-9999,    9
 18781,100629,20200917,-9999,    9
 18781,100629,20200918,-9999,    9
 18781,100629,20200919,-9999,    9
 18781,100629,20200920,-9999,    9
 18781,100629,20200921,-9999,    9
 18781,100629,20200922,-9999,    9
 18781,100629,20200923,-9999,    9
 18781,100629,20200924,-9999,    9
 18781,100629,20200925,-9999,    9
 18781,100629,20200926,-9999,    9
 18781,100629,20200927,-9999,    9
 18781,100629,20200928,-9999,    9
 18781,100629,20200929,-9999,    9
 18781,100629,20200930,-9999,    9
 18781,100629,20201001,-9999,    9
 18781,100629,20201002,-9999,    9
 18781,100629,20201003,-9999,    9
 18781,100629,20201004,-9999,    9
 18781,100629,20201005,-9999,    9
 18781,100629,20201006,-9999,    9
 18781,100629,20201007,-9999,    9
 18781,100629,20201008,-9999,    9
 18781,100629,20201009,-9999,    9
 18781,100629,20201010,-9999,    9
 18781,100629,20201011,-9999,    9
 18781,100629,20201012,-9999,    9
 18781,100629,20201013,-9999,    9
 18781,100629,20201014,-9999,    9
 18781,100629,20201015,-9999,    9
 18781,100629,20201016,-9999,    9
 18781,100629,20201017,-9999,    9
 18781,100629,20201018,-9999,    9
 18781,100629,20201019,-9999,    9
 18781,100629,20201020,-9999,    9
 18781,100629,20201021,-9999,    9
 18781,100629,20201022,-9999,    9
 18781,100629,20201023,-9999,    9
 18781,100629,20201024,-9999,    9
 18781,100629,20201025,-9999,    9
 18781,100629,20201026,-9999,    9
 18781,100629,20201027,-9999,    9
 18781,100629,20201028,-9999,    9
 18781,100629,20201029,-9999,    9
 18781,100629,20201030,-9999,    9
 18781,100629,20201031,-9999,    9
 18781,100629,20201101,-9999,    9
 18781,100629,20201102,-9999,    9
 18781,100629,20201103,-9999,    9
 18781,100629,20201104,-9999,    9
 18781,100629,20201105,-9999,    9
 18781,100629,20201106,-9999,    9
 18781,100629,20201107,-9999,    9
 18781,100629,20201108,-9999,    9
 18781,100629,20201109,-9999,    9
 18781,100629,20201110,-9999,    9
 18781,100629,20201111,-9999,    9
 18781,100629,20201112,-9999,    9
 18781,100629,20201113,-9999,    9
 18781,100629,20201114,-9999,    9
 18781,100629,20201115,-9999,    9
 18781,100629,20201116,-9999,    9
 18781,100629,20201117,-9999,    9
 18781,100629,20201118,-9999,    9
 18781,100629,20201119,-9999,    9
 18781,100629,20201120,-9999,    9
 18781,100629,20201121,-9999,    9
 18781,100629,20201122,-9999,    9
 18781,100629,20201123,-9999,    9
 18781,100629,20201124,-9999,    9
 18781,100629,20201125,-9999,    9
 18781,100629,20201126,-9999,    9
 18781,100629,20201127,-9999,    9
 18781,100629,20201128,-9999,    9
 18781,100629,20201129,-9999,    9
 18781,100629,20201130,-9999,    9
 18781,100629,20201201,-9999,    9
 18781,100629,20201202,-9999,    9
 18781,100629,20201203,-9999,    9
 18781,100629,20201204,-9999,    9
 18781,100629,20201205,-9999,    9
 18781,100629,20201206,-9999,    9
 18781,100629,20201207,-9999,    9
 18781,100629,20201208,-9999,    9
 18781,100629,20201209,-9999,    9
 18781,100629,20201210,-9999,    9
 18781,100629,20201211,-9999,    9
 18781,100629,20201212,-9999,    9
 18781,100629,20201213,-9999,    9
 18781,100629,20201214,-9999,    9
 18781,100629,20201215,-9999,    9
 18781,100629,20201216,-9999,    9
 18781,100629,20201217,-9999,    9
 18781,100629,20201218,-9999,    9
 18781,100629,20201219,-9999,    9
 18781,100629,20201220,-9999,    9
 18781,100629,20201221,-9999,    9
 18781,100629,20201222,-9999,    9
 18781,100629,20201223,-9999,    9
 18781,100629,20201224,-9999,    9
 18781,100629,20201225,-9999,    9
 18781,100629,20201226,-9999,    9
 18781,100629,20201227,-9999,    9
 18781,100629,20201228,-9999,    9
 18781,100629,20201229,-9999,    9
 18781,100629,20201230,-9999,    9
 18781,100629,20201231,-9999,    9
 18781,100629,20210101,-9999,    9
 18781,100629,20210102,-9999,    9
 18781,100629,20210103,-9999,    9
 18781,100629,20210104,-9999,    9
 18781,100629,20210105,-9999,    9
 18781,100629,20210106,-9999,    9
 18781,100629,20210107,-9999,    9
 18781,100629,20210108,-9999,    9
 18781,100629,20210109,-9999,    9
 18781,100629,20210110,-9999,    9
 18781,100629,20210111,-9999,    9
 18781,100629,20210112,-9999,    9
 18781,100629,20210113,-9999,    9
 18781,100629,20210114,-9999,    9
 18781,100629,20210115,-9999,    9
 18781,100629,20210116,-9999,    9
 18781,100629,20210117,-9999,    9
 18781,100629,20210118,-9999,    9
 18781,100629,20210119,-9999,    9
 18781,100629,20210120,-9999,    9
 18781,100629,20210121,-9999,    9
 18781,100629,20210122,-9999,    9
 18781,100629,20210123,-9999,    9
 18781,100629,20210124,-9999,    9
 18781,100629,20210125,-9999,    9
 18781,100629,20210126,-9999,    9
 18781,100629,20210127,-9999,    9
 18781,100629,20210128,-9999,    9
 18781,100629,20210129,-9999,    9
 18781,100629,20210130,-9999,    9
 18781,100629,20210131,-9999,    9
 18781,100629,20210201,-9999,    9
 18781,100629,20210202,-9999,    9
 18781,100629,20210203,-9999,    9
 18781,100629,20210204,-9999,    9
 18781,100629,20210205,-9999,    9
 18781,100629,20210206,-9999,    9
 18781,100629,20210207,-9999,    9
 18781,100629,20210208,-9999,    9
 18781,100629,20210209,-9999,    9
 18781,100629,20210210,-9999,    9
 18781,100629,20210211,-9999,    9
 18781,100629,20210212,-9999,    9
 18781,100629,20210213,-9999,    9
 18781,100629,20210214,-9999,    9
 18781,100629,20210215,-9999,    9
 18781,100629,20210216,-9999,    9
 18781,100629,20210217,-9999,    9
 18781,100629,20210218,-9999,    9
 18781,100629,20210219,-9999,    9
 18781,100629,20210220,-9999,    9
 18781,100629,20210221,-9999,    9
 18781,100629,20210222,-9999,    9
 18781,100629,20210223,-9999,    9
 18781,100629,20210224,-9999,    9
 18781,100629,20210225,-9999,    9
 18781,100629,20210226,-9999,    9
 18781,100629,20210227,-9999,    9
 18781, 10341,20210228,   13,    0
 18781, 10341,20210301,    2,    0
 18781, 10341,20210302,   -2,    0
 18781, 10341,20210303,  -45,    0
 18781, 10341,20210304,  -63,    0
 18781, 10341,20210305,  -54,    0
 18781, 10341,20210306,  -10,    0
 18781, 10341,20210307,  -69,    0
 18781, 10341,20210308, -115,    0
 18781, 10341,20210309,  -67,    0
 18781, 10341,20210310,  -68,    0
 18781, 10341,20210311,  -30,    0
 18781, 10341,20210312,  -10,    0
 18781, 10341,20210313,  -29,    0
 18781, 10341,20210314,  -42,    0
 18781, 10341,20210315,  -40,    0
 18781, 10341,20210316,  -59,    0
 18781, 10341,20210317, -101,    0
 18781, 10341,20210318,  -27,    0
 18781, 10341,20210319,  -37,    0
 18781, 10341,20210320,   12,    0
 18781, 10341,20210321,  -29,    0
 18781, 10341,20210322,   12,    0
 18781, 10341,20210323,   32,    0
 18781, 10341,20210324,    9,    0
 18781, 10341,20210325,    5,    0
 18781, 10341,20210326,    3,    0
 18781, 10341,20210327,   -4,    0
 18781, 10341,20210328,  -24,    0
 18781, 10341,20210329,   41,    0
 18781, 10341,20210330,   66,    0
 18781, 10341,20210331,   33,    0
 18781, 10341,20210401,   -3,    0
 18781, 10341,20210402,   -1,    0
 18781, 10341,20210403,   -6,    0
 18781, 10341,20210404,   -7,    0
 18781, 10341,20210405,  -68,    0
 18781, 10341,20210406,  -40,    0
 18781, 10341,20210407,  -32,    0
 18781, 10341,20210408,  -55,    0
 18781, 10341,20210409,  -31,    0
 18781, 10341,20210410,  -41,    0
 18781, 10341,20210411,  -65,    0
 18781, 10341,20210412,  -27,    0
 18781, 10341,20210413,  -40,    0
 18781, 10341,20210414,  -39,    0
 18781, 10341,20210415,  -59,    0
 18781, 10341,20210416,  -47,    0
 18781, 10341,20210417,  -18,    0
 18781, 10341,20210418,   11,    0
 18781, 10341,20210419,   15,    0
 18781, 10341,20210420,   21,    0
 18781, 10341,20210421,   -5,    0
 18781, 10341,20210422,  -12,    0
 18781, 10341,20210423,  -21,    0
 18781, 10341,20210424,  -52,    0
 18781, 10341,20210425,  -44,    0
 18781, 10341,20210426,  -42,    0
 18781, 10341,20210427,  -31,    0
 18781, 10341,20210428,  -14,    0
 18781, 10341,20210429,  -14,    0
 18781, 10341,20210430,  -19,    0
 18781, 10341,20210501,  -12,    0
 18781, 10341,20210502,  -18,    0
 18781, 10341,20210503,    1,    0
 18781, 10341,20210504,  -19,    0
 18781, 10341,20210505,  -10,    0
 18781, 10341,20210506,  -12,    0
 18781, 10341,20210507,   -5,    0
 18781, 10341,20210508,    4,    0
 18781, 10341,20210509,   10,    0
 18781, 10341,20210510,   45,    0
 18781, 10341,20210511,   59,    0
 18781, 10341,20210512,   44,    0
 18781, 10341,20210513,   77,    0
 18781, 10341,20210514,   85,    0
 18781, 10341,20210515,   57,    0
 18781, 10341,20210516,   43,    0
 18781, 10341,20210517,   59,    0
 18781, 10341,20210518,   47,    0
 18781, 10341,20210519,   56,    0
 18781, 10341,20210520,   48,    0
 18781, 10341,20210521,   37,    0
 18781, 10341,20210522,   45,    0
 18781, 10341,20210523,   48,    0
 18781, 10341,20210524,   46,    0
 18781, 10341,20210525,   42,    0
 18781, 10341,20210526,   45,    0
 18781, 10341,20210527,   74,    0
 18781, 10341,20210528,   79,    0
 18781, 10341,20210529,  123,    0
 18781, 10341,20210530,  135,    0
 18781, 10341,20210531,  144,    0
 18781, 10341,20210601,  134,    0
 18781, 10341,20210602,  117,    0
 18781, 10341,20210603,  111,    0
 18781, 10341,20210604,  113,    0
 18781, 10341,20210605,  128,    0
 18781, 10341,20210606,  126,    0
 18781, 10341,20210607,  124,    0
 18781, 10341,20210608,  125,    0
 18781, 10341,20210609,  121,    0
 18781, 10341,20210610,  121,    0
 18781, 10341,20210611,  117,    0
 18781, 10341,20210612,   74,    0
 18781, 10341,20210613,   80,    0
 18781, 10341,20210614,   90,    0
 18781, 10341,20210615,   75,    0
 18781, 10341,20210616,   90,    0
 18781, 10341,20210617,  118,    0
 18781, 10341,20210618,  122,    0
 18781, 10341,20210619,   94,    0
 18781, 10341,20210620,  105,    0
 18781, 10341,20210621,  102,    0
 18781, 10341,20210622,  124,    0
 18781, 10341,20210623,  130,    0
 18781, 10341,20210624,  133,    0
 18781, 10341,20210625,  145,    0
 18781, 10341,20210626,  155,    0
 18781, 10341,20210627,  155,    0
 18781, 10341,20210628,  154,    0
 18781, 10341,20210629,  153,    0
 18781, 10341,20210630,  132,    0
 18781, 10341,20210701,  129,    0
 18781, 10341,20210702,  160,    0
 18781, 10341,20210703,  165,    0
 18781, 10341,20210704,  138,    0
 18781, 10341,20210705,  137,    0
 18781, 10341,20210706,  123,    0
 18781, 10341,20210707,  112,    0
 18781, 10341,20210708,  112,    0
 18781, 10341,20210709,  117,    0
 18781, 10341,20210710,  114,    0
 18781, 10341,20210711,  123,    0
 18781, 10341,20210712,  130,    0
 18781, 10341,20210713,  149,    0
 18781, 10341,20210714,  149,    0
 18781, 10341,20210715,  148,    0
 18781, 10341,20210716,  150,    0
 18781, 10341,20210717,  131,    0
 18781, 10341,20210718,   95,    0
 18781, 10341,20210719,  109,    0
 18781, 10341,20210720,  114,    0
 18781, 10341,20210721,  121,    0
 18781, 10341,20210722,  160,    0
 18781, 10341,20210723,  143,    0
 18781, 10341,20210724,  160,    0
 18781, 10341,20210725,  151,    0
 18781, 10341,20210726,  145,    0
 18781, 10341,20210727,  138,    0
 18781, 10341,20210728,  133,    0
 18781, 10341,20210729,  115,    0
 18781, 10341,20210730,  152,    0
 18781, 10341,20210731,  118,    0
 18781, 10341,20210801,   99,    0
 18781, 10341,20210802,  100,    0
 18781, 10341,20210803,  102,    0
 18781, 10341,20210804,  105,    0
 18781, 10341,20210805,   99,    0
 18781, 10341,20210806,  104,    0
 18781, 10341,20210807,  105,    0
 18781, 10341,20210808,  114,    0
 18781, 10341,20210809,  108,    0
 18781, 10341,20210810,  118,    0
 18781, 10341,20210811,  117,    0
 18781, 10341,20210812,  110,    0
 18781, 10341,20210813,  101,    0
 18781, 10341,20210814,   98,    0
 18781, 10341,20210815,   89,    0
 18781, 10341,20210816,   77,    0
 18781, 10341,20210817,  129,    0
 18781, 10341,20210818,   86,    0
 18781, 10341,20210819,   87,    0
 18781, 10341,20210820,   83,    0
 18781, 10341,20210821,   82,    0
 18781, 10341,20210822,  101,    0
 18781, 10341,20210823,  113,    0
 18781, 10341,20210824,  121,    0
 18781, 10341,20210825,  127,    0
 18781, 10341,20210826,   89,    0
 18781, 10341,20210827,   86,    0
 18781, 10341,20210828,   96,    0
 18781, 10341,20210829,  124,    0
 18781, 10341,20210830,  134,    0
 18781, 10341,20210831,  131,    0
 18781, 10341,20210901,  123,    0
 18781, 10341,20210902,  116,    0
 18781, 10341,20210903,  101,    0
 18781, 10341,20210904,   73,    0
 18781, 10341,20210905,  102,    0
 18781, 10341,20210906,   98,    0
 18781, 10341,20210907,  119,    0
 18781, 10341,20210908,  142,    0
 18781, 10341,20210909,  134,    0
 18781, 10341,20210910,  126,    0
 18781, 10341,20210911,  123,    0
 18781, 10341,20210912,  125,    0
 18781, 10341,20210913,   91,    0
 18781, 10341,20210914,   75,    0
 18781, 10341,20210915,   80,    0
 18781, 10341,20210916,   68,    0
 18781, 10341,20210917,   32,    0
 18781, 10341,20210918,   48,    0
 18781, 10341,20210919,   48,    0
 18781, 10341,20210920,   49,    0
 18781, 10341,20210921,   72,    0
 18781, 10341,20210922,   96,    0
 18781, 10341,20210923,   49,    0
 18781, 10341,20210924,   58,    0
 18781, 10341,20210925,   68,    0
 18781, 10341,20210926,   79,    0
 18781, 10341,20210927,   89,    0
 18781, 10341,20210928,   72,    0
 18781, 10341,20210929,   71,    0
 18781, 10341,20210930,   67,    0
 18781, 10341,20211001,   66,    0
 18781, 10341,20211002,   52,    0
 18781, 10341,20211003,   70,    0
 18781, 10341,20211004,   66,    0
 18781, 10341,20211005,   62,    0
 18781, 10341,20211006,   54,    0
 18781, 10341,20211007,   67,    0
 18781, 10341,20211008,   96,    0
 18781, 10341,20211009,   96,    0
 18781, 10341,20211010,   59,    0
 18781, 10341,20211011,   24,    0
 18781, 10341,20211012,   16,    0
 18781, 10341,20211013,   12,    0
 18781, 10341,20211014,   63,    0
 18781, 10341,20211015,   17,    0
 18781, 10341,20211016,   19,    0
 18781, 10341,20211017,   -6,    0
 18781, 10341,20211018,  -27,    0
 18781, 10341,20211019,   16,    0
 18781, 10341,20211020,   67,    0
 18781, 10341,20211021,    1,    0
 18781, 10341,20211022,   -6,    0
 18781, 10341,20211023,    8,    0
 18781, 10341,20211024,   43,    0
 18781, 10341,20211025,   47,    0
 18781, 10341,20211026,   24,    0
 18781, 10341,20211027,   67,    0
 18781, 10341,20211028,   87,    0
 18781, 10341,20211029,   65,    0
 18781, 10341,20211030,   55,    0
 18781, 10341,20211031,   46,    0
 18781, 10341,20211101,   30,    0
 18781, 10341,20211102,   32,    0
 18781, 10341,20211103,   -1,    0
 18781, 10341,20211104,  -21,    0
 18781, 10341,20211105,    2,    0
 18781, 10341,20211106,    6,    0
 18781, 10341,20211107,   -6,    0
 18781, 10341,20211108,   -6,    0
 18781, 10341,20211109,   24,    0
 18781, 10341,20211110,   19,    0
 18781, 10341,20211111,   -2,    0
 18781, 10341,20211112,  -24,    0
 18781, 10341,20211113,  -16,    0
 18781, 10341,20211114,  -76,    0
 18781, 10341,20211115,    7,    0
 18781, 10341,20211116,   33,    0
 18781, 10341,20211117,    5,    0
 18781, 10341,20211118,   17,    0
 18781, 10341,20211119,   44,    0
 18781, 10341,20211120,    3,    0
 18781, 10341,20211121,  -63,    0
 18781, 10341,20211122,  -14,    0
 18781, 10341,20211123,   17,    0
 18781, 10341,20211124,   18,    0
 18781, 10341,20211125,  -53,    0
 18781, 10341,20211126,  -67,    0
 18781, 10341,20211127,  -66,    0
 18781, 10341,20211128, -115,    0
 18781, 10341,20211129, -178,    0
 18781, 10341,20211130,  -95,    0
 18781, 10341,20211201, -172,    0
 18781, 10341,20211202, -124,    0
 18781, 10341,20211203, -112,    0
 18781, 10341,20211204, -102,    0
 18781, 10341,20211205, -115,    0
 18781, 10341,20211206, -128,    0
 18781, 10341,20211207, -102,    0
 18781, 10341,20211208,  -87,    0
 18781, 10341,20211209,  -68,    0
 18781, 10341,20211210,  -56,    0
 18781, 10341,20211211,  -52,    0
 18781, 10341,20211212,  -41,    0
 18781, 10341,20211213,  -29,    0
 18781, 10341,20211214,   -6,    0
 18781, 10341,20211215,   35,    0
 18781, 10341,20211216,    6,    0
 18781, 10341,20211217,   36,    0
 18781, 10341,20211218,   31,    0
 18781, 10341,20211219,  -37,    0
 18781, 10341,20211220, -101,    0
 18781, 10341,20211221, -104,    0
 18781, 10341,20211222,  -82,    0
 18781, 10341,20211223, -100,    0
 18781, 10341,20211224, -131,    0
 18781, 10341,20211225, -105,    0
 18781, 10341,20211226, -125,    0
 18781, 10341,20211227, -138,    0
 18781, 10341,20211228,  -90,    0
 18781, 10341,20211229, -116,    0
 18781, 10341,20211230,   12,    0
 18781, 10341,20211231,   23,    0
 18781, 10341,20220101,  -35,    0
 18781, 10341,20220102,   13,    0
 18781, 10341,20220103,  -19,    0
 18781, 10341,20220104,  -45,    0
 18781, 10341,20220105,  -86,    0
 18781, 10341,20220106, -124,    0
 18781, 10341,20220107,  -66,    0
 18781, 10341,20220108,  -62,    0
 18781, 10341,20220109,  -60,    0
 18781, 10341,20220110,  -55,    0
 18781, 10341,20220111,  -29,    0
 18781, 10341,20220112,   25,    0
 18781, 10341,20220113,   37,    0
 18781, 10341,20220114,  -36,    0
 18781, 10341,20220115,  -36,    0
 18781, 10341,20220116,  -14,    0
 18781, 10341,20220117,  -54,    0
 18781, 10341,20220118,   14,    0
 18781, 10341,20220119,  -23,    0
 18781, 10341,20220120,  -86,    0
 18781, 10341,20220121,   -7,    0
 18781, 10341,20220122,   19,    0
 18781, 10341,20220123,   23,    0
 18781, 10341,20220124,    8,    0
 18781, 10341,20220125,   -6,    0
 18781, 10341,20220126,   -4,    0
 18781, 10341,20220127,   -9,    0
 18781, 10341,20220128,  -47,    0
 18781, 10341,20220129,    5,    0
 18781, 10341,20220130,  -61,    0
 18781, 10341,20220131,  -98,    0
 18781, 10341,20220201,  -72,    0
 18781, 10341,20220202,  -52,    0
 18781, 10341,20220203,  -42,    0
 18781, 10341,20220204,  -33,    0
 18781, 10341,20220205,  -35,    0
 18781, 10341,20220206,  -52,    0
 18781, 10341,20220207,  -26,    0
 18781, 10341,20220208,  -13,    0
 18781, 10341,20220209,  -31,    0
 18781, 10341,20220210,  -50,    0
 18781, 10341,20220211,  -67,    0
 18781, 10341,20220212,  -12,    0
 18781, 10341,20220213,    6,    0
 18781, 10341,20220214,  -18,    0
 18781, 10341,20220215,  -39,    0
 18781, 10341,20220216,  -40,    0
 18781, 10341,20220217,  -61,    0
 18781, 10341,20220218,  -42,    0
 18781, 10341,20220219,  -84,    0
 18781, 10341,20220220,  -84,    0
 18781, 10341,20220221,  -44,    0
 18781, 10341,20220222,  -97,    0
 18781, 10341,20220223,  -30,    0
 18781, 10341,20220224,  -46,    0
 18781, 10341,20220225,  -45,    0
 18781, 10341,20220226,  -80,    0
 18781, 10341,20220227,  -22,    0
 18781, 10341,20220228,  -40,    0
 18781, 10341,20220301,   -9,    0
 18781, 10341,20220302,  -16,    0
 18781, 10341,20220303, -115,    0
 18781, 10341,20220304, -147,    0
 18781, 10341,20220305, -107,    0
 18781, 10341,20220306,  -30,    0
 18781, 10341,20220307,  -37,    0
 18781, 10341,20220308, -110,    0
 18781, 10341,20220309,  -85,    0
 18781, 10341,20220310,  -50,    0
 18781, 10341,20220311,  -34,    0
 18781, 10341,20220312,  -34,    0
 18781, 10341,20220313,  -12,    0
 18781, 10341,20220314,  -14,    0
 18781, 10341,20220315,  -54,    0
 18781, 10341,20220316,  -30,    0
 18781, 10341,20220317,  -12,    0
 18781, 10341,20220318,  -11,    0
 18781, 10341,20220319,   -6,    0
 18781, 10341,20220320,  -27,    0
 18781, 10341,20220321,  -35,    0
 18781, 10341,20220322,  -27,    0
 18781, 10341,20220323,  -46,    0
 18781, 10341,20220324,   29,    0
 18781, 10341,20220325,   40,    0
 18781, 10341,20220326,   18,    0
 18781, 10341,20220327,   27,    0
 18781, 10341,20220328,   -4,    0
 18781, 10341,20220329,  -57,    0
 18781, 10341,20220330, -100,    0
 18781, 10341,20220331, -100,    0
 18781, 10341,20220401, -104,    0
 18781, 10341,20220402,  -86,    0
 18781, 10341,20220403,  -19,    0
 18781, 10341,20220404,  -35,    0
 18781, 10341,20220405,  -66,    0
 18781, 10341,20220406,  -87,    0
 18781, 10341,20220407,  -59,    0
 18781, 10341,20220408,  -55,    0
 18781, 10341,20220409,  -34,    0
 18781, 10341,20220410,  -22,    0
 18781, 10341,20220411,  -31,    0
 18781, 10341,20220412,  -34,    0
 18781, 10341,20220413,  -11,    0
 18781, 10341,20220414,   12,    0
 18781, 10341,20220415,   14,    0
 18781, 10341,20220416,  -11,    0
 18781, 10341,20220417,    8,    0
 18781, 10341,20220418,   15,    0
 18781, 10341,20220419,    3,    0
 18781, 10341,20220420,   19,    0
 18781, 10341,20220421,   37,    0
 18781, 10341,20220422,   54,    0
 18781, 10341,20220423,   42,    0
 18781, 10341,20220424,   13,    0
 18781, 10341,20220425,   23,    0
 18781, 10341,20220426,   12,    0
 18781, 10341,20220427,   23,    0
 18781, 10341,20220428,    7,    0
 18781, 10341,20220429,    2,    0
 18781, 10341,20220430,   13,    0
 18781, 10341,20220501,   24,    0
 18781, 10341,20220502,   20,    0
 18781, 10341,20220503,    2,    0
 18781, 10341,20220504,   11,    0
 18781, 10341,20220505,   44,    0
 18781, 10341,20220506,   59,    0
 18781, 10341,20220507,   21,    0
 18781, 10341,20220508,   22,    0
 18781, 10341,20220509,   50,    0
 18781, 10341,20220510,   38,    0
 18781, 10341,20220511,   33,    0
 18781, 10341,20220512,   36,    0
 18781, 10341,20220513,   40,    0
 18781, 10341,20220514,   39,    0
 18781, 10341,20220515,   55,    0
 18781, 10341,20220516,   64,    0
 18781, 10341,20220517,   68,    0
 18781, 10341,20220518,   53,    0
 18781, 10341,20220519,   55,    0
 18781, 10341,20220520,   77,    0
 18781, 10341,20220521,   61,    0
 18781, 10341,20220522,   79,    0
 18781, 10341,20220523,   62,    0
 18781, 10341,20220524,   62,    0
 18781, 10341,20220525,   61,    0
 18781, 10341,20220526,   50,    0
 18781, 10341,20220527,   39,    0
 18781, 10341,20220528,   54,    0
 18781, 10341,20220529,   32,    0
 18781, 10341,20220530,   53,    0
 18781, 10341,20220531,   72,    0
 18781, 10341,20220601,   85,    0
 18781, 10341,20220602,   71,    0
 18781, 10341,20220603,   78,    0
 18781, 10341,20220604,   89,    0
 18781, 10341,20220605,   98,    0
 18781, 10341,20220606,  122,    0
 18781, 10341,20220607,   98,    0
 18781, 10341,20220608,   92,    0
 18781, 10341,20220609,  109,    0
 18781, 10341,20220610,  112,    0
 18781, 10341,20220611,   90,    0
 18781, 10341,20220612,   76,    0
 18781, 10341,20220613,   72,    0
 18781, 10341,20220614,   80,    0
 18781, 10341,20220615,   93,    0
 18781, 10341,20220616,  111,    0
 18781, 10341,20220617,   90,    0
 18781, 10341,20220618,   76,    0
 18781, 10341,20220619,   62,    0
 18781, 10341,20220620,  114,    0
 18781, 10341,20220621,   93,    0
 18781, 10341,20220622,  107,    0
 18781, 10341,20220623,  131,    0
 18781, 10341,20220624,  144,    0
 18781, 10341,20220625,  146,    0
 18781, 10341,20220626,  136,    0
 18781, 10341,20220627,  112,    0
 18781, 10341,20220628,  117,    0
 18781, 10341,20220629,  126,    0
 18781, 10341,20220630,  136,    0
 18781, 10341,20220701,  152,    0
 18781, 10341,20220702,  106,    0
 18781, 10341,20220703,   94,    0
 18781, 10341,20220704,   78,    0
 18781, 10341,20220705,   83,    0
 18781, 10341,20220706,   71,    0
 18781, 10341,20220707,   98,    0
 18781, 10341,20220708,  104,    0
 18781, 10341,20220709,   78,    0
 18781, 10341,20220710,  108,    0
 18781, 10341,20220711,  146,    0
 18781, 10341,20220712,  128,    0
 18781, 10341,20220713,   90,    0
 18781, 10341,20220714,   77,    0
 18781, 10341,20220715,   73,    0
 18781, 10341,20220716,   88,    0
 18781, 10341,20220717,  100,    0
 18781, 10341,20220718,  116,    0
 18781, 10341,20220719,  149,    0
 18781, 10341,20220720,  178,    0
 18781, 10341,20220721,  155,    0
 18781, 10341,20220722,  140,    0
 18781, 10341,20220723,  122,    0
 18781, 10341,20220724,   98,    0
 18781, 10341,20220725,  127,    0
 18781, 10341,20220726,   92,    0
 18781, 10341,20220727,  107,    0
 18781, 10341,20220728,  110,    0
 18781, 10341,20220729,  113,    0
 18781, 10341,20220730,  104,    0
 18781, 10341,20220731,  108,    0
 18781, 10341,20220801,   95,    0
 18781, 10341,20220802,   64,    0
 18781, 10341,20220803,  127,    0
 18781, 10341,20220804,  116,    0
 18781, 10341,20220805,   85,    0
 18781, 10341,20220806,   78,    0
 18781, 10341,20220807,   80,    0
 18781, 10341,20220808,  106,    0
 18781, 10341,20220809,  124,    0
 18781, 10341,20220810,  147,    0
 18781, 10341,20220811,  144,    0
 18781, 10341,20220812,  135,    0
 18781, 10341,20220813,  148,    0
 18781, 10341,20220814,  148,    0
 18781, 10341,20220815,  157,    0
 18781, 10341,20220816,  142,    0
 18781, 10341,20220817,  139,    0
 18781, 10341,20220818,   99,    0
 18781, 10341,20220819,  112,    0
 18781, 10341,20220820,  122,    0
 18781, 10341,20220821,   95,    0
 18781, 10341,20220822,   87,    0
 18781, 10341,20220823,  100,    0
 18781, 10341,20220824,  119,    0
 18781, 10341,20220825,  139,    0
 18781, 10341,20220826,  125,    0
 18781, 10341,20220827,  115,    0
 18781, 10341,20220828,  101,    0
 18781, 10341,20220829,  129,    0
 18781, 10341,20220830,  125,    0
 18781, 10341,20220831,  126,    0
 18781, 10341,20220901,  107,    0
 18781, 10341,20220902,   89,    0
 18781, 10341,20220903,   90,    0
 18781, 10341,20220904,   86,    0
 18781, 10341,20220905,   93,    0
 18781, 10341,20220906,   69,    0
 18781, 10341,20220907,   75,    0
 18781, 10341,20220908,   76,    0
 18781, 10341,20220909,   67,    0
 18781, 10341,20220910,   83,    0
 18781, 10341,20220911,   75,    0
 18781, 10341,20220912,   73,    0
 18781, 10341,20220913,   72,    0
 18781, 10341,20220914,   75,    0
 18781, 10341,20220915,   58,    0
 18781, 10341,20220916,   72,    0
 18781, 10341,20220917,   56,    0
 18781, 10341,20220918,   51,    0
 18781, 10341,20220919,   42,    0
 18781, 10341,20220920,   36,    0
 18781, 10341,20220921,   57,    0
 18781, 10341,20220922,   72,    0
 18781, 10341,20220923,   67,    0
 18781, 10341,20220924,   48,    0
 18781, 10341,20220925,   26,    0
 18781, 10341,20220926,   38,    0
 18781, 10341,20220927,   55,    0
 18781, 10341,20220928,   59,    0
 18781, 10341,20220929,   39,    0
 18781, 10341,20220930,   20,    0
 18781, 10341,20221001,   55,    0
 18781, 10341,20221002,   60,    0
 18781, 10341,20221003,   59,    0
 18781, 10341,20221004,   51,    0
 18781, 10341,20221005,   66,    0
 18781, 10341,20221006,   36,    0
 18781, 10341,20221007,   50,    0
 18781, 10341,20221008,   28,    0
 18781, 10341,20221009,   43,    0
 18781, 10341,20221010,   44,    0
 18781, 10341,20221011,   22,    0
 18781, 10341,20221012,   33,    0
 18781, 10341,20221013,   40,    0
 18781, 10341,20221014,    7,    0
 18781, 10341,20221015,   26,    0
 18781, 10341,20221016,   23,    0
 18781, 10341,20221017,   18,    0
 18781, 10341,20221018,   19,    0
 18781, 10341,20221019,  -17,    0
 18781, 10341,20221020,  -12,    0
 18781, 10341,20221021,   -2,    0
 18781, 10341,20221022,   16,    0
 18781, 10341,20221023,   32,    0
 18781, 10341,20221024,   26,    0
 18781, 10341,20221025,   41,    0
 18781, 10341,20221026,   43,    0
 18781, 10341,20221027,   62,    0
 18781, 10341,20221028,   77,    0
 18781, 10341,20221029,   63,    0
 18781, 10341,20221030,   27,    0
 18781, 10341,20221031,   61,    0
