EUROPEAN CLIMATE ASSESSMENT & DATASET (ECA&D), file created on: 16-11-2022
THESE DATA CAN BE USED FOR NON-COMMERCIAL RESEARCH AND EDUCATION PROVIDED THAT THE FOLLOWING SOURCE IS ACKNOWLEDGED: 

Klein Tank, A.M.G. and Coauthors, 2002. Daily dataset of 20th-century surface
air temperature and precipitation series for the European Climate Assessment.
Int. J. of Climatol., 22, 1441-1453.
Data and metadata available at http://www.ecad.eu

FILE FORMAT (MISSING VALUE CODE = -9999):

01-06 STAID: Station identifier
08-13 SOUID: Source identifier
15-22 DATE : Date YYYYMMDD
24-28 TG   : Mean temperature in 0.1 &#176;C
30-34 Q_TG : quality code for TG (0='valid'; 1='suspect'; 9='missing')

This is the blended series of station FV705 LANGSVOLA, NORWAY (STAID: 18616)
Blended and updated with sources:99570 
See files sources.txt and stations.txt for more info.

STAID, SOUID,    DATE,   TG, Q_TG
 18616, 99570,20170301,-9999,    9
 18616, 99570,20170302,-9999,    9
 18616, 99570,20170303,-9999,    9
 18616, 99570,20170304,-9999,    9
 18616, 99570,20170305,-9999,    9
 18616, 99570,20170306,-9999,    9
 18616, 99570,20170307,-9999,    9
 18616, 99570,20170308,-9999,    9
 18616, 99570,20170309,-9999,    9
 18616, 99570,20170310,-9999,    9
 18616, 99570,20170311,-9999,    9
 18616, 99570,20170312,-9999,    9
 18616, 99570,20170313,  -11,    0
 18616, 99570,20170314,-9999,    9
 18616, 99570,20170315,-9999,    9
 18616, 99570,20170316,-9999,    9
 18616, 99570,20170317,-9999,    9
 18616, 99570,20170318,-9999,    9
 18616, 99570,20170319,-9999,    9
 18616, 99570,20170320,-9999,    9
 18616, 99570,20170321,-9999,    9
 18616, 99570,20170322,-9999,    9
 18616, 99570,20170323,-9999,    9
 18616, 99570,20170324,-9999,    9
 18616, 99570,20170325,-9999,    9
 18616, 99570,20170326,-9999,    9
 18616, 99570,20170327,-9999,    9
 18616, 99570,20170328,-9999,    9
 18616, 99570,20170329,-9999,    9
 18616, 99570,20170330,-9999,    9
 18616, 99570,20170331,-9999,    9
 18616, 99570,20170401,-9999,    9
 18616, 99570,20170402,-9999,    9
 18616, 99570,20170403,   25,    0
 18616, 99570,20170404,   13,    0
 18616, 99570,20170405,  -14,    0
 18616, 99570,20170406,  -11,    0
 18616, 99570,20170407,  -20,    0
 18616, 99570,20170408,    4,    0
 18616, 99570,20170409,   31,    0
 18616, 99570,20170410,   -9,    0
 18616, 99570,20170411,  -55,    0
 18616, 99570,20170412,  -52,    0
 18616, 99570,20170413,  -58,    0
 18616, 99570,20170414,  -53,    0
 18616, 99570,20170415,  -71,    0
 18616, 99570,20170416,  -66,    0
 18616, 99570,20170417,  -61,    0
 18616, 99570,20170418,  -50,    0
 18616, 99570,20170419,  -34,    0
 18616, 99570,20170420,   -6,    0
 18616, 99570,20170421,  -31,    0
 18616, 99570,20170422,  -40,    0
 18616, 99570,20170423,  -48,    0
 18616, 99570,20170424,  -58,    0
 18616, 99570,20170425,  -37,    0
 18616, 99570,20170426,  -38,    0
 18616, 99570,20170427,-9999,    9
 18616, 99570,20170428,  -35,    0
 18616, 99570,20170429,  -35,    0
 18616, 99570,20170430,  -25,    0
 18616, 99570,20170501,    2,    0
 18616, 99570,20170502,    3,    0
 18616, 99570,20170503,  -19,    0
 18616, 99570,20170504,   17,    0
 18616, 99570,20170505,   47,    0
 18616, 99570,20170506,   26,    0
 18616, 99570,20170507,  -25,    0
 18616, 99570,20170508,  -40,    0
 18616, 99570,20170509,  -44,    0
 18616, 99570,20170510,  -43,    0
 18616, 99570,20170511,  -20,    0
 18616, 99570,20170512,   -1,    0
 18616, 99570,20170513,   26,    0
 18616, 99570,20170514,   46,    0
 18616, 99570,20170515,    2,    0
 18616, 99570,20170516,   18,    0
 18616, 99570,20170517,   53,    0
 18616, 99570,20170518,   56,    0
 18616, 99570,20170519,   43,    0
 18616, 99570,20170520,-9999,    9
 18616, 99570,20170521,   44,    0
 18616, 99570,20170522,   19,    0
 18616, 99570,20170523,   42,    0
 18616, 99570,20170524,   48,    0
 18616, 99570,20170525,   34,    0
 18616, 99570,20170526,   46,    0
 18616, 99570,20170527,   90,    0
 18616, 99570,20170528,  102,    0
 18616, 99570,20170529,   55,    0
 18616, 99570,20170530,   59,    0
 18616, 99570,20170531,   -4,    0
 18616, 99570,20170601,   -2,    0
 18616, 99570,20170602,   39,    0
 18616, 99570,20170603,   61,    0
 18616, 99570,20170604,   70,    0
 18616, 99570,20170605,   53,    0
 18616, 99570,20170606,   80,    0
 18616, 99570,20170607,  109,    0
 18616, 99570,20170608,-9999,    9
 18616, 99570,20170609,-9999,    9
 18616, 99570,20170610,   91,    0
 18616, 99570,20170611,  102,    0
 18616, 99570,20170612,   81,    0
 18616, 99570,20170613,   79,    0
 18616, 99570,20170614,   79,    0
 18616, 99570,20170615,  116,    0
 18616, 99570,20170616,  115,    0
 18616, 99570,20170617,   89,    0
 18616, 99570,20170618,   87,    0
 18616, 99570,20170619,   65,    0
 18616, 99570,20170620,   39,    0
 18616, 99570,20170621,   37,    0
 18616, 99570,20170622,   76,    0
 18616, 99570,20170623,  109,    0
 18616, 99570,20170624,   60,    0
 18616, 99570,20170625,   67,    0
 18616, 99570,20170626,   39,    0
 18616, 99570,20170627,   32,    0
 18616, 99570,20170628,   75,    0
 18616, 99570,20170629,  128,    0
 18616, 99570,20170630,  132,    0
 18616, 99570,20170701,  133,    0
 18616, 99570,20170702,   80,    0
 18616, 99570,20170703,   56,    0
 18616, 99570,20170704,   44,    0
 18616, 99570,20170705,   44,    0
 18616, 99570,20170706,   72,    0
 18616, 99570,20170707,  116,    0
 18616, 99570,20170708,   85,    0
 18616, 99570,20170709,-9999,    9
 18616, 99570,20170710,-9999,    9
 18616, 99570,20170711,   72,    0
 18616, 99570,20170712,-9999,    9
 18616, 99570,20170713,-9999,    9
 18616, 99570,20170714,   49,    0
 18616, 99570,20170715,  102,    0
 18616, 99570,20170716,   77,    0
 18616, 99570,20170717,   66,    0
 18616, 99570,20170718,   58,    0
 18616, 99570,20170719,   66,    0
 18616, 99570,20170720,  116,    0
 18616, 99570,20170721,  148,    0
 18616, 99570,20170722,  138,    0
 18616, 99570,20170723,  111,    0
 18616, 99570,20170724,  117,    0
 18616, 99570,20170725,  124,    0
 18616, 99570,20170726,  138,    0
 18616, 99570,20170727,  124,    0
 18616, 99570,20170728,  117,    0
 18616, 99570,20170729,  111,    0
 18616, 99570,20170730,  127,    0
 18616, 99570,20170731,  112,    0
 18616, 99570,20170801,  110,    0
 18616, 99570,20170802,   98,    0
 18616, 99570,20170803,-9999,    9
 18616, 99570,20170804,   97,    0
 18616, 99570,20170805,  104,    0
 18616, 99570,20170806,  114,    0
 18616, 99570,20170807,  105,    0
 18616, 99570,20170808,   96,    0
 18616, 99570,20170809,   87,    0
 18616, 99570,20170810,  100,    0
 18616, 99570,20170811,  127,    0
 18616, 99570,20170812,   91,    0
 18616, 99570,20170813,   62,    0
 18616, 99570,20170814,   72,    0
 18616, 99570,20170815,   97,    0
 18616, 99570,20170816,   91,    0
 18616, 99570,20170817,  107,    0
 18616, 99570,20170818,   98,    0
 18616, 99570,20170819,   93,    0
 18616, 99570,20170820,   82,    0
 18616, 99570,20170821,   58,    0
 18616, 99570,20170822,   42,    0
 18616, 99570,20170823,   65,    0
 18616, 99570,20170824,   58,    0
 18616, 99570,20170825,   46,    0
 18616, 99570,20170826,   41,    0
 18616, 99570,20170827,   72,    0
 18616, 99570,20170828,  104,    0
 18616, 99570,20170829,  103,    0
 18616, 99570,20170830,   77,    0
 18616, 99570,20170831,-9999,    9
 18616, 99570,20170901,-9999,    9
 18616, 99570,20170902,-9999,    9
 18616, 99570,20170903,   81,    0
 18616, 99570,20170904,   70,    0
 18616, 99570,20170905,   68,    0
 18616, 99570,20170906,   66,    0
 18616, 99570,20170907,   56,    0
 18616, 99570,20170908,   54,    0
 18616, 99570,20170909,   58,    0
 18616, 99570,20170910,   78,    0
 18616, 99570,20170911,   82,    0
 18616, 99570,20170912,   78,    0
 18616, 99570,20170913,   67,    0
 18616, 99570,20170914,   63,    0
 18616, 99570,20170915,   61,    0
 18616, 99570,20170916,   46,    0
 18616, 99570,20170917,   48,    0
 18616, 99570,20170918,   50,    0
 18616, 99570,20170919,-9999,    9
 18616, 99570,20170920,-9999,    9
 18616, 99570,20170921,   34,    0
 18616, 99570,20170922,   52,    0
 18616, 99570,20170923,   76,    0
 18616, 99570,20170924,   81,    0
 18616, 99570,20170925,   80,    0
 18616, 99570,20170926,   68,    0
 18616, 99570,20170927,   60,    0
 18616, 99570,20170928,   68,    0
 18616, 99570,20170929,   57,    0
 18616, 99570,20170930,   58,    0
 18616, 99570,20171001,   50,    0
 18616, 99570,20171002,   57,    0
 18616, 99570,20171003,   53,    0
 18616, 99570,20171004,-9999,    9
 18616, 99570,20171005,   27,    0
 18616, 99570,20171006,   22,    0
 18616, 99570,20171007,  -10,    0
 18616, 99570,20171008,    0,    0
 18616, 99570,20171009,   -2,    0
 18616, 99570,20171010,    3,    0
 18616, 99570,20171011,    1,    0
 18616, 99570,20171012,    2,    0
 18616, 99570,20171013,   16,    0
 18616, 99570,20171014,-9999,    9
 18616, 99570,20171015,   31,    0
 18616, 99570,20171016,   33,    0
 18616, 99570,20171017,-9999,    9
 18616, 99570,20171018,-9999,    9
 18616, 99570,20171019,-9999,    9
 18616, 99570,20171020,-9999,    9
 18616, 99570,20171021,-9999,    9
 18616, 99570,20171022,-9999,    9
 18616, 99570,20171023,-9999,    9
 18616, 99570,20171024,-9999,    9
 18616, 99570,20171025,  -10,    0
 18616, 99570,20171026,    7,    0
 18616, 99570,20171027,    9,    0
 18616, 99570,20171028,  -10,    0
 18616, 99570,20171029,  -34,    0
 18616, 99570,20171030,  -37,    0
 18616, 99570,20171031,    7,    0
 18616, 99570,20171101,-9999,    9
 18616, 99570,20171102,-9999,    9
 18616, 99570,20171103,  -31,    0
 18616, 99570,20171104,   -3,    0
 18616, 99570,20171105,  -10,    0
 18616, 99570,20171106,  -39,    0
 18616, 99570,20171107,  -31,    0
 18616, 99570,20171108,   -8,    0
 18616, 99570,20171109,    6,    0
 18616, 99570,20171110,  -54,    0
 18616, 99570,20171111,  -64,    0
 18616, 99570,20171112,  -29,    0
 18616, 99570,20171113,  -41,    0
 18616, 99570,20171114,  -58,    0
 18616, 99570,20171115,  -26,    0
 18616, 99570,20171116,  -27,    0
 18616, 99570,20171117,  -42,    0
 18616, 99570,20171118,  -81,    0
 18616, 99570,20171119, -106,    0
 18616, 99570,20171120, -147,    0
 18616, 99570,20171121, -150,    0
 18616, 99570,20171122, -107,    0
 18616, 99570,20171123,    4,    0
 18616, 99570,20171124,  -34,    0
 18616, 99570,20171125,  -51,    0
 18616, 99570,20171126,  -63,    0
 18616, 99570,20171127, -123,    0
 18616, 99570,20171128,-9999,    9
 18616, 99570,20171129,-9999,    9
 18616, 99570,20171130,  -96,    0
 18616, 99570,20171201, -102,    0
 18616, 99570,20171202,  -17,    0
 18616, 99570,20171203,  -30,    0
 18616, 99570,20171204,  -43,    0
 18616, 99570,20171205,  -47,    0
 18616, 99570,20171206,  -61,    0
 18616, 99570,20171207,  -19,    0
 18616, 99570,20171208,  -30,    0
 18616, 99570,20171209,  -42,    0
 18616, 99570,20171210, -106,    0
 18616, 99570,20171211,  -83,    0
 18616, 99570,20171212, -125,    0
 18616, 99570,20171213,  -92,    0
 18616, 99570,20171214,  -75,    0
 18616, 99570,20171215,  -99,    0
 18616, 99570,20171216,  -74,    0
 18616, 99570,20171217,  -75,    0
 18616, 99570,20171218,  -40,    0
 18616, 99570,20171219,  -18,    0
 18616, 99570,20171220,   -1,    0
 18616, 99570,20171221,  -30,    0
 18616, 99570,20171222,  -43,    0
 18616, 99570,20171223,  -25,    0
 18616, 99570,20171224,  -44,    0
 18616, 99570,20171225,  -55,    0
 18616, 99570,20171226,  -93,    0
 18616, 99570,20171227,  -79,    0
 18616, 99570,20171228,  -57,    0
 18616, 99570,20171229,  -58,    0
 18616, 99570,20171230, -114,    0
 18616, 99570,20171231, -103,    0
 18616, 99570,20180101,  -35,    0
 18616, 99570,20180102,  -45,    0
 18616, 99570,20180103,  -80,    0
 18616, 99570,20180104,  -54,    0
 18616, 99570,20180105,  -87,    0
 18616, 99570,20180106,  -89,    0
 18616, 99570,20180107,  -80,    0
 18616, 99570,20180108,  -40,    0
 18616, 99570,20180109,  -53,    0
 18616, 99570,20180110,  -48,    0
 18616, 99570,20180111,  -32,    0
 18616, 99570,20180112,  -74,    0
 18616, 99570,20180113, -117,    0
 18616, 99570,20180114,  -99,    0
 18616, 99570,20180115,  -82,    0
 18616, 99570,20180116,  -61,    0
 18616, 99570,20180117,  -67,    0
 18616, 99570,20180118, -110,    0
 18616, 99570,20180119, -101,    0
 18616, 99570,20180120,  -88,    0
 18616, 99570,20180121, -145,    0
 18616, 99570,20180122, -146,    0
 18616, 99570,20180123,  -76,    0
 18616, 99570,20180124,  -29,    0
 18616, 99570,20180125,  -19,    0
 18616, 99570,20180126,  -45,    0
 18616, 99570,20180127,  -60,    0
 18616, 99570,20180128,  -67,    0
 18616, 99570,20180129,  -55,    0
 18616, 99570,20180130,  -82,    0
 18616, 99570,20180131,  -58,    0
 18616, 99570,20180201,  -72,    0
 18616, 99570,20180202, -172,    0
 18616, 99570,20180203, -154,    0
 18616, 99570,20180204, -148,    0
 18616, 99570,20180205,  -78,    0
 18616, 99570,20180206,  -78,    0
 18616, 99570,20180207,  -84,    0
 18616, 99570,20180208,  -91,    0
 18616, 99570,20180209,  -46,    0
 18616, 99570,20180210,  -70,    0
 18616, 99570,20180211,  -77,    0
 18616, 99570,20180212,  -80,    0
 18616, 99570,20180213,  -85,    0
 18616, 99570,20180214,  -55,    0
 18616, 99570,20180215,  -64,    0
 18616, 99570,20180216,  -69,    0
 18616, 99570,20180217,  -75,    0
 18616, 99570,20180218, -117,    0
 18616, 99570,20180219,  -91,    0
 18616, 99570,20180220,  -99,    0
 18616, 99570,20180221,  -68,    0
 18616, 99570,20180222,  -39,    0
 18616, 99570,20180223,  -67,    0
 18616, 99570,20180224,  -96,    0
 18616, 99570,20180225, -144,    0
 18616, 99570,20180226, -161,    0
 18616, 99570,20180227, -167,    0
 18616, 99570,20180228, -209,    0
 18616, 99570,20180301, -173,    0
 18616, 99570,20180302, -121,    0
 18616, 99570,20180303,-9999,    9
 18616, 99570,20180304, -121,    0
 18616, 99570,20180305, -116,    0
 18616, 99570,20180306, -103,    0
 18616, 99570,20180307,  -76,    0
 18616, 99570,20180308,  -71,    0
 18616, 99570,20180309, -100,    0
 18616, 99570,20180310,-9999,    9
 18616, 99570,20180311,  -67,    0
 18616, 99570,20180312,  -67,    0
 18616, 99570,20180313,  -74,    0
 18616, 99570,20180314,  -91,    0
 18616, 99570,20180315, -127,    0
 18616, 99570,20180316, -148,    0
 18616, 99570,20180317,-9999,    9
 18616, 99570,20180318,  -57,    0
 18616, 99570,20180319,  -49,    0
 18616, 99570,20180320,  -50,    0
 18616, 99570,20180321,  -23,    0
 18616, 99570,20180322,  -34,    0
 18616, 99570,20180323,  -32,    0
 18616, 99570,20180324,  -13,    0
 18616, 99570,20180325,-9999,    9
 18616, 99570,20180326, -132,    0
 18616, 99570,20180327, -125,    0
 18616, 99570,20180328, -111,    0
 18616, 99570,20180329,  -94,    0
 18616, 99570,20180330, -106,    0
 18616, 99570,20180331,  -99,    0
 18616, 99570,20180401,  -97,    0
 18616, 99570,20180402,  -77,    0
 18616, 99570,20180403,  -70,    0
 18616, 99570,20180404,  -33,    0
 18616, 99570,20180405,  -27,    0
 18616, 99570,20180406,  -50,    0
 18616, 99570,20180407,-9999,    9
 18616, 99570,20180408,   -7,    0
 18616, 99570,20180409,  -46,    0
 18616, 99570,20180410,  -42,    0
 18616, 99570,20180411,  -25,    0
 18616, 99570,20180412,    4,    0
 18616, 99570,20180413,   13,    0
 18616, 99570,20180414,   41,    0
 18616, 99570,20180415,   35,    0
 18616, 99570,20180416,   28,    0
 18616, 99570,20180417,   44,    0
 18616, 99570,20180418,   36,    0
 18616, 99570,20180419,   50,    0
 18616, 99570,20180420,   42,    0
 18616, 99570,20180421,    8,    0
 18616, 99570,20180422,   19,    0
 18616, 99570,20180423,   18,    0
 18616, 99570,20180424,   21,    0
 18616, 99570,20180425,    0,    0
 18616, 99570,20180426,    1,    0
 18616, 99570,20180427,   12,    0
 18616, 99570,20180428,    9,    0
 18616, 99570,20180429,   -2,    0
 18616, 99570,20180430,-9999,    9
 18616, 99570,20180501,   -1,    0
 18616, 99570,20180502,   20,    0
 18616, 99570,20180503,   21,    0
 18616, 99570,20180504,   35,    0
 18616, 99570,20180505,-9999,    9
 18616, 99570,20180506,   54,    0
 18616, 99570,20180507,   52,    0
 18616, 99570,20180508,   91,    0
 18616, 99570,20180509,  119,    0
 18616, 99570,20180510,  115,    0
 18616, 99570,20180511,   43,    0
 18616, 99570,20180512,   89,    0
 18616, 99570,20180513,  116,    0
 18616, 99570,20180514,  137,    0
 18616, 99570,20180515,  150,    0
 18616, 99570,20180516,-9999,    9
 18616, 99570,20180517,   32,    0
 18616, 99570,20180518,   50,    0
 18616, 99570,20180519,-9999,    9
 18616, 99570,20180520,  124,    0
 18616, 99570,20180521,  140,    0
 18616, 99570,20180522,   87,    0
 18616, 99570,20180523,   95,    0
 18616, 99570,20180524,  150,    0
 18616, 99570,20180525,  134,    0
 18616, 99570,20180526,-9999,    9
 18616, 99570,20180527,  149,    0
 18616, 99570,20180528,  165,    0
 18616, 99570,20180529,  137,    0
 18616, 99570,20180530,-9999,    9
 18616, 99570,20180531,  169,    0
 18616, 99570,20180601,  133,    0
 18616, 99570,20180602,  136,    0
 18616, 99570,20180603,  115,    0
 18616, 99570,20180604,   21,    0
 18616, 99570,20180605,    0,    0
 18616, 99570,20180606,-9999,    9
 18616, 99570,20180607,   58,    0
 18616, 99570,20180608,   71,    0
 18616, 99570,20180609,  131,    0
 18616, 99570,20180610,  129,    0
 18616, 99570,20180611,   61,    0
 18616, 99570,20180612,   34,    0
 18616, 99570,20180613,   68,    0
 18616, 99570,20180614,   87,    0
 18616, 99570,20180615,   97,    0
 18616, 99570,20180616,   97,    0
 18616, 99570,20180617,   88,    0
 18616, 99570,20180618,  108,    0
 18616, 99570,20180619,   73,    0
 18616, 99570,20180620,   57,    0
 18616, 99570,20180621,   42,    0
 18616, 99570,20180622,   23,    0
 18616, 99570,20180623,   48,    0
 18616, 99570,20180624,   85,    0
 18616, 99570,20180625,   85,    0
 18616, 99570,20180626,  108,    0
 18616, 99570,20180627,  128,    0
 18616, 99570,20180628,   85,    0
 18616, 99570,20180629,   34,    0
 18616, 99570,20180630,   87,    0
 18616, 99570,20180701,  156,    0
 18616, 99570,20180702,  147,    0
 18616, 99570,20180703,   84,    0
 18616, 99570,20180704,   95,    0
 18616, 99570,20180705,  136,    0
 18616, 99570,20180706,   72,    0
 18616, 99570,20180707,   67,    0
 18616, 99570,20180708,  112,    0
 18616, 99570,20180709,   81,    0
 18616, 99570,20180710,  155,    0
 18616, 99570,20180711,  175,    0
 18616, 99570,20180712,  142,    0
 18616, 99570,20180713,  145,    0
 18616, 99570,20180714,  118,    0
 18616, 99570,20180715,  164,    0
 18616, 99570,20180716,  206,    0
 18616, 99570,20180717,  196,    0
 18616, 99570,20180718,  176,    0
 18616, 99570,20180719,    9,    0
 18616, 99570,20180720,-9999,    9
 18616, 99570,20180721,   50,    0
 18616, 99570,20180722,   87,    0
 18616, 99570,20180723,   60,    0
 18616, 99570,20180724,  182,    0
 18616, 99570,20180725,   43,    0
 18616, 99570,20180726,  125,    0
 18616, 99570,20180727,  199,    0
 18616, 99570,20180728,  187,    0
 18616, 99570,20180729,  178,    0
 18616, 99570,20180730,  177,    0
 18616, 99570,20180731,  191,    0
 18616, 99570,20180801,  174,    0
 18616, 99570,20180802,   10,    0
 18616, 99570,20180803,   11,    0
 18616, 99570,20180804,   55,    0
 18616, 99570,20180805,   50,    0
 18616, 99570,20180806,   79,    0
 18616, 99570,20180807,  129,    0
 18616, 99570,20180808,  145,    0
 18616, 99570,20180809,   91,    0
 18616, 99570,20180810,  -24,    0
 18616, 99570,20180811,   82,    0
 18616, 99570,20180812,   66,    0
 18616, 99570,20180813,   73,    0
 18616, 99570,20180814,   78,    0
 18616, 99570,20180815,  115,    0
 18616, 99570,20180816,  102,    0
 18616, 99570,20180817,   95,    0
 18616, 99570,20180818,   86,    0
 18616, 99570,20180819,   77,    0
 18616, 99570,20180820,   57,    0
 18616, 99570,20180821,   51,    0
 18616, 99570,20180822,   27,    0
 18616, 99570,20180823,   91,    0
 18616, 99570,20180824,   62,    0
 18616, 99570,20180825,   15,    0
 18616, 99570,20180826,  -17,    0
 18616, 99570,20180827,  -27,    0
 18616, 99570,20180828,   98,    0
 18616, 99570,20180829,   95,    0
 18616, 99570,20180830,   70,    0
 18616, 99570,20180831,   73,    0
 18616, 99570,20180901,   90,    0
 18616, 99570,20180902,  130,    0
 18616, 99570,20180903,  122,    0
 18616, 99570,20180904,   78,    0
 18616, 99570,20180905,  108,    0
 18616, 99570,20180906,  110,    0
 18616, 99570,20180907,   95,    0
 18616, 99570,20180908,  110,    0
 18616, 99570,20180909,   87,    0
 18616, 99570,20180910,   88,    0
 18616, 99570,20180911,   66,    0
 18616, 99570,20180912,   54,    0
 18616, 99570,20180913,   60,    0
 18616, 99570,20180914,   64,    0
 18616, 99570,20180915,   42,    0
 18616, 99570,20180916,   51,    0
 18616, 99570,20180917,   67,    0
 18616, 99570,20180918,   90,    0
 18616, 99570,20180919,  124,    0
 18616, 99570,20180920,   73,    0
 18616, 99570,20180921,   52,    0
 18616, 99570,20180922,   41,    0
 18616, 99570,20180923,    6,    0
 18616, 99570,20180924,   -9,    0
 18616, 99570,20180925,   25,    0
 18616, 99570,20180926,-9999,    9
 18616, 99570,20180927,-9999,    9
 18616, 99570,20180928,-9999,    9
 18616, 99570,20180929,-9999,    9
 18616, 99570,20180930,-9999,    9
 18616, 99570,20181001,-9999,    9
 18616, 99570,20181002,-9999,    9
 18616, 99570,20181003,-9999,    9
 18616, 99570,20181004,   -3,    0
 18616, 99570,20181005,   11,    0
 18616, 99570,20181006,   -2,    0
 18616, 99570,20181007,  -17,    0
 18616, 99570,20181008,    8,    0
 18616, 99570,20181009,   33,    0
 18616, 99570,20181010,   53,    0
 18616, 99570,20181011,-9999,    9
 18616, 99570,20181012,   76,    0
 18616, 99570,20181013,  113,    0
 18616, 99570,20181014,  120,    0
 18616, 99570,20181015,   18,    0
 18616, 99570,20181016,   23,    0
 18616, 99570,20181017,-9999,    9
 18616, 99570,20181018,-9999,    9
 18616, 99570,20181019,   24,    0
 18616, 99570,20181020,   29,    0
 18616, 99570,20181021,   33,    0
 18616, 99570,20181022,-9999,    9
 18616, 99570,20181023,  -18,    0
 18616, 99570,20181024,  -15,    0
 18616, 99570,20181025,  -19,    0
 18616, 99570,20181026,  -41,    0
 18616, 99570,20181027,  -69,    0
 18616, 99570,20181028,  -80,    0
 18616, 99570,20181029,  -78,    0
 18616, 99570,20181030,  -34,    0
 18616, 99570,20181031,   10,    0
 18616, 99570,20181101,   -1,    0
 18616, 99570,20181102,    7,    0
 18616, 99570,20181103,  -16,    0
 18616, 99570,20181104,   24,    0
 18616, 99570,20181105,   13,    0
 18616, 99570,20181106,   17,    0
 18616, 99570,20181107,    5,    0
 18616, 99570,20181108,   14,    0
 18616, 99570,20181109,   -1,    0
 18616, 99570,20181110,   10,    0
 18616, 99570,20181111,   29,    0
 18616, 99570,20181112,   25,    0
 18616, 99570,20181113,   -5,    0
 18616, 99570,20181114,  -12,    0
 18616, 99570,20181115,   24,    0
 18616, 99570,20181116,   27,    0
 18616, 99570,20181117,   34,    0
 18616, 99570,20181118,  -15,    0
 18616, 99570,20181119,  -27,    0
 18616, 99570,20181120,  -35,    0
 18616, 99570,20181121,  -64,    0
 18616, 99570,20181122,  -43,    0
 18616, 99570,20181123,  -44,    0
 18616, 99570,20181124,  -35,    0
 18616, 99570,20181125,  -32,    0
 18616, 99570,20181126,  -36,    0
 18616, 99570,20181127,  -79,    0
 18616, 99570,20181128,  -84,    0
 18616, 99570,20181129,  -29,    0
 18616, 99570,20181130,    6,    0
 18616, 99570,20181201,   -2,    0
 18616, 99570,20181202,  -12,    0
 18616, 99570,20181203,  -14,    0
 18616, 99570,20181204,  -37,    0
 18616, 99570,20181205,  -51,    0
 18616, 99570,20181206,  -81,    0
 18616, 99570,20181207,  -56,    0
 18616, 99570,20181208,  -40,    0
 18616, 99570,20181209,  -52,    0
 18616, 99570,20181210,  -31,    0
 18616, 99570,20181211,  -32,    0
 18616, 99570,20181212,  -95,    0
 18616, 99570,20181213, -118,    0
 18616, 99570,20181214, -125,    0
 18616, 99570,20181215, -108,    0
 18616, 99570,20181216,  -67,    0
 18616, 99570,20181217,  -77,    0
 18616, 99570,20181218,  -99,    0
 18616, 99570,20181219,  -66,    0
 18616, 99570,20181220,  -42,    0
 18616, 99570,20181221,  -75,    0
 18616, 99570,20181222, -102,    0
 18616, 99570,20181223,  -80,    0
 18616, 99570,20181224,  -39,    0
 18616, 99570,20181225,   -3,    0
 18616, 99570,20181226,    1,    0
 18616, 99570,20181227,    2,    0
 18616, 99570,20181228,  -10,    0
 18616, 99570,20181229,  -18,    0
 18616, 99570,20181230,  -37,    0
 18616, 99570,20181231,  -23,    0
 18616, 99570,20190101,  -31,    0
 18616, 99570,20190102,  -46,    0
 18616, 99570,20190103,   -1,    0
 18616, 99570,20190104,   16,    0
 18616, 99570,20190105,    7,    0
 18616, 99570,20190106,    6,    0
 18616, 99570,20190107,  -33,    0
 18616, 99570,20190108,  -44,    0
 18616, 99570,20190109,  -50,    0
 18616, 99570,20190110,  -12,    0
 18616, 99570,20190111,  -39,    0
 18616, 99570,20190112,  -41,    0
 18616, 99570,20190113,  -65,    0
 18616, 99570,20190114,  -70,    0
 18616, 99570,20190115, -109,    0
 18616, 99570,20190116, -123,    0
 18616, 99570,20190117, -101,    0
 18616, 99570,20190118,-9999,    9
 18616, 99570,20190119,-9999,    9
 18616, 99570,20190120,  -98,    0
 18616, 99570,20190121, -124,    0
 18616, 99570,20190122, -119,    0
 18616, 99570,20190123, -104,    0
 18616, 99570,20190124,  -94,    0
 18616, 99570,20190125,  -91,    0
 18616, 99570,20190126, -124,    0
 18616, 99570,20190127, -129,    0
 18616, 99570,20190128, -121,    0
 18616, 99570,20190129, -141,    0
 18616, 99570,20190130,-9999,    9
 18616, 99570,20190131, -109,    0
 18616, 99570,20190201,  -94,    0
 18616, 99570,20190202, -132,    0
 18616, 99570,20190203, -128,    0
 18616, 99570,20190204,  -88,    0
 18616, 99570,20190205,  -90,    0
 18616, 99570,20190206, -104,    0
 18616, 99570,20190207,  -67,    0
 18616, 99570,20190208,  -58,    0
 18616, 99570,20190209,  -32,    0
 18616, 99570,20190210,  -42,    0
 18616, 99570,20190211,  -60,    0
 18616, 99570,20190212,  -58,    0
 18616, 99570,20190213,-9999,    9
 18616, 99570,20190214,-9999,    9
 18616, 99570,20190215,-9999,    9
 18616, 99570,20190216,  -10,    0
 18616, 99570,20190217,  -44,    0
 18616, 99570,20190218,   -2,    0
 18616, 99570,20190219,  -14,    0
 18616, 99570,20190220,  -57,    0
 18616, 99570,20190221,  -78,    0
 18616, 99570,20190222,  -41,    0
 18616, 99570,20190223,   18,    0
 18616, 99570,20190224,   10,    0
 18616, 99570,20190225,    8,    0
 18616, 99570,20190226,   10,    0
 18616, 99570,20190227,    3,    0
 18616, 99570,20190228,  -33,    0
 18616, 99570,20190301,  -50,    0
 18616, 99570,20190302,  -37,    0
 18616, 99570,20190303,  -68,    0
 18616, 99570,20190304,  -75,    0
 18616, 99570,20190305, -140,    0
 18616, 99570,20190306, -116,    0
 18616, 99570,20190307,  -62,    0
 18616, 99570,20190308,  -74,    0
 18616, 99570,20190309,  -85,    0
 18616, 99570,20190310, -103,    0
 18616, 99570,20190311,  -98,    0
 18616, 99570,20190312,  -99,    0
 18616, 99570,20190313,  -74,    0
 18616, 99570,20190314,  -65,    0
 18616, 99570,20190315,  -82,    0
 18616, 99570,20190316,  -58,    0
 18616, 99570,20190317,  -47,    0
 18616, 99570,20190318,  -54,    0
 18616, 99570,20190319,  -34,    0
 18616, 99570,20190320,  -15,    0
 18616, 99570,20190321,  -19,    0
 18616, 99570,20190322,  -23,    0
 18616, 99570,20190323,  -19,    0
 18616, 99570,20190324,  -24,    0
 18616, 99570,20190325,  -51,    0
 18616, 99570,20190326,  -42,    0
 18616, 99570,20190327,    2,    0
 18616, 99570,20190328,   34,    0
 18616, 99570,20190329,    6,    0
 18616, 99570,20190330,  -25,    0
 18616, 99570,20190331,  -54,    0
 18616, 99570,20190401,  -39,    0
 18616, 99570,20190402,  -33,    0
 18616, 99570,20190403,   -8,    0
 18616, 99570,20190404,  -16,    0
 18616, 99570,20190405,  -24,    0
 18616, 99570,20190406,  -36,    0
 18616, 99570,20190407,  -32,    0
 18616, 99570,20190408,  -61,    0
 18616, 99570,20190409,-9999,    9
 18616, 99570,20190410,-9999,    9
 18616, 99570,20190411,-9999,    9
 18616, 99570,20190412,  -59,    0
 18616, 99570,20190413,  -46,    0
 18616, 99570,20190414,  -23,    0
 18616, 99570,20190415,   -4,    0
 18616, 99570,20190416,   15,    0
 18616, 99570,20190417,   23,    0
 18616, 99570,20190418,   24,    0
 18616, 99570,20190419,   52,    0
 18616, 99570,20190420,   51,    0
 18616, 99570,20190421,   44,    0
 18616, 99570,20190422,   75,    0
 18616, 99570,20190423,   75,    0
 18616, 99570,20190424,   64,    0
 18616, 99570,20190425,   68,    0
 18616, 99570,20190426,   59,    0
 18616, 99570,20190427,   79,    0
 18616, 99570,20190428,   71,    0
 18616, 99570,20190429,   80,    0
 18616, 99570,20190430,   48,    0
 18616, 99570,20190501,    1,    0
 18616, 99570,20190502,  -40,    0
 18616, 99570,20190503,  -48,    0
 18616, 99570,20190504,  -27,    0
 18616, 99570,20190505,  -25,    0
 18616, 99570,20190506,  -40,    0
 18616, 99570,20190507,  -31,    0
 18616, 99570,20190508,  -17,    0
 18616, 99570,20190509,   -1,    0
 18616, 99570,20190510,   20,    0
 18616, 99570,20190511,   -3,    0
 18616, 99570,20190512,  -20,    0
 18616, 99570,20190513,  -14,    0
 18616, 99570,20190514,   18,    0
 18616, 99570,20190515,   49,    0
 18616, 99570,20190516,   78,    0
 18616, 99570,20190517,  104,    0
 18616, 99570,20190518,   94,    0
 18616, 99570,20190519,   63,    0
 18616, 99570,20190520,  101,    0
 18616, 99570,20190521,  122,    0
 18616, 99570,20190522,  120,    0
 18616, 99570,20190523,   97,    0
 18616, 99570,20190524,   67,    0
 18616, 99570,20190525,   32,    0
 18616, 99570,20190526,    8,    0
 18616, 99570,20190527,    8,    0
 18616, 99570,20190528,    0,    0
 18616, 99570,20190529,-9999,    9
 18616, 99570,20190530,-9999,    9
 18616, 99570,20190531,-9999,    9
 18616, 99570,20190601,   33,    0
 18616, 99570,20190602,   64,    0
 18616, 99570,20190603,   92,    0
 18616, 99570,20190604,  108,    0
 18616, 99570,20190605,   94,    0
 18616, 99570,20190606,  164,    0
 18616, 99570,20190607,  116,    0
 18616, 99570,20190608,  124,    0
 18616, 99570,20190609,   99,    0
 18616, 99570,20190610,   66,    0
 18616, 99570,20190611,   95,    0
 18616, 99570,20190612,   70,    0
 18616, 99570,20190613,   62,    0
 18616, 99570,20190614,  117,    0
 18616, 99570,20190615,  131,    0
 18616, 99570,20190616,  149,    0
 18616, 99570,20190617,  101,    0
 18616, 99570,20190618,  119,    0
 18616, 99570,20190619,  114,    0
 18616, 99570,20190620,  116,    0
 18616, 99570,20190621,   68,    0
 18616, 99570,20190622,   62,    0
 18616, 99570,20190623,   71,    0
 18616, 99570,20190624,  102,    0
 18616, 99570,20190625,   99,    0
 18616, 99570,20190626,   73,    0
 18616, 99570,20190627,   61,    0
 18616, 99570,20190628,   70,    0
 18616, 99570,20190629,   88,    0
 18616, 99570,20190630,   95,    0
 18616, 99570,20190701,   71,    0
 18616, 99570,20190702,   38,    0
 18616, 99570,20190703,   28,    0
 18616, 99570,20190704,   29,    0
 18616, 99570,20190705,   39,    0
 18616, 99570,20190706,   57,    0
 18616, 99570,20190707,   60,    0
 18616, 99570,20190708,   58,    0
 18616, 99570,20190709,   91,    0
 18616, 99570,20190710,  120,    0
 18616, 99570,20190711,  134,    0
 18616, 99570,20190712,  127,    0
 18616, 99570,20190713,   88,    0
 18616, 99570,20190714,   56,    0
 18616, 99570,20190715,   53,    0
 18616, 99570,20190716,   69,    0
 18616, 99570,20190717,  117,    0
 18616, 99570,20190718,  142,    0
 18616, 99570,20190719,  132,    0
 18616, 99570,20190720,  140,    0
 18616, 99570,20190721,  136,    0
 18616, 99570,20190722,  119,    0
 18616, 99570,20190723,  143,    0
 18616, 99570,20190724,  196,    0
 18616, 99570,20190725,  201,    0
 18616, 99570,20190726,  212,    0
 18616, 99570,20190727,  219,    0
 18616, 99570,20190728,  215,    0
 18616, 99570,20190729,  180,    0
 18616, 99570,20190730,   85,    0
 18616, 99570,20190731,  110,    0
 18616, 99570,20190801,  132,    0
 18616, 99570,20190802,  111,    0
 18616, 99570,20190803,   80,    0
 18616, 99570,20190804,  110,    0
 18616, 99570,20190805,   96,    0
 18616, 99570,20190806,  116,    0
 18616, 99570,20190807,  121,    0
 18616, 99570,20190808,  121,    0
 18616, 99570,20190809,  120,    0
 18616, 99570,20190810,  120,    0
 18616, 99570,20190811,  136,    0
 18616, 99570,20190812,  109,    0
 18616, 99570,20190813,   69,    0
 18616, 99570,20190814,   68,    0
 18616, 99570,20190815,   90,    0
 18616, 99570,20190816,  107,    0
 18616, 99570,20190817,  106,    0
 18616, 99570,20190818,  113,    0
 18616, 99570,20190819,   97,    0
 18616, 99570,20190820,   97,    0
 18616, 99570,20190821,   73,    0
 18616, 99570,20190822,-9999,    9
 18616, 99570,20190823,   94,    0
 18616, 99570,20190824,  113,    0
 18616, 99570,20190825,  137,    0
 18616, 99570,20190826,  156,    0
 18616, 99570,20190827,-9999,    9
 18616, 99570,20190828,  155,    0
 18616, 99570,20190829,  125,    0
 18616, 99570,20190830,  107,    0
 18616, 99570,20190831,  128,    0
 18616, 99570,20190901,  114,    0
 18616, 99570,20190902,   47,    0
 18616, 99570,20190903,   53,    0
 18616, 99570,20190904,   49,    0
 18616, 99570,20190905,   45,    0
 18616, 99570,20190906,   51,    0
 18616, 99570,20190907,   40,    0
 18616, 99570,20190908,   55,    0
 18616, 99570,20190909,   79,    0
 18616, 99570,20190910,  100,    0
 18616, 99570,20190911,   98,    0
 18616, 99570,20190912,   63,    0
 18616, 99570,20190913,   36,    0
 18616, 99570,20190914,   39,    0
 18616, 99570,20190915,   46,    0
 18616, 99570,20190916,   23,    0
 18616, 99570,20190917,   20,    0
 18616, 99570,20190918,   19,    0
 18616, 99570,20190919,   11,    0
 18616, 99570,20190920,   37,    0
 18616, 99570,20190921,   74,    0
 18616, 99570,20190922,   45,    0
 18616, 99570,20190923,   52,    0
 18616, 99570,20190924,   40,    0
 18616, 99570,20190925,   40,    0
 18616, 99570,20190926,   29,    0
 18616, 99570,20190927,   47,    0
 18616, 99570,20190928,   61,    0
 18616, 99570,20190929,   51,    0
 18616, 99570,20190930,  -12,    0
 18616, 99570,20191001,  -27,    0
 18616, 99570,20191002,   11,    0
 18616, 99570,20191003,  -18,    0
 18616, 99570,20191004,  -46,    0
 18616, 99570,20191005,  -60,    0
 18616, 99570,20191006,  -32,    0
 18616, 99570,20191007,  -14,    0
 18616, 99570,20191008,  -22,    0
 18616, 99570,20191009,   -2,    0
 18616, 99570,20191010,    7,    0
 18616, 99570,20191011,   13,    0
 18616, 99570,20191012,    5,    0
 18616, 99570,20191013,   -9,    0
 18616, 99570,20191014,   -9,    0
 18616, 99570,20191015,   -1,    0
 18616, 99570,20191016,    6,    0
 18616, 99570,20191017,    2,    0
 18616, 99570,20191018,   17,    0
 18616, 99570,20191019,   11,    0
 18616, 99570,20191020,  -15,    0
 18616, 99570,20191021,   -6,    0
 18616, 99570,20191022,   16,    0
 18616, 99570,20191023,-9999,    9
 18616, 99570,20191024,-9999,    9
 18616, 99570,20191025,-9999,    9
 18616, 99570,20191026,-9999,    9
 18616, 99570,20191027,-9999,    9
 18616, 99570,20191028,  -22,    0
 18616, 99570,20191029,  -19,    0
 18616, 99570,20191030,  -15,    0
 18616, 99570,20191031,  -13,    0
 18616, 99570,20191101,  -22,    0
 18616, 99570,20191102,  -41,    0
 18616, 99570,20191103, -108,    0
 18616, 99570,20191104,  -97,    0
 18616, 99570,20191105, -104,    0
 18616, 99570,20191106,  -94,    0
 18616, 99570,20191107,  -94,    0
 18616, 99570,20191108, -106,    0
 18616, 99570,20191109,  -83,    0
 18616, 99570,20191110, -103,    0
 18616, 99570,20191111, -107,    0
 18616, 99570,20191112,  -34,    0
 18616, 99570,20191113,  -18,    0
 18616, 99570,20191114,  -66,    0
 18616, 99570,20191115, -105,    0
 18616, 99570,20191116,  -45,    0
 18616, 99570,20191117,  -32,    0
 18616, 99570,20191118,  -25,    0
 18616, 99570,20191119,   -5,    0
 18616, 99570,20191120,  -53,    0
 18616, 99570,20191121,  -14,    0
 18616, 99570,20191122,    0,    0
 18616, 99570,20191123,  -10,    0
 18616, 99570,20191124,    0,    0
 18616, 99570,20191125,  -19,    0
 18616, 99570,20191126,  -28,    0
 18616, 99570,20191127,  -55,    0
 18616, 99570,20191128,  -67,    0
 18616, 99570,20191129,  -59,    0
 18616, 99570,20191130,  -68,    0
 18616, 99570,20191201,  -57,    0
 18616, 99570,20191202,  -59,    0
 18616, 99570,20191203,  -15,    0
 18616, 99570,20191204,   16,    0
 18616, 99570,20191205,  -23,    0
 18616, 99570,20191206,  -29,    0
 18616, 99570,20191207,-9999,    9
 18616, 99570,20191208,  -72,    0
 18616, 99570,20191209,  -63,    0
 18616, 99570,20191210,  -73,    0
 18616, 99570,20191211,  -21,    0
 18616, 99570,20191212,  -22,    0
 18616, 99570,20191213,  -32,    0
 18616, 99570,20191214,-9999,    9
 18616, 99570,20191215,  -28,    0
 18616, 99570,20191216,  -58,    0
 18616, 99570,20191217,  -92,    0
 18616, 99570,20191218,  -74,    0
 18616, 99570,20191219,  -56,    0
 18616, 99570,20191220,   -9,    0
 18616, 99570,20191221,-9999,    9
 18616, 99570,20191222,-9999,    9
 18616, 99570,20191223,-9999,    9
 18616, 99570,20191224,  -66,    0
 18616, 99570,20191225,  -55,    0
 18616, 99570,20191226,  -44,    0
 18616, 99570,20191227, -107,    0
 18616, 99570,20191228,  -76,    0
 18616, 99570,20191229,    1,    0
 18616, 99570,20191230,    4,    0
 18616, 99570,20191231,  -27,    0
 18616, 99570,20200101,   -1,    0
 18616, 99570,20200102,   15,    0
 18616, 99570,20200103,  -48,    0
 18616, 99570,20200104,  -49,    0
 18616, 99570,20200105,-9999,    9
 18616, 99570,20200106,-9999,    9
 18616, 99570,20200107,   -8,    0
 18616, 99570,20200108,  -16,    0
 18616, 99570,20200109,  -62,    0
 18616, 99570,20200110,  -77,    0
 18616, 99570,20200111,  -27,    0
 18616, 99570,20200112,-9999,    9
 18616, 99570,20200113,-9999,    9
 18616, 99570,20200114,-9999,    9
 18616, 99570,20200115,-9999,    9
 18616, 99570,20200116,  -15,    0
 18616, 99570,20200117,    1,    0
 18616, 99570,20200118,  -19,    0
 18616, 99570,20200119,  -24,    0
 18616, 99570,20200120,   16,    0
 18616, 99570,20200121,  -26,    0
 18616, 99570,20200122,  -42,    0
 18616, 99570,20200123,  -16,    0
 18616, 99570,20200124,  -38,    0
 18616, 99570,20200125,  -35,    0
 18616, 99570,20200126,   -2,    0
 18616, 99570,20200127,-9999,    9
 18616, 99570,20200128,-9999,    9
 18616, 99570,20200129,  -35,    0
 18616, 99570,20200130,  -41,    0
 18616, 99570,20200131,  -44,    0
 18616, 99570,20200201,  -24,    0
 18616, 99570,20200202,  -28,    0
 18616, 99570,20200203,  -77,    0
 18616, 99570,20200204,  -71,    0
 18616, 99570,20200205,  -25,    0
 18616, 99570,20200206,  -26,    0
 18616, 99570,20200207,    4,    0
 18616, 99570,20200208,  -25,    0
 18616, 99570,20200209,  -15,    0
 18616, 99570,20200210,  -17,    0
 18616, 99570,20200211,  -70,    0
 18616, 99570,20200212,  -55,    0
 18616, 99570,20200213,  -58,    0
 18616, 99570,20200214,  -91,    0
 18616, 99570,20200215,  -27,    0
 18616, 99570,20200216,   -4,    0
 18616, 99570,20200217,  -17,    0
 18616, 99570,20200218,  -24,    0
 18616, 99570,20200219,  -58,    0
 18616, 99570,20200220,  -39,    0
 18616, 99570,20200221,  -29,    0
 18616, 99570,20200222,  -22,    0
 18616, 99570,20200223,  -41,    0
 18616, 99570,20200224,  -61,    0
 18616, 99570,20200225, -107,    0
 18616, 99570,20200226, -131,    0
 18616, 99570,20200227, -128,    0
 18616, 99570,20200228, -103,    0
 18616, 99570,20200229,  -88,    0
 18616, 99570,20200301,  -81,    0
 18616, 99570,20200302,  -64,    0
 18616, 99570,20200303,  -77,    0
 18616, 99570,20200304,  -63,    0
 18616, 99570,20200305,  -48,    0
 18616, 99570,20200306,  -59,    0
 18616, 99570,20200307,  -69,    0
 18616, 99570,20200308,  -13,    0
 18616, 99570,20200309,  -10,    0
 18616, 99570,20200310,  -29,    0
 18616, 99570,20200311,  -20,    0
 18616, 99570,20200312,  -35,    0
 18616, 99570,20200313,  -91,    0
 18616, 99570,20200314,  -88,    0
 18616, 99570,20200315,  -23,    0
 18616, 99570,20200316,  -53,    0
 18616, 99570,20200317,  -11,    0
 18616, 99570,20200318,  -30,    0
 18616, 99570,20200319,  -37,    0
 18616, 99570,20200320,-9999,    9
 18616, 99570,20200321,-9999,    9
 18616, 99570,20200322,-9999,    9
 18616, 99570,20200323,-9999,    9
 18616, 99570,20200324,-9999,    9
 18616, 99570,20200325,-9999,    9
 18616, 99570,20200326,-9999,    9
 18616, 99570,20200327,  -19,    0
 18616, 99570,20200328,  -69,    0
 18616, 99570,20200329,  -56,    0
 18616, 99570,20200330,  -64,    0
 18616, 99570,20200331,  -16,    0
 18616, 99570,20200401,  -23,    0
 18616, 99570,20200402,  -52,    0
 18616, 99570,20200403,-9999,    9
 18616, 99570,20200404,-9999,    9
 18616, 99570,20200405,-9999,    9
 18616, 99570,20200406,-9999,    9
 18616, 99570,20200407,-9999,    9
 18616, 99570,20200408,-9999,    9
 18616, 99570,20200409,-9999,    9
 18616, 99570,20200410,-9999,    9
 18616, 99570,20200411,-9999,    9
 18616, 99570,20200412,-9999,    9
 18616, 99570,20200413,-9999,    9
 18616, 99570,20200414,-9999,    9
 18616, 99570,20200415,-9999,    9
 18616, 99570,20200416,-9999,    9
 18616, 99570,20200417,-9999,    9
 18616, 99570,20200418,-9999,    9
 18616, 99570,20200419,-9999,    9
 18616, 99570,20200420,-9999,    9
 18616, 99570,20200421,-9999,    9
 18616, 99570,20200422,-9999,    9
 18616, 99570,20200423,-9999,    9
 18616, 99570,20200424,-9999,    9
 18616, 99570,20200425,-9999,    9
 18616, 99570,20200426,-9999,    9
 18616, 99570,20200427,-9999,    9
 18616, 99570,20200428,-9999,    9
 18616, 99570,20200429,-9999,    9
 18616, 99570,20200430,-9999,    9
 18616, 99570,20200501,   -6,    0
 18616, 99570,20200502,    4,    0
 18616, 99570,20200503,   -5,    0
 18616, 99570,20200504,  -15,    0
 18616, 99570,20200505,   -6,    0
 18616, 99570,20200506,    2,    0
 18616, 99570,20200507,   -8,    0
 18616, 99570,20200508,    1,    0
 18616, 99570,20200509,  -10,    0
 18616, 99570,20200510,  -36,    0
 18616, 99570,20200511,  -42,    0
 18616, 99570,20200512,  -45,    0
 18616, 99570,20200513,  -39,    0
 18616, 99570,20200514,  -46,    0
 18616, 99570,20200515,  -28,    0
 18616, 99570,20200516,  -20,    0
 18616, 99570,20200517,   -4,    0
 18616, 99570,20200518,    1,    0
 18616, 99570,20200519,  -14,    0
 18616, 99570,20200520,   -8,    0
 18616, 99570,20200521,   37,    0
 18616, 99570,20200522,   52,    0
 18616, 99570,20200523,   42,    0
 18616, 99570,20200524,   38,    0
 18616, 99570,20200525,   52,    0
 18616, 99570,20200526,   70,    0
 18616, 99570,20200527,   45,    0
 18616, 99570,20200528,   28,    0
 18616, 99570,20200529,   48,    0
 18616, 99570,20200530,   80,    0
 18616, 99570,20200531,   95,    0
 18616, 99570,20200601,  108,    0
 18616, 99570,20200602,   88,    0
 18616, 99570,20200603,   62,    0
 18616, 99570,20200604,   89,    0
 18616, 99570,20200605,   90,    0
 18616, 99570,20200606,   62,    0
 18616, 99570,20200607,   39,    0
 18616, 99570,20200608,   26,    0
 18616, 99570,20200609,   72,    0
 18616, 99570,20200610,  109,    0
 18616, 99570,20200611,  111,    0
 18616, 99570,20200612,  125,    0
 18616, 99570,20200613,  136,    0
 18616, 99570,20200614,  157,    0
 18616, 99570,20200615,  141,    0
 18616, 99570,20200616,  161,    0
 18616, 99570,20200617,  160,    0
 18616, 99570,20200618,  153,    0
 18616, 99570,20200619,  161,    0
 18616, 99570,20200620,  176,    0
 18616, 99570,20200621,  168,    0
 18616, 99570,20200622,  132,    0
 18616, 99570,20200623,  151,    0
 18616, 99570,20200624,  170,    0
 18616, 99570,20200625,  186,    0
 18616, 99570,20200626,  198,    0
 18616, 99570,20200627,  202,    0
 18616, 99570,20200628,  176,    0
 18616, 99570,20200629,  120,    0
 18616, 99570,20200630,   87,    0
 18616, 99570,20200701,   47,    0
 18616, 99570,20200702,   53,    0
 18616, 99570,20200703,   47,    0
 18616, 99570,20200704,   56,    0
 18616, 99570,20200705,   77,    0
 18616, 99570,20200706,   56,    0
 18616, 99570,20200707,   52,    0
 18616, 99570,20200708,   47,    0
 18616, 99570,20200709,   60,    0
 18616, 99570,20200710,   82,    0
 18616, 99570,20200711,   65,    0
 18616, 99570,20200712,   57,    0
 18616, 99570,20200713,   72,    0
 18616, 99570,20200714,   85,    0
 18616, 99570,20200715,  106,    0
 18616, 99570,20200716,  141,    0
 18616, 99570,20200717,  132,    0
 18616, 99570,20200718,  128,    0
 18616, 99570,20200719,  122,    0
 18616, 99570,20200720,   71,    0
 18616, 99570,20200721,   58,    0
 18616, 99570,20200722,   47,    0
 18616, 99570,20200723,   49,    0
 18616, 99570,20200724,   47,    0
 18616, 99570,20200725,   74,    0
 18616, 99570,20200726,  106,    0
 18616, 99570,20200727,  116,    0
 18616, 99570,20200728,  112,    0
 18616, 99570,20200729,  109,    0
 18616, 99570,20200730,   96,    0
 18616, 99570,20200731,  126,    0
 18616, 99570,20200801,  161,    0
 18616, 99570,20200802,  135,    0
 18616, 99570,20200803,   77,    0
 18616, 99570,20200804,   92,    0
 18616, 99570,20200805,   92,    0
 18616, 99570,20200806,  140,    0
 18616, 99570,20200807,  160,    0
 18616, 99570,20200808,  133,    0
 18616, 99570,20200809,   89,    0
 18616, 99570,20200810,  124,    0
 18616, 99570,20200811,  148,    0
 18616, 99570,20200812,-9999,    9
 18616, 99570,20200813,  136,    0
 18616, 99570,20200814,  133,    0
 18616, 99570,20200815,  130,    0
 18616, 99570,20200816,  119,    0
 18616, 99570,20200817,  146,    0
 18616, 99570,20200818,  151,    0
 18616, 99570,20200819,  154,    0
 18616, 99570,20200820,  143,    0
 18616, 99570,20200821,  139,    0
 18616, 99570,20200822,  128,    0
 18616, 99570,20200823,   75,    0
 18616, 99570,20200824,   47,    0
 18616, 99570,20200825,   48,    0
 18616, 99570,20200826,   62,    0
 18616, 99570,20200827,   57,    0
 18616, 99570,20200828,   65,    0
 18616, 99570,20200829,   83,    0
 18616, 99570,20200830,   43,    0
 18616, 99570,20200831,   41,    0
 18616, 99570,20200901,   75,    0
 18616, 99570,20200902,   95,    0
 18616, 99570,20200903,   91,    0
 18616, 99570,20200904,   92,    0
 18616, 99570,20200905,   72,    0
 18616, 99570,20200906,   54,    0
 18616, 99570,20200907,   57,    0
 18616, 99570,20200908,   71,    0
 18616, 99570,20200909,   51,    0
 18616, 99570,20200910,   21,    0
 18616, 99570,20200911,   44,    0
 18616, 99570,20200912,   49,    0
 18616, 99570,20200913,   55,    0
 18616, 99570,20200914,-9999,    9
 18616, 99570,20200915,-9999,    9
 18616, 99570,20200916,   32,    0
 18616, 99570,20200917,   40,    0
 18616, 99570,20200918,   63,    0
 18616, 99570,20200919,   45,    0
 18616, 99570,20200920,   48,    0
 18616, 99570,20200921,   79,    0
 18616, 99570,20200922,   54,    0
 18616, 99570,20200923,   54,    0
 18616, 99570,20200924,   51,    0
 18616, 99570,20200925,   24,    0
 18616, 99570,20200926,   13,    0
 18616, 99570,20200927,   48,    0
 18616, 99570,20200928,   84,    0
 18616, 99570,20200929,   90,    0
 18616, 99570,20200930,   74,    0
 18616, 99570,20201001,   76,    0
 18616, 99570,20201002,   66,    0
 18616, 99570,20201003,   63,    0
 18616, 99570,20201004,   71,    0
 18616, 99570,20201005,   70,    0
 18616, 99570,20201006,-9999,    9
 18616, 99570,20201007,   65,    0
 18616, 99570,20201008,   60,    0
 18616, 99570,20201009,   40,    0
 18616, 99570,20201010,   36,    0
 18616, 99570,20201011,   31,    0
 18616, 99570,20201012,   24,    0
 18616, 99570,20201013,   17,    0
 18616, 99570,20201014,    4,    0
 18616, 99570,20201015,   17,    0
 18616, 99570,20201016,   22,    0
 18616, 99570,20201017,    3,    0
 18616, 99570,20201018,  -20,    0
 18616, 99570,20201019,  -30,    0
 18616, 99570,20201020,  -47,    0
 18616, 99570,20201021,   -1,    0
 18616, 99570,20201022,  -20,    0
 18616, 99570,20201023,  -54,    0
 18616, 99570,20201024,  -33,    0
 18616, 99570,20201025,-9999,    9
 18616, 99570,20201026,-9999,    9
 18616, 99570,20201027,   20,    0
 18616, 99570,20201028,   18,    0
 18616, 99570,20201029,   18,    0
 18616, 99570,20201030,   -1,    0
 18616, 99570,20201031,   10,    0
 18616, 99570,20201101,   40,    0
 18616, 99570,20201102,   50,    0
 18616, 99570,20201103,   12,    0
 18616, 99570,20201104,    0,    0
 18616, 99570,20201105,   42,    0
 18616, 99570,20201106,   56,    0
 18616, 99570,20201107,   31,    0
 18616, 99570,20201108,   -2,    0
 18616, 99570,20201109,   10,    0
 18616, 99570,20201110,    4,    0
 18616, 99570,20201111,  -17,    0
 18616, 99570,20201112,    5,    0
 18616, 99570,20201113,   -6,    0
 18616, 99570,20201114,   10,    0
 18616, 99570,20201115,   28,    0
 18616, 99570,20201116,   41,    0
 18616, 99570,20201117,   11,    0
 18616, 99570,20201118,   -1,    0
 18616, 99570,20201119,  -60,    0
 18616, 99570,20201120,  -43,    0
 18616, 99570,20201121,  -17,    0
 18616, 99570,20201122,  -10,    0
 18616, 99570,20201123,  -24,    0
 18616, 99570,20201124,  -26,    0
 18616, 99570,20201125,    7,    0
 18616, 99570,20201126,  -14,    0
 18616, 99570,20201127,  -77,    0
 18616, 99570,20201128,  -74,    0
 18616, 99570,20201129,  -70,    0
 18616, 99570,20201130,  -40,    0
 18616, 99570,20201201,  -39,    0
 18616, 99570,20201202,  -37,    0
 18616, 99570,20201203,-9999,    9
 18616, 99570,20201204,  -35,    0
 18616, 99570,20201205,  -27,    0
 18616, 99570,20201206,  -21,    0
 18616, 99570,20201207,-9999,    9
 18616, 99570,20201208,-9999,    9
 18616, 99570,20201209,  -32,    0
 18616, 99570,20201210,  -27,    0
 18616, 99570,20201211,  -50,    0
 18616, 99570,20201212,  -50,    0
 18616, 99570,20201213,  -23,    0
 18616, 99570,20201214,-9999,    9
 18616, 99570,20201215,  -36,    0
 18616, 99570,20201216,  -26,    0
 18616, 99570,20201217,  -25,    0
 18616, 99570,20201218,  -52,    0
 18616, 99570,20201219,    9,    0
 18616, 99570,20201220,    4,    0
 18616, 99570,20201221,  -29,    0
 18616, 99570,20201222,-9999,    9
 18616, 99570,20201223,  -22,    0
 18616, 99570,20201224,  -41,    0
 18616, 99570,20201225,  -67,    0
 18616, 99570,20201226,  -67,    0
 18616, 99570,20201227,-9999,    9
 18616, 99570,20201228,  -25,    0
 18616, 99570,20201229,  -24,    0
 18616, 99570,20201230,  -42,    0
 18616, 99570,20201231,  -81,    0
 18616, 99570,20210101,  -62,    0
 18616, 99570,20210102,  -67,    0
 18616, 99570,20210103, -113,    0
 18616, 99570,20210104, -112,    0
 18616, 99570,20210105, -130,    0
 18616, 99570,20210106, -131,    0
 18616, 99570,20210107, -142,    0
 18616, 99570,20210108, -136,    0
 18616, 99570,20210109, -114,    0
 18616, 99570,20210110, -101,    0
 18616, 99570,20210111, -116,    0
 18616, 99570,20210112,  -98,    0
 18616, 99570,20210113, -136,    0
 18616, 99570,20210114, -142,    0
 18616, 99570,20210115, -107,    0
 18616, 99570,20210116,  -89,    0
 18616, 99570,20210117, -124,    0
 18616, 99570,20210118, -101,    0
 18616, 99570,20210119,  -64,    0
 18616, 99570,20210120,  -61,    0
 18616, 99570,20210121,  -47,    0
 18616, 99570,20210122,  -24,    0
 18616, 99570,20210123,  -40,    0
 18616, 99570,20210124,  -65,    0
 18616, 99570,20210125, -118,    0
 18616, 99570,20210126, -105,    0
 18616, 99570,20210127, -112,    0
 18616, 99570,20210128, -120,    0
 18616, 99570,20210129, -147,    0
 18616, 99570,20210130,  -77,    0
 18616, 99570,20210131,  -73,    0
 18616, 99570,20210201, -123,    0
 18616, 99570,20210202, -157,    0
 18616, 99570,20210203, -167,    0
 18616, 99570,20210204, -174,    0
 18616, 99570,20210205, -135,    0
 18616, 99570,20210206, -148,    0
 18616, 99570,20210207, -125,    0
 18616, 99570,20210208, -140,    0
 18616, 99570,20210209, -125,    0
 18616, 99570,20210210, -165,    0
 18616, 99570,20210211, -165,    0
 18616, 99570,20210212, -110,    0
 18616, 99570,20210213,  -72,    0
 18616, 99570,20210214,  -77,    0
 18616, 99570,20210215,  -98,    0
 18616, 99570,20210216, -101,    0
 18616, 99570,20210217,  -97,    0
 18616, 99570,20210218,  -76,    0
 18616, 99570,20210219,  -50,    0
 18616, 99570,20210220,  -21,    0
 18616, 99570,20210221,-9999,    9
 18616, 99570,20210222,    0,    0
 18616, 99570,20210223,   -2,    0
 18616, 99570,20210224,   10,    0
 18616, 99570,20210225,    6,    0
 18616, 99570,20210226,  -11,    0
 18616, 99570,20210227,   10,    0
 18616, 99570,20210228,    1,    0
 18616, 99570,20210301,    1,    0
 18616, 99570,20210302,  -12,    0
 18616, 99570,20210303,  -28,    0
 18616, 99570,20210304,-9999,    9
 18616, 99570,20210305,  -50,    0
 18616, 99570,20210306,  -48,    0
 18616, 99570,20210307,  -80,    0
 18616, 99570,20210308,  -78,    0
 18616, 99570,20210309,  -52,    0
 18616, 99570,20210310, -102,    0
 18616, 99570,20210311,  -63,    0
 18616, 99570,20210312,  -37,    0
 18616, 99570,20210313,  -66,    0
 18616, 99570,20210314,  -82,    0
 18616, 99570,20210315,  -33,    0
 18616, 99570,20210316,  -51,    0
 18616, 99570,20210317,  -58,    0
 18616, 99570,20210318,  -31,    0
 18616, 99570,20210319,  -37,    0
 18616, 99570,20210320,   -1,    0
 18616, 99570,20210321,-9999,    9
 18616, 99570,20210322,    7,    0
 18616, 99570,20210323,   28,    0
 18616, 99570,20210324,    9,    0
 18616, 99570,20210325,  -22,    0
 18616, 99570,20210326,  -10,    0
 18616, 99570,20210327,   -8,    0
 18616, 99570,20210328,  -14,    0
 18616, 99570,20210329,    2,    0
 18616, 99570,20210330,   -4,    0
 18616, 99570,20210331,  -21,    0
 18616, 99570,20210401,  -23,    0
 18616, 99570,20210402,  -37,    0
 18616, 99570,20210403,  -18,    0
 18616, 99570,20210404,  -15,    0
 18616, 99570,20210405,  -60,    0
 18616, 99570,20210406,  -34,    0
 18616, 99570,20210407,  -53,    0
 18616, 99570,20210408,  -61,    0
 18616, 99570,20210409,  -47,    0
 18616, 99570,20210410,  -48,    0
 18616, 99570,20210411,  -52,    0
 18616, 99570,20210412,  -41,    0
 18616, 99570,20210413,  -49,    0
 18616, 99570,20210414,  -31,    0
 18616, 99570,20210415,  -21,    0
 18616, 99570,20210416,    7,    0
 18616, 99570,20210417,-9999,    9
 18616, 99570,20210418,   39,    0
 18616, 99570,20210419,   46,    0
 18616, 99570,20210420,   43,    0
 18616, 99570,20210421,  -23,    0
 18616, 99570,20210422,  -41,    0
 18616, 99570,20210423,  -45,    0
 18616, 99570,20210424,  -46,    0
 18616, 99570,20210425,  -44,    0
 18616, 99570,20210426,  -39,    0
 18616, 99570,20210427,  -32,    0
 18616, 99570,20210428,  -39,    0
 18616, 99570,20210429,  -39,    0
 18616, 99570,20210430,  -28,    0
 18616, 99570,20210501,  -29,    0
 18616, 99570,20210502,  -26,    0
 18616, 99570,20210503,-9999,    9
 18616, 99570,20210504,   -5,    0
 18616, 99570,20210505,  -20,    0
 18616, 99570,20210506,  -44,    0
 18616, 99570,20210507,  -30,    0
 18616, 99570,20210508,  -19,    0
 18616, 99570,20210509,   -3,    0
 18616, 99570,20210510,   46,    0
 18616, 99570,20210511,   63,    0
 18616, 99570,20210512,   34,    0
 18616, 99570,20210513,   36,    0
 18616, 99570,20210514,   73,    0
 18616, 99570,20210515,   52,    0
 18616, 99570,20210516,   32,    0
 18616, 99570,20210517,   28,    0
 18616, 99570,20210518,   43,    0
 18616, 99570,20210519,   44,    0
 18616, 99570,20210520,   35,    0
 18616, 99570,20210521,   44,    0
 18616, 99570,20210522,   54,    0
 18616, 99570,20210523,   36,    0
 18616, 99570,20210524,   60,    0
 18616, 99570,20210525,   60,    0
 18616, 99570,20210526,   63,    0
 18616, 99570,20210527,   59,    0
 18616, 99570,20210528,   57,    0
 18616, 99570,20210529,   79,    0
 18616, 99570,20210530,  107,    0
 18616, 99570,20210531,  105,    0
 18616, 99570,20210601,  124,    0
 18616, 99570,20210602,  133,    0
 18616, 99570,20210603,  138,    0
 18616, 99570,20210604,  136,    0
 18616, 99570,20210605,  141,    0
 18616, 99570,20210606,  126,    0
 18616, 99570,20210607,  111,    0
 18616, 99570,20210608,  121,    0
 18616, 99570,20210609,  133,    0
 18616, 99570,20210610,  151,    0
 18616, 99570,20210611,-9999,    9
 18616, 99570,20210612,   62,    0
 18616, 99570,20210613,   64,    0
 18616, 99570,20210614,-9999,    9
 18616, 99570,20210615,   43,    0
 18616, 99570,20210616,   62,    0
 18616, 99570,20210617,  128,    0
 18616, 99570,20210618,   82,    0
 18616, 99570,20210619,   58,    0
 18616, 99570,20210620,   84,    0
 18616, 99570,20210621,   88,    0
 18616, 99570,20210622,   69,    0
 18616, 99570,20210623,  116,    0
 18616, 99570,20210624,  115,    0
 18616, 99570,20210625,   81,    0
 18616, 99570,20210626,  109,    0
 18616, 99570,20210627,  113,    0
 18616, 99570,20210628,  116,    0
 18616, 99570,20210629,   75,    0
 18616, 99570,20210630,   83,    0
 18616, 99570,20210701,  145,    0
 18616, 99570,20210702,  183,    0
 18616, 99570,20210703,  202,    0
 18616, 99570,20210704,  177,    0
 18616, 99570,20210705,  169,    0
 18616, 99570,20210706,  146,    0
 18616, 99570,20210707,  143,    0
 18616, 99570,20210708,  140,    0
 18616, 99570,20210709,  153,    0
 18616, 99570,20210710,  138,    0
 18616, 99570,20210711,  128,    0
 18616, 99570,20210712,  153,    0
 18616, 99570,20210713,  165,    0
 18616, 99570,20210714,  171,    0
 18616, 99570,20210715,  121,    0
 18616, 99570,20210716,  122,    0
 18616, 99570,20210717,  128,    0
 18616, 99570,20210718,   63,    0
 18616, 99570,20210719,   79,    0
 18616, 99570,20210720,   66,    0
 18616, 99570,20210721,   94,    0
 18616, 99570,20210722,   88,    0
 18616, 99570,20210723,   94,    0
 18616, 99570,20210724,  157,    0
 18616, 99570,20210725,  175,    0
 18616, 99570,20210726,  185,    0
 18616, 99570,20210727,  172,    0
 18616, 99570,20210728,  162,    0
 18616, 99570,20210729,-9999,    9
 18616, 99570,20210730,   93,    0
 18616, 99570,20210731,   87,    0
 18616, 99570,20210801,   65,    0
 18616, 99570,20210802,-9999,    9
 18616, 99570,20210803,   61,    0
 18616, 99570,20210804,  101,    0
 18616, 99570,20210805,  122,    0
 18616, 99570,20210806,  130,    0
 18616, 99570,20210807,  120,    0
 18616, 99570,20210808,  122,    0
 18616, 99570,20210809,  138,    0
 18616, 99570,20210810,  125,    0
 18616, 99570,20210811,  127,    0
 18616, 99570,20210812,-9999,    9
 18616, 99570,20210813,  132,    0
 18616, 99570,20210814,   86,    0
 18616, 99570,20210815,   74,    0
 18616, 99570,20210816,   72,    0
 18616, 99570,20210817,   82,    0
 18616, 99570,20210818,   70,    0
 18616, 99570,20210819,   58,    0
 18616, 99570,20210820,   57,    0
 18616, 99570,20210821,   50,    0
 18616, 99570,20210822,   47,    0
 18616, 99570,20210823,   63,    0
 18616, 99570,20210824,   75,    0
 18616, 99570,20210825,   61,    0
 18616, 99570,20210826,   58,    0
 18616, 99570,20210827,   77,    0
 18616, 99570,20210828,  101,    0
 18616, 99570,20210829,   97,    0
 18616, 99570,20210830,   72,    0
 18616, 99570,20210831,-9999,    9
 18616, 99570,20210901,   70,    0
 18616, 99570,20210902,   72,    0
 18616, 99570,20210903,   30,    0
 18616, 99570,20210904,   53,    0
 18616, 99570,20210905,   62,    0
 18616, 99570,20210906,   81,    0
 18616, 99570,20210907,   92,    0
 18616, 99570,20210908,-9999,    9
 18616, 99570,20210909,   95,    0
 18616, 99570,20210910,   91,    0
 18616, 99570,20210911,  114,    0
 18616, 99570,20210912,   64,    0
 18616, 99570,20210913,   35,    0
 18616, 99570,20210914,   47,    0
 18616, 99570,20210915,   73,    0
 18616, 99570,20210916,   68,    0
 18616, 99570,20210917,   38,    0
 18616, 99570,20210918,   43,    0
 18616, 99570,20210919,   47,    0
 18616, 99570,20210920,   32,    0
 18616, 99570,20210921,   50,    0
 18616, 99570,20210922,   77,    0
 18616, 99570,20210923,   40,    0
 18616, 99570,20210924,   17,    0
 18616, 99570,20210925,   40,    0
 18616, 99570,20210926,   86,    0
 18616, 99570,20210927,   81,    0
 18616, 99570,20210928,   61,    0
 18616, 99570,20210929,   61,    0
 18616, 99570,20210930,   54,    0
 18616, 99570,20211001,   62,    0
 18616, 99570,20211002,   73,    0
 18616, 99570,20211003,   81,    0
 18616, 99570,20211004,   75,    0
 18616, 99570,20211005,   74,    0
 18616, 99570,20211006,   56,    0
 18616, 99570,20211007,   49,    0
 18616, 99570,20211008,   84,    0
 18616, 99570,20211009,   91,    0
 18616, 99570,20211010,   61,    0
 18616, 99570,20211011,   14,    0
 18616, 99570,20211012,    0,    0
 18616, 99570,20211013,   -6,    0
 18616, 99570,20211014,   28,    0
 18616, 99570,20211015,-9999,    9
 18616, 99570,20211016,  -13,    0
 18616, 99570,20211017,  -16,    0
 18616, 99570,20211018,  -22,    0
 18616, 99570,20211019,  -11,    0
 18616, 99570,20211020,   26,    0
 18616, 99570,20211021,   -5,    0
 18616, 99570,20211022,  -13,    0
 18616, 99570,20211023,  -12,    0
 18616, 99570,20211024,    8,    0
 18616, 99570,20211025,   38,    0
 18616, 99570,20211026,   21,    0
 18616, 99570,20211027,   27,    0
 18616, 99570,20211028,   51,    0
 18616, 99570,20211029,   57,    0
 18616, 99570,20211030,   54,    0
 18616, 99570,20211031,-9999,    9
 18616, 99570,20211101,-9999,    9
 18616, 99570,20211102,   39,    0
 18616, 99570,20211103,   13,    0
 18616, 99570,20211104,    5,    0
 18616, 99570,20211105,  -15,    0
 18616, 99570,20211106,  -25,    0
 18616, 99570,20211107,-9999,    9
 18616, 99570,20211108,-9999,    9
 18616, 99570,20211109,   -9,    0
 18616, 99570,20211110,  -16,    0
 18616, 99570,20211111,   -8,    0
 18616, 99570,20211112,  -35,    0
 18616, 99570,20211113,  -38,    0
 18616, 99570,20211114,  -43,    0
 18616, 99570,20211115,  -23,    0
 18616, 99570,20211116,    3,    0
 18616, 99570,20211117,   -5,    0
 18616, 99570,20211118,  -39,    0
 18616, 99570,20211119,   -2,    0
 18616, 99570,20211120,  -22,    0
 18616, 99570,20211121,  -49,    0
 18616, 99570,20211122,  -36,    0
 18616, 99570,20211123,   -7,    0
 18616, 99570,20211124,  -14,    0
 18616, 99570,20211125,  -58,    0
 18616, 99570,20211126, -106,    0
 18616, 99570,20211127, -114,    0
 18616, 99570,20211128, -123,    0
 18616, 99570,20211129, -164,    0
 18616, 99570,20211130,-9999,    9
 18616, 99570,20211201,  -89,    0
 18616, 99570,20211202, -108,    0
 18616, 99570,20211203, -146,    0
 18616, 99570,20211204, -114,    0
 18616, 99570,20211205, -144,    0
 18616, 99570,20211206, -174,    0
 18616, 99570,20211207, -146,    0
 18616, 99570,20211208, -107,    0
 18616, 99570,20211209,  -71,    0
 18616, 99570,20211210,  -68,    0
 18616, 99570,20211211,  -42,    0
 18616, 99570,20211212,  -43,    0
 18616, 99570,20211213,  -47,    0
 18616, 99570,20211214,  -47,    0
 18616, 99570,20211215,  -22,    0
 18616, 99570,20211216,   -7,    0
 18616, 99570,20211217,   18,    0
 18616, 99570,20211218,   17,    0
 18616, 99570,20211219,  -31,    0
 18616, 99570,20211220,  -45,    0
 18616, 99570,20211221,  -67,    0
 18616, 99570,20211222,  -93,    0
 18616, 99570,20211223,  -85,    0
 18616, 99570,20211224, -135,    0
 18616, 99570,20211225,  -66,    0
 18616, 99570,20211226,  -58,    0
 18616, 99570,20211227,  -87,    0
 18616, 99570,20211228, -118,    0
 18616, 99570,20211229, -113,    0
 18616, 99570,20211230,  -58,    0
 18616, 99570,20211231,  -43,    0
 18616, 99570,20220101,  -73,    0
 18616, 99570,20220102,  -46,    0
 18616, 99570,20220103,  -44,    0
 18616, 99570,20220104, -114,    0
 18616, 99570,20220105,  -97,    0
 18616, 99570,20220106,-9999,    9
 18616, 99570,20220107,-9999,    9
 18616, 99570,20220108,-9999,    9
 18616, 99570,20220109,-9999,    9
 18616, 99570,20220110,  -78,    0
 18616, 99570,20220111,  -38,    0
 18616, 99570,20220112,   -5,    0
 18616, 99570,20220113,   -1,    0
 18616, 99570,20220114,  -45,    0
 18616, 99570,20220115,  -49,    0
 18616, 99570,20220116,  -43,    0
 18616, 99570,20220117,  -48,    0
 18616, 99570,20220118,-9999,    9
 18616, 99570,20220119,  -32,    0
 18616, 99570,20220120,  -80,    0
 18616, 99570,20220121,  -44,    0
 18616, 99570,20220122,  -16,    0
 18616, 99570,20220123,   16,    0
 18616, 99570,20220124,  -12,    0
 18616, 99570,20220125,  -52,    0
 18616, 99570,20220126,  -34,    0
 18616, 99570,20220127,  -37,    0
 18616, 99570,20220128,  -58,    0
 18616, 99570,20220129,  -34,    0
 18616, 99570,20220130,  -55,    0
 18616, 99570,20220131,  -99,    0
 18616, 99570,20220201,-9999,    9
 18616, 99570,20220202,-9999,    9
 18616, 99570,20220203, -100,    0
 18616, 99570,20220204,  -59,    0
 18616, 99570,20220205,  -65,    0
 18616, 99570,20220206,  -57,    0
 18616, 99570,20220207,  -43,    0
 18616, 99570,20220208,  -48,    0
 18616, 99570,20220209,  -48,    0
 18616, 99570,20220210,  -56,    0
 18616, 99570,20220211,  -76,    0
 18616, 99570,20220212,  -35,    0
 18616, 99570,20220213,  -12,    0
 18616, 99570,20220214,  -68,    0
 18616, 99570,20220215,  -80,    0
 18616, 99570,20220216,  -68,    0
 18616, 99570,20220217,  -68,    0
 18616, 99570,20220218,  -47,    0
 18616, 99570,20220219,  -80,    0
 18616, 99570,20220220,  -78,    0
 18616, 99570,20220221,  -83,    0
 18616, 99570,20220222,  -82,    0
 18616, 99570,20220223,  -62,    0
 18616, 99570,20220224,  -46,    0
 18616, 99570,20220225,  -62,    0
 18616, 99570,20220226,  -55,    0
 18616, 99570,20220227,  -22,    0
 18616, 99570,20220228,  -47,    0
 18616, 99570,20220301,  -23,    0
 18616, 99570,20220302,  -30,    0
 18616, 99570,20220303,-9999,    9
 18616, 99570,20220304,  -76,    0
 18616, 99570,20220305,  -59,    0
 18616, 99570,20220306,  -28,    0
 18616, 99570,20220307,  -11,    0
 18616, 99570,20220308,  -42,    0
 18616, 99570,20220309,  -23,    0
 18616, 99570,20220310,  -31,    0
 18616, 99570,20220311,  -34,    0
 18616, 99570,20220312,  -19,    0
 18616, 99570,20220313,  -13,    0
 18616, 99570,20220314,   -6,    0
 18616, 99570,20220315,  -17,    0
 18616, 99570,20220316,  -16,    0
 18616, 99570,20220317,  -13,    0
 18616, 99570,20220318,  -19,    0
 18616, 99570,20220319,   17,    0
 18616, 99570,20220320,   34,    0
 18616, 99570,20220321,   -8,    0
 18616, 99570,20220322,  -21,    0
 18616, 99570,20220323,   11,    0
 18616, 99570,20220324,   24,    0
 18616, 99570,20220325,    4,    0
 18616, 99570,20220326,  -48,    0
 18616, 99570,20220327,-9999,    9
 18616, 99570,20220328,  -45,    0
 18616, 99570,20220329,  -88,    0
 18616, 99570,20220330,  -72,    0
 18616, 99570,20220331,  -81,    0
 18616, 99570,20220401,  -84,    0
 18616, 99570,20220402,  -51,    0
 18616, 99570,20220403,  -48,    0
 18616, 99570,20220404,  -74,    0
 18616, 99570,20220405,-9999,    9
 18616, 99570,20220406,  -68,    0
 18616, 99570,20220407,  -82,    0
 18616, 99570,20220408,  -91,    0
 18616, 99570,20220409,  -43,    0
 18616, 99570,20220410,  -25,    0
 18616, 99570,20220411,  -32,    0
 18616, 99570,20220412,  -22,    0
 18616, 99570,20220413,   -6,    0
 18616, 99570,20220414,  -27,    0
 18616, 99570,20220415,   -9,    0
 18616, 99570,20220416,   15,    0
 18616, 99570,20220417,   28,    0
 18616, 99570,20220418,   48,    0
 18616, 99570,20220419,   58,    0
 18616, 99570,20220420,   63,    0
 18616, 99570,20220421,   63,    0
 18616, 99570,20220422,   -2,    0
 18616, 99570,20220423,   14,    0
 18616, 99570,20220424,   10,    0
 18616, 99570,20220425,   -7,    0
 18616, 99570,20220426,  -41,    0
 18616, 99570,20220427,  -39,    0
 18616, 99570,20220428,  -24,    0
 18616, 99570,20220429,  -20,    0
 18616, 99570,20220430,   -7,    0
 18616, 99570,20220501,-9999,    9
 18616, 99570,20220502,-9999,    9
 18616, 99570,20220503,-9999,    9
 18616, 99570,20220504,-9999,    9
 18616, 99570,20220505,-9999,    9
 18616, 99570,20220506,-9999,    9
 18616, 99570,20220507,-9999,    9
 18616, 99570,20220508,-9999,    9
 18616, 99570,20220509,-9999,    9
 18616, 99570,20220510,-9999,    9
 18616, 99570,20220511,-9999,    9
 18616, 99570,20220512,-9999,    9
 18616, 99570,20220513,-9999,    9
 18616, 99570,20220514,-9999,    9
 18616, 99570,20220515,   -2,    0
 18616, 99570,20220516,  -12,    0
 18616, 99570,20220517,   26,    0
 18616, 99570,20220518,   72,    0
 18616, 99570,20220519,-9999,    9
 18616, 99570,20220520,-9999,    9
 18616, 99570,20220521,   64,    0
 18616, 99570,20220522,   74,    0
 18616, 99570,20220523,   73,    0
 18616, 99570,20220524,   81,    0
 18616, 99570,20220525,   72,    0
 18616, 99570,20220526,   52,    0
 18616, 99570,20220527,   22,    0
 18616, 99570,20220528,   15,    0
 18616, 99570,20220529,   25,    0
 18616, 99570,20220530,   79,    0
 18616, 99570,20220531,   79,    0
 18616, 99570,20220601,   67,    0
 18616, 99570,20220602,   89,    0
 18616, 99570,20220603,   52,    0
 18616, 99570,20220604,   52,    0
 18616, 99570,20220605,   42,    0
 18616, 99570,20220606,   93,    0
 18616, 99570,20220607,   97,    0
 18616, 99570,20220608,   94,    0
 18616, 99570,20220609,   84,    0
 18616, 99570,20220610,  127,    0
 18616, 99570,20220611,  105,    0
 18616, 99570,20220612,-9999,    9
 18616, 99570,20220613,-9999,    9
 18616, 99570,20220614,   71,    0
 18616, 99570,20220615,   76,    0
 18616, 99570,20220616,   94,    0
 18616, 99570,20220617,  109,    0
 18616, 99570,20220618,   52,    0
 18616, 99570,20220619,   59,    0
 18616, 99570,20220620,  106,    0
 18616, 99570,20220621,   72,    0
 18616, 99570,20220622,   87,    0
 18616, 99570,20220623,  135,    0
 18616, 99570,20220624,  174,    0
 18616, 99570,20220625,  192,    0
 18616, 99570,20220626,  184,    0
 18616, 99570,20220627,  177,    0
 18616, 99570,20220628,  144,    0
 18616, 99570,20220629,  122,    0
 18616, 99570,20220630,  169,    0
 18616, 99570,20220701,  165,    0
 18616, 99570,20220702,  128,    0
 18616, 99570,20220703,  111,    0
 18616, 99570,20220704,  105,    0
 18616, 99570,20220705,   73,    0
 18616, 99570,20220706,   73,    0
 18616, 99570,20220707,   61,    0
 18616, 99570,20220708,   83,    0
 18616, 99570,20220709,   59,    0
 18616, 99570,20220710,   63,    0
 18616, 99570,20220711,   99,    0
 18616, 99570,20220712,  145,    0
 18616, 99570,20220713,   82,    0
 18616, 99570,20220714,   54,    0
 18616, 99570,20220715,   42,    0
 18616, 99570,20220716,   47,    0
 18616, 99570,20220717,   72,    0
 18616, 99570,20220718,   83,    0
 18616, 99570,20220719,  111,    0
 18616, 99570,20220720,  161,    0
 18616, 99570,20220721,  111,    0
 18616, 99570,20220722,   72,    0
 18616, 99570,20220723,   97,    0
 18616, 99570,20220724,  126,    0
 18616, 99570,20220725,  126,    0
 18616, 99570,20220726,   95,    0
 18616, 99570,20220727,   51,    0
 18616, 99570,20220728,   54,    0
 18616, 99570,20220729,  116,    0
 18616, 99570,20220730,  143,    0
 18616, 99570,20220731,  122,    0
 18616, 99570,20220801,   57,    0
 18616, 99570,20220802,   75,    0
 18616, 99570,20220803,  128,    0
 18616, 99570,20220804,  120,    0
 18616, 99570,20220805,   83,    0
 18616, 99570,20220806,   64,    0
 18616, 99570,20220807,   92,    0
 18616, 99570,20220808,  114,    0
 18616, 99570,20220809,-9999,    9
 18616, 99570,20220810,  152,    0
 18616, 99570,20220811,  118,    0
 18616, 99570,20220812,  114,    0
 18616, 99570,20220813,  121,    0
 18616, 99570,20220814,  160,    0
 18616, 99570,20220815,-9999,    9
 18616, 99570,20220816,  157,    0
 18616, 99570,20220817,-9999,    9
 18616, 99570,20220818,   83,    0
 18616, 99570,20220819,  143,    0
 18616, 99570,20220820,  140,    0
 18616, 99570,20220821,  113,    0
 18616, 99570,20220822,   84,    0
 18616, 99570,20220823,  107,    0
 18616, 99570,20220824,  136,    0
 18616, 99570,20220825,  151,    0
 18616, 99570,20220826,  141,    0
 18616, 99570,20220827,   84,    0
 18616, 99570,20220828,   61,    0
 18616, 99570,20220829,   55,    0
 18616, 99570,20220830,   56,    0
 18616, 99570,20220831,   55,    0
 18616, 99570,20220901,   68,    0
 18616, 99570,20220902,   59,    0
 18616, 99570,20220903,   62,    0
 18616, 99570,20220904,   61,    0
 18616, 99570,20220905,   82,    0
 18616, 99570,20220906,   74,    0
 18616, 99570,20220907,   75,    0
 18616, 99570,20220908,   83,    0
 18616, 99570,20220909,   58,    0
 18616, 99570,20220910,   73,    0
 18616, 99570,20220911,   74,    0
 18616, 99570,20220912,   76,    0
 18616, 99570,20220913,   88,    0
 18616, 99570,20220914,   62,    0
 18616, 99570,20220915,   48,    0
 18616, 99570,20220916,   56,    0
 18616, 99570,20220917,   53,    0
 18616, 99570,20220918,   46,    0
 18616, 99570,20220919,   32,    0
 18616, 99570,20220920,   22,    0
 18616, 99570,20220921,   46,    0
 18616, 99570,20220922,   64,    0
 18616, 99570,20220923,   68,    0
 18616, 99570,20220924,   46,    0
 18616, 99570,20220925,   49,    0
 18616, 99570,20220926,   48,    0
 18616, 99570,20220927,   60,    0
 18616, 99570,20220928,   64,    0
 18616, 99570,20220929,   40,    0
 18616, 99570,20220930,   42,    0
 18616, 99570,20221001,   50,    0
 18616, 99570,20221002,   59,    0
 18616, 99570,20221003,   48,    0
 18616, 99570,20221004,   52,    0
 18616, 99570,20221005,   54,    0
 18616, 99570,20221006,   42,    0
 18616, 99570,20221007,   45,    0
 18616, 99570,20221008,   12,    0
 18616, 99570,20221009,   24,    0
 18616, 99570,20221010,   50,    0
 18616, 99570,20221011,    3,    0
 18616, 99570,20221012,   19,    0
 18616, 99570,20221013,   29,    0
 18616, 99570,20221014,   36,    0
 18616, 99570,20221015,   13,    0
 18616, 99570,20221016,   19,    0
 18616, 99570,20221017,   25,    0
 18616, 99570,20221018,   -5,    0
 18616, 99570,20221019,    3,    0
 18616, 99570,20221020,    0,    0
 18616, 99570,20221021,   -8,    0
 18616, 99570,20221022,   -2,    0
 18616, 99570,20221023,    1,    0
 18616, 99570,20221024,   10,    0
 18616, 99570,20221025,   25,    0
 18616, 99570,20221026,   44,    0
 18616, 99570,20221027,   47,    0
 18616, 99570,20221028,   58,    0
 18616, 99570,20221029,   22,    0
 18616, 99570,20221030,-9999,    9
 18616, 99570,20221031,   41,    0
