EUROPEAN CLIMATE ASSESSMENT & DATASET (ECA&D), file created on: 16-11-2022
THESE DATA CAN BE USED FOR NON-COMMERCIAL RESEARCH AND EDUCATION PROVIDED THAT THE FOLLOWING SOURCE IS ACKNOWLEDGED: 

Klein Tank, A.M.G. and Coauthors, 2002. Daily dataset of 20th-century surface
air temperature and precipitation series for the European Climate Assessment.
Int. J. of Climatol., 22, 1441-1453.
Data and metadata available at http://www.ecad.eu

FILE FORMAT (MISSING VALUE CODE = -9999):

01-06 STAID: Station identifier
08-13 SOUID: Source identifier
15-22 DATE : Date YYYYMMDD
24-28 TG   : Mean temperature in 0.1 &#176;C
30-34 Q_TG : quality code for TG (0='valid'; 1='suspect'; 9='missing')

This is the blended series of station FLAM - JOASETBERGI, NORWAY (STAID: 18471)
Blended and updated with sources:99297 
See files sources.txt and stations.txt for more info.

STAID, SOUID,    DATE,   TG, Q_TG
 18471, 99297,20180801,-9999,    9
 18471, 99297,20180802,-9999,    9
 18471, 99297,20180803,-9999,    9
 18471, 99297,20180804,-9999,    9
 18471, 99297,20180805,-9999,    9
 18471, 99297,20180806,-9999,    9
 18471, 99297,20180807,-9999,    9
 18471, 99297,20180808,-9999,    9
 18471, 99297,20180809,-9999,    9
 18471, 99297,20180810,-9999,    9
 18471, 99297,20180811,-9999,    9
 18471, 99297,20180812,-9999,    9
 18471, 99297,20180813,-9999,    9
 18471, 99297,20180814,-9999,    9
 18471, 99297,20180815,-9999,    9
 18471, 99297,20180816,-9999,    9
 18471, 99297,20180817,-9999,    9
 18471, 99297,20180818,-9999,    9
 18471, 99297,20180819,-9999,    9
 18471, 99297,20180820,-9999,    9
 18471, 99297,20180821,-9999,    9
 18471, 99297,20180822,-9999,    9
 18471, 99297,20180823,-9999,    9
 18471, 99297,20180824,-9999,    9
 18471, 99297,20180825,-9999,    9
 18471, 99297,20180826,   55,    0
 18471, 99297,20180827,   72,    0
 18471, 99297,20180828,  102,    0
 18471, 99297,20180829,   95,    0
 18471, 99297,20180830,   68,    0
 18471, 99297,20180831,   85,    0
 18471, 99297,20180901,   94,    0
 18471, 99297,20180902,  110,    0
 18471, 99297,20180903,  106,    0
 18471, 99297,20180904,  100,    0
 18471, 99297,20180905,  111,    0
 18471, 99297,20180906,  109,    0
 18471, 99297,20180907,  116,    0
 18471, 99297,20180908,  101,    0
 18471, 99297,20180909,   94,    0
 18471, 99297,20180910,   68,    0
 18471, 99297,20180911,   58,    0
 18471, 99297,20180912,   38,    0
 18471, 99297,20180913,   43,    0
 18471, 99297,20180914,   41,    0
 18471, 99297,20180915,-9999,    9
 18471, 99297,20180916,   51,    0
 18471, 99297,20180917,   60,    0
 18471, 99297,20180918,  121,    0
 18471, 99297,20180919,  102,    0
 18471, 99297,20180920,-9999,    9
 18471, 99297,20180921,   43,    0
 18471, 99297,20180922,   34,    0
 18471, 99297,20180923,   23,    0
 18471, 99297,20180924,   11,    0
 18471, 99297,20180925,   34,    0
 18471, 99297,20180926,   52,    0
 18471, 99297,20180927,   22,    0
 18471, 99297,20180928,   11,    0
 18471, 99297,20180929,   30,    0
 18471, 99297,20180930,   27,    0
 18471, 99297,20181001,   16,    0
 18471, 99297,20181002,    2,    0
 18471, 99297,20181003,   12,    0
 18471, 99297,20181004,   29,    0
 18471, 99297,20181005,   17,    0
 18471, 99297,20181006,   14,    0
 18471, 99297,20181007,    5,    0
 18471, 99297,20181008,   34,    0
 18471, 99297,20181009,   72,    0
 18471, 99297,20181010,   86,    0
 18471, 99297,20181011,  105,    0
 18471, 99297,20181012,  106,    0
 18471, 99297,20181013,  118,    0
 18471, 99297,20181014,  105,    0
 18471, 99297,20181015,   24,    0
 18471, 99297,20181016,   48,    0
 18471, 99297,20181017,   62,    0
 18471, 99297,20181018,   24,    0
 18471, 99297,20181019,   29,    0
 18471, 99297,20181020,   35,    0
 18471, 99297,20181021,   51,    0
 18471, 99297,20181022,    0,    0
 18471, 99297,20181023,    7,    0
 18471, 99297,20181024,   -3,    0
 18471, 99297,20181025,   13,    0
 18471, 99297,20181026,  -18,    0
 18471, 99297,20181027,  -51,    0
 18471, 99297,20181028,  -75,    0
 18471, 99297,20181029,  -68,    0
 18471, 99297,20181030,  -24,    0
 18471, 99297,20181031,   21,    0
 18471, 99297,20181101,   30,    0
 18471, 99297,20181102,   14,    0
 18471, 99297,20181103,   15,    0
 18471, 99297,20181104,   53,    0
 18471, 99297,20181105,   39,    0
 18471, 99297,20181106,   30,    0
 18471, 99297,20181107,   61,    0
 18471, 99297,20181108,   44,    0
 18471, 99297,20181109,   26,    0
 18471, 99297,20181110,   46,    0
 18471, 99297,20181111,   53,    0
 18471, 99297,20181112,   34,    0
 18471, 99297,20181113,   31,    0
 18471, 99297,20181114,   38,    0
 18471, 99297,20181115,   72,    0
 18471, 99297,20181116,   66,    0
 18471, 99297,20181117,   47,    0
 18471, 99297,20181118,   20,    0
 18471, 99297,20181119,    3,    0
 18471, 99297,20181120,   13,    0
 18471, 99297,20181121,  -13,    0
 18471, 99297,20181122,   -4,    0
 18471, 99297,20181123,  -28,    0
 18471, 99297,20181124,  -43,    0
 18471, 99297,20181125,  -54,    0
 18471, 99297,20181126,  -66,    0
 18471, 99297,20181127,  -63,    0
 18471, 99297,20181128,  -46,    0
 18471, 99297,20181129,   23,    0
 18471, 99297,20181130,   30,    0
 18471, 99297,20181201,    3,    0
 18471, 99297,20181202,    2,    0
 18471, 99297,20181203,   -4,    0
 18471, 99297,20181204,  -35,    0
 18471, 99297,20181205,  -32,    0
 18471, 99297,20181206,  -33,    0
 18471, 99297,20181207,  -10,    0
 18471, 99297,20181208,  -23,    0
 18471, 99297,20181209,  -22,    0
 18471, 99297,20181210,  -17,    0
 18471, 99297,20181211,  -53,    0
 18471, 99297,20181212,  -68,    0
 18471, 99297,20181213,  -70,    0
 18471, 99297,20181214,  -68,    0
 18471, 99297,20181215,  -57,    0
 18471, 99297,20181216,  -38,    0
 18471, 99297,20181217,  -53,    0
 18471, 99297,20181218,  -43,    0
 18471, 99297,20181219,  -18,    0
 18471, 99297,20181220,  -15,    0
 18471, 99297,20181221,  -41,    0
 18471, 99297,20181222,  -62,    0
 18471, 99297,20181223,  -45,    0
 18471, 99297,20181224,  -22,    0
 18471, 99297,20181225,    8,    0
 18471, 99297,20181226,   24,    0
 18471, 99297,20181227,   17,    0
 18471, 99297,20181228,   11,    0
 18471, 99297,20181229,   -5,    0
 18471, 99297,20181230,  -25,    0
 18471, 99297,20181231,   20,    0
 18471, 99297,20190101,  -14,    0
 18471, 99297,20190102,  -41,    0
 18471, 99297,20190103,  -11,    0
 18471, 99297,20190104,   25,    0
 18471, 99297,20190105,   25,    0
 18471, 99297,20190106,   13,    0
 18471, 99297,20190107,  -25,    0
 18471, 99297,20190108,  -24,    0
 18471, 99297,20190109,  -48,    0
 18471, 99297,20190110,    2,    0
 18471, 99297,20190111,  -21,    0
 18471, 99297,20190112,  -38,    0
 18471, 99297,20190113,  -30,    0
 18471, 99297,20190114,  -64,    0
 18471, 99297,20190115,  -41,    0
 18471, 99297,20190116,  -33,    0
 18471, 99297,20190117,  -78,    0
 18471, 99297,20190118,  -59,    0
 18471, 99297,20190119,  -33,    0
 18471, 99297,20190120,  -66,    0
 18471, 99297,20190121,  -57,    0
 18471, 99297,20190122,  -55,    0
 18471, 99297,20190123,  -53,    0
 18471, 99297,20190124,  -58,    0
 18471, 99297,20190125,  -66,    0
 18471, 99297,20190126,  -78,    0
 18471, 99297,20190127,  -89,    0
 18471, 99297,20190128, -101,    0
 18471, 99297,20190129,  -65,    0
 18471, 99297,20190130,  -37,    0
 18471, 99297,20190131,  -61,    0
 18471, 99297,20190201,  -69,    0
 18471, 99297,20190202,  -90,    0
 18471, 99297,20190203,  -86,    0
 18471, 99297,20190204,  -53,    0
 18471, 99297,20190205,  -66,    0
 18471, 99297,20190206,  -42,    0
 18471, 99297,20190207,  -15,    0
 18471, 99297,20190208,  -21,    0
 18471, 99297,20190209,    5,    0
 18471, 99297,20190210,  -30,    0
 18471, 99297,20190211,  -48,    0
 18471, 99297,20190212,  -20,    0
 18471, 99297,20190213,   15,    0
 18471, 99297,20190214,   32,    0
 18471, 99297,20190215,   51,    0
 18471, 99297,20190216,   26,    0
 18471, 99297,20190217,   24,    0
 18471, 99297,20190218,   25,    0
 18471, 99297,20190219,   -1,    0
 18471, 99297,20190220,  -21,    0
 18471, 99297,20190221,    9,    0
 18471, 99297,20190222,   34,    0
 18471, 99297,20190223,   61,    0
 18471, 99297,20190224,   23,    0
 18471, 99297,20190225,   20,    0
 18471, 99297,20190226,   47,    0
 18471, 99297,20190227,   18,    0
 18471, 99297,20190228,  -18,    0
 18471, 99297,20190301,  -39,    0
 18471, 99297,20190302,  -32,    0
 18471, 99297,20190303,    1,    0
 18471, 99297,20190304,   -9,    0
 18471, 99297,20190305,  -27,    0
 18471, 99297,20190306,  -25,    0
 18471, 99297,20190307,  -27,    0
 18471, 99297,20190308,  -41,    0
 18471, 99297,20190309,  -64,    0
 18471, 99297,20190310,  -91,    0
 18471, 99297,20190311,  -75,    0
 18471, 99297,20190312,  -44,    0
 18471, 99297,20190313,  -46,    0
 18471, 99297,20190314,  -23,    0
 18471, 99297,20190315,  -28,    0
 18471, 99297,20190316,  -10,    0
 18471, 99297,20190317,  -32,    0
 18471, 99297,20190318,  -20,    0
 18471, 99297,20190319,  -29,    0
 18471, 99297,20190320,    7,    0
 18471, 99297,20190321,   14,    0
 18471, 99297,20190322,   14,    0
 18471, 99297,20190323,  -19,    0
 18471, 99297,20190324,   -9,    0
 18471, 99297,20190325,  -12,    0
 18471, 99297,20190326,  -13,    0
 18471, 99297,20190327,   23,    0
 18471, 99297,20190328,   37,    0
 18471, 99297,20190329,   27,    0
 18471, 99297,20190330,   -8,    0
 18471, 99297,20190331,  -43,    0
 18471, 99297,20190401,  -21,    0
 18471, 99297,20190402,  -12,    0
 18471, 99297,20190403,    5,    0
 18471, 99297,20190404,   42,    0
 18471, 99297,20190405,   43,    0
 18471, 99297,20190406,   51,    0
 18471, 99297,20190407,    8,    0
 18471, 99297,20190408,  -20,    0
 18471, 99297,20190409,  -35,    0
 18471, 99297,20190410,  -37,    0
 18471, 99297,20190411,  -24,    0
 18471, 99297,20190412,  -20,    0
 18471, 99297,20190413,   -5,    0
 18471, 99297,20190414,    7,    0
 18471, 99297,20190415,   19,    0
 18471, 99297,20190416,   28,    0
 18471, 99297,20190417,   31,    0
 18471, 99297,20190418,   45,    0
 18471, 99297,20190419,   65,    0
 18471, 99297,20190420,   73,    0
 18471, 99297,20190421,   73,    0
 18471, 99297,20190422,   96,    0
 18471, 99297,20190423,   86,    0
 18471, 99297,20190424,   80,    0
 18471, 99297,20190425,   72,    0
 18471, 99297,20190426,   81,    0
 18471, 99297,20190427,   80,    0
 18471, 99297,20190428,   87,    0
 18471, 99297,20190429,  107,    0
 18471, 99297,20190430,  109,    0
 18471, 99297,20190501,   53,    0
 18471, 99297,20190502,    1,    0
 18471, 99297,20190503,  -22,    0
 18471, 99297,20190504,   -7,    0
 18471, 99297,20190505,   -8,    0
 18471, 99297,20190506,   -9,    0
 18471, 99297,20190507,   -9,    0
 18471, 99297,20190508,    2,    0
 18471, 99297,20190509,    6,    0
 18471, 99297,20190510,   17,    0
 18471, 99297,20190511,   11,    0
 18471, 99297,20190512,    7,    0
 18471, 99297,20190513,   13,    0
 18471, 99297,20190514,   50,    0
 18471, 99297,20190515,   69,    0
 18471, 99297,20190516,   89,    0
 18471, 99297,20190517,  102,    0
 18471, 99297,20190518,   70,    0
 18471, 99297,20190519,   97,    0
 18471, 99297,20190520,   92,    0
 18471, 99297,20190521,  106,    0
 18471, 99297,20190522,   94,    0
 18471, 99297,20190523,   60,    0
 18471, 99297,20190524,   62,    0
 18471, 99297,20190525,   47,    0
 18471, 99297,20190526,   34,    0
 18471, 99297,20190527,   32,    0
 18471, 99297,20190528,   -1,    0
 18471, 99297,20190529,   -2,    0
 18471, 99297,20190530,-9999,    9
 18471, 99297,20190531,-9999,    9
 18471, 99297,20190601,   46,    0
 18471, 99297,20190602,-9999,    9
 18471, 99297,20190603,   97,    0
 18471, 99297,20190604,   72,    0
 18471, 99297,20190605,   89,    0
 18471, 99297,20190606,  138,    0
 18471, 99297,20190607,   97,    0
 18471, 99297,20190608,   96,    0
 18471, 99297,20190609,   69,    0
 18471, 99297,20190610,   61,    0
 18471, 99297,20190611,   99,    0
 18471, 99297,20190612,-9999,    9
 18471, 99297,20190613,   89,    0
 18471, 99297,20190614,  105,    0
 18471, 99297,20190615,  128,    0
 18471, 99297,20190616,  110,    0
 18471, 99297,20190617,  101,    0
 18471, 99297,20190618,   94,    0
 18471, 99297,20190619,  100,    0
 18471, 99297,20190620,   98,    0
 18471, 99297,20190621,   61,    0
 18471, 99297,20190622,   55,    0
 18471, 99297,20190623,   67,    0
 18471, 99297,20190624,   99,    0
 18471, 99297,20190625,  101,    0
 18471, 99297,20190626,  101,    0
 18471, 99297,20190627,  102,    0
 18471, 99297,20190628,  127,    0
 18471, 99297,20190629,  143,    0
 18471, 99297,20190630,  116,    0
 18471, 99297,20190701,   70,    0
 18471, 99297,20190702,   27,    0
 18471, 99297,20190703,   23,    0
 18471, 99297,20190704,   40,    0
 18471, 99297,20190705,   72,    0
 18471, 99297,20190706,   72,    0
 18471, 99297,20190707,   93,    0
 18471, 99297,20190708,  103,    0
 18471, 99297,20190709,  112,    0
 18471, 99297,20190710,  129,    0
 18471, 99297,20190711,  149,    0
 18471, 99297,20190712,  151,    0
 18471, 99297,20190713,  143,    0
 18471, 99297,20190714,  134,    0
 18471, 99297,20190715,  104,    0
 18471, 99297,20190716,  119,    0
 18471, 99297,20190717,  139,    0
 18471, 99297,20190718,  138,    0
 18471, 99297,20190719,  128,    0
 18471, 99297,20190720,  112,    0
 18471, 99297,20190721,  109,    0
 18471, 99297,20190722,  107,    0
 18471, 99297,20190723,  145,    0
 18471, 99297,20190724,  189,    0
 18471, 99297,20190725,  204,    0
 18471, 99297,20190726,  211,    0
 18471, 99297,20190727,  213,    0
 18471, 99297,20190728,  204,    0
 18471, 99297,20190729,  184,    0
 18471, 99297,20190730,  147,    0
 18471, 99297,20190731,   94,    0
 18471, 99297,20190801,  122,    0
 18471, 99297,20190802,  148,    0
 18471, 99297,20190803,  158,    0
 18471, 99297,20190804,  146,    0
 18471, 99297,20190805,  128,    0
 18471, 99297,20190806,  119,    0
 18471, 99297,20190807,  111,    0
 18471, 99297,20190808,  117,    0
 18471, 99297,20190809,  142,    0
 18471, 99297,20190810,  127,    0
 18471, 99297,20190811,  130,    0
 18471, 99297,20190812,  114,    0
 18471, 99297,20190813,   71,    0
 18471, 99297,20190814,   64,    0
 18471, 99297,20190815,   93,    0
 18471, 99297,20190816,  105,    0
 18471, 99297,20190817,  100,    0
 18471, 99297,20190818,   94,    0
 18471, 99297,20190819,   80,    0
 18471, 99297,20190820,   78,    0
 18471, 99297,20190821,   75,    0
 18471, 99297,20190822,   74,    0
 18471, 99297,20190823,   89,    0
 18471, 99297,20190824,  125,    0
 18471, 99297,20190825,  148,    0
 18471, 99297,20190826,  158,    0
 18471, 99297,20190827,  176,    0
 18471, 99297,20190828,  165,    0
 18471, 99297,20190829,  111,    0
 18471, 99297,20190830,   99,    0
 18471, 99297,20190831,  133,    0
 18471, 99297,20190901,   74,    0
 18471, 99297,20190902,   54,    0
 18471, 99297,20190903,   52,    0
 18471, 99297,20190904,   42,    0
 18471, 99297,20190905,   51,    0
 18471, 99297,20190906,   49,    0
 18471, 99297,20190907,   64,    0
 18471, 99297,20190908,   68,    0
 18471, 99297,20190909,   83,    0
 18471, 99297,20190910,   88,    0
 18471, 99297,20190911,   82,    0
 18471, 99297,20190912,   63,    0
 18471, 99297,20190913,   39,    0
 18471, 99297,20190914,   47,    0
 18471, 99297,20190915,   37,    0
 18471, 99297,20190916,   31,    0
 18471, 99297,20190917,   16,    0
 18471, 99297,20190918,   29,    0
 18471, 99297,20190919,   25,    0
 18471, 99297,20190920,   75,    0
 18471, 99297,20190921,   88,    0
 18471, 99297,20190922,  111,    0
 18471, 99297,20190923,   91,    0
 18471, 99297,20190924,   72,    0
 18471, 99297,20190925,   52,    0
 18471, 99297,20190926,   55,    0
 18471, 99297,20190927,   72,    0
 18471, 99297,20190928,   73,    0
 18471, 99297,20190929,   70,    0
 18471, 99297,20190930,   20,    0
 18471, 99297,20191001,   21,    0
 18471, 99297,20191002,   39,    0
 18471, 99297,20191003,   31,    0
 18471, 99297,20191004,   -3,    0
 18471, 99297,20191005,  -16,    0
 18471, 99297,20191006,   -5,    0
 18471, 99297,20191007,   17,    0
 18471, 99297,20191008,   11,    0
 18471, 99297,20191009,   28,    0
 18471, 99297,20191010,   37,    0
 18471, 99297,20191011,   24,    0
 18471, 99297,20191012,   35,    0
 18471, 99297,20191013,   25,    0
 18471, 99297,20191014,   28,    0
 18471, 99297,20191015,   36,    0
 18471, 99297,20191016,   43,    0
 18471, 99297,20191017,   42,    0
 18471, 99297,20191018,   32,    0
 18471, 99297,20191019,   29,    0
 18471, 99297,20191020,   18,    0
 18471, 99297,20191021,   15,    0
 18471, 99297,20191022,   43,    0
 18471, 99297,20191023,   57,    0
 18471, 99297,20191024,   56,    0
 18471, 99297,20191025,    9,    0
 18471, 99297,20191026,   -4,    0
 18471, 99297,20191027,  -15,    0
 18471, 99297,20191028,  -14,    0
 18471, 99297,20191029,  -27,    0
 18471, 99297,20191030,   -2,    0
 18471, 99297,20191031,   10,    0
 18471, 99297,20191101,  -10,    0
 18471, 99297,20191102,  -26,    0
 18471, 99297,20191103,  -35,    0
 18471, 99297,20191104,  -45,    0
 18471, 99297,20191105,  -32,    0
 18471, 99297,20191106,  -31,    0
 18471, 99297,20191107,  -37,    0
 18471, 99297,20191108,  -73,    0
 18471, 99297,20191109,  -67,    0
 18471, 99297,20191110,  -82,    0
 18471, 99297,20191111,  -96,    0
 18471, 99297,20191112,  -37,    0
 18471, 99297,20191113,   -4,    0
 18471, 99297,20191114,  -25,    0
 18471, 99297,20191115,  -30,    0
 18471, 99297,20191116,  -22,    0
 18471, 99297,20191117,  -20,    0
 18471, 99297,20191118,  -28,    0
 18471, 99297,20191119,  -38,    0
 18471, 99297,20191120,  -47,    0
 18471, 99297,20191121,    8,    0
 18471, 99297,20191122,   21,    0
 18471, 99297,20191123,   11,    0
 18471, 99297,20191124,   19,    0
 18471, 99297,20191125,   20,    0
 18471, 99297,20191126,    6,    0
 18471, 99297,20191127,   -9,    0
 18471, 99297,20191128,  -32,    0
 18471, 99297,20191129,  -43,    0
 18471, 99297,20191130,  -42,    0
 18471, 99297,20191201,  -27,    0
 18471, 99297,20191202,  -40,    0
 18471, 99297,20191203,   16,    0
 18471, 99297,20191204,   28,    0
 18471, 99297,20191205,    1,    0
 18471, 99297,20191206,   -2,    0
 18471, 99297,20191207,  -30,    0
 18471, 99297,20191208,  -24,    0
 18471, 99297,20191209,  -27,    0
 18471, 99297,20191210,  -43,    0
 18471, 99297,20191211,   -8,    0
 18471, 99297,20191212,  -17,    0
 18471, 99297,20191213,  -24,    0
 18471, 99297,20191214,  -21,    0
 18471, 99297,20191215,  -25,    0
 18471, 99297,20191216,  -27,    0
 18471, 99297,20191217,  -21,    0
 18471, 99297,20191218,  -17,    0
 18471, 99297,20191219,  -12,    0
 18471, 99297,20191220,   27,    0
 18471, 99297,20191221,   16,    0
 18471, 99297,20191222,  -17,    0
 18471, 99297,20191223,   -9,    0
 18471, 99297,20191224,  -14,    0
 18471, 99297,20191225,  -29,    0
 18471, 99297,20191226,  -51,    0
 18471, 99297,20191227,  -63,    0
 18471, 99297,20191228,   -5,    0
 18471, 99297,20191229,   31,    0
 18471, 99297,20191230,   15,    0
 18471, 99297,20191231,   -6,    0
 18471, 99297,20200101,   12,    0
 18471, 99297,20200102,   22,    0
 18471, 99297,20200103,  -31,    0
 18471, 99297,20200104,  -40,    0
 18471, 99297,20200105,   -7,    0
 18471, 99297,20200106,   34,    0
 18471, 99297,20200107,   10,    0
 18471, 99297,20200108,   -4,    0
 18471, 99297,20200109,  -24,    0
 18471, 99297,20200110,  -51,    0
 18471, 99297,20200111,   -2,    0
 18471, 99297,20200112,  -17,    0
 18471, 99297,20200113,  -11,    0
 18471, 99297,20200114,   -6,    0
 18471, 99297,20200115,  -10,    0
 18471, 99297,20200116,    7,    0
 18471, 99297,20200117,   19,    0
 18471, 99297,20200118,    2,    0
 18471, 99297,20200119,  -14,    0
 18471, 99297,20200120,   26,    0
 18471, 99297,20200121,    3,    0
 18471, 99297,20200122,  -24,    0
 18471, 99297,20200123,   17,    0
 18471, 99297,20200124,   -8,    0
 18471, 99297,20200125,    9,    0
 18471, 99297,20200126,   13,    0
 18471, 99297,20200127,    7,    0
 18471, 99297,20200128,  -40,    0
 18471, 99297,20200129,  -27,    0
 18471, 99297,20200130,  -32,    0
 18471, 99297,20200131,   -5,    0
 18471, 99297,20200201,    3,    0
 18471, 99297,20200202,  -30,    0
 18471, 99297,20200203,  -56,    0
 18471, 99297,20200204,  -54,    0
 18471, 99297,20200205,    1,    0
 18471, 99297,20200206,   17,    0
 18471, 99297,20200207,   11,    0
 18471, 99297,20200208,   16,    0
 18471, 99297,20200209,    3,    0
 18471, 99297,20200210,  -15,    0
 18471, 99297,20200211,  -25,    0
 18471, 99297,20200212,  -35,    0
 18471, 99297,20200213,  -48,    0
 18471, 99297,20200214,  -28,    0
 18471, 99297,20200215,    4,    0
 18471, 99297,20200216,   -7,    0
 18471, 99297,20200217,   -5,    0
 18471, 99297,20200218,  -14,    0
 18471, 99297,20200219,  -32,    0
 18471, 99297,20200220,  -15,    0
 18471, 99297,20200221,  -10,    0
 18471, 99297,20200222,  -19,    0
 18471, 99297,20200223,  -31,    0
 18471, 99297,20200224,  -48,    0
 18471, 99297,20200225,  -59,    0
 18471, 99297,20200226,  -80,    0
 18471, 99297,20200227,  -71,    0
 18471, 99297,20200228,  -43,    0
 18471, 99297,20200229,  -54,    0
 18471, 99297,20200301,  -39,    0
 18471, 99297,20200302,  -12,    0
 18471, 99297,20200303,  -18,    0
 18471, 99297,20200304,  -35,    0
 18471, 99297,20200305,  -34,    0
 18471, 99297,20200306,  -36,    0
 18471, 99297,20200307,  -31,    0
 18471, 99297,20200308,   15,    0
 18471, 99297,20200309,    2,    0
 18471, 99297,20200310,   -8,    0
 18471, 99297,20200311,  -12,    0
 18471, 99297,20200312,  -24,    0
 18471, 99297,20200313,  -59,    0
 18471, 99297,20200314,  -76,    0
 18471, 99297,20200315,   -2,    0
 18471, 99297,20200316,  -10,    0
 18471, 99297,20200317,   -7,    0
 18471, 99297,20200318,  -23,    0
 18471, 99297,20200319,  -15,    0
 18471, 99297,20200320,  -40,    0
 18471, 99297,20200321,  -54,    0
 18471, 99297,20200322,  -31,    0
 18471, 99297,20200323,   -4,    0
 18471, 99297,20200324,   22,    0
 18471, 99297,20200325,   29,    0
 18471, 99297,20200326,   17,    0
 18471, 99297,20200327,    6,    0
 18471, 99297,20200328,  -37,    0
 18471, 99297,20200329,  -40,    0
 18471, 99297,20200330,  -22,    0
 18471, 99297,20200331,    4,    0
 18471, 99297,20200401,    4,    0
 18471, 99297,20200402,  -32,    0
 18471, 99297,20200403,  -42,    0
 18471, 99297,20200404,  -39,    0
 18471, 99297,20200405,    9,    0
 18471, 99297,20200406,   45,    0
 18471, 99297,20200407,   22,    0
 18471, 99297,20200408,   14,    0
 18471, 99297,20200409,  -20,    0
 18471, 99297,20200410,  -15,    0
 18471, 99297,20200411,    1,    0
 18471, 99297,20200412,   -4,    0
 18471, 99297,20200413,  -40,    0
 18471, 99297,20200414,   -8,    0
 18471, 99297,20200415,   23,    0
 18471, 99297,20200416,   -5,    0
 18471, 99297,20200417,   -7,    0
 18471, 99297,20200418,    8,    0
 18471, 99297,20200419,   37,    0
 18471, 99297,20200420,   59,    0
 18471, 99297,20200421,   70,    0
 18471, 99297,20200422,   67,    0
 18471, 99297,20200423,   56,    0
 18471, 99297,20200424,   31,    0
 18471, 99297,20200425,   30,    0
 18471, 99297,20200426,   37,    0
 18471, 99297,20200427,   18,    0
 18471, 99297,20200428,   10,    0
 18471, 99297,20200429,    7,    0
 18471, 99297,20200430,   -1,    0
 18471, 99297,20200501,    3,    0
 18471, 99297,20200502,   15,    0
 18471, 99297,20200503,   12,    0
 18471, 99297,20200504,   -3,    0
 18471, 99297,20200505,    3,    0
 18471, 99297,20200506,   26,    0
 18471, 99297,20200507,   25,    0
 18471, 99297,20200508,   26,    0
 18471, 99297,20200509,   10,    0
 18471, 99297,20200510,  -19,    0
 18471, 99297,20200511,  -13,    0
 18471, 99297,20200512,  -13,    0
 18471, 99297,20200513,  -17,    0
 18471, 99297,20200514,   -6,    0
 18471, 99297,20200515,   -5,    0
 18471, 99297,20200516,  -15,    0
 18471, 99297,20200517,    7,    0
 18471, 99297,20200518,   29,    0
 18471, 99297,20200519,   27,    0
 18471, 99297,20200520,   45,    0
 18471, 99297,20200521,   71,    0
 18471, 99297,20200522,   70,    0
 18471, 99297,20200523,   54,    0
 18471, 99297,20200524,   49,    0
 18471, 99297,20200525,   74,    0
 18471, 99297,20200526,   62,    0
 18471, 99297,20200527,   47,    0
 18471, 99297,20200528,   46,    0
 18471, 99297,20200529,   75,    0
 18471, 99297,20200530,  117,    0
 18471, 99297,20200531,  121,    0
 18471, 99297,20200601,  122,    0
 18471, 99297,20200602,  102,    0
 18471, 99297,20200603,  105,    0
 18471, 99297,20200604,   87,    0
 18471, 99297,20200605,   78,    0
 18471, 99297,20200606,   65,    0
 18471, 99297,20200607,   76,    0
 18471, 99297,20200608,   74,    0
 18471, 99297,20200609,  101,    0
 18471, 99297,20200610,  107,    0
 18471, 99297,20200611,  135,    0
 18471, 99297,20200612,  146,    0
 18471, 99297,20200613,  150,    0
 18471, 99297,20200614,  138,    0
 18471, 99297,20200615,  152,    0
 18471, 99297,20200616,  162,    0
 18471, 99297,20200617,  172,    0
 18471, 99297,20200618,  171,    0
 18471, 99297,20200619,  165,    0
 18471, 99297,20200620,  156,    0
 18471, 99297,20200621,  120,    0
 18471, 99297,20200622,  117,    0
 18471, 99297,20200623,  125,    0
 18471, 99297,20200624,  164,    0
 18471, 99297,20200625,  176,    0
 18471, 99297,20200626,  181,    0
 18471, 99297,20200627,  171,    0
 18471, 99297,20200628,  126,    0
 18471, 99297,20200629,  105,    0
 18471, 99297,20200630,  101,    0
 18471, 99297,20200701,   74,    0
 18471, 99297,20200702,   50,    0
 18471, 99297,20200703,   32,    0
 18471, 99297,20200704,   67,    0
 18471, 99297,20200705,   75,    0
 18471, 99297,20200706,   58,    0
 18471, 99297,20200707,   54,    0
 18471, 99297,20200708,   58,    0
 18471, 99297,20200709,   64,    0
 18471, 99297,20200710,   80,    0
 18471, 99297,20200711,   66,    0
 18471, 99297,20200712,   71,    0
 18471, 99297,20200713,   86,    0
 18471, 99297,20200714,   90,    0
 18471, 99297,20200715,  113,    0
 18471, 99297,20200716,  130,    0
 18471, 99297,20200717,  106,    0
 18471, 99297,20200718,  102,    0
 18471, 99297,20200719,   89,    0
 18471, 99297,20200720,   72,    0
 18471, 99297,20200721,   66,    0
 18471, 99297,20200722,   67,    0
 18471, 99297,20200723,   77,    0
 18471, 99297,20200724,  105,    0
 18471, 99297,20200725,  118,    0
 18471, 99297,20200726,  111,    0
 18471, 99297,20200727,  109,    0
 18471, 99297,20200728,  115,    0
 18471, 99297,20200729,  101,    0
 18471, 99297,20200730,  105,    0
 18471, 99297,20200731,  140,    0
 18471, 99297,20200801,  164,    0
 18471, 99297,20200802,  106,    0
 18471, 99297,20200803,   75,    0
 18471, 99297,20200804,   83,    0
 18471, 99297,20200805,   99,    0
 18471, 99297,20200806,  137,    0
 18471, 99297,20200807,  145,    0
 18471, 99297,20200808,  142,    0
 18471, 99297,20200809,  111,    0
 18471, 99297,20200810,  150,    0
 18471, 99297,20200811,  158,    0
 18471, 99297,20200812,  170,    0
 18471, 99297,20200813,  148,    0
 18471, 99297,20200814,  141,    0
 18471, 99297,20200815,  140,    0
 18471, 99297,20200816,  161,    0
 18471, 99297,20200817,  175,    0
 18471, 99297,20200818,  170,    0
 18471, 99297,20200819,  149,    0
 18471, 99297,20200820,  145,    0
 18471, 99297,20200821,  142,    0
 18471, 99297,20200822,  105,    0
 18471, 99297,20200823,   77,    0
 18471, 99297,20200824,   46,    0
 18471, 99297,20200825,   56,    0
 18471, 99297,20200826,   71,    0
 18471, 99297,20200827,   86,    0
 18471, 99297,20200828,   89,    0
 18471, 99297,20200829,   83,    0
 18471, 99297,20200830,   76,    0
 18471, 99297,20200831,   77,    0
 18471, 99297,20200901,  100,    0
 18471, 99297,20200902,  108,    0
 18471, 99297,20200903,   91,    0
 18471, 99297,20200904,   67,    0
 18471, 99297,20200905,   48,    0
 18471, 99297,20200906,   50,    0
 18471, 99297,20200907,   63,    0
 18471, 99297,20200908,   70,    0
 18471, 99297,20200909,   53,    0
 18471, 99297,20200910,   35,    0
 18471, 99297,20200911,   52,    0
 18471, 99297,20200912,   41,    0
 18471, 99297,20200913,   52,    0
 18471, 99297,20200914,   95,    0
 18471, 99297,20200915,  106,    0
 18471, 99297,20200916,   65,    0
 18471, 99297,20200917,   65,    0
 18471, 99297,20200918,   85,    0
 18471, 99297,20200919,   73,    0
 18471, 99297,20200920,   84,    0
 18471, 99297,20200921,   92,    0
 18471, 99297,20200922,   83,    0
 18471, 99297,20200923,   74,    0
 18471, 99297,20200924,   57,    0
 18471, 99297,20200925,   47,    0
 18471, 99297,20200926,   53,    0
 18471, 99297,20200927,   92,    0
 18471, 99297,20200928,  124,    0
 18471, 99297,20200929,  101,    0
 18471, 99297,20200930,  103,    0
 18471, 99297,20201001,   94,    0
 18471, 99297,20201002,   88,    0
 18471, 99297,20201003,   87,    0
 18471, 99297,20201004,   98,    0
 18471, 99297,20201005,   85,    0
 18471, 99297,20201006,   78,    0
 18471, 99297,20201007,   76,    0
 18471, 99297,20201008,   55,    0
 18471, 99297,20201009,   25,    0
 18471, 99297,20201010,   35,    0
 18471, 99297,20201011,   40,    0
 18471, 99297,20201012,   18,    0
 18471, 99297,20201013,   26,    0
 18471, 99297,20201014,   20,    0
 18471, 99297,20201015,   47,    0
 18471, 99297,20201016,   55,    0
 18471, 99297,20201017,   26,    0
 18471, 99297,20201018,   -4,    0
 18471, 99297,20201019,  -18,    0
 18471, 99297,20201020,   -8,    0
 18471, 99297,20201021,   29,    0
 18471, 99297,20201022,   37,    0
 18471, 99297,20201023,   10,    0
 18471, 99297,20201024,   22,    0
 18471, 99297,20201025,   44,    0
 18471, 99297,20201026,   40,    0
 18471, 99297,20201027,   36,    0
 18471, 99297,20201028,   26,    0
 18471, 99297,20201029,   24,    0
 18471, 99297,20201030,   28,    0
 18471, 99297,20201031,   34,    0
 18471, 99297,20201101,   50,    0
 18471, 99297,20201102,   32,    0
 18471, 99297,20201103,   16,    0
 18471, 99297,20201104,   12,    0
 18471, 99297,20201105,   61,    0
 18471, 99297,20201106,   51,    0
 18471, 99297,20201107,   42,    0
 18471, 99297,20201108,   30,    0
 18471, 99297,20201109,   46,    0
 18471, 99297,20201110,   64,    0
 18471, 99297,20201111,   65,    0
 18471, 99297,20201112,   49,    0
 18471, 99297,20201113,   41,    0
 18471, 99297,20201114,   28,    0
 18471, 99297,20201115,   65,    0
 18471, 99297,20201116,   35,    0
 18471, 99297,20201117,   31,    0
 18471, 99297,20201118,   54,    0
 18471, 99297,20201119,  -32,    0
 18471, 99297,20201120,  -47,    0
 18471, 99297,20201121,    3,    0
 18471, 99297,20201122,   -2,    0
 18471, 99297,20201123,   -6,    0
 18471, 99297,20201124,   17,    0
 18471, 99297,20201125,   20,    0
 18471, 99297,20201126,  -12,    0
 18471, 99297,20201127,  -56,    0
 18471, 99297,20201128,  -34,    0
 18471, 99297,20201129,    4,    0
 18471, 99297,20201130,    8,    0
 18471, 99297,20201201,  -29,    0
 18471, 99297,20201202,   -5,    0
 18471, 99297,20201203,  -11,    0
 18471, 99297,20201204,  -29,    0
 18471, 99297,20201205,  -28,    0
 18471, 99297,20201206,  -18,    0
 18471, 99297,20201207,    7,    0
 18471, 99297,20201208,    8,    0
 18471, 99297,20201209,  -15,    0
 18471, 99297,20201210,   -7,    0
 18471, 99297,20201211,  -19,    0
 18471, 99297,20201212,  -27,    0
 18471, 99297,20201213,   -9,    0
 18471, 99297,20201214,   -3,    0
 18471, 99297,20201215,    5,    0
 18471, 99297,20201216,   12,    0
 18471, 99297,20201217,   16,    0
 18471, 99297,20201218,   23,    0
 18471, 99297,20201219,   59,    0
 18471, 99297,20201220,   29,    0
 18471, 99297,20201221,   13,    0
 18471, 99297,20201222,   -1,    0
 18471, 99297,20201223,  -11,    0
 18471, 99297,20201224,  -40,    0
 18471, 99297,20201225,  -63,    0
 18471, 99297,20201226,   -9,    0
 18471, 99297,20201227,    7,    0
 18471, 99297,20201228,  -14,    0
 18471, 99297,20201229,  -15,    0
 18471, 99297,20201230,  -15,    0
 18471, 99297,20201231,  -31,    0
 18471, 99297,20210101,  -44,    0
 18471, 99297,20210102,  -60,    0
 18471, 99297,20210103,  -78,    0
 18471, 99297,20210104,  -76,    0
 18471, 99297,20210105,  -76,    0
 18471, 99297,20210106,  -75,    0
 18471, 99297,20210107,  -94,    0
 18471, 99297,20210108,  -96,    0
 18471, 99297,20210109,  -54,    0
 18471, 99297,20210110,  -52,    0
 18471, 99297,20210111,  -70,    0
 18471, 99297,20210112,  -57,    0
 18471, 99297,20210113,  -91,    0
 18471, 99297,20210114, -103,    0
 18471, 99297,20210115,  -99,    0
 18471, 99297,20210116,  -75,    0
 18471, 99297,20210117,  -38,    0
 18471, 99297,20210118,  -29,    0
 18471, 99297,20210119,  -48,    0
 18471, 99297,20210120,  -38,    0
 18471, 99297,20210121,  -12,    0
 18471, 99297,20210122,   -5,    0
 18471, 99297,20210123,  -25,    0
 18471, 99297,20210124,  -59,    0
 18471, 99297,20210125, -102,    0
 18471, 99297,20210126,  -71,    0
 18471, 99297,20210127, -107,    0
 18471, 99297,20210128, -103,    0
 18471, 99297,20210129, -104,    0
 18471, 99297,20210130,  -74,    0
 18471, 99297,20210131,  -68,    0
 18471, 99297,20210201, -120,    0
 18471, 99297,20210202, -117,    0
 18471, 99297,20210203, -136,    0
 18471, 99297,20210204, -154,    0
 18471, 99297,20210205, -136,    0
 18471, 99297,20210206, -126,    0
 18471, 99297,20210207, -131,    0
 18471, 99297,20210208, -125,    0
 18471, 99297,20210209, -128,    0
 18471, 99297,20210210, -115,    0
 18471, 99297,20210211, -144,    0
 18471, 99297,20210212, -124,    0
 18471, 99297,20210213, -114,    0
 18471, 99297,20210214,  -90,    0
 18471, 99297,20210215,  -44,    0
 18471, 99297,20210216,  -35,    0
 18471, 99297,20210217,  -54,    0
 18471, 99297,20210218,  -32,    0
 18471, 99297,20210219,   -2,    0
 18471, 99297,20210220,   26,    0
 18471, 99297,20210221,   37,    0
 18471, 99297,20210222,   36,    0
 18471, 99297,20210223,   19,    0
 18471, 99297,20210224,   31,    0
 18471, 99297,20210225,   18,    0
 18471, 99297,20210226,   15,    0
 18471, 99297,20210227,   23,    0
 18471, 99297,20210228,   17,    0
 18471, 99297,20210301,    7,    0
 18471, 99297,20210302,    9,    0
 18471, 99297,20210303,  -10,    0
 18471, 99297,20210304,  -58,    0
 18471, 99297,20210305,  -40,    0
 18471, 99297,20210306,  -21,    0
 18471, 99297,20210307,  -58,    0
 18471, 99297,20210308,  -54,    0
 18471, 99297,20210309,  -30,    0
 18471, 99297,20210310,  -42,    0
 18471, 99297,20210311,  -17,    0
 18471, 99297,20210312,  -23,    0
 18471, 99297,20210313,  -29,    0
 18471, 99297,20210314,  -25,    0
 18471, 99297,20210315,  -32,    0
 18471, 99297,20210316,  -38,    0
 18471, 99297,20210317,  -44,    0
 18471, 99297,20210318,  -14,    0
 18471, 99297,20210319,   -4,    0
 18471, 99297,20210320,   10,    0
 18471, 99297,20210321,  -21,    0
 18471, 99297,20210322,   16,    0
 18471, 99297,20210323,   30,    0
 18471, 99297,20210324,    4,    0
 18471, 99297,20210325,   -1,    0
 18471, 99297,20210326,   19,    0
 18471, 99297,20210327,   -2,    0
 18471, 99297,20210328,    3,    0
 18471, 99297,20210329,   23,    0
 18471, 99297,20210330,   28,    0
 18471, 99297,20210331,   12,    0
 18471, 99297,20210401,   -7,    0
 18471, 99297,20210402,   -5,    0
 18471, 99297,20210403,   -9,    0
 18471, 99297,20210404,  -12,    0
 18471, 99297,20210405,  -54,    0
 18471, 99297,20210406,  -32,    0
 18471, 99297,20210407,  -27,    0
 18471, 99297,20210408,  -40,    0
 18471, 99297,20210409,  -28,    0
 18471, 99297,20210410,  -30,    0
 18471, 99297,20210411,  -31,    0
 18471, 99297,20210412,  -21,    0
 18471, 99297,20210413,  -22,    0
 18471, 99297,20210414,  -20,    0
 18471, 99297,20210415,  -15,    0
 18471, 99297,20210416,    2,    0
 18471, 99297,20210417,   21,    0
 18471, 99297,20210418,   58,    0
 18471, 99297,20210419,   66,    0
 18471, 99297,20210420,   43,    0
 18471, 99297,20210421,   -2,    0
 18471, 99297,20210422,  -10,    0
 18471, 99297,20210423,  -16,    0
 18471, 99297,20210424,  -19,    0
 18471, 99297,20210425,  -24,    0
 18471, 99297,20210426,  -13,    0
 18471, 99297,20210427,   -8,    0
 18471, 99297,20210428,   -1,    0
 18471, 99297,20210429,   -3,    0
 18471, 99297,20210430,    8,    0
 18471, 99297,20210501,   12,    0
 18471, 99297,20210502,   16,    0
 18471, 99297,20210503,    3,    0
 18471, 99297,20210504,    6,    0
 18471, 99297,20210505,   15,    0
 18471, 99297,20210506,    7,    0
 18471, 99297,20210507,   16,    0
 18471, 99297,20210508,   12,    0
 18471, 99297,20210509,   29,    0
 18471, 99297,20210510,   57,    0
 18471, 99297,20210511,   86,    0
 18471, 99297,20210512,   66,    0
 18471, 99297,20210513,   87,    0
 18471, 99297,20210514,  101,    0
 18471, 99297,20210515,   78,    0
 18471, 99297,20210516,   61,    0
 18471, 99297,20210517,   65,    0
 18471, 99297,20210518,   37,    0
 18471, 99297,20210519,   48,    0
 18471, 99297,20210520,   46,    0
 18471, 99297,20210521,   56,    0
 18471, 99297,20210522,   67,    0
 18471, 99297,20210523,   78,    0
 18471, 99297,20210524,   68,    0
 18471, 99297,20210525,   67,    0
 18471, 99297,20210526,   85,    0
 18471, 99297,20210527,   92,    0
 18471, 99297,20210528,  112,    0
 18471, 99297,20210529,  143,    0
 18471, 99297,20210530,  147,    0
 18471, 99297,20210531,  150,    0
 18471, 99297,20210601,  160,    0
 18471, 99297,20210602,  143,    0
 18471, 99297,20210603,  134,    0
 18471, 99297,20210604,  132,    0
 18471, 99297,20210605,  140,    0
 18471, 99297,20210606,  125,    0
 18471, 99297,20210607,  129,    0
 18471, 99297,20210608,  127,    0
 18471, 99297,20210609,  121,    0
 18471, 99297,20210610,  110,    0
 18471, 99297,20210611,  108,    0
 18471, 99297,20210612,   58,    0
 18471, 99297,20210613,   61,    0
 18471, 99297,20210614,   66,    0
 18471, 99297,20210615,   61,    0
 18471, 99297,20210616,   79,    0
 18471, 99297,20210617,  119,    0
 18471, 99297,20210618,   97,    0
 18471, 99297,20210619,   77,    0
 18471, 99297,20210620,   98,    0
 18471, 99297,20210621,   85,    0
 18471, 99297,20210622,  108,    0
 18471, 99297,20210623,  117,    0
 18471, 99297,20210624,  123,    0
 18471, 99297,20210625,  132,    0
 18471, 99297,20210626,  143,    0
 18471, 99297,20210627,  123,    0
 18471, 99297,20210628,  124,    0
 18471, 99297,20210629,  131,    0
 18471, 99297,20210630,  150,    0
 18471, 99297,20210701,  161,    0
 18471, 99297,20210702,  180,    0
 18471, 99297,20210703,  182,    0
 18471, 99297,20210704,  154,    0
 18471, 99297,20210705,  153,    0
 18471, 99297,20210706,  145,    0
 18471, 99297,20210707,  136,    0
 18471, 99297,20210708,  127,    0
 18471, 99297,20210709,  117,    0
 18471, 99297,20210710,  122,    0
 18471, 99297,20210711,  115,    0
 18471, 99297,20210712,  136,    0
 18471, 99297,20210713,  167,    0
 18471, 99297,20210714,  159,    0
 18471, 99297,20210715,  142,    0
 18471, 99297,20210716,  120,    0
 18471, 99297,20210717,  115,    0
 18471, 99297,20210718,   79,    0
 18471, 99297,20210719,   97,    0
 18471, 99297,20210720,  102,    0
 18471, 99297,20210721,  121,    0
 18471, 99297,20210722,  130,    0
 18471, 99297,20210723,  166,    0
 18471, 99297,20210724,  173,    0
 18471, 99297,20210725,  188,    0
 18471, 99297,20210726,  178,    0
 18471, 99297,20210727,  153,    0
 18471, 99297,20210728,  135,    0
 18471, 99297,20210729,  128,    0
 18471, 99297,20210730,  146,    0
 18471, 99297,20210731,  109,    0
 18471, 99297,20210801,  106,    0
 18471, 99297,20210802,   94,    0
 18471, 99297,20210803,   85,    0
 18471, 99297,20210804,  105,    0
 18471, 99297,20210805,  121,    0
 18471, 99297,20210806,  120,    0
 18471, 99297,20210807,  121,    0
 18471, 99297,20210808,  125,    0
 18471, 99297,20210809,  120,    0
 18471, 99297,20210810,  116,    0
 18471, 99297,20210811,  125,    0
 18471, 99297,20210812,  130,    0
 18471, 99297,20210813,  102,    0
 18471, 99297,20210814,   86,    0
 18471, 99297,20210815,   83,    0
 18471, 99297,20210816,   91,    0
 18471, 99297,20210817,  119,    0
 18471, 99297,20210818,   83,    0
 18471, 99297,20210819,   79,    0
 18471, 99297,20210820,   77,    0
 18471, 99297,20210821,   93,    0
 18471, 99297,20210822,  109,    0
 18471, 99297,20210823,  117,    0
 18471, 99297,20210824,  113,    0
 18471, 99297,20210825,  112,    0
 18471, 99297,20210826,  108,    0
 18471, 99297,20210827,  111,    0
 18471, 99297,20210828,  116,    0
 18471, 99297,20210829,  133,    0
 18471, 99297,20210830,  136,    0
 18471, 99297,20210831,  115,    0
 18471, 99297,20210901,  110,    0
 18471, 99297,20210902,   97,    0
 18471, 99297,20210903,   84,    0
 18471, 99297,20210904,   91,    0
 18471, 99297,20210905,  103,    0
 18471, 99297,20210906,   93,    0
 18471, 99297,20210907,  118,    0
 18471, 99297,20210908,  135,    0
 18471, 99297,20210909,  141,    0
 18471, 99297,20210910,  129,    0
 18471, 99297,20210911,  121,    0
 18471, 99297,20210912,  115,    0
 18471, 99297,20210913,   72,    0
 18471, 99297,20210914,   71,    0
 18471, 99297,20210915,   98,    0
 18471, 99297,20210916,   89,    0
 18471, 99297,20210917,   65,    0
 18471, 99297,20210918,   73,    0
 18471, 99297,20210919,   89,    0
 18471, 99297,20210920,   71,    0
 18471, 99297,20210921,   63,    0
 18471, 99297,20210922,   86,    0
 18471, 99297,20210923,   38,    0
 18471, 99297,20210924,   46,    0
 18471, 99297,20210925,   56,    0
 18471, 99297,20210926,  115,    0
 18471, 99297,20210927,  109,    0
 18471, 99297,20210928,   80,    0
 18471, 99297,20210929,   82,    0
 18471, 99297,20210930,   81,    0
 18471, 99297,20211001,   70,    0
 18471, 99297,20211002,   63,    0
 18471, 99297,20211003,   80,    0
 18471, 99297,20211004,   63,    0
 18471, 99297,20211005,   70,    0
 18471, 99297,20211006,   64,    0
 18471, 99297,20211007,   68,    0
 18471, 99297,20211008,  107,    0
 18471, 99297,20211009,  110,    0
 18471, 99297,20211010,   62,    0
 18471, 99297,20211011,   19,    0
 18471, 99297,20211012,    9,    0
 18471, 99297,20211013,   13,    0
 18471, 99297,20211014,   54,    0
 18471, 99297,20211015,   14,    0
 18471, 99297,20211016,    9,    0
 18471, 99297,20211017,  -15,    0
 18471, 99297,20211018,  -13,    0
 18471, 99297,20211019,   25,    0
 18471, 99297,20211020,   59,    0
 18471, 99297,20211021,   -3,    0
 18471, 99297,20211022,   -1,    0
 18471, 99297,20211023,    4,    0
 18471, 99297,20211024,   43,    0
 18471, 99297,20211025,   47,    0
 18471, 99297,20211026,   25,    0
 18471, 99297,20211027,   61,    0
 18471, 99297,20211028,   79,    0
 18471, 99297,20211029,   82,    0
 18471, 99297,20211030,   61,    0
 18471, 99297,20211031,   49,    0
 18471, 99297,20211101,   54,    0
 18471, 99297,20211102,   56,    0
 18471, 99297,20211103,   18,    0
 18471, 99297,20211104,   -1,    0
 18471, 99297,20211105,   11,    0
 18471, 99297,20211106,   -7,    0
 18471, 99297,20211107,   -5,    0
 18471, 99297,20211108,   -1,    0
 18471, 99297,20211109,   29,    0
 18471, 99297,20211110,   15,    0
 18471, 99297,20211111,    7,    0
 18471, 99297,20211112,   -3,    0
 18471, 99297,20211113,   -4,    0
 18471, 99297,20211114,   13,    0
 18471, 99297,20211115,   21,    0
 18471, 99297,20211116,   39,    0
 18471, 99297,20211117,    5,    0
 18471, 99297,20211118,   17,    0
 18471, 99297,20211119,   33,    0
 18471, 99297,20211120,   -1,    0
 18471, 99297,20211121,  -30,    0
 18471, 99297,20211122,   -4,    0
 18471, 99297,20211123,   20,    0
 18471, 99297,20211124,   11,    0
 18471, 99297,20211125,  -37,    0
 18471, 99297,20211126,  -69,    0
 18471, 99297,20211127,  -71,    0
 18471, 99297,20211128, -104,    0
 18471, 99297,20211129,  -93,    0
 18471, 99297,20211130,  -76,    0
 18471, 99297,20211201, -100,    0
 18471, 99297,20211202,  -75,    0
 18471, 99297,20211203,  -96,    0
 18471, 99297,20211204,  -86,    0
 18471, 99297,20211205,  -96,    0
 18471, 99297,20211206,  -95,    0
 18471, 99297,20211207,  -71,    0
 18471, 99297,20211208,  -74,    0
 18471, 99297,20211209,  -54,    0
 18471, 99297,20211210,  -56,    0
 18471, 99297,20211211,  -46,    0
 18471, 99297,20211212,  -13,    0
 18471, 99297,20211213,    8,    0
 18471, 99297,20211214,   -2,    0
 18471, 99297,20211215,   26,    0
 18471, 99297,20211216,    8,    0
 18471, 99297,20211217,   37,    0
 18471, 99297,20211218,   33,    0
 18471, 99297,20211219,  -22,    0
 18471, 99297,20211220,  -56,    0
 18471, 99297,20211221,  -51,    0
 18471, 99297,20211222,  -27,    0
 18471, 99297,20211223,  -59,    0
 18471, 99297,20211224, -103,    0
 18471, 99297,20211225,  -75,    0
 18471, 99297,20211226,  -58,    0
 18471, 99297,20211227,  -72,    0
 18471, 99297,20211228,  -62,    0
 18471, 99297,20211229,  -32,    0
 18471, 99297,20211230,   11,    0
 18471, 99297,20211231,   21,    0
 18471, 99297,20220101,   -8,    0
 18471, 99297,20220102,   20,    0
 18471, 99297,20220103,  -11,    0
 18471, 99297,20220104,  -37,    0
 18471, 99297,20220105,  -51,    0
 18471, 99297,20220106,  -77,    0
 18471, 99297,20220107,  -56,    0
 18471, 99297,20220108,  -65,    0
 18471, 99297,20220109,  -57,    0
 18471, 99297,20220110,  -39,    0
 18471, 99297,20220111,   -6,    0
 18471, 99297,20220112,   22,    0
 18471, 99297,20220113,   34,    0
 18471, 99297,20220114,  -29,    0
 18471, 99297,20220115,  -22,    0
 18471, 99297,20220116,  -15,    0
 18471, 99297,20220117,  -42,    0
 18471, 99297,20220118,   15,    0
 18471, 99297,20220119,  -27,    0
 18471, 99297,20220120,  -66,    0
 18471, 99297,20220121,   -8,    0
 18471, 99297,20220122,   22,    0
 18471, 99297,20220123,   27,    0
 18471, 99297,20220124,    5,    0
 18471, 99297,20220125,   -7,    0
 18471, 99297,20220126,   -7,    0
 18471, 99297,20220127,   -5,    0
 18471, 99297,20220128,  -33,    0
 18471, 99297,20220129,   -2,    0
 18471, 99297,20220130,  -44,    0
 18471, 99297,20220131,  -72,    0
 18471, 99297,20220201,  -61,    0
 18471, 99297,20220202,  -49,    0
 18471, 99297,20220203,  -23,    0
 18471, 99297,20220204,  -32,    0
 18471, 99297,20220205,  -38,    0
 18471, 99297,20220206,  -46,    0
 18471, 99297,20220207,  -27,    0
 18471, 99297,20220208,  -19,    0
 18471, 99297,20220209,  -31,    0
 18471, 99297,20220210,  -44,    0
 18471, 99297,20220211,  -57,    0
 18471, 99297,20220212,  -10,    0
 18471, 99297,20220213,    2,    0
 18471, 99297,20220214,  -15,    0
 18471, 99297,20220215,  -40,    0
 18471, 99297,20220216,  -31,    0
 18471, 99297,20220217,  -43,    0
 18471, 99297,20220218,  -40,    0
 18471, 99297,20220219,  -58,    0
 18471, 99297,20220220,  -50,    0
 18471, 99297,20220221,  -42,    0
 18471, 99297,20220222,  -56,    0
 18471, 99297,20220223,  -22,    0
 18471, 99297,20220224,  -40,    0
 18471, 99297,20220225,  -38,    0
 18471, 99297,20220226,  -24,    0
 18471, 99297,20220227,   -2,    0
 18471, 99297,20220228,   -5,    0
 18471, 99297,20220301,   -8,    0
 18471, 99297,20220302,   -5,    0
 18471, 99297,20220303,  -34,    0
 18471, 99297,20220304,  -42,    0
 18471, 99297,20220305,  -45,    0
 18471, 99297,20220306,  -24,    0
 18471, 99297,20220307,  -23,    0
 18471, 99297,20220308,  -21,    0
 18471, 99297,20220309,   16,    0
 18471, 99297,20220310,   23,    0
 18471, 99297,20220311,    4,    0
 18471, 99297,20220312,    7,    0
 18471, 99297,20220313,   14,    0
 18471, 99297,20220314,   17,    0
 18471, 99297,20220315,    6,    0
 18471, 99297,20220316,   10,    0
 18471, 99297,20220317,    1,    0
 18471, 99297,20220318,   -6,    0
 18471, 99297,20220319,    9,    0
 18471, 99297,20220320,   40,    0
 18471, 99297,20220321,    2,    0
 18471, 99297,20220322,  -12,    0
 18471, 99297,20220323,    2,    0
 18471, 99297,20220324,   36,    0
 18471, 99297,20220325,   31,    0
 18471, 99297,20220326,    4,    0
 18471, 99297,20220327,   23,    0
 18471, 99297,20220328,   -2,    0
 18471, 99297,20220329,  -43,    0
 18471, 99297,20220330,  -64,    0
 18471, 99297,20220331,  -55,    0
 18471, 99297,20220401,  -56,    0
 18471, 99297,20220402,  -47,    0
 18471, 99297,20220403,  -16,    0
 18471, 99297,20220404,  -30,    0
 18471, 99297,20220405,  -53,    0
 18471, 99297,20220406,  -55,    0
 18471, 99297,20220407,  -52,    0
 18471, 99297,20220408,  -44,    0
 18471, 99297,20220409,  -20,    0
 18471, 99297,20220410,  -14,    0
 18471, 99297,20220411,  -22,    0
 18471, 99297,20220412,  -14,    0
 18471, 99297,20220413,    4,    0
 18471, 99297,20220414,   13,    0
 18471, 99297,20220415,   22,    0
 18471, 99297,20220416,   25,    0
 18471, 99297,20220417,   42,    0
 18471, 99297,20220418,   64,    0
 18471, 99297,20220419,   58,    0
 18471, 99297,20220420,   66,    0
 18471, 99297,20220421,   75,    0
 18471, 99297,20220422,   77,    0
 18471, 99297,20220423,   63,    0
 18471, 99297,20220424,   37,    0
 18471, 99297,20220425,   42,    0
 18471, 99297,20220426,   27,    0
 18471, 99297,20220427,   16,    0
 18471, 99297,20220428,   11,    0
 18471, 99297,20220429,   21,    0
 18471, 99297,20220430,   18,    0
 18471, 99297,20220501,   26,    0
 18471, 99297,20220502,   16,    0
 18471, 99297,20220503,    7,    0
 18471, 99297,20220504,   21,    0
 18471, 99297,20220505,   34,    0
 18471, 99297,20220506,   48,    0
 18471, 99297,20220507,   13,    0
 18471, 99297,20220508,   22,    0
 18471, 99297,20220509,   62,    0
 18471, 99297,20220510,   44,    0
 18471, 99297,20220511,   29,    0
 18471, 99297,20220512,   25,    0
 18471, 99297,20220513,   26,    0
 18471, 99297,20220514,   29,    0
 18471, 99297,20220515,   49,    0
 18471, 99297,20220516,   66,    0
 18471, 99297,20220517,   87,    0
 18471, 99297,20220518,   84,    0
 18471, 99297,20220519,   79,    0
 18471, 99297,20220520,   79,    0
 18471, 99297,20220521,   54,    0
 18471, 99297,20220522,   76,    0
 18471, 99297,20220523,   72,    0
 18471, 99297,20220524,   65,    0
 18471, 99297,20220525,   60,    0
 18471, 99297,20220526,   47,    0
 18471, 99297,20220527,   40,    0
 18471, 99297,20220528,   55,    0
 18471, 99297,20220529,   26,    0
 18471, 99297,20220530,   64,    0
 18471, 99297,20220531,   81,    0
 18471, 99297,20220601,   89,    0
 18471, 99297,20220602,   68,    0
 18471, 99297,20220603,   68,    0
 18471, 99297,20220604,   86,    0
 18471, 99297,20220605,   75,    0
 18471, 99297,20220606,  124,    0
 18471, 99297,20220607,  130,    0
 18471, 99297,20220608,  107,    0
 18471, 99297,20220609,  119,    0
 18471, 99297,20220610,  112,    0
 18471, 99297,20220611,   79,    0
 18471, 99297,20220612,   67,    0
 18471, 99297,20220613,   62,    0
 18471, 99297,20220614,   74,    0
 18471, 99297,20220615,   86,    0
 18471, 99297,20220616,   95,    0
 18471, 99297,20220617,   93,    0
 18471, 99297,20220618,   48,    0
 18471, 99297,20220619,   76,    0
 18471, 99297,20220620,  116,    0
 18471, 99297,20220621,   81,    0
 18471, 99297,20220622,   91,    0
 18471, 99297,20220623,  119,    0
 18471, 99297,20220624,  167,    0
 18471, 99297,20220625,  160,    0
 18471, 99297,20220626,  155,    0
 18471, 99297,20220627,  113,    0
 18471, 99297,20220628,  110,    0
 18471, 99297,20220629,  142,    0
 18471, 99297,20220630,  172,    0
 18471, 99297,20220701,  171,    0
 18471, 99297,20220702,  103,    0
 18471, 99297,20220703,   86,    0
 18471, 99297,20220704,   83,    0
 18471, 99297,20220705,   69,    0
 18471, 99297,20220706,   65,    0
 18471, 99297,20220707,   74,    0
 18471, 99297,20220708,   85,    0
 18471, 99297,20220709,   63,    0
 18471, 99297,20220710,   85,    0
 18471, 99297,20220711,  118,    0
 18471, 99297,20220712,  128,    0
 18471, 99297,20220713,   80,    0
 18471, 99297,20220714,   68,    0
 18471, 99297,20220715,   61,    0
 18471, 99297,20220716,   71,    0
 18471, 99297,20220717,   82,    0
 18471, 99297,20220718,  103,    0
 18471, 99297,20220719,  142,    0
 18471, 99297,20220720,  169,    0
 18471, 99297,20220721,  125,    0
 18471, 99297,20220722,  122,    0
 18471, 99297,20220723,  134,    0
 18471, 99297,20220724,  101,    0
 18471, 99297,20220725,  118,    0
 18471, 99297,20220726,   77,    0
 18471, 99297,20220727,   83,    0
 18471, 99297,20220728,   99,    0
 18471, 99297,20220729,  143,    0
 18471, 99297,20220730,  125,    0
 18471, 99297,20220731,  111,    0
 18471, 99297,20220801,   79,    0
 18471, 99297,20220802,   82,    0
 18471, 99297,20220803,  116,    0
 18471, 99297,20220804,   95,    0
 18471, 99297,20220805,   70,    0
 18471, 99297,20220806,   66,    0
 18471, 99297,20220807,   76,    0
 18471, 99297,20220808,  101,    0
 18471, 99297,20220809,  114,    0
 18471, 99297,20220810,  135,    0
 18471, 99297,20220811,  138,    0
 18471, 99297,20220812,  126,    0
 18471, 99297,20220813,  139,    0
 18471, 99297,20220814,  159,    0
 18471, 99297,20220815,  161,    0
 18471, 99297,20220816,  158,    0
 18471, 99297,20220817,  116,    0
 18471, 99297,20220818,  129,    0
 18471, 99297,20220819,  122,    0
 18471, 99297,20220820,  116,    0
 18471, 99297,20220821,   81,    0
 18471, 99297,20220822,   80,    0
 18471, 99297,20220823,  117,    0
 18471, 99297,20220824,  139,    0
 18471, 99297,20220825,  149,    0
 18471, 99297,20220826,  118,    0
 18471, 99297,20220827,   84,    0
 18471, 99297,20220828,   90,    0
 18471, 99297,20220829,  110,    0
 18471, 99297,20220830,  108,    0
 18471, 99297,20220831,  109,    0
 18471, 99297,20220901,  109,    0
 18471, 99297,20220902,   99,    0
 18471, 99297,20220903,   98,    0
 18471, 99297,20220904,  106,    0
 18471, 99297,20220905,  105,    0
 18471, 99297,20220906,  103,    0
 18471, 99297,20220907,  104,    0
 18471, 99297,20220908,   93,    0
 18471, 99297,20220909,   78,    0
 18471, 99297,20220910,   74,    0
 18471, 99297,20220911,   86,    0
 18471, 99297,20220912,   93,    0
 18471, 99297,20220913,   66,    0
 18471, 99297,20220914,   63,    0
 18471, 99297,20220915,   47,    0
 18471, 99297,20220916,   62,    0
 18471, 99297,20220917,   51,    0
 18471, 99297,20220918,   53,    0
 18471, 99297,20220919,   40,    0
 18471, 99297,20220920,   40,    0
 18471, 99297,20220921,   60,    0
 18471, 99297,20220922,   81,    0
 18471, 99297,20220923,   64,    0
 18471, 99297,20220924,   45,    0
 18471, 99297,20220925,   39,    0
 18471, 99297,20220926,   46,    0
 18471, 99297,20220927,   64,    0
 18471, 99297,20220928,   74,    0
 18471, 99297,20220929,   56,    0
 18471, 99297,20220930,   54,    0
 18471, 99297,20221001,   65,    0
 18471, 99297,20221002,   56,    0
 18471, 99297,20221003,   60,    0
 18471, 99297,20221004,   72,    0
 18471, 99297,20221005,   51,    0
 18471, 99297,20221006,   34,    0
 18471, 99297,20221007,   43,    0
 18471, 99297,20221008,   22,    0
 18471, 99297,20221009,   47,    0
 18471, 99297,20221010,   42,    0
 18471, 99297,20221011,   19,    0
 18471, 99297,20221012,   40,    0
 18471, 99297,20221013,   38,    0
 18471, 99297,20221014,   21,    0
 18471, 99297,20221015,   22,    0
 18471, 99297,20221016,   31,    0
 18471, 99297,20221017,   29,    0
 18471, 99297,20221018,   25,    0
 18471, 99297,20221019,    0,    0
 18471, 99297,20221020,    8,    0
 18471, 99297,20221021,   35,    0
 18471, 99297,20221022,   39,    0
 18471, 99297,20221023,   46,    0
 18471, 99297,20221024,   39,    0
 18471, 99297,20221025,   50,    0
 18471, 99297,20221026,   63,    0
 18471, 99297,20221027,   72,    0
 18471, 99297,20221028,   87,    0
 18471, 99297,20221029,   63,    0
 18471, 99297,20221030,   53,    0
 18471, 99297,20221031,   66,    0
