EUROPEAN CLIMATE ASSESSMENT & DATASET (ECA&D), file created on: 16-11-2022
THESE DATA CAN BE USED FOR NON-COMMERCIAL RESEARCH AND EDUCATION PROVIDED THAT THE FOLLOWING SOURCE IS ACKNOWLEDGED: 

Klein Tank, A.M.G. and Coauthors, 2002. Daily dataset of 20th-century surface
air temperature and precipitation series for the European Climate Assessment.
Int. J. of Climatol., 22, 1441-1453.
Data and metadata available at http://www.ecad.eu

FILE FORMAT (MISSING VALUE CODE = -9999):

01-06 STAID: Station identifier
08-13 SOUID: Source identifier
15-22 DATE : Date YYYYMMDD
24-28 TG   : Mean temperature in 0.1 &#176;C
30-34 Q_TG : quality code for TG (0='valid'; 1='suspect'; 9='missing')

This is the blended series of station FV866 SKATTOERSUND, NORWAY (STAID: 18445)
Blended and updated with sources:99247 99633 
See files sources.txt and stations.txt for more info.

STAID, SOUID,    DATE,   TG, Q_TG
 18445, 99247,20150401,-9999,    9
 18445, 99247,20150402,-9999,    9
 18445, 99247,20150403,-9999,    9
 18445, 99247,20150404,-9999,    9
 18445, 99247,20150405,-9999,    9
 18445, 99247,20150406,-9999,    9
 18445, 99247,20150407,-9999,    9
 18445, 99247,20150408,-9999,    9
 18445, 99247,20150409,-9999,    9
 18445, 99247,20150410,-9999,    9
 18445, 99247,20150411,-9999,    9
 18445, 99247,20150412,-9999,    9
 18445, 99247,20150413,-9999,    9
 18445, 99247,20150414,   31,    0
 18445, 99247,20150415,   39,    0
 18445, 99247,20150416,   32,    0
 18445, 99247,20150417,   41,    0
 18445, 99247,20150418,   55,    0
 18445, 99247,20150419,   31,    0
 18445, 99247,20150420,   49,    0
 18445, 99247,20150421,   59,    0
 18445, 99247,20150422,-9999,    9
 18445, 99247,20150423,-9999,    9
 18445, 99247,20150424,   20,    0
 18445, 99247,20150425,   13,    0
 18445, 99247,20150426,-9999,    9
 18445, 99247,20150427,-9999,    9
 18445, 99247,20150428,   -8,    0
 18445, 99247,20150429,    3,    0
 18445, 99247,20150430,    4,    0
 18445, 99247,20150501,-9999,    9
 18445, 99247,20150502,-9999,    9
 18445, 99247,20150503,   17,    0
 18445, 99247,20150504,-9999,    9
 18445, 99247,20150505,-9999,    9
 18445, 99247,20150506,-9999,    9
 18445, 99247,20150507,   69,    0
 18445, 99247,20150508,   87,    0
 18445, 99247,20150509,   53,    0
 18445, 99247,20150510,   65,    0
 18445, 99247,20150511,   47,    0
 18445, 99247,20150512,   60,    0
 18445, 99247,20150513,   68,    0
 18445, 99247,20150514,   34,    0
 18445, 99247,20150515,-9999,    9
 18445, 99247,20150516,   32,    0
 18445, 99247,20150517,-9999,    9
 18445, 99247,20150518,   64,    0
 18445, 99247,20150519,   66,    0
 18445, 99247,20150520,   57,    0
 18445, 99247,20150521,   50,    0
 18445, 99247,20150522,   77,    0
 18445, 99247,20150523,   43,    0
 18445, 99247,20150524,   33,    0
 18445, 99247,20150525,   34,    0
 18445, 99247,20150526,-9999,    9
 18445, 99247,20150527,-9999,    9
 18445, 99247,20150528,   75,    0
 18445, 99247,20150529,   65,    0
 18445, 99247,20150530,   87,    0
 18445, 99247,20150531,  106,    0
 18445, 99247,20150601,  115,    0
 18445, 99247,20150602,-9999,    9
 18445, 99247,20150603,   61,    0
 18445, 99247,20150604,   44,    0
 18445, 99247,20150605,   45,    0
 18445, 99247,20150606,   51,    0
 18445, 99247,20150607,   53,    0
 18445, 99247,20150608,   54,    0
 18445, 99247,20150609,   80,    0
 18445, 99247,20150610,   67,    0
 18445, 99247,20150611,   48,    0
 18445, 99247,20150612,   49,    0
 18445, 99247,20150613,   60,    0
 18445, 99247,20150614,   80,    0
 18445, 99247,20150615,   82,    0
 18445, 99247,20150616,   64,    0
 18445, 99247,20150617,   61,    0
 18445, 99247,20150618,   76,    0
 18445, 99247,20150619,   64,    0
 18445, 99247,20150620,   76,    0
 18445, 99247,20150621,   84,    0
 18445, 99247,20150622,   89,    0
 18445, 99247,20150623,-9999,    9
 18445, 99247,20150624,-9999,    9
 18445, 99247,20150625,-9999,    9
 18445, 99247,20150626,   64,    0
 18445, 99247,20150627,   75,    0
 18445, 99247,20150628,   80,    0
 18445, 99247,20150629,   68,    0
 18445, 99247,20150630,   66,    0
 18445, 99247,20150701,   77,    0
 18445, 99247,20150702,   89,    0
 18445, 99247,20150703,   77,    0
 18445, 99247,20150704,   72,    0
 18445, 99247,20150705,-9999,    9
 18445, 99247,20150706,-9999,    9
 18445, 99247,20150707,-9999,    9
 18445, 99247,20150708,-9999,    9
 18445, 99247,20150709,-9999,    9
 18445, 99247,20150710,-9999,    9
 18445, 99247,20150711,-9999,    9
 18445, 99247,20150712,-9999,    9
 18445, 99247,20150713,-9999,    9
 18445, 99247,20150714,-9999,    9
 18445, 99247,20150715,-9999,    9
 18445, 99247,20150716,-9999,    9
 18445, 99247,20150717,-9999,    9
 18445, 99247,20150718,-9999,    9
 18445, 99247,20150719,-9999,    9
 18445, 99247,20150720,-9999,    9
 18445, 99247,20150721,-9999,    9
 18445, 99247,20150722,-9999,    9
 18445, 99247,20150723,-9999,    9
 18445, 99247,20150724,-9999,    9
 18445, 99247,20150725,-9999,    9
 18445, 99247,20150726,-9999,    9
 18445, 99247,20150727,-9999,    9
 18445, 99247,20150728,-9999,    9
 18445, 99247,20150729,-9999,    9
 18445, 99247,20150730,-9999,    9
 18445, 99247,20150731,-9999,    9
 18445, 99247,20150801,-9999,    9
 18445, 99247,20150802,-9999,    9
 18445, 99247,20150803,-9999,    9
 18445, 99247,20150804,  103,    0
 18445, 99247,20150805,  148,    0
 18445, 99247,20150806,  135,    0
 18445, 99247,20150807,  127,    0
 18445, 99247,20150808,  121,    0
 18445, 99247,20150809,  120,    0
 18445, 99247,20150810,  132,    0
 18445, 99247,20150811,  168,    0
 18445, 99247,20150812,  128,    0
 18445, 99247,20150813,   99,    0
 18445, 99247,20150814,  103,    0
 18445, 99247,20150815,  137,    0
 18445, 99247,20150816,  156,    0
 18445, 99247,20150817,  148,    0
 18445, 99247,20150818,-9999,    9
 18445, 99247,20150819,  102,    0
 18445, 99247,20150820,  142,    0
 18445, 99247,20150821,  143,    0
 18445, 99247,20150822,  152,    0
 18445, 99247,20150823,  158,    0
 18445, 99247,20150824,  116,    0
 18445, 99247,20150825,  110,    0
 18445, 99247,20150826,  118,    0
 18445, 99247,20150827,  146,    0
 18445, 99247,20150828,  158,    0
 18445, 99247,20150829,  133,    0
 18445, 99247,20150830,  139,    0
 18445, 99247,20150831,  110,    0
 18445, 99247,20150901,   85,    0
 18445, 99247,20150902,   81,    0
 18445, 99247,20150903,   87,    0
 18445, 99247,20150904,   75,    0
 18445, 99247,20150905,   89,    0
 18445, 99247,20150906,-9999,    9
 18445, 99247,20150907,-9999,    9
 18445, 99247,20150908,   96,    0
 18445, 99247,20150909,  110,    0
 18445, 99247,20150910,  112,    0
 18445, 99247,20150911,   88,    0
 18445, 99247,20150912,   93,    0
 18445, 99247,20150913,   80,    0
 18445, 99247,20150914,  111,    0
 18445, 99247,20150915,  103,    0
 18445, 99247,20150916,  107,    0
 18445, 99247,20150917,  127,    0
 18445, 99247,20150918,  117,    0
 18445, 99247,20150919,  106,    0
 18445, 99247,20150920,  101,    0
 18445, 99247,20150921,  110,    0
 18445, 99247,20150922,  122,    0
 18445, 99247,20150923,  109,    0
 18445, 99247,20150924,  108,    0
 18445, 99247,20150925,  103,    0
 18445, 99247,20150926,   98,    0
 18445, 99247,20150927,   87,    0
 18445, 99247,20150928,   88,    0
 18445, 99247,20150929,  121,    0
 18445, 99247,20150930,   58,    0
 18445, 99247,20151001,   40,    0
 18445, 99247,20151002,   40,    0
 18445, 99247,20151003,   22,    0
 18445, 99247,20151004,   22,    0
 18445, 99247,20151005,   32,    0
 18445, 99247,20151006,   29,    0
 18445, 99247,20151007,   35,    0
 18445, 99247,20151008,   48,    0
 18445, 99247,20151009,   30,    0
 18445, 99247,20151010,   30,    0
 18445, 99247,20151011,   69,    0
 18445, 99247,20151012,   69,    0
 18445, 99247,20151013,   77,    0
 18445, 99247,20151014,   73,    0
 18445, 99247,20151015,   83,    0
 18445, 99247,20151016,   48,    0
 18445, 99247,20151017,   77,    0
 18445, 99247,20151018,   85,    0
 18445, 99247,20151019,   91,    0
 18445, 99247,20151020,   70,    0
 18445, 99247,20151021,   71,    0
 18445, 99247,20151022,   28,    0
 18445, 99247,20151023,-9999,    9
 18445, 99247,20151024,-9999,    9
 18445, 99247,20151025,   11,    0
 18445, 99247,20151026,  -15,    0
 18445, 99247,20151027,  -20,    0
 18445, 99247,20151028,   14,    0
 18445, 99247,20151029,-9999,    9
 18445, 99247,20151030,-9999,    9
 18445, 99247,20151031,   13,    0
 18445, 99247,20151101,   66,    0
 18445, 99247,20151102,   55,    0
 18445, 99247,20151103,   62,    0
 18445, 99247,20151104,   35,    0
 18445, 99247,20151105,-9999,    9
 18445, 99247,20151106,-9999,    9
 18445, 99247,20151107,   26,    0
 18445, 99247,20151108,   34,    0
 18445, 99247,20151109,   45,    0
 18445, 99247,20151110,   42,    0
 18445, 99247,20151111,   31,    0
 18445, 99247,20151112,   -6,    0
 18445, 99247,20151113,   -7,    0
 18445, 99247,20151114,   19,    0
 18445, 99247,20151115,   15,    0
 18445, 99247,20151116,    0,    0
 18445, 99247,20151117,   -5,    0
 18445, 99247,20151118,    2,    0
 18445, 99247,20151119,    0,    0
 18445, 99247,20151120,    2,    0
 18445, 99247,20151121,-9999,    9
 18445, 99247,20151122,  -17,    0
 18445, 99247,20151123,    1,    0
 18445, 99247,20151124,   15,    0
 18445, 99247,20151125,    4,    0
 18445, 99247,20151126,   23,    0
 18445, 99247,20151127,   34,    0
 18445, 99247,20151128,    9,    0
 18445, 99247,20151129,    1,    0
 18445, 99247,20151130,   22,    0
 18445, 99247,20151201,   11,    0
 18445, 99247,20151202,   26,    0
 18445, 99247,20151203,   45,    0
 18445, 99247,20151204,   46,    0
 18445, 99247,20151205,   18,    0
 18445, 99247,20151206,   26,    0
 18445, 99247,20151207,   23,    0
 18445, 99247,20151208,   17,    0
 18445, 99247,20151209,   -1,    0
 18445, 99247,20151210,    3,    0
 18445, 99247,20151211,  -17,    0
 18445, 99247,20151212,  -12,    0
 18445, 99247,20151213,  -12,    0
 18445, 99247,20151214,  -29,    0
 18445, 99247,20151215,  -28,    0
 18445, 99247,20151216,  -27,    0
 18445, 99247,20151217,  -41,    0
 18445, 99247,20151218,    0,    0
 18445, 99247,20151219,   23,    0
 18445, 99247,20151220,-9999,    9
 18445, 99247,20151221,-9999,    9
 18445, 99247,20151222,-9999,    9
 18445, 99247,20151223,   -2,    0
 18445, 99247,20151224,   30,    0
 18445, 99247,20151225,   19,    0
 18445, 99247,20151226,  -33,    0
 18445, 99247,20151227,  -30,    0
 18445, 99247,20151228,   -8,    0
 18445, 99247,20151229,  -16,    0
 18445, 99247,20151230,    0,    0
 18445, 99247,20151231,   33,    0
 18445, 99247,20160101,   43,    0
 18445, 99247,20160102,   14,    0
 18445, 99247,20160103,  -30,    0
 18445, 99247,20160104,  -63,    0
 18445, 99247,20160105,  -81,    0
 18445, 99247,20160106, -111,    0
 18445, 99247,20160107, -150,    0
 18445, 99247,20160108,  -57,    0
 18445, 99247,20160109,  -12,    0
 18445, 99247,20160110,  -18,    0
 18445, 99247,20160111,  -58,    0
 18445, 99247,20160112,  -90,    0
 18445, 99247,20160113, -101,    0
 18445, 99247,20160114,  -73,    0
 18445, 99247,20160115,  -13,    0
 18445, 99247,20160116,    5,    0
 18445, 99247,20160117,  -46,    0
 18445, 99247,20160118,  -93,    0
 18445, 99247,20160119, -112,    0
 18445, 99247,20160120,  -91,    0
 18445, 99247,20160121,  -36,    0
 18445, 99247,20160122,    5,    0
 18445, 99247,20160123,    4,    0
 18445, 99247,20160124,  -47,    0
 18445, 99247,20160125,-9999,    9
 18445, 99247,20160126,   -9,    0
 18445, 99247,20160127,-9999,    9
 18445, 99247,20160128,-9999,    9
 18445, 99247,20160129,    4,    0
 18445, 99247,20160130,  -20,    0
 18445, 99247,20160131,  -15,    0
 18445, 99247,20160201,   -7,    0
 18445, 99247,20160202,  -56,    0
 18445, 99247,20160203,  -33,    0
 18445, 99247,20160204,  -41,    0
 18445, 99247,20160205,  -24,    0
 18445, 99247,20160206,  -31,    0
 18445, 99247,20160207,  -30,    0
 18445, 99247,20160208,    6,    0
 18445, 99247,20160209,   14,    0
 18445, 99247,20160210,-9999,    9
 18445, 99247,20160211,-9999,    9
 18445, 99247,20160212,-9999,    9
 18445, 99247,20160213,  -23,    0
 18445, 99247,20160214,  -15,    0
 18445, 99247,20160215,  -18,    0
 18445, 99247,20160216,    3,    0
 18445, 99247,20160217,   25,    0
 18445, 99247,20160218,   21,    0
 18445, 99247,20160219,   -8,    0
 18445, 99247,20160220,  -12,    0
 18445, 99247,20160221,   12,    0
 18445, 99247,20160222,    4,    0
 18445, 99247,20160223,  -10,    0
 18445, 99247,20160224,  -38,    0
 18445, 99247,20160225,  -41,    0
 18445, 99247,20160226,  -57,    0
 18445, 99247,20160227,  -50,    0
 18445, 99247,20160228,   -8,    0
 18445, 99247,20160229,    8,    0
 18445, 99247,20160301,   -2,    0
 18445, 99247,20160302,-9999,    9
 18445, 99247,20160303,-9999,    9
 18445, 99247,20160304,-9999,    9
 18445, 99247,20160305,  -12,    0
 18445, 99247,20160306,   -9,    0
 18445, 99247,20160307,    7,    0
 18445, 99247,20160308,   -5,    0
 18445, 99247,20160309,  -11,    0
 18445, 99247,20160310,  -16,    0
 18445, 99247,20160311,   -6,    0
 18445, 99247,20160312,   41,    0
 18445, 99247,20160313,   44,    0
 18445, 99247,20160314,   53,    0
 18445, 99247,20160315,   53,    0
 18445, 99247,20160316,   -6,    0
 18445, 99247,20160317,  -52,    0
 18445, 99247,20160318,  -44,    0
 18445, 99247,20160319,  -35,    0
 18445, 99247,20160320,  -37,    0
 18445, 99247,20160321,  -55,    0
 18445, 99247,20160322,  -52,    0
 18445, 99247,20160323,  -24,    0
 18445, 99247,20160324,  -25,    0
 18445, 99247,20160325,  -28,    0
 18445, 99247,20160326,   23,    0
 18445, 99247,20160327,   44,    0
 18445, 99247,20160328,   65,    0
 18445, 99247,20160329,-9999,    9
 18445, 99247,20160330,-9999,    9
 18445, 99247,20160331,-9999,    9
 18445, 99247,20160401,   11,    0
 18445, 99247,20160402,    5,    0
 18445, 99247,20160403,   17,    0
 18445, 99247,20160404,   20,    0
 18445, 99247,20160405,    7,    0
 18445, 99247,20160406,    7,    0
 18445, 99247,20160407,-9999,    9
 18445, 99247,20160408,-9999,    9
 18445, 99247,20160409,   25,    0
 18445, 99247,20160410,   18,    0
 18445, 99247,20160411,   14,    0
 18445, 99247,20160412,  -15,    0
 18445, 99247,20160413,  -26,    0
 18445, 99247,20160414,   -8,    0
 18445, 99247,20160415,   -2,    0
 18445, 99247,20160416,    3,    0
 18445, 99247,20160417,    9,    0
 18445, 99247,20160418,   15,    0
 18445, 99247,20160419,   17,    0
 18445, 99247,20160420,   10,    0
 18445, 99247,20160421,    4,    0
 18445, 99247,20160422,   17,    0
 18445, 99247,20160423,   12,    0
 18445, 99247,20160424,    9,    0
 18445, 99247,20160425,   18,    0
 18445, 99247,20160426,   31,    0
 18445, 99247,20160427,   77,    0
 18445, 99247,20160428,   86,    0
 18445, 99247,20160429,   90,    0
 18445, 99247,20160430,   90,    0
 18445, 99247,20160501,   74,    0
 18445, 99247,20160502,-9999,    9
 18445, 99247,20160503,-9999,    9
 18445, 99247,20160504,   69,    0
 18445, 99247,20160505,   78,    0
 18445, 99247,20160506,   77,    0
 18445, 99247,20160507,   77,    0
 18445, 99247,20160508,   60,    0
 18445, 99247,20160509,   47,    0
 18445, 99247,20160510,   45,    0
 18445, 99247,20160511,   55,    0
 18445, 99247,20160512,   56,    0
 18445, 99247,20160513,-9999,    9
 18445, 99247,20160514,   72,    0
 18445, 99247,20160515,-9999,    9
 18445, 99247,20160516,   63,    0
 18445, 99247,20160517,   46,    0
 18445, 99247,20160518,   49,    0
 18445, 99247,20160519,-9999,    9
 18445, 99247,20160520,-9999,    9
 18445, 99247,20160521,  109,    0
 18445, 99247,20160522,  125,    0
 18445, 99247,20160523,  103,    0
 18445, 99247,20160524,   80,    0
 18445, 99247,20160525,  149,    0
 18445, 99247,20160526,-9999,    9
 18445, 99247,20160527,-9999,    9
 18445, 99247,20160528,-9999,    9
 18445, 99247,20160529,-9999,    9
 18445, 99247,20160530,-9999,    9
 18445, 99247,20160531,-9999,    9
 18445, 99247,20160601,-9999,    9
 18445, 99247,20160602,-9999,    9
 18445, 99247,20160603,-9999,    9
 18445, 99247,20160604,-9999,    9
 18445, 99247,20160605,-9999,    9
 18445, 99247,20160606,-9999,    9
 18445, 99247,20160607,-9999,    9
 18445, 99247,20160608,-9999,    9
 18445, 99247,20160609,-9999,    9
 18445, 99247,20160610,-9999,    9
 18445, 99247,20160611,-9999,    9
 18445, 99247,20160612,-9999,    9
 18445, 99247,20160613,-9999,    9
 18445, 99247,20160614,-9999,    9
 18445, 99247,20160615,-9999,    9
 18445, 99247,20160616,-9999,    9
 18445, 99247,20160617,-9999,    9
 18445, 99247,20160618,-9999,    9
 18445, 99247,20160619,-9999,    9
 18445, 99247,20160620,-9999,    9
 18445, 99247,20160621,-9999,    9
 18445, 99247,20160622,-9999,    9
 18445, 99247,20160623,-9999,    9
 18445, 99247,20160624,-9999,    9
 18445, 99247,20160625,-9999,    9
 18445, 99247,20160626,-9999,    9
 18445, 99247,20160627,-9999,    9
 18445, 99247,20160628,-9999,    9
 18445, 99247,20160629,-9999,    9
 18445, 99247,20160630,-9999,    9
 18445, 99247,20160701,-9999,    9
 18445, 99247,20160702,-9999,    9
 18445, 99247,20160703,-9999,    9
 18445, 99247,20160704,-9999,    9
 18445, 99247,20160705,-9999,    9
 18445, 99247,20160706,-9999,    9
 18445, 99247,20160707,-9999,    9
 18445, 99247,20160708,-9999,    9
 18445, 99247,20160709,-9999,    9
 18445, 99247,20160710,-9999,    9
 18445, 99247,20160711,-9999,    9
 18445, 99247,20160712,-9999,    9
 18445, 99247,20160713,-9999,    9
 18445, 99247,20160714,-9999,    9
 18445, 99247,20160715,-9999,    9
 18445, 99247,20160716,-9999,    9
 18445, 99247,20160717,-9999,    9
 18445, 99247,20160718,-9999,    9
 18445, 99247,20160719,-9999,    9
 18445, 99247,20160720,-9999,    9
 18445, 99247,20160721,-9999,    9
 18445, 99247,20160722,-9999,    9
 18445, 99247,20160723,-9999,    9
 18445, 99247,20160724,-9999,    9
 18445, 99247,20160725,-9999,    9
 18445, 99247,20160726,-9999,    9
 18445, 99247,20160727,-9999,    9
 18445, 99247,20160728,-9999,    9
 18445, 99247,20160729,-9999,    9
 18445, 99247,20160730,-9999,    9
 18445, 99247,20160731,-9999,    9
 18445, 99247,20160801,-9999,    9
 18445, 99247,20160802,-9999,    9
 18445, 99247,20160803,-9999,    9
 18445, 99247,20160804,-9999,    9
 18445, 99247,20160805,-9999,    9
 18445, 99247,20160806,-9999,    9
 18445, 99247,20160807,-9999,    9
 18445, 99247,20160808,-9999,    9
 18445, 99247,20160809,-9999,    9
 18445, 99247,20160810,-9999,    9
 18445, 99247,20160811,-9999,    9
 18445, 99247,20160812,-9999,    9
 18445, 99247,20160813,-9999,    9
 18445, 99247,20160814,-9999,    9
 18445, 99247,20160815,-9999,    9
 18445, 99247,20160816,-9999,    9
 18445, 99247,20160817,-9999,    9
 18445, 99247,20160818,-9999,    9
 18445, 99247,20160819,-9999,    9
 18445, 99247,20160820,-9999,    9
 18445, 99247,20160821,-9999,    9
 18445, 99247,20160822,-9999,    9
 18445, 99247,20160823,-9999,    9
 18445, 99247,20160824,-9999,    9
 18445, 99247,20160825,-9999,    9
 18445, 99247,20160826,-9999,    9
 18445, 99247,20160827,-9999,    9
 18445, 99247,20160828,-9999,    9
 18445, 99247,20160829,-9999,    9
 18445, 99247,20160830,-9999,    9
 18445, 99247,20160831,-9999,    9
 18445, 99247,20160901,-9999,    9
 18445, 99247,20160902,-9999,    9
 18445, 99247,20160903,-9999,    9
 18445, 99247,20160904,-9999,    9
 18445, 99247,20160905,-9999,    9
 18445, 99247,20160906,-9999,    9
 18445, 99247,20160907,-9999,    9
 18445, 99247,20160908,-9999,    9
 18445, 99247,20160909,  120,    0
 18445, 99247,20160910,  111,    0
 18445, 99247,20160911,  114,    0
 18445, 99247,20160912,  102,    0
 18445, 99247,20160913,  100,    0
 18445, 99247,20160914,  130,    0
 18445, 99247,20160915,   92,    0
 18445, 99247,20160916,-9999,    9
 18445, 99247,20160917,-9999,    9
 18445, 99247,20160918,-9999,    9
 18445, 99247,20160919,  133,    0
 18445, 99247,20160920,  111,    0
 18445, 99247,20160921,  117,    0
 18445, 99247,20160922,  106,    0
 18445, 99247,20160923,  112,    0
 18445, 99247,20160924,   92,    0
 18445, 99247,20160925,   95,    0
 18445, 99247,20160926,  129,    0
 18445, 99247,20160927,  108,    0
 18445, 99247,20160928,  130,    0
 18445, 99247,20160929,  108,    0
 18445, 99247,20160930,   84,    0
 18445, 99247,20161001,   90,    0
 18445, 99247,20161002,   66,    0
 18445, 99247,20161003,   47,    0
 18445, 99247,20161004,   58,    0
 18445, 99247,20161005,  104,    0
 18445, 99247,20161006,  102,    0
 18445, 99247,20161007,  102,    0
 18445, 99247,20161008,   86,    0
 18445, 99247,20161009,   45,    0
 18445, 99247,20161010,   37,    0
 18445, 99247,20161011,   72,    0
 18445, 99247,20161012,   89,    0
 18445, 99247,20161013,   86,    0
 18445, 99247,20161014,   81,    0
 18445, 99247,20161015,   62,    0
 18445, 99247,20161016,   69,    0
 18445, 99247,20161017,   26,    0
 18445, 99247,20161018,   20,    0
 18445, 99247,20161019,   55,    0
 18445, 99247,20161020,-9999,    9
 18445, 99247,20161021,-9999,    9
 18445, 99247,20161022,-9999,    9
 18445, 99247,20161023,-9999,    9
 18445, 99247,20161024,-9999,    9
 18445, 99247,20161025,-9999,    9
 18445, 99247,20161026,-9999,    9
 18445, 99247,20161027,   26,    0
 18445, 99247,20161028,   47,    0
 18445, 99247,20161029,   59,    0
 18445, 99247,20161030,   44,    0
 18445, 99247,20161031,   35,    0
 18445, 99247,20161101,   11,    0
 18445, 99247,20161102,   12,    0
 18445, 99247,20161103,    0,    0
 18445, 99247,20161104,  -22,    0
 18445, 99247,20161105,  -21,    0
 18445, 99247,20161106,  -19,    0
 18445, 99247,20161107,  -24,    0
 18445, 99247,20161108,  -11,    0
 18445, 99247,20161109,  -10,    0
 18445, 99247,20161110,    1,    0
 18445, 99247,20161111,  -17,    0
 18445, 99247,20161112,    9,    0
 18445, 99247,20161113,   40,    0
 18445, 99247,20161114,   51,    0
 18445, 99247,20161115,   59,    0
 18445, 99247,20161116,   59,    0
 18445, 99247,20161117,   33,    0
 18445, 99247,20161118,   36,    0
 18445, 99247,20161119,   26,    0
 18445, 99247,20161120,   31,    0
 18445, 99247,20161121,   -3,    0
 18445, 99247,20161122,    5,    0
 18445, 99247,20161123,   24,    0
 18445, 99247,20161124,   17,    0
 18445, 99247,20161125,    4,    0
 18445, 99247,20161126,  -16,    0
 18445, 99247,20161127,    2,    0
 18445, 99247,20161128,    1,    0
 18445, 99247,20161129,   26,    0
 18445, 99247,20161130,   38,    0
 18445, 99247,20161201,-9999,    9
 18445, 99247,20161202,  -20,    0
 18445, 99247,20161203,  -41,    0
 18445, 99247,20161204,  -25,    0
 18445, 99247,20161205,  -36,    0
 18445, 99247,20161206,    0,    0
 18445, 99247,20161207,   28,    0
 18445, 99247,20161208,   12,    0
 18445, 99247,20161209,  -15,    0
 18445, 99247,20161210,   -7,    0
 18445, 99247,20161211,  -20,    0
 18445, 99247,20161212,    5,    0
 18445, 99247,20161213,   20,    0
 18445, 99247,20161214,   35,    0
 18445, 99247,20161215,   52,    0
 18445, 99247,20161216,   67,    0
 18445, 99247,20161217,   63,    0
 18445, 99247,20161218,   31,    0
 18445, 99247,20161219,   60,    0
 18445, 99247,20161220,   45,    0
 18445, 99247,20161221,   64,    0
 18445, 99247,20161222,   43,    0
 18445, 99247,20161223,    7,    0
 18445, 99247,20161224,   -6,    0
 18445, 99247,20161225,   -2,    0
 18445, 99247,20161226,   -8,    0
 18445, 99247,20161227,   14,    0
 18445, 99247,20161228,   31,    0
 18445, 99247,20161229,   30,    0
 18445, 99247,20161230,   30,    0
 18445, 99247,20161231,   24,    0
 18445, 99247,20170101,-9999,    9
 18445, 99247,20170102,-9999,    9
 18445, 99247,20170103,-9999,    9
 18445, 99247,20170104,-9999,    9
 18445, 99247,20170105,-9999,    9
 18445, 99247,20170106,-9999,    9
 18445, 99247,20170107,-9999,    9
 18445, 99247,20170108,-9999,    9
 18445, 99247,20170109,-9999,    9
 18445, 99247,20170110,-9999,    9
 18445, 99247,20170111,-9999,    9
 18445, 99247,20170112,-9999,    9
 18445, 99247,20170113,-9999,    9
 18445, 99247,20170114,-9999,    9
 18445, 99247,20170115,-9999,    9
 18445, 99247,20170116,-9999,    9
 18445, 99247,20170117,-9999,    9
 18445, 99247,20170118,-9999,    9
 18445, 99247,20170119,-9999,    9
 18445, 99247,20170120,-9999,    9
 18445, 99247,20170121,-9999,    9
 18445, 99247,20170122,-9999,    9
 18445, 99247,20170123,-9999,    9
 18445, 99247,20170124,-9999,    9
 18445, 99247,20170125,-9999,    9
 18445, 99247,20170126,-9999,    9
 18445, 99247,20170127,-9999,    9
 18445, 99247,20170128,-9999,    9
 18445, 99247,20170129,-9999,    9
 18445, 99247,20170130,-9999,    9
 18445, 99247,20170131,-9999,    9
 18445, 99247,20170201,-9999,    9
 18445, 99247,20170202,-9999,    9
 18445, 99247,20170203,-9999,    9
 18445, 99247,20170204,-9999,    9
 18445, 99247,20170205,-9999,    9
 18445, 99247,20170206,-9999,    9
 18445, 99247,20170207,-9999,    9
 18445, 99247,20170208,-9999,    9
 18445, 99247,20170209,-9999,    9
 18445, 99247,20170210,-9999,    9
 18445, 99247,20170211,-9999,    9
 18445, 99247,20170212,-9999,    9
 18445, 99247,20170213,-9999,    9
 18445, 99247,20170214,-9999,    9
 18445, 99247,20170215,-9999,    9
 18445, 99247,20170216,-9999,    9
 18445, 99247,20170217,-9999,    9
 18445, 99247,20170218,-9999,    9
 18445, 99247,20170219,-9999,    9
 18445, 99247,20170220,-9999,    9
 18445, 99247,20170221,-9999,    9
 18445, 99247,20170222,-9999,    9
 18445, 99247,20170223,-9999,    9
 18445, 99247,20170224,-9999,    9
 18445, 99247,20170225,-9999,    9
 18445, 99247,20170226,-9999,    9
 18445, 99247,20170227,-9999,    9
 18445, 99247,20170228,-9999,    9
 18445, 99247,20170301,-9999,    9
 18445, 99247,20170302,-9999,    9
 18445, 99247,20170303,-9999,    9
 18445, 99247,20170304,-9999,    9
 18445, 99247,20170305,-9999,    9
 18445, 99247,20170306,-9999,    9
 18445, 99247,20170307,-9999,    9
 18445, 99247,20170308,-9999,    9
 18445, 99247,20170309,-9999,    9
 18445, 99247,20170310,-9999,    9
 18445, 99247,20170311,-9999,    9
 18445, 99247,20170312,-9999,    9
 18445, 99247,20170313,  -16,    0
 18445, 99247,20170314,-9999,    9
 18445, 99247,20170315,-9999,    9
 18445, 99247,20170316,-9999,    9
 18445, 99247,20170317,-9999,    9
 18445, 99247,20170318,-9999,    9
 18445, 99247,20170319,-9999,    9
 18445, 99247,20170320,-9999,    9
 18445, 99247,20170321,-9999,    9
 18445, 99247,20170322,-9999,    9
 18445, 99247,20170323,-9999,    9
 18445, 99247,20170324,-9999,    9
 18445, 99247,20170325,-9999,    9
 18445, 99247,20170326,-9999,    9
 18445, 99247,20170327,-9999,    9
 18445, 99247,20170328,-9999,    9
 18445, 99247,20170329,-9999,    9
 18445, 99247,20170330,-9999,    9
 18445, 99247,20170331,-9999,    9
 18445, 99247,20170401,-9999,    9
 18445, 99247,20170402,-9999,    9
 18445, 99247,20170403,   10,    0
 18445, 99247,20170404,   37,    0
 18445, 99247,20170405,   32,    0
 18445, 99247,20170406,   -1,    0
 18445, 99247,20170407,   -5,    0
 18445, 99247,20170408,   -8,    0
 18445, 99247,20170409,  -11,    0
 18445, 99247,20170410,   -6,    0
 18445, 99247,20170411,   -6,    0
 18445, 99247,20170412,   -4,    0
 18445, 99247,20170413,  -19,    0
 18445, 99247,20170414,   -9,    0
 18445, 99247,20170415,    0,    0
 18445, 99247,20170416,  -17,    0
 18445, 99247,20170417,  -13,    0
 18445, 99247,20170418,   -4,    0
 18445, 99247,20170419,   10,    0
 18445, 99247,20170420,   20,    0
 18445, 99247,20170421,   14,    0
 18445, 99247,20170422,   11,    0
 18445, 99247,20170423,   -3,    0
 18445, 99247,20170424,  -15,    0
 18445, 99247,20170425,  -12,    0
 18445, 99247,20170426,   -4,    0
 18445, 99247,20170427,-9999,    9
 18445, 99247,20170428,   21,    0
 18445, 99247,20170429,   30,    0
 18445, 99247,20170430,   21,    0
 18445, 99247,20170501,   22,    0
 18445, 99247,20170502,   33,    0
 18445, 99247,20170503,   38,    0
 18445, 99247,20170504,   64,    0
 18445, 99247,20170505,   46,    0
 18445, 99247,20170506,    3,    0
 18445, 99247,20170507,  -15,    0
 18445, 99247,20170508,   -8,    0
 18445, 99247,20170509,   10,    0
 18445, 99247,20170510,   14,    0
 18445, 99247,20170511,    8,    0
 18445, 99247,20170512,   17,    0
 18445, 99247,20170513,   26,    0
 18445, 99247,20170514,   31,    0
 18445, 99247,20170515,   44,    0
 18445, 99247,20170516,   60,    0
 18445, 99247,20170517,   78,    0
 18445, 99247,20170518,   77,    0
 18445, 99247,20170519,   55,    0
 18445, 99247,20170520,-9999,    9
 18445, 99247,20170521,   60,    0
 18445, 99247,20170522,   64,    0
 18445, 99247,20170523,   31,    0
 18445, 99247,20170524,   43,    0
 18445, 99247,20170525,   36,    0
 18445, 99247,20170526,   25,    0
 18445, 99247,20170527,   42,    0
 18445, 99247,20170528,   43,    0
 18445, 99247,20170529,   26,    0
 18445, 99247,20170530,   17,    0
 18445, 99247,20170531,   36,    0
 18445, 99247,20170601,   48,    0
 18445, 99247,20170602,   39,    0
 18445, 99247,20170603,   40,    0
 18445, 99247,20170604,   48,    0
 18445, 99247,20170605,   44,    0
 18445, 99247,20170606,  104,    0
 18445, 99247,20170607,  138,    0
 18445, 99247,20170608,  166,    0
 18445, 99247,20170609,-9999,    9
 18445, 99247,20170610,  114,    0
 18445, 99247,20170611,  115,    0
 18445, 99247,20170612,  103,    0
 18445, 99247,20170613,   69,    0
 18445, 99247,20170614,   97,    0
 18445, 99247,20170615,  111,    0
 18445, 99247,20170616,   69,    0
 18445, 99247,20170617,   80,    0
 18445, 99247,20170618,   96,    0
 18445, 99247,20170619,  102,    0
 18445, 99247,20170620,  108,    0
 18445, 99247,20170621,   64,    0
 18445, 99247,20170622,   66,    0
 18445, 99247,20170623,   71,    0
 18445, 99247,20170624,  104,    0
 18445, 99247,20170625,  104,    0
 18445, 99247,20170626,  120,    0
 18445, 99247,20170627,   98,    0
 18445, 99247,20170628,   98,    0
 18445, 99247,20170629,  106,    0
 18445, 99247,20170630,  108,    0
 18445, 99247,20170701,  130,    0
 18445, 99247,20170702,  151,    0
 18445, 99247,20170703,   93,    0
 18445, 99247,20170704,   86,    0
 18445, 99247,20170705,   81,    0
 18445, 99247,20170706,   85,    0
 18445, 99247,20170707,   96,    0
 18445, 99247,20170708,  112,    0
 18445, 99247,20170709,  155,    0
 18445, 99247,20170710,  160,    0
 18445, 99247,20170711,  138,    0
 18445, 99247,20170712,  122,    0
 18445, 99247,20170713,   98,    0
 18445, 99247,20170714,  111,    0
 18445, 99247,20170715,  146,    0
 18445, 99247,20170716,  158,    0
 18445, 99247,20170717,  106,    0
 18445, 99247,20170718,  111,    0
 18445, 99247,20170719,  108,    0
 18445, 99247,20170720,   94,    0
 18445, 99247,20170721,   99,    0
 18445, 99247,20170722,  124,    0
 18445, 99247,20170723,  158,    0
 18445, 99247,20170724,  140,    0
 18445, 99247,20170725,  103,    0
 18445, 99247,20170726,   97,    0
 18445, 99247,20170727,   99,    0
 18445, 99247,20170728,  103,    0
 18445, 99247,20170729,  120,    0
 18445, 99247,20170730,  112,    0
 18445, 99247,20170731,  104,    0
 18445, 99247,20170801,  148,    0
 18445, 99247,20170802,  124,    0
 18445, 99247,20170803,  109,    0
 18445, 99247,20170804,  117,    0
 18445, 99247,20170805,  152,    0
 18445, 99247,20170806,  148,    0
 18445, 99247,20170807,  124,    0
 18445, 99247,20170808,  113,    0
 18445, 99247,20170809,   99,    0
 18445, 99247,20170810,  137,    0
 18445, 99247,20170811,  130,    0
 18445, 99247,20170812,  139,    0
 18445, 99247,20170813,  118,    0
 18445, 99247,20170814,  109,    0
 18445, 99247,20170815,   99,    0
 18445, 99247,20170816,  129,    0
 18445, 99247,20170817,  121,    0
 18445, 99247,20170818,  119,    0
 18445, 99247,20170819,  116,    0
 18445, 99247,20170820,  107,    0
 18445, 99247,20170821,   81,    0
 18445, 99247,20170822,   90,    0
 18445, 99247,20170823,   94,    0
 18445, 99247,20170824,   94,    0
 18445, 99247,20170825,   74,    0
 18445, 99247,20170826,   85,    0
 18445, 99247,20170827,   97,    0
 18445, 99247,20170828,  101,    0
 18445, 99247,20170829,  123,    0
 18445, 99247,20170830,  121,    0
 18445, 99247,20170831,  101,    0
 18445, 99247,20170901,   82,    0
 18445, 99247,20170902,   93,    0
 18445, 99247,20170903,  123,    0
 18445, 99247,20170904,  132,    0
 18445, 99247,20170905,  141,    0
 18445, 99247,20170906,  123,    0
 18445, 99247,20170907,  113,    0
 18445, 99247,20170908,  124,    0
 18445, 99247,20170909,  102,    0
 18445, 99247,20170910,  103,    0
 18445, 99247,20170911,  130,    0
 18445, 99247,20170912,  142,    0
 18445, 99247,20170913,  117,    0
 18445, 99247,20170914,   93,    0
 18445, 99247,20170915,   72,    0
 18445, 99247,20170916,   85,    0
 18445, 99247,20170917,   85,    0
 18445, 99247,20170918,   92,    0
 18445, 99247,20170919,-9999,    9
 18445, 99247,20170920,-9999,    9
 18445, 99247,20170921,   84,    0
 18445, 99247,20170922,  102,    0
 18445, 99247,20170923,  106,    0
 18445, 99247,20170924,  114,    0
 18445, 99247,20170925,  108,    0
 18445, 99633,20170926,   97,    0
 18445, 99633,20170927,   85,    0
 18445, 99247,20170928,   80,    0
 18445, 99247,20170929,   85,    0
 18445, 99247,20170930,  107,    0
 18445, 99247,20171001,  145,    0
 18445, 99247,20171002,  106,    0
 18445, 99247,20171003,   92,    0
 18445, 99247,20171004,-9999,    9
 18445, 99247,20171005,   75,    0
 18445, 99247,20171006,   71,    0
 18445, 99247,20171007,   76,    0
 18445, 99247,20171008,   67,    0
 18445, 99247,20171009,   64,    0
 18445, 99247,20171010,   54,    0
 18445, 99247,20171011,   60,    0
 18445, 99247,20171012,   67,    0
 18445, 99247,20171013,   50,    0
 18445, 99247,20171014,-9999,    9
 18445, 99247,20171015,   64,    0
 18445, 99247,20171016,   52,    0
 18445, 99247,20171017,-9999,    9
 18445, 99247,20171018,-9999,    9
 18445, 99247,20171019,-9999,    9
 18445, 99247,20171020,-9999,    9
 18445, 99247,20171021,-9999,    9
 18445, 99247,20171022,-9999,    9
 18445, 99247,20171023,-9999,    9
 18445, 99247,20171024,-9999,    9
 18445, 99247,20171025,   36,    0
 18445, 99247,20171026,   40,    0
 18445, 99247,20171027,   54,    0
 18445, 99247,20171028,   23,    0
 18445, 99247,20171029,   12,    0
 18445, 99247,20171030,    2,    0
 18445, 99247,20171031,    4,    0
 18445, 99247,20171101,-9999,    9
 18445, 99247,20171102,-9999,    9
 18445, 99247,20171103,   42,    0
 18445, 99247,20171104,   47,    0
 18445, 99247,20171105,   40,    0
 18445, 99247,20171106,   23,    0
 18445, 99247,20171107,   38,    0
 18445, 99247,20171108,   43,    0
 18445, 99247,20171109,   35,    0
 18445, 99247,20171110,   33,    0
 18445, 99247,20171111,    0,    0
 18445, 99247,20171112,   -5,    0
 18445, 99247,20171113,    3,    0
 18445, 99247,20171114,   38,    0
 18445, 99247,20171115,   18,    0
 18445, 99247,20171116,   -5,    0
 18445, 99247,20171117,  -19,    0
 18445, 99247,20171118,  -19,    0
 18445, 99247,20171119,  -12,    0
 18445, 99247,20171120,  -28,    0
 18445, 99247,20171121,  -15,    0
 18445, 99247,20171122,  -27,    0
 18445, 99247,20171123,  -35,    0
 18445, 99247,20171124,  -17,    0
 18445, 99247,20171125,    8,    0
 18445, 99247,20171126,    8,    0
 18445, 99247,20171127,   -2,    0
 18445, 99247,20171128,-9999,    9
 18445, 99247,20171129,   -1,    0
 18445, 99247,20171130,  -25,    0
 18445, 99247,20171201,    2,    0
 18445, 99247,20171202,   21,    0
 18445, 99247,20171203,    5,    0
 18445, 99247,20171204,    3,    0
 18445, 99247,20171205,  -10,    0
 18445, 99247,20171206,    1,    0
 18445, 99247,20171207,  -17,    0
 18445, 99247,20171208,  -33,    0
 18445, 99247,20171209,   -6,    0
 18445, 99247,20171210,   21,    0
 18445, 99247,20171211,    6,    0
 18445, 99247,20171212,  -14,    0
 18445, 99247,20171213,   -5,    0
 18445, 99247,20171214,   23,    0
 18445, 99247,20171215,  -19,    0
 18445, 99247,20171216,  -25,    0
 18445, 99247,20171217,   -4,    0
 18445, 99247,20171218,   13,    0
 18445, 99247,20171219,   39,    0
 18445, 99247,20171220,   49,    0
 18445, 99247,20171221,   38,    0
 18445, 99247,20171222,    2,    0
 18445, 99247,20171223,   -8,    0
 18445, 99247,20171224,  -20,    0
 18445, 99247,20171225,  -50,    0
 18445, 99247,20171226,  -18,    0
 18445, 99247,20171227,  -38,    0
 18445, 99247,20171228,  -28,    0
 18445, 99247,20171229,  -45,    0
 18445, 99247,20171230,  -24,    0
 18445, 99247,20171231,   -7,    0
 18445, 99247,20180101,  -34,    0
 18445, 99247,20180102,  -31,    0
 18445, 99247,20180103,  -23,    0
 18445, 99247,20180104,   -3,    0
 18445, 99247,20180105,  -32,    0
 18445, 99247,20180106,  -28,    0
 18445, 99247,20180107,  -23,    0
 18445, 99247,20180108,    6,    0
 18445, 99247,20180109,   14,    0
 18445, 99247,20180110,   46,    0
 18445, 99247,20180111,   -1,    0
 18445, 99247,20180112,   43,    0
 18445, 99247,20180113,   29,    0
 18445, 99247,20180114,  -32,    0
 18445, 99247,20180115,  -12,    0
 18445, 99247,20180116,  -11,    0
 18445, 99247,20180117,  -28,    0
 18445, 99247,20180118,  -74,    0
 18445, 99247,20180119,  -60,    0
 18445, 99247,20180120,  -78,    0
 18445, 99247,20180121,  -69,    0
 18445, 99247,20180122,  -90,    0
 18445, 99247,20180123,  -79,    0
 18445, 99247,20180124,  -82,    0
 18445, 99247,20180125,  -65,    0
 18445, 99247,20180126,   -2,    0
 18445, 99247,20180127,  -28,    0
 18445, 99247,20180128,  -44,    0
 18445, 99247,20180129,  -66,    0
 18445, 99247,20180130,  -52,    0
 18445, 99247,20180131,  -56,    0
 18445, 99247,20180201,  -50,    0
 18445, 99247,20180202,  -60,    0
 18445, 99247,20180203,  -64,    0
 18445, 99247,20180204,  -65,    0
 18445, 99247,20180205,   13,    0
 18445, 99247,20180206,  -13,    0
 18445, 99247,20180207,  -55,    0
 18445, 99247,20180208,  -40,    0
 18445, 99247,20180209,  -31,    0
 18445, 99247,20180210,   13,    0
 18445, 99247,20180211,  -10,    0
 18445, 99247,20180212,  -38,    0
 18445, 99247,20180213,  -30,    0
 18445, 99247,20180214,   -9,    0
 18445, 99247,20180215,  -30,    0
 18445, 99247,20180216,  -36,    0
 18445, 99247,20180217,  -57,    0
 18445, 99247,20180218,  -83,    0
 18445, 99247,20180219,  -69,    0
 18445, 99247,20180220,  -70,    0
 18445, 99247,20180221,  -46,    0
 18445, 99247,20180222,  -42,    0
 18445, 99247,20180223,  -63,    0
 18445, 99247,20180224,  -67,    0
 18445, 99247,20180225,  -78,    0
 18445, 99247,20180226,  -55,    0
 18445, 99247,20180227,  -33,    0
 18445, 99247,20180228,   18,    0
 18445, 99247,20180301,   14,    0
 18445, 99247,20180302,  -21,    0
 18445, 99247,20180303,-9999,    9
 18445, 99247,20180304,  -76,    0
 18445, 99247,20180305,  -79,    0
 18445, 99247,20180306,  -70,    0
 18445, 99247,20180307,  -79,    0
 18445, 99247,20180308,  -86,    0
 18445, 99247,20180309,  -90,    0
 18445, 99247,20180310,-9999,    9
 18445, 99247,20180311,  -54,    0
 18445, 99247,20180312,  -41,    0
 18445, 99247,20180313,  -41,    0
 18445, 99247,20180314,  -60,    0
 18445, 99247,20180315,  -54,    0
 18445, 99247,20180316,  -31,    0
 18445, 99247,20180317,-9999,    9
 18445, 99247,20180318,  -21,    0
 18445, 99247,20180319,  -26,    0
 18445, 99247,20180320,  -46,    0
 18445, 99247,20180321,  -23,    0
 18445, 99247,20180322,  -28,    0
 18445, 99247,20180323,  -27,    0
 18445, 99247,20180324,  -49,    0
 18445, 99247,20180325,  -49,    0
 18445, 99247,20180326,  -40,    0
 18445, 99247,20180327,  -16,    0
 18445, 99247,20180328,    5,    0
 18445, 99247,20180329,  -16,    0
 18445, 99247,20180330,  -11,    0
 18445, 99247,20180331,  -13,    0
 18445, 99247,20180401,  -27,    0
 18445, 99247,20180402,  -26,    0
 18445, 99247,20180403,  -13,    0
 18445, 99247,20180404,   -5,    0
 18445, 99247,20180405,    7,    0
 18445, 99247,20180406,    6,    0
 18445, 99247,20180407,-9999,    9
 18445, 99247,20180408,    5,    0
 18445, 99247,20180409,   -3,    0
 18445, 99247,20180410,   18,    0
 18445, 99247,20180411,   31,    0
 18445, 99247,20180412,   34,    0
 18445, 99247,20180413,   37,    0
 18445, 99247,20180414,   44,    0
 18445, 99247,20180415,   30,    0
 18445, 99247,20180416,   31,    0
 18445, 99247,20180417,   32,    0
 18445, 99247,20180418,   35,    0
 18445, 99247,20180419,   21,    0
 18445, 99247,20180420,   23,    0
 18445, 99247,20180421,   30,    0
 18445, 99247,20180422,   17,    0
 18445, 99247,20180423,   38,    0
 18445, 99247,20180424,   39,    0
 18445, 99247,20180425,   34,    0
 18445, 99247,20180426,   26,    0
 18445, 99247,20180427,   19,    0
 18445, 99247,20180428,   10,    0
 18445, 99247,20180429,   15,    0
 18445, 99247,20180430,   23,    0
 18445, 99247,20180501,   36,    0
 18445, 99247,20180502,   59,    0
 18445, 99247,20180503,   59,    0
 18445, 99247,20180504,   70,    0
 18445, 99247,20180505,-9999,    9
 18445, 99247,20180506,   69,    0
 18445, 99247,20180507,   49,    0
 18445, 99247,20180508,   64,    0
 18445, 99247,20180509,  108,    0
 18445, 99247,20180510,  134,    0
 18445, 99247,20180511,  112,    0
 18445, 99247,20180512,   98,    0
 18445, 99247,20180513,  101,    0
 18445, 99633,20180514,  108,    0
 18445, 99633,20180515,   94,    0
 18445, 99247,20180516,-9999,    9
 18445, 99633,20180517,   85,    0
 18445, 99633,20180518,   79,    0
 18445, 99247,20180519,-9999,    9
 18445, 99633,20180520,   99,    0
 18445, 99633,20180521,   89,    0
 18445, 99633,20180522,   78,    0
 18445, 99633,20180523,   56,    0
 18445, 99633,20180524,   88,    0
 18445, 99633,20180525,  110,    0
 18445, 99247,20180526,-9999,    9
 18445, 99633,20180527,   86,    0
 18445, 99633,20180528,  109,    0
 18445, 99633,20180529,   87,    0
 18445, 99247,20180530,-9999,    9
 18445, 99633,20180531,   95,    0
 18445, 99633,20180601,  102,    0
 18445, 99633,20180602,   86,    0
 18445, 99633,20180603,   75,    0
 18445, 99633,20180604,   51,    0
 18445, 99247,20180605,   39,    0
 18445, 99247,20180606,-9999,    9
 18445, 99247,20180607,   42,    0
 18445, 99247,20180608,   50,    0
 18445, 99247,20180609,   65,    0
 18445, 99247,20180610,   75,    0
 18445, 99247,20180611,   62,    0
 18445, 99247,20180612,   46,    0
 18445, 99247,20180613,   58,    0
 18445, 99247,20180614,   99,    0
 18445, 99247,20180615,  135,    0
 18445, 99247,20180616,  145,    0
 18445, 99247,20180617,   95,    0
 18445, 99247,20180618,  138,    0
 18445, 99247,20180619,  115,    0
 18445, 99247,20180620,  102,    0
 18445, 99247,20180621,   80,    0
 18445, 99247,20180622,   76,    0
 18445, 99247,20180623,   71,    0
 18445, 99247,20180624,   80,    0
 18445, 99247,20180625,  109,    0
 18445, 99247,20180626,  123,    0
 18445, 99247,20180627,   83,    0
 18445, 99247,20180628,   77,    0
 18445, 99247,20180629,   69,    0
 18445, 99247,20180630,   86,    0
 18445, 99247,20180701,  130,    0
 18445, 99247,20180702,  116,    0
 18445, 99247,20180703,  101,    0
 18445, 99247,20180704,   80,    0
 18445, 99247,20180705,  113,    0
 18445, 99247,20180706,  133,    0
 18445, 99247,20180707,  102,    0
 18445, 99247,20180708,  117,    0
 18445, 99247,20180709,  128,    0
 18445, 99247,20180710,  118,    0
 18445, 99247,20180711,  111,    0
 18445, 99247,20180712,  102,    0
 18445, 99247,20180713,   93,    0
 18445, 99247,20180714,   91,    0
 18445, 99247,20180715,  132,    0
 18445, 99247,20180716,  145,    0
 18445, 99247,20180717,  239,    0
 18445, 99247,20180718,-9999,    9
 18445, 99247,20180719,-9999,    9
 18445, 99247,20180720,-9999,    9
 18445, 99247,20180721,-9999,    9
 18445, 99247,20180722,-9999,    9
 18445, 99247,20180723,-9999,    9
 18445, 99247,20180724,-9999,    9
 18445, 99247,20180725,  384,    0
 18445, 99247,20180726,  368,    0
 18445, 99247,20180727,  370,    0
 18445, 99247,20180728,  371,    0
 18445, 99247,20180729,  375,    0
 18445, 99247,20180730,  376,    0
 18445, 99247,20180731,  380,    0
 18445, 99247,20180801,-9999,    9
 18445, 99247,20180802,-9999,    9
 18445, 99247,20180803,-9999,    9
 18445, 99247,20180804,-9999,    9
 18445, 99247,20180805,-9999,    9
 18445, 99247,20180806,-9999,    9
 18445, 99247,20180807,-9999,    9
 18445, 99247,20180808,-9999,    9
 18445, 99247,20180809,-9999,    9
 18445, 99247,20180810,-9999,    9
 18445, 99247,20180811,-9999,    9
 18445, 99247,20180812,-9999,    9
 18445, 99247,20180813,-9999,    9
 18445, 99247,20180814,-9999,    9
 18445, 99247,20180815,-9999,    9
 18445, 99247,20180816,-9999,    9
 18445, 99247,20180817,-9999,    9
 18445, 99247,20180818,-9999,    9
 18445, 99247,20180819,-9999,    9
 18445, 99247,20180820,-9999,    9
 18445, 99247,20180821,-9999,    9
 18445, 99247,20180822,-9999,    9
 18445, 99247,20180823,-9999,    9
 18445, 99247,20180824,-9999,    9
 18445, 99247,20180825,-9999,    9
 18445, 99247,20180826,-9999,    9
 18445, 99247,20180827,-9999,    9
 18445, 99247,20180828,-9999,    9
 18445, 99247,20180829,-9999,    9
 18445, 99247,20180830,-9999,    9
 18445, 99247,20180831,-9999,    9
 18445, 99247,20180901,-9999,    9
 18445, 99247,20180902,-9999,    9
 18445, 99247,20180903,-9999,    9
 18445, 99247,20180904,-9999,    9
 18445, 99247,20180905,-9999,    9
 18445, 99247,20180906,-9999,    9
 18445, 99247,20180907,-9999,    9
 18445, 99247,20180908,-9999,    9
 18445, 99247,20180909,-9999,    9
 18445, 99247,20180910,-9999,    9
 18445, 99247,20180911,-9999,    9
 18445, 99247,20180912,-9999,    9
 18445, 99247,20180913,  112,    0
 18445, 99247,20180914,  101,    0
 18445, 99247,20180915,  102,    0
 18445, 99247,20180916,   92,    0
 18445, 99247,20180917,   75,    0
 18445, 99247,20180918,   83,    0
 18445, 99247,20180919,   91,    0
 18445, 99247,20180920,  101,    0
 18445, 99247,20180921,  117,    0
 18445, 99247,20180922,  107,    0
 18445, 99247,20180923,   96,    0
 18445, 99247,20180924,   51,    0
 18445, 99247,20180925,   53,    0
 18445, 99247,20180926,-9999,    9
 18445, 99247,20180927,-9999,    9
 18445, 99247,20180928,-9999,    9
 18445, 99247,20180929,-9999,    9
 18445, 99247,20180930,-9999,    9
 18445, 99247,20181001,-9999,    9
 18445, 99247,20181002,-9999,    9
 18445, 99247,20181003,-9999,    9
 18445, 99247,20181004,   28,    0
 18445, 99247,20181005,   22,    0
 18445, 99247,20181006,   26,    0
 18445, 99247,20181007,   33,    0
 18445, 99247,20181008,   45,    0
 18445, 99247,20181009,   68,    0
 18445, 99247,20181010,   51,    0
 18445, 99247,20181011,-9999,    9
 18445, 99247,20181012,   79,    0
 18445, 99247,20181013,   89,    0
 18445, 99247,20181014,  112,    0
 18445, 99247,20181015,   84,    0
 18445, 99247,20181016,   82,    0
 18445, 99247,20181017,-9999,    9
 18445, 99247,20181018,-9999,    9
 18445, 99247,20181019,   68,    0
 18445, 99247,20181020,   57,    0
 18445, 99247,20181021,   80,    0
 18445, 99247,20181022,-9999,    9
 18445, 99247,20181023,   41,    0
 18445, 99247,20181024,   19,    0
 18445, 99247,20181025,   19,    0
 18445, 99247,20181026,   25,    0
 18445, 99247,20181027,   10,    0
 18445, 99247,20181028,    6,    0
 18445, 99247,20181029,   47,    0
 18445, 99247,20181030,    2,    0
 18445, 99247,20181031,    4,    0
 18445, 99247,20181101,   35,    0
 18445, 99247,20181102,   61,    0
 18445, 99247,20181103,   56,    0
 18445, 99247,20181104,   54,    0
 18445, 99247,20181105,   98,    0
 18445, 99247,20181106,   80,    0
 18445, 99247,20181107,   41,    0
 18445, 99247,20181108,   17,    0
 18445, 99247,20181109,   36,    0
 18445, 99247,20181110,   56,    0
 18445, 99247,20181111,   58,    0
 18445, 99247,20181112,   60,    0
 18445, 99247,20181113,   49,    0
 18445, 99247,20181114,   62,    0
 18445, 99247,20181115,   83,    0
 18445, 99247,20181116,   93,    0
 18445, 99247,20181117,   60,    0
 18445, 99247,20181118,   51,    0
 18445, 99247,20181119,   88,    0
 18445, 99247,20181120,   37,    0
 18445, 99247,20181121,   50,    0
 18445, 99247,20181122,   56,    0
 18445, 99247,20181123,   33,    0
 18445, 99247,20181124,   26,    0
 18445, 99247,20181125,   -2,    0
 18445, 99247,20181126,   -4,    0
 18445, 99247,20181127,    9,    0
 18445, 99247,20181128,   13,    0
 18445, 99247,20181129,    0,    0
 18445, 99247,20181130,   27,    0
 18445, 99247,20181201,   45,    0
 18445, 99247,20181202,   47,    0
 18445, 99247,20181203,   47,    0
 18445, 99247,20181204,   19,    0
 18445, 99247,20181205,   14,    0
 18445, 99247,20181206,   22,    0
 18445, 99247,20181207,   -2,    0
 18445, 99247,20181208,  -35,    0
 18445, 99247,20181209,  -27,    0
 18445, 99247,20181210,   -4,    0
 18445, 99247,20181211,    7,    0
 18445, 99247,20181212,   46,    0
 18445, 99247,20181213,   68,    0
 18445, 99247,20181214,   64,    0
 18445, 99247,20181215,   34,    0
 18445, 99247,20181216,  -54,    0
 18445, 99247,20181217,  -45,    0
 18445, 99247,20181218,   -8,    0
 18445, 99247,20181219,  -20,    0
 18445, 99247,20181220,  -19,    0
 18445, 99247,20181221,   -8,    0
 18445, 99247,20181222,  -21,    0
 18445, 99247,20181223,   -6,    0
 18445, 99247,20181224,  -15,    0
 18445, 99247,20181225,    6,    0
 18445, 99247,20181226,    5,    0
 18445, 99247,20181227,  -14,    0
 18445, 99247,20181228,   13,    0
 18445, 99247,20181229,   18,    0
 18445, 99247,20181230,  -20,    0
 18445, 99247,20181231,   -9,    0
 18445, 99247,20190101,  -25,    0
 18445, 99247,20190102,  -31,    0
 18445, 99247,20190103,    7,    0
 18445, 99247,20190104,   23,    0
 18445, 99247,20190105,   40,    0
 18445, 99247,20190106,   61,    0
 18445, 99247,20190107,    9,    0
 18445, 99247,20190108,    6,    0
 18445, 99247,20190109,   14,    0
 18445, 99247,20190110,   20,    0
 18445, 99247,20190111,   13,    0
 18445, 99247,20190112,    3,    0
 18445, 99247,20190113,  -25,    0
 18445, 99247,20190114,  -34,    0
 18445, 99247,20190115,  -26,    0
 18445, 99247,20190116,  -29,    0
 18445, 99247,20190117,  -56,    0
 18445, 99247,20190118,-9999,    9
 18445, 99247,20190119,-9999,    9
 18445, 99247,20190120,  -37,    0
 18445, 99247,20190121,  -27,    0
 18445, 99247,20190122,  -35,    0
 18445, 99247,20190123,  -75,    0
 18445, 99247,20190124,  -69,    0
 18445, 99247,20190125,  -56,    0
 18445, 99247,20190126,  -69,    0
 18445, 99247,20190127, -121,    0
 18445, 99247,20190128, -120,    0
 18445, 99247,20190129,  -78,    0
 18445, 99247,20190130,-9999,    9
 18445, 99247,20190131,  -71,    0
 18445, 99247,20190201,  -75,    0
 18445, 99247,20190202,  -61,    0
 18445, 99247,20190203,  -67,    0
 18445, 99247,20190204,  -68,    0
 18445, 99247,20190205,  -82,    0
 18445, 99247,20190206,  -18,    0
 18445, 99247,20190207,  -18,    0
 18445, 99247,20190208,  -58,    0
 18445, 99247,20190209,  -57,    0
 18445, 99247,20190210,  -44,    0
 18445, 99247,20190211,  -19,    0
 18445, 99247,20190212,   -1,    0
 18445, 99247,20190213,-9999,    9
 18445, 99247,20190214,-9999,    9
 18445, 99247,20190215,-9999,    9
 18445, 99247,20190216,    5,    0
 18445, 99247,20190217,  -19,    0
 18445, 99247,20190218,  -38,    0
 18445, 99247,20190219,  -63,    0
 18445, 99247,20190220,  -55,    0
 18445, 99247,20190221,  -46,    0
 18445, 99247,20190222,   19,    0
 18445, 99247,20190223,   73,    0
 18445, 99247,20190224,   56,    0
 18445, 99247,20190225,   28,    0
 18445, 99247,20190226,   13,    0
 18445, 99247,20190227,    1,    0
 18445, 99247,20190228,  -30,    0
 18445, 99247,20190301,  -32,    0
 18445, 99247,20190302,  -79,    0
 18445, 99247,20190303,  -37,    0
 18445, 99247,20190304,  -70,    0
 18445, 99247,20190305,  -56,    0
 18445, 99247,20190306,  -41,    0
 18445, 99247,20190307,  -53,    0
 18445, 99247,20190308,  -74,    0
 18445, 99247,20190309,  -37,    0
 18445, 99247,20190310,  -48,    0
 18445, 99247,20190311,  -36,    0
 18445, 99247,20190312,  -11,    0
 18445, 99247,20190313,  -28,    0
 18445, 99247,20190314,  -26,    0
 18445, 99247,20190315,  -19,    0
 18445, 99247,20190316,  -10,    0
 18445, 99247,20190317,  -16,    0
 18445, 99247,20190318,  -29,    0
 18445, 99247,20190319,   -8,    0
 18445, 99247,20190320,   19,    0
 18445, 99247,20190321,   29,    0
 18445, 99247,20190322,   17,    0
 18445, 99247,20190323,   46,    0
 18445, 99247,20190324,   17,    0
 18445, 99247,20190325,  -10,    0
 18445, 99247,20190326,   -8,    0
 18445, 99247,20190327,   16,    0
 18445, 99247,20190328,   41,    0
 18445, 99247,20190329,    7,    0
 18445, 99247,20190330,    8,    0
 18445, 99247,20190331,   -5,    0
 18445, 99247,20190401,    4,    0
 18445, 99247,20190402,   -4,    0
 18445, 99247,20190403,   18,    0
 18445, 99247,20190404,   -6,    0
 18445, 99247,20190405,   -9,    0
 18445, 99247,20190406,   10,    0
 18445, 99247,20190407,   -6,    0
 18445, 99247,20190408,  -10,    0
 18445, 99247,20190409,-9999,    9
 18445, 99247,20190410,-9999,    9
 18445, 99247,20190411,-9999,    9
 18445, 99247,20190412,   31,    0
 18445, 99247,20190413,   41,    0
 18445, 99247,20190414,   56,    0
 18445, 99247,20190415,   50,    0
 18445, 99247,20190416,   36,    0
 18445, 99247,20190417,   37,    0
 18445, 99247,20190418,   47,    0
 18445, 99247,20190419,   58,    0
 18445, 99247,20190420,  106,    0
 18445, 99247,20190421,   68,    0
 18445, 99247,20190422,   49,    0
 18445, 99247,20190423,   79,    0
 18445, 99247,20190424,   57,    0
 18445, 99247,20190425,   77,    0
 18445, 99247,20190426,   60,    0
 18445, 99247,20190427,   54,    0
 18445, 99247,20190428,   55,    0
 18445, 99247,20190429,   41,    0
 18445, 99247,20190430,   33,    0
 18445, 99247,20190501,    4,    0
 18445, 99247,20190502,   -6,    0
 18445, 99247,20190503,   -3,    0
 18445, 99247,20190504,   -6,    0
 18445, 99247,20190505,    8,    0
 18445, 99247,20190506,   12,    0
 18445, 99247,20190507,   51,    0
 18445, 99247,20190508,   34,    0
 18445, 99247,20190509,   41,    0
 18445, 99247,20190510,   91,    0
 18445, 99247,20190511,   87,    0
 18445, 99247,20190512,   64,    0
 18445, 99247,20190513,   47,    0
 18445, 99247,20190514,   43,    0
 18445, 99247,20190515,   51,    0
 18445, 99247,20190516,   66,    0
 18445, 99247,20190517,   76,    0
 18445, 99247,20190518,   57,    0
 18445, 99247,20190519,   85,    0
 18445, 99247,20190520,   93,    0
 18445, 99247,20190521,   72,    0
 18445, 99247,20190522,   46,    0
 18445, 99247,20190523,   53,    0
 18445, 99247,20190524,   50,    0
 18445, 99247,20190525,   39,    0
 18445, 99247,20190526,   46,    0
 18445, 99247,20190527,   75,    0
 18445, 99247,20190528,  107,    0
 18445, 99247,20190529,-9999,    9
 18445, 99247,20190530,-9999,    9
 18445, 99247,20190531,-9999,    9
 18445, 99247,20190601,   60,    0
 18445, 99247,20190602,   51,    0
 18445, 99247,20190603,   62,    0
 18445, 99247,20190604,   95,    0
 18445, 99247,20190605,   84,    0
 18445, 99247,20190606,   90,    0
 18445, 99247,20190607,  108,    0
 18445, 99247,20190608,   87,    0
 18445, 99247,20190609,   84,    0
 18445, 99247,20190610,   45,    0
 18445, 99247,20190611,   57,    0
 18445, 99247,20190612,   71,    0
 18445, 99247,20190613,   85,    0
 18445, 99247,20190614,   69,    0
 18445, 99247,20190615,   72,    0
 18445, 99247,20190616,   81,    0
 18445, 99247,20190617,   77,    0
 18445, 99247,20190618,   83,    0
 18445, 99247,20190619,   65,    0
 18445, 99247,20190620,   86,    0
 18445, 99247,20190621,  130,    0
 18445, 99247,20190622,   97,    0
 18445, 99247,20190623,  102,    0
 18445, 99247,20190624,  108,    0
 18445, 99247,20190625,-9999,    9
 18445, 99247,20190626,  105,    0
 18445, 99247,20190627,   72,    0
 18445, 99247,20190628,   79,    0
 18445, 99247,20190629,   58,    0
 18445, 99247,20190630,   78,    0
 18445, 99247,20190701,  109,    0
 18445, 99247,20190702,   92,    0
 18445, 99247,20190703,   84,    0
 18445, 99247,20190704,   85,    0
 18445, 99247,20190705,  106,    0
 18445, 99247,20190706,   86,    0
 18445, 99247,20190707,  151,    0
 18445, 99247,20190708,  147,    0
 18445, 99247,20190709,  115,    0
 18445, 99247,20190710,  111,    0
 18445, 99247,20190711,  105,    0
 18445, 99247,20190712,  104,    0
 18445, 99247,20190713,  109,    0
 18445, 99247,20190714,   86,    0
 18445, 99247,20190715,   92,    0
 18445, 99247,20190716,   97,    0
 18445, 99247,20190717,   99,    0
 18445, 99247,20190718,  112,    0
 18445, 99247,20190719,  174,    0
 18445, 99247,20190720,  163,    0
 18445, 99247,20190721,  178,    0
 18445, 99247,20190722,  170,    0
 18445, 99247,20190723,  155,    0
 18445, 99247,20190724,  141,    0
 18445, 99247,20190725,  143,    0
 18445, 99247,20190726,  159,    0
 18445, 99247,20190727,  118,    0
 18445, 99247,20190728,  117,    0
 18445, 99247,20190729,   99,    0
 18445, 99247,20190730,   93,    0
 18445, 99247,20190731,  107,    0
 18445, 99247,20190801,  111,    0
 18445, 99247,20190802,  102,    0
 18445, 99247,20190803,  113,    0
 18445, 99247,20190804,  103,    0
 18445, 99247,20190805,   91,    0
 18445, 99247,20190806,   94,    0
 18445, 99247,20190807,  109,    0
 18445, 99247,20190808,  116,    0
 18445, 99247,20190809,  114,    0
 18445, 99247,20190810,  118,    0
 18445, 99247,20190811,  144,    0
 18445, 99247,20190812,  130,    0
 18445, 99247,20190813,  125,    0
 18445, 99247,20190814,  115,    0
 18445, 99247,20190815,   96,    0
 18445, 99247,20190816,   95,    0
 18445, 99247,20190817,  113,    0
 18445, 99247,20190818,  180,    0
 18445, 99247,20190819,  137,    0
 18445, 99247,20190820,  123,    0
 18445, 99247,20190821,  114,    0
 18445, 99247,20190822,-9999,    9
 18445, 99247,20190823,  103,    0
 18445, 99247,20190824,   77,    0
 18445, 99247,20190825,   97,    0
 18445, 99247,20190826,  128,    0
 18445, 99247,20190827,  135,    0
 18445, 99247,20190828,  131,    0
 18445, 99247,20190829,  194,    0
 18445, 99247,20190830,  141,    0
 18445, 99247,20190831,  127,    0
 18445, 99247,20190901,  170,    0
 18445, 99247,20190902,  116,    0
 18445, 99247,20190903,  110,    0
 18445, 99247,20190904,  131,    0
 18445, 99247,20190905,  105,    0
 18445, 99247,20190906,   94,    0
 18445, 99247,20190907,   80,    0
 18445, 99247,20190908,   86,    0
 18445, 99247,20190909,  132,    0
 18445, 99247,20190910,-9999,    9
 18445, 99247,20190911,  162,    0
 18445, 99247,20190912,  130,    0
 18445, 99247,20190913,   88,    0
 18445, 99247,20190914,   73,    0
 18445, 99247,20190915,   82,    0
 18445, 99247,20190916,   71,    0
 18445, 99247,20190917,   75,    0
 18445, 99247,20190918,   52,    0
 18445, 99247,20190919,   46,    0
 18445, 99247,20190920,   49,    0
 18445, 99247,20190921,   46,    0
 18445, 99247,20190922,   52,    0
 18445, 99247,20190923,   49,    0
 18445, 99247,20190924,   47,    0
 18445, 99247,20190925,  103,    0
 18445, 99247,20190926,  103,    0
 18445, 99247,20190927,   78,    0
 18445, 99247,20190928,   65,    0
 18445, 99247,20190929,   44,    0
 18445, 99247,20190930,   52,    0
 18445, 99247,20191001,   63,    0
 18445, 99247,20191002,   44,    0
 18445, 99247,20191003,   32,    0
 18445, 99247,20191004,   35,    0
 18445, 99247,20191005,   56,    0
 18445, 99247,20191006,   65,    0
 18445, 99247,20191007,   51,    0
 18445, 99247,20191008,   39,    0
 18445, 99247,20191009,   46,    0
 18445, 99247,20191010,   38,    0
 18445, 99247,20191011,   24,    0
 18445, 99247,20191012,   13,    0
 18445, 99247,20191013,   23,    0
 18445, 99247,20191014,   14,    0
 18445, 99247,20191015,   10,    0
 18445, 99247,20191016,    6,    0
 18445, 99247,20191017,   -4,    0
 18445, 99247,20191018,   17,    0
 18445, 99247,20191019,    4,    0
 18445, 99247,20191020,    4,    0
 18445, 99247,20191021,   14,    0
 18445, 99247,20191022,   10,    0
 18445, 99247,20191023,-9999,    9
 18445, 99247,20191024,-9999,    9
 18445, 99247,20191025,-9999,    9
 18445, 99247,20191026,-9999,    9
 18445, 99247,20191027,  -32,    0
 18445, 99247,20191028,   -4,    0
 18445, 99247,20191029,   -5,    0
 18445, 99247,20191030,  -21,    0
 18445, 99247,20191031,  -24,    0
 18445, 99247,20191101,    7,    0
 18445, 99247,20191102,   -3,    0
 18445, 99247,20191103,   -5,    0
 18445, 99247,20191104,    0,    0
 18445, 99247,20191105,    2,    0
 18445, 99247,20191106,  -20,    0
 18445, 99247,20191107,  -46,    0
 18445, 99247,20191108,  -49,    0
 18445, 99247,20191109,  -57,    0
 18445, 99247,20191110,  -49,    0
 18445, 99247,20191111,  -35,    0
 18445, 99247,20191112,  -15,    0
 18445, 99247,20191113,   -1,    0
 18445, 99247,20191114,    3,    0
 18445, 99247,20191115,   31,    0
 18445, 99247,20191116,   -5,    0
 18445, 99247,20191117,    1,    0
 18445, 99247,20191118,  -12,    0
 18445, 99247,20191119,   28,    0
 18445, 99247,20191120,   53,    0
 18445, 99247,20191121,   71,    0
 18445, 99247,20191122,   19,    0
 18445, 99247,20191123,   13,    0
 18445, 99247,20191124,   29,    0
 18445, 99247,20191125,   34,    0
 18445, 99247,20191126,    7,    0
 18445, 99247,20191127,  -17,    0
 18445, 99247,20191128,  -39,    0
 18445, 99247,20191129,  -24,    0
 18445, 99247,20191130,  -22,    0
 18445, 99247,20191201,    8,    0
 18445, 99247,20191202,    5,    0
 18445, 99247,20191203,    1,    0
 18445, 99247,20191204,   42,    0
 18445, 99247,20191205,   50,    0
 18445, 99247,20191206,   11,    0
 18445, 99247,20191207,-9999,    9
 18445, 99247,20191208,   -7,    0
 18445, 99247,20191209,  -35,    0
 18445, 99247,20191210,  -30,    0
 18445, 99247,20191211,  -22,    0
 18445, 99247,20191212,   21,    0
 18445, 99247,20191213,    7,    0
 18445, 99247,20191214,-9999,    9
 18445, 99247,20191215,   29,    0
 18445, 99247,20191216,   15,    0
 18445, 99247,20191217,  -15,    0
 18445, 99247,20191218,   -5,    0
 18445, 99247,20191219,  -10,    0
 18445, 99247,20191220,  -30,    0
 18445, 99247,20191221,-9999,    9
 18445, 99247,20191222,-9999,    9
 18445, 99247,20191223,-9999,    9
 18445, 99247,20191224,    9,    0
 18445, 99247,20191225,   23,    0
 18445, 99247,20191226,   -1,    0
 18445, 99247,20191227,  -25,    0
 18445, 99247,20191228,   28,    0
 18445, 99247,20191229,   47,    0
 18445, 99247,20191230,    1,    0
 18445, 99247,20191231,   -7,    0
 18445, 99247,20200101,   -9,    0
 18445, 99247,20200102,   40,    0
 18445, 99247,20200103,   21,    0
 18445, 99247,20200104,-9999,    9
 18445, 99247,20200105,-9999,    9
 18445, 99247,20200106,-9999,    9
 18445, 99247,20200107,   44,    0
 18445, 99247,20200108,   47,    0
 18445, 99247,20200109,   27,    0
 18445, 99247,20200110,   26,    0
 18445, 99247,20200111,   13,    0
 18445, 99247,20200112,-9999,    9
 18445, 99247,20200113,-9999,    9
 18445, 99247,20200114,-9999,    9
 18445, 99247,20200115,-9999,    9
 18445, 99247,20200116,  -10,    0
 18445, 99247,20200117,  -25,    0
 18445, 99247,20200118,  -30,    0
 18445, 99247,20200119,   -5,    0
 18445, 99247,20200120,   30,    0
 18445, 99247,20200121,   12,    0
 18445, 99247,20200122,  -17,    0
 18445, 99247,20200123,   -9,    0
 18445, 99247,20200124,   10,    0
 18445, 99247,20200125,  -28,    0
 18445, 99247,20200126,  -63,    0
 18445, 99247,20200127,-9999,    9
 18445, 99247,20200128,-9999,    9
 18445, 99247,20200129,  -57,    0
 18445, 99247,20200130,  -26,    0
 18445, 99247,20200131,  -34,    0
 18445, 99247,20200201,  -32,    0
 18445, 99247,20200202,  -15,    0
 18445, 99247,20200203,  -22,    0
 18445, 99247,20200204,  -38,    0
 18445, 99247,20200205,  -47,    0
 18445, 99247,20200206,  -27,    0
 18445, 99247,20200207,   25,    0
 18445, 99247,20200208,   57,    0
 18445, 99247,20200209,   11,    0
 18445, 99247,20200210,   13,    0
 18445, 99247,20200211,   24,    0
 18445, 99247,20200212,   20,    0
 18445, 99247,20200213,    5,    0
 18445, 99247,20200214,   -5,    0
 18445, 99247,20200215,  -35,    0
 18445, 99247,20200216,  -28,    0
 18445, 99247,20200217,   10,    0
 18445, 99247,20200218,   -4,    0
 18445, 99247,20200219,  -31,    0
 18445, 99247,20200220,  -18,    0
 18445, 99247,20200221,   24,    0
 18445, 99247,20200222,   46,    0
 18445, 99247,20200223,   12,    0
 18445, 99247,20200224,  -10,    0
 18445, 99247,20200225,  -25,    0
 18445, 99247,20200226,  -19,    0
 18445, 99247,20200227,   13,    0
 18445, 99247,20200228,  -29,    0
 18445, 99247,20200229,  -32,    0
 18445, 99247,20200301,  -40,    0
 18445, 99247,20200302,  -20,    0
 18445, 99247,20200303,  -23,    0
 18445, 99247,20200304,  -27,    0
 18445, 99247,20200305,  -33,    0
 18445, 99247,20200306,    3,    0
 18445, 99247,20200307,   27,    0
 18445, 99247,20200308,    8,    0
 18445, 99247,20200309,   22,    0
 18445, 99247,20200310,  -23,    0
 18445, 99247,20200311,  -40,    0
 18445, 99247,20200312,  -28,    0
 18445, 99247,20200313,  -57,    0
 18445, 99247,20200314,  -47,    0
 18445, 99247,20200315,  -16,    0
 18445, 99247,20200316,  -23,    0
 18445, 99247,20200317,   -7,    0
 18445, 99247,20200318,    1,    0
 18445, 99247,20200319,  -48,    0
 18445, 99247,20200320,-9999,    9
 18445, 99247,20200321,-9999,    9
 18445, 99247,20200322,-9999,    9
 18445, 99247,20200323,-9999,    9
 18445, 99247,20200324,-9999,    9
 18445, 99247,20200325,-9999,    9
 18445, 99247,20200326,-9999,    9
 18445, 99247,20200327,   19,    0
 18445, 99247,20200328,  -29,    0
 18445, 99247,20200329,  -35,    0
 18445, 99247,20200330,  -23,    0
 18445, 99247,20200331,  -22,    0
 18445, 99247,20200401,  -21,    0
 18445, 99247,20200402,  -42,    0
 18445, 99247,20200403,  -37,    0
 18445, 99247,20200404,  -32,    0
 18445, 99247,20200405,  -22,    0
 18445, 99247,20200406,  -10,    0
 18445, 99247,20200407,   43,    0
 18445, 99247,20200408,   24,    0
 18445, 99247,20200409,  -19,    0
 18445, 99247,20200410,  -15,    0
 18445, 99247,20200411,-9999,    9
 18445, 99247,20200412,-9999,    9
 18445, 99247,20200413,-9999,    9
 18445, 99247,20200414,-9999,    9
 18445, 99247,20200415,-9999,    9
 18445, 99247,20200416,-9999,    9
 18445, 99247,20200417,   31,    0
 18445, 99247,20200418,   38,    0
 18445, 99247,20200419,   57,    0
 18445, 99247,20200420,   55,    0
 18445, 99247,20200421,   42,    0
 18445, 99247,20200422,   40,    0
 18445, 99247,20200423,   20,    0
 18445, 99247,20200424,    8,    0
 18445, 99247,20200425,    6,    0
 18445, 99247,20200426,   10,    0
 18445, 99247,20200427,    1,    0
 18445, 99247,20200428,   -2,    0
 18445, 99247,20200429,   -1,    0
 18445, 99247,20200430,   12,    0
 18445, 99247,20200501,   22,    0
 18445, 99247,20200502,   34,    0
 18445, 99247,20200503,   41,    0
 18445, 99247,20200504,   40,    0
 18445, 99247,20200505,   50,    0
 18445, 99247,20200506,   42,    0
 18445, 99247,20200507,   22,    0
 18445, 99247,20200508,   13,    0
 18445, 99247,20200509,   11,    0
 18445, 99247,20200510,   18,    0
 18445, 99247,20200511,   14,    0
 18445, 99247,20200512,    0,    0
 18445, 99247,20200513,   23,    0
 18445, 99247,20200514,   15,    0
 18445, 99247,20200515,   28,    0
 18445, 99247,20200516,   44,    0
 18445, 99247,20200517,   24,    0
 18445, 99247,20200518,   31,    0
 18445, 99247,20200519,   34,    0
 18445, 99247,20200520,   41,    0
 18445, 99247,20200521,   50,    0
 18445, 99247,20200522,   57,    0
 18445, 99247,20200523,   96,    0
 18445, 99247,20200524,   99,    0
 18445, 99247,20200525,  101,    0
 18445, 99247,20200526,   96,    0
 18445, 99247,20200527,   88,    0
 18445, 99247,20200528,   65,    0
 18445, 99247,20200529,   62,    0
 18445, 99247,20200530,   68,    0
 18445, 99247,20200531,  125,    0
 18445, 99247,20200601,  138,    0
 18445, 99247,20200602,  102,    0
 18445, 99247,20200603,   73,    0
 18445, 99247,20200604,   86,    0
 18445, 99247,20200605,  122,    0
 18445, 99247,20200606,  114,    0
 18445, 99247,20200607,  123,    0
 18445, 99247,20200608,   97,    0
 18445, 99247,20200609,   61,    0
 18445, 99247,20200610,   85,    0
 18445, 99247,20200611,   78,    0
 18445, 99247,20200612,  109,    0
 18445, 99247,20200613,  122,    0
 18445, 99247,20200614,  144,    0
 18445, 99247,20200615,   80,    0
 18445, 99247,20200616,   74,    0
 18445, 99247,20200617,   97,    0
 18445, 99247,20200618,   92,    0
 18445, 99247,20200619,   77,    0
 18445, 99247,20200620,   98,    0
 18445, 99247,20200621,  117,    0
 18445, 99247,20200622,  101,    0
 18445, 99247,20200623,  118,    0
 18445, 99247,20200624,  118,    0
 18445, 99247,20200625,  121,    0
 18445, 99247,20200626,  103,    0
 18445, 99633,20200627,   90,    0
 18445, 99247,20200628,   98,    0
 18445, 99247,20200629,  104,    0
 18445, 99633,20200630,   70,    0
 18445, 99247,20200701,   72,    0
 18445, 99247,20200702,   70,    0
 18445, 99247,20200703,   99,    0
 18445, 99247,20200704,   76,    0
 18445, 99247,20200705,   91,    0
 18445, 99247,20200706,   93,    0
 18445, 99247,20200707,  210,    0
 18445, 99633,20200708,  109,    0
 18445, 99633,20200709,  116,    0
 18445, 99633,20200710,   90,    0
 18445, 99633,20200711,  126,    0
 18445, 99633,20200712,  129,    0
 18445, 99633,20200713,  135,    0
 18445, 99633,20200714,  146,    0
 18445, 99247,20200715,-9999,    9
 18445, 99633,20200716,  164,    0
 18445, 99633,20200717,  163,    0
 18445, 99633,20200718,  150,    0
 18445, 99633,20200719,  149,    0
 18445, 99633,20200720,  135,    0
 18445, 99633,20200721,  118,    0
 18445, 99633,20200722,  103,    0
 18445, 99633,20200723,   97,    0
 18445, 99633,20200724,  150,    0
 18445, 99633,20200725,  169,    0
 18445, 99633,20200726,  174,    0
 18445, 99633,20200727,  192,    0
 18445, 99633,20200728,  199,    0
 18445, 99633,20200729,  197,    0
 18445, 99633,20200730,  196,    0
 18445, 99633,20200731,  167,    0
 18445, 99633,20200801,  135,    0
 18445, 99633,20200802,  146,    0
 18445, 99633,20200803,  149,    0
 18445, 99633,20200804,  146,    0
 18445, 99633,20200805,  121,    0
 18445, 99633,20200806,  150,    0
 18445, 99633,20200807,  137,    0
 18445, 99633,20200808,  164,    0
 18445, 99633,20200809,  131,    0
 18445, 99633,20200810,  120,    0
 18445, 99633,20200811,  129,    0
 18445, 99247,20200812,-9999,    9
 18445, 99633,20200813,  129,    0
 18445, 99633,20200814,  128,    0
 18445, 99633,20200815,  121,    0
 18445, 99633,20200816,   95,    0
 18445, 99633,20200817,   93,    0
 18445, 99633,20200818,  105,    0
 18445, 99633,20200819,  123,    0
 18445, 99633,20200820,  105,    0
 18445, 99633,20200821,  121,    0
 18445, 99633,20200822,  169,    0
 18445, 99633,20200823,  136,    0
 18445, 99633,20200824,  112,    0
 18445, 99633,20200825,  104,    0
 18445, 99633,20200826,   80,    0
 18445, 99633,20200827,   83,    0
 18445, 99633,20200828,   84,    0
 18445, 99633,20200829,   89,    0
 18445, 99633,20200830,   80,    0
 18445, 99633,20200831,   86,    0
 18445, 99633,20200901,  101,    0
 18445, 99633,20200902,  129,    0
 18445, 99633,20200903,  142,    0
 18445, 99633,20200904,  134,    0
 18445, 99633,20200905,  118,    0
 18445, 99633,20200906,  103,    0
 18445, 99633,20200907,  108,    0
 18445, 99633,20200908,  113,    0
 18445, 99633,20200909,  102,    0
 18445, 99633,20200910,   93,    0
 18445, 99633,20200911,   87,    0
 18445, 99633,20200912,   98,    0
 18445, 99633,20200913,   89,    0
 18445, 99633,20200914,   86,    0
 18445, 99247,20200915,-9999,    9
 18445, 99633,20200916,   70,    0
 18445, 99247,20200917,   72,    0
 18445, 99247,20200918,   83,    0
 18445, 99247,20200919,   65,    0
 18445, 99247,20200920,   73,    0
 18445, 99247,20200921,   73,    0
 18445, 99247,20200922,   68,    0
 18445, 99247,20200923,   75,    0
 18445, 99247,20200924,   66,    0
 18445, 99247,20200925,   79,    0
 18445, 99247,20200926,   51,    0
 18445, 99247,20200927,   56,    0
 18445, 99247,20200928,   98,    0
 18445, 99247,20200929,  122,    0
 18445, 99247,20200930,  105,    0
 18445, 99247,20201001,   97,    0
 18445, 99247,20201002,  112,    0
 18445, 99247,20201003,  115,    0
 18445, 99247,20201004,  100,    0
 18445, 99247,20201005,   92,    0
 18445, 99247,20201006,   88,    0
 18445, 99247,20201007,   97,    0
 18445, 99247,20201008,  126,    0
 18445, 99247,20201009,  113,    0
 18445, 99247,20201010,   92,    0
 18445, 99247,20201011,   69,    0
 18445, 99247,20201012,   52,    0
 18445, 99247,20201013,   33,    0
 18445, 99247,20201014,   50,    0
 18445, 99247,20201015,   46,    0
 18445, 99247,20201016,   40,    0
 18445, 99247,20201017,-9999,    9
 18445, 99247,20201018,   13,    0
 18445, 99247,20201019,    2,    0
 18445, 99247,20201020,    5,    0
 18445, 99247,20201021,   -9,    0
 18445, 99247,20201022,  -12,    0
 18445, 99247,20201023,   16,    0
 18445, 99247,20201024,   41,    0
 18445, 99247,20201025,   22,    0
 18445, 99247,20201026,   48,    0
 18445, 99247,20201027,-9999,    9
 18445, 99247,20201028,   29,    0
 18445, 99633,20201029,   17,    0
 18445, 99247,20201030,   15,    0
 18445, 99247,20201031,   14,    0
 18445, 99247,20201101,   49,    0
 18445, 99247,20201102,   82,    0
 18445, 99247,20201103,   74,    0
 18445, 99247,20201104,   71,    0
 18445, 99247,20201105,   49,    0
 18445, 99247,20201106,   60,    0
 18445, 99247,20201107,   35,    0
 18445, 99247,20201108,   24,    0
 18445, 99247,20201109,   35,    0
 18445, 99247,20201110,   23,    0
 18445, 99247,20201111,   21,    0
 18445, 99247,20201112,   50,    0
 18445, 99247,20201113,   43,    0
 18445, 99247,20201114,   43,    0
 18445, 99247,20201115,   67,    0
 18445, 99247,20201116,   55,    0
 18445, 99247,20201117,   87,    0
 18445, 99247,20201118,   54,    0
 18445, 99247,20201119,    8,    0
 18445, 99247,20201120,    5,    0
 18445, 99247,20201121,    5,    0
 18445, 99247,20201122,    5,    0
 18445, 99247,20201123,   28,    0
 18445, 99247,20201124,    8,    0
 18445, 99247,20201125,   -8,    0
 18445, 99247,20201126,  -14,    0
 18445, 99247,20201127,   42,    0
 18445, 99247,20201128,   51,    0
 18445, 99247,20201129,   65,    0
 18445, 99247,20201130,   40,    0
 18445, 99247,20201201,   12,    0
 18445, 99247,20201202,   38,    0
 18445, 99247,20201203,   36,    0
 18445, 99247,20201204,   20,    0
 18445, 99247,20201205,   14,    0
 18445, 99247,20201206,   -1,    0
 18445, 99247,20201207,-9999,    9
 18445, 99247,20201208,-9999,    9
 18445, 99247,20201209,   39,    0
 18445, 99247,20201210,   36,    0
 18445, 99247,20201211,   -4,    0
 18445, 99247,20201212,    3,    0
 18445, 99247,20201213,    8,    0
 18445, 99247,20201214,-9999,    9
 18445, 99247,20201215,    2,    0
 18445, 99247,20201216,   -2,    0
 18445, 99247,20201217,  -39,    0
 18445, 99247,20201218,  -52,    0
 18445, 99247,20201219,  -13,    0
 18445, 99247,20201220,   22,    0
 18445, 99247,20201221,   47,    0
 18445, 99247,20201222,-9999,    9
 18445, 99247,20201223,   19,    0
 18445, 99247,20201224,   20,    0
 18445, 99247,20201225,  -17,    0
 18445, 99247,20201226,  -73,    0
 18445, 99247,20201227,-9999,    9
 18445, 99247,20201228,    9,    0
 18445, 99247,20201229,   20,    0
 18445, 99247,20201230,   17,    0
 18445, 99247,20201231,   11,    0
 18445, 99247,20210101,  -10,    0
 18445, 99247,20210102,  -14,    0
 18445, 99247,20210103,   28,    0
 18445, 99247,20210104,   57,    0
 18445, 99247,20210105,   38,    0
 18445, 99247,20210106,   30,    0
 18445, 99247,20210107,   -3,    0
 18445, 99247,20210108,  -36,    0
 18445, 99247,20210109,  -55,    0
 18445, 99247,20210110,  -37,    0
 18445, 99247,20210111,  -50,    0
 18445, 99247,20210112,  -53,    0
 18445, 99247,20210113,  -66,    0
 18445, 99247,20210114,    5,    0
 18445, 99247,20210115,   31,    0
 18445, 99247,20210116,   31,    0
 18445, 99247,20210117,   30,    0
 18445, 99247,20210118,   13,    0
 18445, 99247,20210119,  -22,    0
 18445, 99247,20210120,  -59,    0
 18445, 99247,20210121,  -83,    0
 18445, 99247,20210122,  -91,    0
 18445, 99247,20210123,  -96,    0
 18445, 99247,20210124,  -96,    0
 18445, 99247,20210125,  -93,    0
 18445, 99247,20210126,  -63,    0
 18445, 99247,20210127,  -39,    0
 18445, 99247,20210128,  -54,    0
 18445, 99247,20210129,  -77,    0
 18445, 99247,20210130,  -54,    0
 18445, 99247,20210131,  -30,    0
 18445, 99247,20210201,  -16,    0
 18445, 99247,20210202,  -52,    0
 18445, 99247,20210203,  -36,    0
 18445, 99247,20210204,    4,    0
 18445, 99247,20210205,    2,    0
 18445, 99247,20210206,  -13,    0
 18445, 99247,20210207,  -11,    0
 18445, 99247,20210208,  -33,    0
 18445, 99247,20210209,  -45,    0
 18445, 99247,20210210,  -26,    0
 18445, 99247,20210211,  -12,    0
 18445, 99247,20210212,   -9,    0
 18445, 99247,20210213,  -35,    0
 18445, 99247,20210214,  -18,    0
 18445, 99247,20210215,   11,    0
 18445, 99247,20210216,  -42,    0
 18445, 99247,20210217,  -76,    0
 18445, 99247,20210218,  -39,    0
 18445, 99247,20210219,  -68,    0
 18445, 99247,20210220,  -71,    0
 18445, 99247,20210221,  -88,    0
 18445, 99247,20210222,  -65,    0
 18445, 99247,20210223,  -38,    0
 18445, 99247,20210224,   -6,    0
 18445, 99247,20210225,   43,    0
 18445, 99247,20210226,   28,    0
 18445, 99247,20210227,   22,    0
 18445, 99247,20210228,   61,    0
 18445, 99247,20210301,   19,    0
 18445, 99247,20210302,    7,    0
 18445, 99247,20210303,  -15,    0
 18445, 99247,20210304,  -37,    0
 18445, 99247,20210305,  -24,    0
 18445, 99247,20210306,  -25,    0
 18445, 99247,20210307,  -19,    0
 18445, 99247,20210308,  -51,    0
 18445, 99247,20210309,  -74,    0
 18445, 99247,20210310,  -75,    0
 18445, 99247,20210311,  -48,    0
 18445, 99247,20210312,  -26,    0
 18445, 99247,20210313,  -32,    0
 18445, 99247,20210314,   -5,    0
 18445, 99247,20210315,   -5,    0
 18445, 99247,20210316,  -26,    0
 18445, 99247,20210317,  -45,    0
 18445, 99247,20210318,  -31,    0
 18445, 99247,20210319,   16,    0
 18445, 99247,20210320,    6,    0
 18445, 99633,20210321,  -16,    0
 18445, 99247,20210322,    1,    0
 18445, 99247,20210323,   40,    0
 18445, 99247,20210324,   35,    0
 18445, 99247,20210325,   16,    0
 18445, 99247,20210326,    6,    0
 18445, 99247,20210327,   42,    0
 18445, 99247,20210328,   32,    0
 18445, 99247,20210329,   30,    0
 18445, 99247,20210330,   26,    0
 18445, 99247,20210331,   31,    0
 18445, 99247,20210401,   26,    0
 18445, 99247,20210402,   24,    0
 18445, 99247,20210403,   22,    0
 18445, 99247,20210404,   -3,    0
 18445, 99247,20210405,    5,    0
 18445, 99247,20210406,   25,    0
 18445, 99247,20210407,    8,    0
 18445, 99247,20210408,   -3,    0
 18445, 99247,20210409,  -30,    0
 18445, 99247,20210410,   -2,    0
 18445, 99247,20210411,   16,    0
 18445, 99247,20210412,    4,    0
 18445, 99247,20210413,    8,    0
 18445, 99247,20210414,    6,    0
 18445, 99247,20210415,   28,    0
 18445, 99247,20210416,   64,    0
 18445, 99633,20210417,   57,    0
 18445, 99247,20210418,   48,    0
 18445, 99247,20210419,   69,    0
 18445, 99247,20210420,   77,    0
 18445, 99247,20210421,   48,    0
 18445, 99247,20210422,   16,    0
 18445, 99247,20210423,   13,    0
 18445, 99247,20210424,    5,    0
 18445, 99247,20210425,   12,    0
 18445, 99247,20210426,    8,    0
 18445, 99247,20210427,    2,    0
 18445, 99247,20210428,   -9,    0
 18445, 99247,20210429,   -7,    0
 18445, 99247,20210430,  -28,    0
 18445, 99247,20210501,  -11,    0
 18445, 99247,20210502,   -9,    0
 18445, 99247,20210503,    1,    0
 18445, 99247,20210504,    3,    0
 18445, 99247,20210505,    9,    0
 18445, 99247,20210506,   12,    0
 18445, 99247,20210507,   17,    0
 18445, 99247,20210508,   19,    0
 18445, 99247,20210509,   32,    0
 18445, 99633,20210510,   47,    0
 18445, 99633,20210511,   47,    0
 18445, 99247,20210512,   57,    0
 18445, 99247,20210513,   36,    0
 18445, 99247,20210514,   31,    0
 18445, 99247,20210515,   43,    0
 18445, 99247,20210516,   46,    0
 18445, 99247,20210517,   78,    0
 18445, 99247,20210518,   97,    0
 18445, 99247,20210519,   89,    0
 18445, 99247,20210520,   51,    0
 18445, 99247,20210521,   51,    0
 18445, 99247,20210522,   32,    0
 18445, 99247,20210523,   37,    0
 18445, 99247,20210524,   47,    0
 18445, 99247,20210525,   46,    0
 18445, 99247,20210526,   56,    0
 18445, 99247,20210527,   52,    0
 18445, 99247,20210528,   43,    0
 18445, 99247,20210529,   61,    0
 18445, 99247,20210530,   71,    0
 18445, 99247,20210531,   91,    0
 18445, 99247,20210601,   93,    0
 18445, 99247,20210602,  140,    0
 18445, 99247,20210603,  163,    0
 18445, 99247,20210604,  123,    0
 18445, 99247,20210605,   81,    0
 18445, 99247,20210606,   90,    0
 18445, 99247,20210607,  131,    0
 18445, 99247,20210608,  101,    0
 18445, 99247,20210609,  118,    0
 18445, 99247,20210610,  151,    0
 18445, 99247,20210611,  156,    0
 18445, 99247,20210612,  101,    0
 18445, 99247,20210613,   92,    0
 18445, 99247,20210614,   80,    0
 18445, 99247,20210615,   72,    0
 18445, 99247,20210616,   61,    0
 18445, 99247,20210617,   81,    0
 18445, 99247,20210618,   94,    0
 18445, 99247,20210619,  103,    0
 18445, 99247,20210620,   99,    0
 18445, 99247,20210621,  123,    0
 18445, 99247,20210622,  112,    0
 18445, 99247,20210623,  124,    0
 18445, 99247,20210624,  124,    0
 18445, 99247,20210625,  101,    0
 18445, 99247,20210626,   93,    0
 18445, 99247,20210627,  115,    0
 18445, 99247,20210628,  109,    0
 18445, 99247,20210629,   91,    0
 18445, 99247,20210630,  105,    0
 18445, 99247,20210701,  156,    0
 18445, 99247,20210702,  113,    0
 18445, 99247,20210703,   99,    0
 18445, 99247,20210704,  113,    0
 18445, 99247,20210705,  153,    0
 18445, 99247,20210706,  188,    0
 18445, 99247,20210707,  205,    0
 18445, 99247,20210708,  154,    0
 18445, 99247,20210709,  143,    0
 18445, 99247,20210710,  131,    0
 18445, 99247,20210711,  129,    0
 18445, 99247,20210712,  144,    0
 18445, 99247,20210713,  134,    0
 18445, 99247,20210714,  131,    0
 18445, 99247,20210715,  153,    0
 18445, 99247,20210716,  125,    0
 18445, 99247,20210717,  119,    0
 18445, 99247,20210718,  116,    0
 18445, 99247,20210719,   92,    0
 18445, 99247,20210720,   76,    0
 18445, 99247,20210721,   92,    0
 18445, 99247,20210722,   92,    0
 18445, 99247,20210723,   86,    0
 18445, 99247,20210724,  110,    0
 18445, 99247,20210725,  106,    0
 18445, 99247,20210726,  108,    0
 18445, 99247,20210727,  114,    0
 18445, 99247,20210728,   90,    0
 18445, 99633,20210729,  110,    0
 18445, 99247,20210730,  120,    0
 18445, 99247,20210731,   86,    0
 18445, 99247,20210801,   88,    0
 18445, 99247,20210802,   99,    0
 18445, 99247,20210803,  116,    0
 18445, 99247,20210804,  109,    0
 18445, 99247,20210805,  119,    0
 18445, 99247,20210806,  141,    0
 18445, 99247,20210807,  167,    0
 18445, 99247,20210808,  192,    0
 18445, 99247,20210809,  176,    0
 18445, 99247,20210810,  158,    0
 18445, 99247,20210811,  149,    0
 18445, 99633,20210812,  137,    0
 18445, 99247,20210813,  121,    0
 18445, 99247,20210814,  106,    0
 18445, 99247,20210815,   99,    0
 18445, 99247,20210816,   93,    0
 18445, 99247,20210817,   95,    0
 18445, 99247,20210818,  121,    0
 18445, 99247,20210819,  119,    0
 18445, 99247,20210820,   92,    0
 18445, 99247,20210821,   77,    0
 18445, 99247,20210822,   76,    0
 18445, 99247,20210823,   93,    0
 18445, 99247,20210824,   95,    0
 18445, 99247,20210825,  117,    0
 18445, 99247,20210826,  117,    0
 18445, 99247,20210827,  128,    0
 18445, 99247,20210828,  104,    0
 18445, 99247,20210829,  105,    0
 18445, 99247,20210830,  111,    0
 18445, 99633,20210831,   86,    0
 18445, 99247,20210901,   82,    0
 18445, 99247,20210902,   76,    0
 18445, 99247,20210903,   63,    0
 18445, 99247,20210904,   67,    0
 18445, 99247,20210905,   85,    0
 18445, 99247,20210906,  106,    0
 18445, 99247,20210907,   94,    0
 18445, 99247,20210908,   88,    0
 18445, 99247,20210909,   73,    0
 18445, 99247,20210910,   77,    0
 18445, 99247,20210911,   73,    0
 18445, 99247,20210912,   79,    0
 18445, 99247,20210913,   66,    0
 18445, 99247,20210914,   70,    0
 18445, 99247,20210915,   67,    0
 18445, 99247,20210916,   66,    0
 18445, 99247,20210917,   72,    0
 18445, 99247,20210918,   84,    0
 18445, 99247,20210919,   82,    0
 18445, 99247,20210920,   84,    0
 18445, 99247,20210921,   78,    0
 18445, 99247,20210922,  112,    0
 18445, 99247,20210923,  108,    0
 18445, 99247,20210924,   86,    0
 18445, 99247,20210925,   91,    0
 18445, 99247,20210926,   88,    0
 18445, 99247,20210927,  139,    0
 18445, 99247,20210928,  129,    0
 18445, 99247,20210929,   76,    0
 18445, 99247,20210930,   71,    0
 18445, 99247,20211001,   87,    0
 18445, 99247,20211002,  124,    0
 18445, 99247,20211003,  123,    0
 18445, 99247,20211004,  137,    0
 18445, 99247,20211005,  126,    0
 18445, 99247,20211006,   82,    0
 18445, 99247,20211007,   41,    0
 18445, 99247,20211008,   42,    0
 18445, 99247,20211009,   46,    0
 18445, 99247,20211010,   68,    0
 18445, 99247,20211011,   72,    0
 18445, 99247,20211012,   58,    0
 18445, 99247,20211013,   37,    0
 18445, 99247,20211014,   29,    0
 18445, 99247,20211015,   27,    0
 18445, 99247,20211016,   36,    0
 18445, 99247,20211017,   41,    0
 18445, 99247,20211018,   14,    0
 18445, 99247,20211019,   -2,    0
 18445, 99247,20211020,  -16,    0
 18445, 99247,20211021,    1,    0
 18445, 99247,20211022,   13,    0
 18445, 99247,20211023,    8,    0
 18445, 99247,20211024,   -4,    0
 18445, 99247,20211025,   -7,    0
 18445, 99247,20211026,    2,    0
 18445, 99247,20211027,    7,    0
 18445, 99247,20211028,   22,    0
 18445, 99247,20211029,   47,    0
 18445, 99247,20211030,   28,    0
 18445, 99247,20211031,   45,    0
 18445, 99247,20211101,-9999,    9
 18445, 99247,20211102,   81,    0
 18445, 99247,20211103,   55,    0
 18445, 99247,20211104,   35,    0
 18445, 99247,20211105,   39,    0
 18445, 99247,20211106,   21,    0
 18445, 99247,20211107,-9999,    9
 18445, 99247,20211108,-9999,    9
 18445, 99247,20211109,   -6,    0
 18445, 99247,20211110,   49,    0
 18445, 99247,20211111,   28,    0
 18445, 99247,20211112,   12,    0
 18445, 99247,20211113,   25,    0
 18445, 99247,20211114,    4,    0
 18445, 99247,20211115,   37,    0
 18445, 99247,20211116,   48,    0
 18445, 99247,20211117,   43,    0
 18445, 99247,20211118,   16,    0
 18445, 99247,20211119,    4,    0
 18445, 99247,20211120,   17,    0
 18445, 99247,20211121,  -20,    0
 18445, 99247,20211122,  -24,    0
 18445, 99247,20211123,  -12,    0
 18445, 99247,20211124,  -22,    0
 18445, 99247,20211125,  -54,    0
 18445, 99247,20211126,  -52,    0
 18445, 99247,20211127,  -70,    0
 18445, 99247,20211128,  -92,    0
 18445, 99247,20211129,  -87,    0
 18445, 99247,20211130,-9999,    9
 18445, 99247,20211201,  -40,    0
 18445, 99247,20211202,   -6,    0
 18445, 99247,20211203,  -44,    0
 18445, 99247,20211204,  -64,    0
 18445, 99247,20211205,  -80,    0
 18445, 99247,20211206,  -91,    0
 18445, 99247,20211207,  -76,    0
 18445, 99247,20211208,  -63,    0
 18445, 99247,20211209,  -73,    0
 18445, 99247,20211210,  -33,    0
 18445, 99247,20211211,  -27,    0
 18445, 99247,20211212,   -3,    0
 18445, 99247,20211213,    2,    0
 18445, 99247,20211214,   -2,    0
 18445, 99247,20211215,   -2,    0
 18445, 99247,20211216,   30,    0
 18445, 99247,20211217,   35,    0
 18445, 99247,20211218,   31,    0
 18445, 99247,20211219,   -2,    0
 18445, 99247,20211220,  -34,    0
 18445, 99247,20211221,  -57,    0
 18445, 99247,20211222,  -49,    0
 18445, 99247,20211223,  -50,    0
 18445, 99247,20211224,  -19,    0
 18445, 99247,20211225,  -37,    0
 18445, 99247,20211226,  -35,    0
 18445, 99247,20211227,  -17,    0
 18445, 99247,20211228,  -62,    0
 18445, 99247,20211229,  -98,    0
 18445, 99247,20211230,  -58,    0
 18445, 99247,20211231,  -33,    0
 18445, 99247,20220101,  -11,    0
 18445, 99247,20220102,  -41,    0
 18445, 99247,20220103,  -51,    0
 18445, 99247,20220104,  -64,    0
 18445, 99247,20220105,  -56,    0
 18445, 99247,20220106,  -29,    0
 18445, 99247,20220107,  -34,    0
 18445, 99247,20220108,  -12,    0
 18445, 99247,20220109,  -40,    0
 18445, 99247,20220110,  -42,    0
 18445, 99247,20220111,  -28,    0
 18445, 99247,20220112,   39,    0
 18445, 99247,20220113,   12,    0
 18445, 99247,20220114,   22,    0
 18445, 99247,20220115,  -18,    0
 18445, 99247,20220116,  -24,    0
 18445, 99247,20220117,  -25,    0
 18445, 99247,20220118,   13,    0
 18445, 99247,20220119,   15,    0
 18445, 99247,20220120,    6,    0
 18445, 99247,20220121,  -10,    0
 18445, 99247,20220122,   11,    0
 18445, 99247,20220123,   51,    0
 18445, 99247,20220124,    1,    0
 18445, 99247,20220125,  -15,    0
 18445, 99247,20220126,  -22,    0
 18445, 99247,20220127,  -39,    0
 18445, 99247,20220128,  -23,    0
 18445, 99247,20220129,  -53,    0
 18445, 99247,20220130,  -46,    0
 18445, 99247,20220131,  -37,    0
 18445, 99247,20220201,  -42,    0
 18445, 99247,20220202,  -68,    0
 18445, 99247,20220203,  -68,    0
 18445, 99247,20220204,  -78,    0
 18445, 99247,20220205,  -32,    0
 18445, 99247,20220206,  -12,    0
 18445, 99247,20220207,  -40,    0
 18445, 99247,20220208,  -14,    0
 18445, 99247,20220209,  -24,    0
 18445, 99247,20220210,  -47,    0
 18445, 99247,20220211,  -14,    0
 18445, 99247,20220212,  -35,    0
 18445, 99247,20220213,  -59,    0
 18445, 99247,20220214,  -11,    0
 18445, 99247,20220215,  -21,    0
 18445, 99247,20220216,  -63,    0
 18445, 99247,20220217,  -37,    0
 18445, 99247,20220218,  -16,    0
 18445, 99247,20220219,  -31,    0
 18445, 99247,20220220,  -61,    0
 18445, 99247,20220221,  -58,    0
 18445, 99247,20220222,  -87,    0
 18445, 99247,20220223,  -77,    0
 18445, 99247,20220224,  -51,    0
 18445, 99247,20220225,  -33,    0
 18445, 99247,20220226,  -24,    0
 18445, 99247,20220227,   67,    0
 18445, 99247,20220228,   37,    0
 18445, 99247,20220301,   37,    0
 18445, 99247,20220302,   30,    0
 18445, 99247,20220303,-9999,    9
 18445, 99247,20220304,  -11,    0
 18445, 99247,20220305,   -2,    0
 18445, 99247,20220306,   -3,    0
 18445, 99247,20220307,    1,    0
 18445, 99247,20220308,   12,    0
 18445, 99247,20220309,   -1,    0
 18445, 99247,20220310,   45,    0
 18445, 99247,20220311,   41,    0
 18445, 99247,20220312,   39,    0
 18445, 99247,20220313,   36,    0
 18445, 99247,20220314,   29,    0
 18445, 99247,20220315,   43,    0
 18445, 99247,20220316,   27,    0
 18445, 99247,20220317,   46,    0
 18445, 99247,20220318,   42,    0
 18445, 99247,20220319,   43,    0
 18445, 99247,20220320,   74,    0
 18445, 99247,20220321,   62,    0
 18445, 99247,20220322,   26,    0
 18445, 99247,20220323,    2,    0
 18445, 99247,20220324,   -3,    0
 18445, 99247,20220325,  -19,    0
 18445, 99247,20220326,  -42,    0
 18445, 99247,20220327,  -45,    0
 18445, 99247,20220328,  -47,    0
 18445, 99247,20220329,  -15,    0
 18445, 99247,20220330,  -17,    0
 18445, 99247,20220331,  -28,    0
 18445, 99247,20220401,   -8,    0
 18445, 99247,20220402,   -1,    0
 18445, 99247,20220403,  -26,    0
 18445, 99247,20220404,  -35,    0
 18445, 99247,20220405,  -30,    0
 18445, 99247,20220406,    1,    0
 18445, 99247,20220407,    5,    0
 18445, 99247,20220408,    0,    0
 18445, 99247,20220409,   19,    0
 18445, 99247,20220410,   27,    0
 18445, 99247,20220411,   16,    0
 18445, 99247,20220412,    3,    0
 18445, 99247,20220413,   11,    0
 18445, 99247,20220414,   19,    0
 18445, 99247,20220415,   30,    0
 18445, 99247,20220416,   46,    0
 18445, 99247,20220417,   67,    0
 18445, 99247,20220418,   73,    0
 18445, 99247,20220419,   62,    0
 18445, 99247,20220420,   69,    0
 18445, 99247,20220421,   57,    0
 18445, 99247,20220422,   44,    0
 18445, 99247,20220423,   46,    0
 18445, 99247,20220424,   43,    0
 18445, 99247,20220425,    7,    0
 18445, 99247,20220426,  -44,    0
 18445, 99247,20220427,  -32,    0
 18445, 99247,20220428,  -24,    0
 18445, 99247,20220429,  -10,    0
 18445, 99247,20220430,   -1,    0
 18445, 99247,20220501,-9999,    9
 18445, 99247,20220502,-9999,    9
 18445, 99247,20220503,-9999,    9
 18445, 99247,20220504,-9999,    9
 18445, 99247,20220505,-9999,    9
 18445, 99247,20220506,-9999,    9
 18445, 99247,20220507,-9999,    9
 18445, 99247,20220508,-9999,    9
 18445, 99247,20220509,-9999,    9
 18445, 99247,20220510,-9999,    9
 18445, 99247,20220511,-9999,    9
 18445, 99247,20220512,-9999,    9
 18445, 99247,20220513,-9999,    9
 18445, 99247,20220514,-9999,    9
 18445, 99247,20220515,   48,    0
 18445, 99247,20220516,   24,    0
 18445, 99247,20220517,   15,    0
 18445, 99247,20220518,   29,    0
 18445, 99247,20220519,-9999,    9
 18445, 99247,20220520,-9999,    9
 18445, 99247,20220521,   78,    0
 18445, 99247,20220522,   79,    0
 18445, 99247,20220523,  101,    0
 18445, 99247,20220524,  134,    0
 18445, 99247,20220525,  153,    0
 18445, 99247,20220526,  150,    0
 18445, 99247,20220527,   95,    0
 18445, 99247,20220528,   81,    0
 18445, 99247,20220529,  101,    0
 18445, 99247,20220530,  135,    0
 18445, 99247,20220531,  145,    0
 18445, 99247,20220601,  159,    0
 18445, 99247,20220602,  155,    0
 18445, 99247,20220603,  139,    0
 18445, 99247,20220604,  107,    0
 18445, 99247,20220605,   96,    0
 18445, 99247,20220606,   98,    0
 18445, 99247,20220607,   79,    0
 18445, 99247,20220608,   78,    0
 18445, 99247,20220609,   70,    0
 18445, 99247,20220610,   65,    0
 18445, 99247,20220611,   93,    0
 18445, 99247,20220612,   84,    0
 18445, 99247,20220613,   79,    0
 18445, 99247,20220614,   78,    0
 18445, 99247,20220615,   90,    0
 18445, 99247,20220616,   94,    0
 18445, 99247,20220617,   97,    0
 18445, 99247,20220618,  140,    0
 18445, 99247,20220619,   97,    0
 18445, 99247,20220620,  109,    0
 18445, 99247,20220621,-9999,    9
 18445, 99247,20220622,-9999,    9
 18445, 99247,20220623,-9999,    9
 18445, 99247,20220624,  429,    0
 18445, 99247,20220625,-9999,    9
 18445, 99247,20220626,-9999,    9
 18445, 99247,20220627,  436,    0
 18445, 99247,20220628,  439,    0
 18445, 99247,20220629,  437,    0
 18445, 99247,20220630,-9999,    9
 18445, 99247,20220701,  435,    0
 18445, 99247,20220702,-9999,    9
 18445, 99247,20220703,  432,    0
 18445, 99247,20220704,  433,    0
 18445, 99247,20220705,  435,    0
 18445, 99247,20220706,  429,    0
 18445, 99247,20220707,  431,    0
 18445, 99247,20220708,-9999,    9
 18445, 99247,20220709,-9999,    9
 18445, 99247,20220710,  432,    0
 18445, 99247,20220711,  431,    0
 18445, 99247,20220712,-9999,    9
 18445, 99247,20220713,  433,    0
 18445, 99247,20220714,-9999,    9
 18445, 99247,20220715,-9999,    9
 18445, 99247,20220716,-9999,    9
 18445, 99247,20220717,-9999,    9
 18445, 99247,20220718,  430,    0
 18445, 99247,20220719,  430,    0
 18445, 99247,20220720,-9999,    9
 18445, 99247,20220721,-9999,    9
 18445, 99247,20220722,-9999,    9
 18445, 99247,20220723,  429,    0
 18445, 99247,20220724,  430,    0
 18445, 99247,20220725,  432,    0
 18445, 99247,20220726,  432,    0
 18445, 99247,20220727,  430,    0
 18445, 99247,20220728,  429,    0
 18445, 99247,20220729,  431,    0
 18445, 99247,20220730,  431,    0
 18445, 99247,20220731,  433,    0
 18445, 99247,20220801,  432,    0
 18445, 99247,20220802,-9999,    9
 18445, 99247,20220803,-9999,    9
 18445, 99247,20220804,-9999,    9
 18445, 99247,20220805,  431,    0
 18445, 99247,20220806,  432,    0
 18445, 99247,20220807,-9999,    9
 18445, 99247,20220808,-9999,    9
 18445, 99247,20220809,-9999,    9
 18445, 99247,20220810,-9999,    9
 18445, 99247,20220811,-9999,    9
 18445, 99247,20220812,-9999,    9
 18445, 99247,20220813,-9999,    9
 18445, 99247,20220814,-9999,    9
 18445, 99247,20220815,-9999,    9
 18445, 99247,20220816,-9999,    9
 18445, 99247,20220817,-9999,    9
 18445, 99247,20220818,-9999,    9
 18445, 99247,20220819,  432,    0
 18445, 99247,20220820,-9999,    9
 18445, 99247,20220821,-9999,    9
 18445, 99247,20220822,  433,    0
 18445, 99247,20220823,-9999,    9
 18445, 99247,20220824,-9999,    9
 18445, 99247,20220825,  432,    0
 18445, 99247,20220826,  432,    0
 18445, 99247,20220827,-9999,    9
 18445, 99247,20220828,-9999,    9
 18445, 99247,20220829,-9999,    9
 18445, 99247,20220830,-9999,    9
 18445, 99247,20220831,-9999,    9
 18445, 99247,20220901,-9999,    9
 18445, 99247,20220902,-9999,    9
 18445, 99247,20220903,-9999,    9
 18445, 99247,20220904,-9999,    9
 18445, 99247,20220905,-9999,    9
 18445, 99247,20220906,-9999,    9
 18445, 99247,20220907,-9999,    9
 18445, 99247,20220908,-9999,    9
 18445, 99247,20220909,-9999,    9
 18445, 99247,20220910,-9999,    9
 18445, 99247,20220911,-9999,    9
 18445, 99247,20220912,-9999,    9
 18445, 99247,20220913,-9999,    9
 18445, 99247,20220914,-9999,    9
 18445, 99247,20220915,-9999,    9
 18445, 99247,20220916,-9999,    9
 18445, 99247,20220917,-9999,    9
 18445, 99247,20220918,-9999,    9
 18445, 99247,20220919,-9999,    9
 18445, 99247,20220920,-9999,    9
 18445, 99247,20220921,-9999,    9
 18445, 99247,20220922,-9999,    9
 18445, 99247,20220923,-9999,    9
 18445, 99247,20220924,-9999,    9
 18445, 99247,20220925,-9999,    9
 18445, 99247,20220926,-9999,    9
 18445, 99247,20220927,-9999,    9
 18445, 99247,20220928,-9999,    9
 18445, 99247,20220929,-9999,    9
 18445, 99247,20220930,  427,    0
 18445, 99247,20221001,  426,    0
 18445, 99247,20221002,  426,    0
 18445, 99247,20221003,  420,    0
 18445, 99247,20221004,-9999,    9
 18445, 99247,20221005,-9999,    9
 18445, 99247,20221006,-9999,    9
 18445, 99247,20221007,-9999,    9
 18445, 99247,20221008,-9999,    9
 18445, 99247,20221009,-9999,    9
 18445, 99247,20221010,-9999,    9
 18445, 99247,20221011,-9999,    9
 18445, 99247,20221012,-9999,    9
 18445, 99247,20221013,-9999,    9
 18445, 99247,20221014,-9999,    9
 18445, 99247,20221015,-9999,    9
 18445, 99247,20221016,-9999,    9
 18445, 99247,20221017,-9999,    9
 18445, 99247,20221018,-9999,    9
 18445, 99247,20221019,-9999,    9
 18445, 99247,20221020,-9999,    9
 18445, 99247,20221021,-9999,    9
 18445, 99247,20221022,-9999,    9
 18445, 99247,20221023,-9999,    9
 18445, 99247,20221024,-9999,    9
 18445, 99247,20221025,-9999,    9
 18445, 99247,20221026,-9999,    9
 18445, 99247,20221027,-9999,    9
 18445, 99247,20221028,-9999,    9
 18445, 99247,20221029,-9999,    9
 18445, 99247,20221030,-9999,    9
 18445, 99247,20221031,-9999,    9
