EUROPEAN CLIMATE ASSESSMENT & DATASET (ECA&D), file created on: 16-11-2022
THESE DATA CAN BE USED FOR NON-COMMERCIAL RESEARCH AND EDUCATION PROVIDED THAT THE FOLLOWING SOURCE IS ACKNOWLEDGED: 

Klein Tank, A.M.G. and Coauthors, 2002. Daily dataset of 20th-century surface
air temperature and precipitation series for the European Climate Assessment.
Int. J. of Climatol., 22, 1441-1453.
Data and metadata available at http://www.ecad.eu

FILE FORMAT (MISSING VALUE CODE = -9999):

01-06 STAID: Station identifier
08-13 SOUID: Source identifier
15-22 DATE : Date YYYYMMDD
24-28 TG   : Mean temperature in 0.1 &#176;C
30-34 Q_TG : quality code for TG (0='valid'; 1='suspect'; 9='missing')

This is the blended series of station E12 UMBUKTA, NORWAY (STAID: 18433)
Blended and updated with sources:99225 
See files sources.txt and stations.txt for more info.

STAID, SOUID,    DATE,   TG, Q_TG
 18433, 99225,20151101,-9999,    9
 18433, 99225,20151102,-9999,    9
 18433, 99225,20151103,-9999,    9
 18433, 99225,20151104,-9999,    9
 18433, 99225,20151105,-9999,    9
 18433, 99225,20151106,-9999,    9
 18433, 99225,20151107,-9999,    9
 18433, 99225,20151108,-9999,    9
 18433, 99225,20151109,-9999,    9
 18433, 99225,20151110,-9999,    9
 18433, 99225,20151111,-9999,    9
 18433, 99225,20151112,-9999,    9
 18433, 99225,20151113,-9999,    9
 18433, 99225,20151114,-9999,    9
 18433, 99225,20151115,-9999,    9
 18433, 99225,20151116,-9999,    9
 18433, 99225,20151117,-9999,    9
 18433, 99225,20151118,  -33,    0
 18433, 99225,20151119,  -42,    0
 18433, 99225,20151120,  -50,    0
 18433, 99225,20151121,-9999,    9
 18433, 99225,20151122,  -88,    0
 18433, 99225,20151123,  -34,    0
 18433, 99225,20151124,    4,    0
 18433, 99225,20151125,   -8,    0
 18433, 99225,20151126,    2,    0
 18433, 99225,20151127,    6,    0
 18433, 99225,20151128,   -7,    0
 18433, 99225,20151129,  -14,    0
 18433, 99225,20151130,  -32,    0
 18433, 99225,20151201,  -12,    0
 18433, 99225,20151202,  -15,    0
 18433, 99225,20151203,   -1,    0
 18433, 99225,20151204,  -15,    0
 18433, 99225,20151205,   -9,    0
 18433, 99225,20151206,   -9,    0
 18433, 99225,20151207,   -8,    0
 18433, 99225,20151208,  -17,    0
 18433, 99225,20151209,   10,    0
 18433, 99225,20151210,    0,    0
 18433, 99225,20151211,    2,    0
 18433, 99225,20151212,  -43,    0
 18433, 99225,20151213,  -81,    0
 18433, 99225,20151214,  -90,    0
 18433, 99225,20151215,  -35,    0
 18433, 99225,20151216,  -22,    0
 18433, 99225,20151217,  -15,    0
 18433, 99225,20151218,   13,    0
 18433, 99225,20151219,    3,    0
 18433, 99225,20151220,-9999,    9
 18433, 99225,20151221,-9999,    9
 18433, 99225,20151222,-9999,    9
 18433, 99225,20151223,    7,    0
 18433, 99225,20151224,   17,    0
 18433, 99225,20151225,   -1,    0
 18433, 99225,20151226,  -82,    0
 18433, 99225,20151227,  -28,    0
 18433, 99225,20151228,  -38,    0
 18433, 99225,20151229,  -26,    0
 18433, 99225,20151230,  -24,    0
 18433, 99225,20151231,    3,    0
 18433, 99225,20160101,  -13,    0
 18433, 99225,20160102,  -38,    0
 18433, 99225,20160103, -100,    0
 18433, 99225,20160104, -151,    0
 18433, 99225,20160105, -149,    0
 18433, 99225,20160106, -199,    0
 18433, 99225,20160107, -216,    0
 18433, 99225,20160108, -245,    0
 18433, 99225,20160109, -230,    0
 18433, 99225,20160110, -197,    0
 18433, 99225,20160111, -109,    0
 18433, 99225,20160112, -122,    0
 18433, 99225,20160113, -152,    0
 18433, 99225,20160114, -221,    0
 18433, 99225,20160115, -228,    0
 18433, 99225,20160116, -202,    0
 18433, 99225,20160117,  -99,    0
 18433, 99225,20160118, -132,    0
 18433, 99225,20160119, -129,    0
 18433, 99225,20160120, -108,    0
 18433, 99225,20160121, -113,    0
 18433, 99225,20160122,  -46,    0
 18433, 99225,20160123,  -55,    0
 18433, 99225,20160124,  -62,    0
 18433, 99225,20160125,-9999,    9
 18433, 99225,20160126,   -9,    0
 18433, 99225,20160127,-9999,    9
 18433, 99225,20160128,-9999,    9
 18433, 99225,20160129,  -16,    0
 18433, 99225,20160130,  -12,    0
 18433, 99225,20160131,  -38,    0
 18433, 99225,20160201,  -23,    0
 18433, 99225,20160202,  -55,    0
 18433, 99225,20160203,  -67,    0
 18433, 99225,20160204,  -27,    0
 18433, 99225,20160205,  -71,    0
 18433, 99225,20160206,  -46,    0
 18433, 99225,20160207,  -14,    0
 18433, 99225,20160208,    5,    0
 18433, 99225,20160209,   -6,    0
 18433, 99225,20160210,-9999,    9
 18433, 99225,20160211,-9999,    9
 18433, 99225,20160212,-9999,    9
 18433, 99225,20160213,  -59,    0
 18433, 99225,20160214, -119,    0
 18433, 99225,20160215, -120,    0
 18433, 99225,20160216,  -58,    0
 18433, 99225,20160217,  -18,    0
 18433, 99225,20160218,  -52,    0
 18433, 99225,20160219,  -52,    0
 18433, 99225,20160220,  -47,    0
 18433, 99225,20160221,  -32,    0
 18433, 99225,20160222,  -81,    0
 18433, 99225,20160223,  -93,    0
 18433, 99225,20160224,  -34,    0
 18433, 99225,20160225, -142,    0
 18433, 99225,20160226, -234,    0
 18433, 99225,20160227, -101,    0
 18433, 99225,20160228,  -80,    0
 18433, 99225,20160229,  -28,    0
 18433, 99225,20160301,  -42,    0
 18433, 99225,20160302,-9999,    9
 18433, 99225,20160303,-9999,    9
 18433, 99225,20160304,-9999,    9
 18433, 99225,20160305,  -34,    0
 18433, 99225,20160306,  -30,    0
 18433, 99225,20160307,  -33,    0
 18433, 99225,20160308,  -76,    0
 18433, 99225,20160309,  -63,    0
 18433, 99225,20160310,  -24,    0
 18433, 99225,20160311,    6,    0
 18433, 99225,20160312,   -6,    0
 18433, 99225,20160313,   -8,    0
 18433, 99225,20160314,   19,    0
 18433, 99225,20160315,   29,    0
 18433, 99225,20160316,   18,    0
 18433, 99225,20160317,  -19,    0
 18433, 99225,20160318,  -52,    0
 18433, 99225,20160319,  -44,    0
 18433, 99225,20160320,  -50,    0
 18433, 99225,20160321,  -77,    0
 18433, 99225,20160322,  -54,    0
 18433, 99225,20160323,  -75,    0
 18433, 99225,20160324,  -10,    0
 18433, 99225,20160325,   -5,    0
 18433, 99225,20160326,   -4,    0
 18433, 99225,20160327,   32,    0
 18433, 99225,20160328,   32,    0
 18433, 99225,20160329,-9999,    9
 18433, 99225,20160330,-9999,    9
 18433, 99225,20160331,-9999,    9
 18433, 99225,20160401,  -28,    0
 18433, 99225,20160402,   -8,    0
 18433, 99225,20160403,   19,    0
 18433, 99225,20160404,   22,    0
 18433, 99225,20160405,   16,    0
 18433, 99225,20160406,    8,    0
 18433, 99225,20160407,-9999,    9
 18433, 99225,20160408,-9999,    9
 18433, 99225,20160409,    8,    0
 18433, 99225,20160410,    9,    0
 18433, 99225,20160411,    6,    0
 18433, 99225,20160412,  -11,    0
 18433, 99225,20160413,  -60,    0
 18433, 99225,20160414,  -53,    0
 18433, 99225,20160415,    6,    0
 18433, 99225,20160416,   -5,    0
 18433, 99225,20160417,   -1,    0
 18433, 99225,20160418,    6,    0
 18433, 99225,20160419,   -2,    0
 18433, 99225,20160420,   -5,    0
 18433, 99225,20160421,    7,    0
 18433, 99225,20160422,   -9,    0
 18433, 99225,20160423,  -17,    0
 18433, 99225,20160424,  -29,    0
 18433, 99225,20160425,  -23,    0
 18433, 99225,20160426,    5,    0
 18433, 99225,20160427,    9,    0
 18433, 99225,20160428,   20,    0
 18433, 99225,20160429,   42,    0
 18433, 99225,20160430,   35,    0
 18433, 99225,20160501,   47,    0
 18433, 99225,20160502,-9999,    9
 18433, 99225,20160503,-9999,    9
 18433, 99225,20160504,   40,    0
 18433, 99225,20160505,   51,    0
 18433, 99225,20160506,   53,    0
 18433, 99225,20160507,   57,    0
 18433, 99225,20160508,   46,    0
 18433, 99225,20160509,   30,    0
 18433, 99225,20160510,   16,    0
 18433, 99225,20160511,   29,    0
 18433, 99225,20160512,   14,    0
 18433, 99225,20160513,-9999,    9
 18433, 99225,20160514,   18,    0
 18433, 99225,20160515,-9999,    9
 18433, 99225,20160516,   24,    0
 18433, 99225,20160517,   -3,    0
 18433, 99225,20160518,    2,    0
 18433, 99225,20160519,-9999,    9
 18433, 99225,20160520,-9999,    9
 18433, 99225,20160521,   49,    0
 18433, 99225,20160522,   76,    0
 18433, 99225,20160523,   56,    0
 18433, 99225,20160524,   38,    0
 18433, 99225,20160525,   41,    0
 18433, 99225,20160526,   71,    0
 18433, 99225,20160527,   98,    0
 18433, 99225,20160528,  118,    0
 18433, 99225,20160529,  125,    0
 18433, 99225,20160530,  132,    0
 18433, 99225,20160531,  122,    0
 18433, 99225,20160601,  133,    0
 18433, 99225,20160602,  124,    0
 18433, 99225,20160603,   41,    0
 18433, 99225,20160604,-9999,    9
 18433, 99225,20160605,-9999,    9
 18433, 99225,20160606,-9999,    9
 18433, 99225,20160607,   47,    0
 18433, 99225,20160608,   25,    0
 18433, 99225,20160609,   30,    0
 18433, 99225,20160610,   71,    0
 18433, 99225,20160611,   89,    0
 18433, 99225,20160612,   60,    0
 18433, 99225,20160613,   46,    0
 18433, 99225,20160614,   48,    0
 18433, 99225,20160615,   95,    0
 18433, 99225,20160616,  115,    0
 18433, 99225,20160617,  125,    0
 18433, 99225,20160618,   76,    0
 18433, 99225,20160619,   52,    0
 18433, 99225,20160620,   63,    0
 18433, 99225,20160621,  102,    0
 18433, 99225,20160622,   93,    0
 18433, 99225,20160623,-9999,    9
 18433, 99225,20160624,-9999,    9
 18433, 99225,20160625,-9999,    9
 18433, 99225,20160626,-9999,    9
 18433, 99225,20160627,-9999,    9
 18433, 99225,20160628,-9999,    9
 18433, 99225,20160629,-9999,    9
 18433, 99225,20160630,-9999,    9
 18433, 99225,20160701,-9999,    9
 18433, 99225,20160702,-9999,    9
 18433, 99225,20160703,-9999,    9
 18433, 99225,20160704,-9999,    9
 18433, 99225,20160705,-9999,    9
 18433, 99225,20160706,-9999,    9
 18433, 99225,20160707,-9999,    9
 18433, 99225,20160708,-9999,    9
 18433, 99225,20160709,-9999,    9
 18433, 99225,20160710,-9999,    9
 18433, 99225,20160711,-9999,    9
 18433, 99225,20160712,-9999,    9
 18433, 99225,20160713,-9999,    9
 18433, 99225,20160714,-9999,    9
 18433, 99225,20160715,   86,    0
 18433, 99225,20160716,   99,    0
 18433, 99225,20160717,   90,    0
 18433, 99225,20160718,-9999,    9
 18433, 99225,20160719,-9999,    9
 18433, 99225,20160720,-9999,    9
 18433, 99225,20160721,-9999,    9
 18433, 99225,20160722,-9999,    9
 18433, 99225,20160723,-9999,    9
 18433, 99225,20160724,-9999,    9
 18433, 99225,20160725,-9999,    9
 18433, 99225,20160726,-9999,    9
 18433, 99225,20160727,-9999,    9
 18433, 99225,20160728,-9999,    9
 18433, 99225,20160729,-9999,    9
 18433, 99225,20160730,-9999,    9
 18433, 99225,20160731,-9999,    9
 18433, 99225,20160801,-9999,    9
 18433, 99225,20160802,-9999,    9
 18433, 99225,20160803,-9999,    9
 18433, 99225,20160804,-9999,    9
 18433, 99225,20160805,-9999,    9
 18433, 99225,20160806,-9999,    9
 18433, 99225,20160807,-9999,    9
 18433, 99225,20160808,-9999,    9
 18433, 99225,20160809,-9999,    9
 18433, 99225,20160810,-9999,    9
 18433, 99225,20160811,-9999,    9
 18433, 99225,20160812,-9999,    9
 18433, 99225,20160813,-9999,    9
 18433, 99225,20160814,-9999,    9
 18433, 99225,20160815,-9999,    9
 18433, 99225,20160816,-9999,    9
 18433, 99225,20160817,-9999,    9
 18433, 99225,20160818,-9999,    9
 18433, 99225,20160819,-9999,    9
 18433, 99225,20160820,-9999,    9
 18433, 99225,20160821,-9999,    9
 18433, 99225,20160822,-9999,    9
 18433, 99225,20160823,-9999,    9
 18433, 99225,20160824,-9999,    9
 18433, 99225,20160825,-9999,    9
 18433, 99225,20160826,-9999,    9
 18433, 99225,20160827,-9999,    9
 18433, 99225,20160828,-9999,    9
 18433, 99225,20160829,-9999,    9
 18433, 99225,20160830,-9999,    9
 18433, 99225,20160831,-9999,    9
 18433, 99225,20160901,-9999,    9
 18433, 99225,20160902,-9999,    9
 18433, 99225,20160903,-9999,    9
 18433, 99225,20160904,-9999,    9
 18433, 99225,20160905,-9999,    9
 18433, 99225,20160906,   75,    0
 18433, 99225,20160907,   85,    0
 18433, 99225,20160908,   85,    0
 18433, 99225,20160909,  104,    0
 18433, 99225,20160910,  116,    0
 18433, 99225,20160911,   89,    0
 18433, 99225,20160912,   81,    0
 18433, 99225,20160913,  119,    0
 18433, 99225,20160914,  105,    0
 18433, 99225,20160915,   74,    0
 18433, 99225,20160916,-9999,    9
 18433, 99225,20160917,-9999,    9
 18433, 99225,20160918,-9999,    9
 18433, 99225,20160919,  116,    0
 18433, 99225,20160920,  111,    0
 18433, 99225,20160921,  128,    0
 18433, 99225,20160922,  107,    0
 18433, 99225,20160923,   87,    0
 18433, 99225,20160924,   79,    0
 18433, 99225,20160925,  104,    0
 18433, 99225,20160926,   98,    0
 18433, 99225,20160927,   82,    0
 18433, 99225,20160928,   86,    0
 18433, 99225,20160929,   46,    0
 18433, 99225,20160930,   40,    0
 18433, 99225,20161001,   35,    0
 18433, 99225,20161002,   26,    0
 18433, 99225,20161003,   21,    0
 18433, 99225,20161004,   32,    0
 18433, 99225,20161005,   45,    0
 18433, 99225,20161006,   51,    0
 18433, 99225,20161007,   38,    0
 18433, 99225,20161008,   17,    0
 18433, 99225,20161009,   26,    0
 18433, 99225,20161010,   10,    0
 18433, 99225,20161011,  -11,    0
 18433, 99225,20161012,    5,    0
 18433, 99225,20161013,   15,    0
 18433, 99225,20161014,   22,    0
 18433, 99225,20161015,   13,    0
 18433, 99225,20161016,    8,    0
 18433, 99225,20161017,   13,    0
 18433, 99225,20161018,   35,    0
 18433, 99225,20161019,   32,    0
 18433, 99225,20161020,-9999,    9
 18433, 99225,20161021,-9999,    9
 18433, 99225,20161022,-9999,    9
 18433, 99225,20161023,-9999,    9
 18433, 99225,20161024,-9999,    9
 18433, 99225,20161025,-9999,    9
 18433, 99225,20161026,-9999,    9
 18433, 99225,20161027,   19,    0
 18433, 99225,20161028,    8,    0
 18433, 99225,20161029,    8,    0
 18433, 99225,20161030,   -8,    0
 18433, 99225,20161031,  -15,    0
 18433, 99225,20161101,   -6,    0
 18433, 99225,20161102,  -30,    0
 18433, 99225,20161103,  -46,    0
 18433, 99225,20161104,  -54,    0
 18433, 99225,20161105,  -94,    0
 18433, 99225,20161106, -103,    0
 18433, 99225,20161107, -109,    0
 18433, 99225,20161108,  -83,    0
 18433, 99225,20161109,  -76,    0
 18433, 99225,20161110,  -75,    0
 18433, 99225,20161111,  -46,    0
 18433, 99225,20161112,  -11,    0
 18433, 99225,20161113,    4,    0
 18433, 99225,20161114,    3,    0
 18433, 99225,20161115,   17,    0
 18433, 99225,20161116,   14,    0
 18433, 99225,20161117,   -3,    0
 18433, 99225,20161118,  -13,    0
 18433, 99225,20161119,   -5,    0
 18433, 99225,20161120,  -22,    0
 18433, 99225,20161121,  -12,    0
 18433, 99225,20161122,  -16,    0
 18433, 99225,20161123,  -79,    0
 18433, 99225,20161124,  -51,    0
 18433, 99225,20161125,  -15,    0
 18433, 99225,20161126,   -9,    0
 18433, 99225,20161127,  -52,    0
 18433, 99225,20161128,    5,    0
 18433, 99225,20161129,    9,    0
 18433, 99225,20161130,  -29,    0
 18433, 99225,20161201,-9999,    9
 18433, 99225,20161202,  -62,    0
 18433, 99225,20161203,  -88,    0
 18433, 99225,20161204,    2,    0
 18433, 99225,20161205,  -16,    0
 18433, 99225,20161206,  -15,    0
 18433, 99225,20161207,    9,    0
 18433, 99225,20161208,  -30,    0
 18433, 99225,20161209,  -63,    0
 18433, 99225,20161210, -182,    0
 18433, 99225,20161211, -209,    0
 18433, 99225,20161212,  -68,    0
 18433, 99225,20161213,  -25,    0
 18433, 99225,20161214,   -2,    0
 18433, 99225,20161215,  -28,    0
 18433, 99225,20161216,   23,    0
 18433, 99225,20161217,   17,    0
 18433, 99225,20161218,   22,    0
 18433, 99225,20161219,   47,    0
 18433, 99225,20161220,   20,    0
 18433, 99225,20161221,   18,    0
 18433, 99225,20161222,  -11,    0
 18433, 99225,20161223,  -19,    0
 18433, 99225,20161224,  -28,    0
 18433, 99225,20161225, -141,    0
 18433, 99225,20161226,  -22,    0
 18433, 99225,20161227,  -25,    0
 18433, 99225,20161228,   -3,    0
 18433, 99225,20161229,    1,    0
 18433, 99225,20161230,    4,    0
 18433, 99225,20161231,  -16,    0
 18433, 99225,20170101,-9999,    9
 18433, 99225,20170102,-9999,    9
 18433, 99225,20170103,-9999,    9
 18433, 99225,20170104,-9999,    9
 18433, 99225,20170105,-9999,    9
 18433, 99225,20170106,-9999,    9
 18433, 99225,20170107,-9999,    9
 18433, 99225,20170108,-9999,    9
 18433, 99225,20170109,-9999,    9
 18433, 99225,20170110,-9999,    9
 18433, 99225,20170111,-9999,    9
 18433, 99225,20170112,-9999,    9
 18433, 99225,20170113,-9999,    9
 18433, 99225,20170114,-9999,    9
 18433, 99225,20170115,-9999,    9
 18433, 99225,20170116,-9999,    9
 18433, 99225,20170117,-9999,    9
 18433, 99225,20170118,-9999,    9
 18433, 99225,20170119,-9999,    9
 18433, 99225,20170120,-9999,    9
 18433, 99225,20170121,-9999,    9
 18433, 99225,20170122,-9999,    9
 18433, 99225,20170123,-9999,    9
 18433, 99225,20170124,-9999,    9
 18433, 99225,20170125,-9999,    9
 18433, 99225,20170126,-9999,    9
 18433, 99225,20170127,-9999,    9
 18433, 99225,20170128,-9999,    9
 18433, 99225,20170129,-9999,    9
 18433, 99225,20170130,-9999,    9
 18433, 99225,20170131,-9999,    9
 18433, 99225,20170201,-9999,    9
 18433, 99225,20170202,-9999,    9
 18433, 99225,20170203,-9999,    9
 18433, 99225,20170204,-9999,    9
 18433, 99225,20170205,-9999,    9
 18433, 99225,20170206,-9999,    9
 18433, 99225,20170207,-9999,    9
 18433, 99225,20170208,-9999,    9
 18433, 99225,20170209,-9999,    9
 18433, 99225,20170210,-9999,    9
 18433, 99225,20170211,-9999,    9
 18433, 99225,20170212,-9999,    9
 18433, 99225,20170213,-9999,    9
 18433, 99225,20170214,-9999,    9
 18433, 99225,20170215,-9999,    9
 18433, 99225,20170216,-9999,    9
 18433, 99225,20170217,-9999,    9
 18433, 99225,20170218,-9999,    9
 18433, 99225,20170219,-9999,    9
 18433, 99225,20170220,-9999,    9
 18433, 99225,20170221,-9999,    9
 18433, 99225,20170222,-9999,    9
 18433, 99225,20170223,-9999,    9
 18433, 99225,20170224,-9999,    9
 18433, 99225,20170225,-9999,    9
 18433, 99225,20170226,-9999,    9
 18433, 99225,20170227,-9999,    9
 18433, 99225,20170228,-9999,    9
 18433, 99225,20170301,-9999,    9
 18433, 99225,20170302,-9999,    9
 18433, 99225,20170303,-9999,    9
 18433, 99225,20170304,-9999,    9
 18433, 99225,20170305,-9999,    9
 18433, 99225,20170306,-9999,    9
 18433, 99225,20170307,-9999,    9
 18433, 99225,20170308,-9999,    9
 18433, 99225,20170309,-9999,    9
 18433, 99225,20170310,-9999,    9
 18433, 99225,20170311,-9999,    9
 18433, 99225,20170312,-9999,    9
 18433, 99225,20170313,   14,    0
 18433, 99225,20170314,-9999,    9
 18433, 99225,20170315,-9999,    9
 18433, 99225,20170316,-9999,    9
 18433, 99225,20170317,-9999,    9
 18433, 99225,20170318,-9999,    9
 18433, 99225,20170319,-9999,    9
 18433, 99225,20170320,-9999,    9
 18433, 99225,20170321,-9999,    9
 18433, 99225,20170322,-9999,    9
 18433, 99225,20170323,-9999,    9
 18433, 99225,20170324,-9999,    9
 18433, 99225,20170325,-9999,    9
 18433, 99225,20170326,-9999,    9
 18433, 99225,20170327,-9999,    9
 18433, 99225,20170328,-9999,    9
 18433, 99225,20170329,-9999,    9
 18433, 99225,20170330,-9999,    9
 18433, 99225,20170331,-9999,    9
 18433, 99225,20170401,-9999,    9
 18433, 99225,20170402,-9999,    9
 18433, 99225,20170403,   20,    0
 18433, 99225,20170404,   25,    0
 18433, 99225,20170405,    0,    0
 18433, 99225,20170406,  -21,    0
 18433, 99225,20170407,  -58,    0
 18433, 99225,20170408,  -41,    0
 18433, 99225,20170409,   20,    0
 18433, 99225,20170410,   12,    0
 18433, 99225,20170411,  -24,    0
 18433, 99225,20170412,  -21,    0
 18433, 99225,20170413,  -52,    0
 18433, 99225,20170414,  -81,    0
 18433, 99225,20170415,  -76,    0
 18433, 99225,20170416,  -70,    0
 18433, 99225,20170417,  -58,    0
 18433, 99225,20170418,  -57,    0
 18433, 99225,20170419,   -9,    0
 18433, 99225,20170420,   -6,    0
 18433, 99225,20170421,   -7,    0
 18433, 99225,20170422,  -28,    0
 18433, 99225,20170423,  -14,    0
 18433, 99225,20170424,  -34,    0
 18433, 99225,20170425,  -25,    0
 18433, 99225,20170426,  -33,    0
 18433, 99225,20170427,-9999,    9
 18433, 99225,20170428,  -38,    0
 18433, 99225,20170429,  -21,    0
 18433, 99225,20170430,  -21,    0
 18433, 99225,20170501,   -3,    0
 18433, 99225,20170502,    5,    0
 18433, 99225,20170503,    3,    0
 18433, 99225,20170504,   -2,    0
 18433, 99225,20170505,   28,    0
 18433, 99225,20170506,    7,    0
 18433, 99225,20170507,  -26,    0
 18433, 99225,20170508,  -42,    0
 18433, 99225,20170509,  -27,    0
 18433, 99225,20170510,  -18,    0
 18433, 99225,20170511,  -14,    0
 18433, 99225,20170512,    7,    0
 18433, 99225,20170513,    9,    0
 18433, 99225,20170514,   -4,    0
 18433, 99225,20170515,   12,    0
 18433, 99225,20170516,   42,    0
 18433, 99225,20170517,   43,    0
 18433, 99225,20170518,   42,    0
 18433, 99225,20170519,   37,    0
 18433, 99225,20170520,-9999,    9
 18433, 99225,20170521,   46,    0
 18433, 99225,20170522,   28,    0
 18433, 99225,20170523,   33,    0
 18433, 99225,20170524,   25,    0
 18433, 99225,20170525,   38,    0
 18433, 99225,20170526,   37,    0
 18433, 99225,20170527,   38,    0
 18433, 99225,20170528,   41,    0
 18433, 99225,20170529,   21,    0
 18433, 99225,20170530,   10,    0
 18433, 99225,20170531,    0,    0
 18433, 99225,20170601,    9,    0
 18433, 99225,20170602,   23,    0
 18433, 99225,20170603,   54,    0
 18433, 99225,20170604,   67,    0
 18433, 99225,20170605,   58,    0
 18433, 99225,20170606,   70,    0
 18433, 99225,20170607,  122,    0
 18433, 99225,20170608,  119,    0
 18433, 99225,20170609,-9999,    9
 18433, 99225,20170610,  122,    0
 18433, 99225,20170611,  105,    0
 18433, 99225,20170612,  104,    0
 18433, 99225,20170613,  115,    0
 18433, 99225,20170614,   83,    0
 18433, 99225,20170615,   88,    0
 18433, 99225,20170616,  124,    0
 18433, 99225,20170617,   84,    0
 18433, 99225,20170618,   73,    0
 18433, 99225,20170619,   64,    0
 18433, 99225,20170620,   63,    0
 18433, 99225,20170621,   66,    0
 18433, 99225,20170622,   68,    0
 18433, 99225,20170623,  105,    0
 18433, 99225,20170624,   80,    0
 18433, 99225,20170625,   71,    0
 18433, 99225,20170626,   85,    0
 18433, 99225,20170627,   55,    0
 18433, 99225,20170628,   57,    0
 18433, 99225,20170629,  103,    0
 18433, 99225,20170630,  154,    0
 18433, 99225,20170701,  152,    0
 18433, 99225,20170702,   98,    0
 18433, 99225,20170703,   66,    0
 18433, 99225,20170704,   61,    0
 18433, 99225,20170705,   54,    0
 18433, 99225,20170706,   62,    0
 18433, 99225,20170707,  101,    0
 18433, 99225,20170708,  138,    0
 18433, 99225,20170709,  123,    0
 18433, 99225,20170710,   96,    0
 18433, 99225,20170711,   99,    0
 18433, 99225,20170712,   81,    0
 18433, 99225,20170713,   67,    0
 18433, 99225,20170714,   65,    0
 18433, 99225,20170715,   76,    0
 18433, 99225,20170716,  102,    0
 18433, 99225,20170717,   87,    0
 18433, 99225,20170718,   76,    0
 18433, 99225,20170719,   81,    0
 18433, 99225,20170720,  111,    0
 18433, 99225,20170721,  130,    0
 18433, 99225,20170722,  140,    0
 18433, 99225,20170723,  140,    0
 18433, 99225,20170724,  149,    0
 18433, 99225,20170725,  160,    0
 18433, 99225,20170726,  160,    0
 18433, 99225,20170727,  168,    0
 18433, 99225,20170728,  163,    0
 18433, 99225,20170729,  140,    0
 18433, 99225,20170730,  107,    0
 18433, 99225,20170731,  137,    0
 18433, 99225,20170801,  119,    0
 18433, 99225,20170802,  124,    0
 18433, 99225,20170803,  116,    0
 18433, 99225,20170804,  133,    0
 18433, 99225,20170805,  135,    0
 18433, 99225,20170806,  128,    0
 18433, 99225,20170807,  110,    0
 18433, 99225,20170808,  111,    0
 18433, 99225,20170809,  115,    0
 18433, 99225,20170810,  107,    0
 18433, 99225,20170811,  106,    0
 18433, 99225,20170812,  101,    0
 18433, 99225,20170813,   77,    0
 18433, 99225,20170814,   70,    0
 18433, 99225,20170815,  106,    0
 18433, 99225,20170816,  103,    0
 18433, 99225,20170817,  116,    0
 18433, 99225,20170818,  127,    0
 18433, 99225,20170819,  125,    0
 18433, 99225,20170820,  106,    0
 18433, 99225,20170821,   74,    0
 18433, 99225,20170822,   66,    0
 18433, 99225,20170823,   68,    0
 18433, 99225,20170824,   60,    0
 18433, 99225,20170825,   59,    0
 18433, 99225,20170826,   66,    0
 18433, 99225,20170827,   67,    0
 18433, 99225,20170828,   98,    0
 18433, 99225,20170829,  103,    0
 18433, 99225,20170830,   82,    0
 18433, 99225,20170831,   82,    0
 18433, 99225,20170901,   72,    0
 18433, 99225,20170902,   76,    0
 18433, 99225,20170903,  110,    0
 18433, 99225,20170904,  109,    0
 18433, 99225,20170905,   94,    0
 18433, 99225,20170906,   92,    0
 18433, 99225,20170907,   89,    0
 18433, 99225,20170908,   79,    0
 18433, 99225,20170909,   77,    0
 18433, 99225,20170910,   88,    0
 18433, 99225,20170911,   99,    0
 18433, 99225,20170912,  111,    0
 18433, 99225,20170913,   92,    0
 18433, 99225,20170914,   86,    0
 18433, 99225,20170915,   80,    0
 18433, 99225,20170916,   66,    0
 18433, 99225,20170917,   60,    0
 18433, 99225,20170918,   86,    0
 18433, 99225,20170919,-9999,    9
 18433, 99225,20170920,-9999,    9
 18433, 99225,20170921,   53,    0
 18433, 99225,20170922,   93,    0
 18433, 99225,20170923,   92,    0
 18433, 99225,20170924,  100,    0
 18433, 99225,20170925,   96,    0
 18433, 99225,20170926,   96,    0
 18433, 99225,20170927,   88,    0
 18433, 99225,20170928,   86,    0
 18433, 99225,20170929,  103,    0
 18433, 99225,20170930,   87,    0
 18433, 99225,20171001,   67,    0
 18433, 99225,20171002,   72,    0
 18433, 99225,20171003,   66,    0
 18433, 99225,20171004,-9999,    9
 18433, 99225,20171005,   41,    0
 18433, 99225,20171006,   40,    0
 18433, 99225,20171007,   14,    0
 18433, 99225,20171008,   20,    0
 18433, 99225,20171009,   21,    0
 18433, 99225,20171010,   17,    0
 18433, 99225,20171011,   32,    0
 18433, 99225,20171012,   30,    0
 18433, 99225,20171013,   32,    0
 18433, 99225,20171014,-9999,    9
 18433, 99225,20171015,   48,    0
 18433, 99225,20171016,   40,    0
 18433, 99225,20171017,-9999,    9
 18433, 99225,20171018,-9999,    9
 18433, 99225,20171019,-9999,    9
 18433, 99225,20171020,-9999,    9
 18433, 99225,20171021,-9999,    9
 18433, 99225,20171022,-9999,    9
 18433, 99225,20171023,-9999,    9
 18433, 99225,20171024,-9999,    9
 18433, 99225,20171025,   11,    0
 18433, 99225,20171026,    8,    0
 18433, 99225,20171027,   18,    0
 18433, 99225,20171028,   -7,    0
 18433, 99225,20171029,  -24,    0
 18433, 99225,20171030,  -28,    0
 18433, 99225,20171031,  -12,    0
 18433, 99225,20171101,-9999,    9
 18433, 99225,20171102,-9999,    9
 18433, 99225,20171103,   27,    0
 18433, 99225,20171104,   21,    0
 18433, 99225,20171105,   19,    0
 18433, 99225,20171106,    2,    0
 18433, 99225,20171107,   12,    0
 18433, 99225,20171108,   22,    0
 18433, 99225,20171109,   15,    0
 18433, 99225,20171110,   -2,    0
 18433, 99225,20171111,   -9,    0
 18433, 99225,20171112,  -37,    0
 18433, 99225,20171113,   -6,    0
 18433, 99225,20171114,  -39,    0
 18433, 99225,20171115,  -33,    0
 18433, 99225,20171116,  -17,    0
 18433, 99225,20171117,  -25,    0
 18433, 99225,20171118,  -29,    0
 18433, 99225,20171119,  -92,    0
 18433, 99225,20171120, -164,    0
 18433, 99225,20171121, -141,    0
 18433, 99225,20171122,  -64,    0
 18433, 99225,20171123,  -43,    0
 18433, 99225,20171124,   -6,    0
 18433, 99225,20171125,  -32,    0
 18433, 99225,20171126,  -76,    0
 18433, 99225,20171127,  -57,    0
 18433, 99225,20171128,-9999,    9
 18433, 99225,20171129, -114,    0
 18433, 99225,20171130, -170,    0
 18433, 99225,20171201,  -63,    0
 18433, 99225,20171202,    3,    0
 18433, 99225,20171203,  -18,    0
 18433, 99225,20171204,  -40,    0
 18433, 99225,20171205,  -31,    0
 18433, 99225,20171206,  -47,    0
 18433, 99225,20171207,  -49,    0
 18433, 99225,20171208,  -10,    0
 18433, 99225,20171209,  -14,    0
 18433, 99225,20171210,  -22,    0
 18433, 99225,20171211,  -39,    0
 18433, 99225,20171212,  -76,    0
 18433, 99225,20171213, -174,    0
 18433, 99225,20171214, -177,    0
 18433, 99225,20171215, -177,    0
 18433, 99225,20171216, -105,    0
 18433, 99225,20171217,  -49,    0
 18433, 99225,20171218,  -23,    0
 18433, 99225,20171219,   12,    0
 18433, 99225,20171220,   13,    0
 18433, 99225,20171221,  -12,    0
 18433, 99225,20171222,  -35,    0
 18433, 99225,20171223,  -25,    0
 18433, 99225,20171224,  -38,    0
 18433, 99225,20171225,  -36,    0
 18433, 99225,20171226, -121,    0
 18433, 99225,20171227,  -78,    0
 18433, 99225,20171228,  -70,    0
 18433, 99225,20171229,  -58,    0
 18433, 99225,20171230,  -43,    0
 18433, 99225,20171231, -119,    0
 18433, 99225,20180101,  -38,    0
 18433, 99225,20180102,  -33,    0
 18433, 99225,20180103,  -70,    0
 18433, 99225,20180104, -132,    0
 18433, 99225,20180105,  -78,    0
 18433, 99225,20180106, -108,    0
 18433, 99225,20180107,  -63,    0
 18433, 99225,20180108,  -39,    0
 18433, 99225,20180109,   -4,    0
 18433, 99225,20180110, -158,    0
 18433, 99225,20180111, -134,    0
 18433, 99225,20180112,  -51,    0
 18433, 99225,20180113,  -96,    0
 18433, 99225,20180114, -113,    0
 18433, 99225,20180115,  -67,    0
 18433, 99225,20180116,  -50,    0
 18433, 99225,20180117,  -93,    0
 18433, 99225,20180118, -120,    0
 18433, 99225,20180119, -111,    0
 18433, 99225,20180120, -118,    0
 18433, 99225,20180121, -171,    0
 18433, 99225,20180122, -118,    0
 18433, 99225,20180123, -153,    0
 18433, 99225,20180124,  -70,    0
 18433, 99225,20180125,  -50,    0
 18433, 99225,20180126,  -40,    0
 18433, 99225,20180127, -100,    0
 18433, 99225,20180128,  -68,    0
 18433, 99225,20180129,  -55,    0
 18433, 99225,20180130,  -60,    0
 18433, 99225,20180131,  -61,    0
 18433, 99225,20180201, -102,    0
 18433, 99225,20180202, -146,    0
 18433, 99225,20180203, -126,    0
 18433, 99225,20180204, -125,    0
 18433, 99225,20180205, -102,    0
 18433, 99225,20180206,  -80,    0
 18433, 99225,20180207, -147,    0
 18433, 99225,20180208,  -82,    0
 18433, 99225,20180209,  -65,    0
 18433, 99225,20180210,  -35,    0
 18433, 99225,20180211,  -52,    0
 18433, 99225,20180212,  -74,    0
 18433, 99225,20180213,  -57,    0
 18433, 99225,20180214,  -60,    0
 18433, 99225,20180215,  -48,    0
 18433, 99225,20180216,  -46,    0
 18433, 99225,20180217,  -54,    0
 18433, 99225,20180218,  -53,    0
 18433, 99225,20180219,  -66,    0
 18433, 99225,20180220, -100,    0
 18433, 99225,20180221, -154,    0
 18433, 99225,20180222, -139,    0
 18433, 99225,20180223,  -93,    0
 18433, 99225,20180224, -120,    0
 18433, 99225,20180225, -164,    0
 18433, 99225,20180226, -179,    0
 18433, 99225,20180227, -130,    0
 18433, 99225,20180228, -211,    0
 18433, 99225,20180301, -220,    0
 18433, 99225,20180302, -221,    0
 18433, 99225,20180303,-9999,    9
 18433, 99225,20180304, -154,    0
 18433, 99225,20180305, -121,    0
 18433, 99225,20180306, -122,    0
 18433, 99225,20180307, -126,    0
 18433, 99225,20180308, -124,    0
 18433, 99225,20180309,  -90,    0
 18433, 99225,20180310,-9999,    9
 18433, 99225,20180311, -124,    0
 18433, 99225,20180312, -124,    0
 18433, 99225,20180313, -163,    0
 18433, 99225,20180314, -193,    0
 18433, 99225,20180315, -210,    0
 18433, 99225,20180316, -194,    0
 18433, 99225,20180317,-9999,    9
 18433, 99225,20180318,  -27,    0
 18433, 99225,20180319,  -48,    0
 18433, 99225,20180320,  -54,    0
 18433, 99225,20180321,  -17,    0
 18433, 99225,20180322,  -58,    0
 18433, 99225,20180323,  -77,    0
 18433, 99225,20180324,  -52,    0
 18433, 99225,20180325, -120,    0
 18433, 99225,20180326, -165,    0
 18433, 99225,20180327,  -83,    0
 18433, 99225,20180328,  -77,    0
 18433, 99225,20180329,  -92,    0
 18433, 99225,20180330,  -47,    0
 18433, 99225,20180331,  -46,    0
 18433, 99225,20180401,  -51,    0
 18433, 99225,20180402,  -87,    0
 18433, 99225,20180403, -105,    0
 18433, 99225,20180404,  -53,    0
 18433, 99225,20180405,  -10,    0
 18433, 99225,20180406,  -31,    0
 18433, 99225,20180407,-9999,    9
 18433, 99225,20180408,  -55,    0
 18433, 99225,20180409,  -54,    0
 18433, 99225,20180410, -109,    0
 18433, 99225,20180411,  -94,    0
 18433, 99225,20180412,  -60,    0
 18433, 99225,20180413,   18,    0
 18433, 99225,20180414,  -13,    0
 18433, 99225,20180415,   11,    0
 18433, 99225,20180416,   10,    0
 18433, 99225,20180417,   12,    0
 18433, 99225,20180418,   27,    0
 18433, 99225,20180419,   44,    0
 18433, 99225,20180420,   37,    0
 18433, 99225,20180421,   18,    0
 18433, 99225,20180422,   26,    0
 18433, 99225,20180423,   32,    0
 18433, 99225,20180424,   17,    0
 18433, 99225,20180425,   16,    0
 18433, 99225,20180426,   10,    0
 18433, 99225,20180427,   23,    0
 18433, 99225,20180428,   17,    0
 18433, 99225,20180429,   11,    0
 18433, 99225,20180430,   -7,    0
 18433, 99225,20180501,   10,    0
 18433, 99225,20180502,   26,    0
 18433, 99225,20180503,   39,    0
 18433, 99225,20180504,   45,    0
 18433, 99225,20180505,-9999,    9
 18433, 99225,20180506,   38,    0
 18433, 99225,20180507,   25,    0
 18433, 99225,20180508,   55,    0
 18433, 99225,20180509,  104,    0
 18433, 99225,20180510,  134,    0
 18433, 99225,20180511,   67,    0
 18433, 99225,20180512,   81,    0
 18433, 99225,20180513,   97,    0
 18433, 99225,20180514,  122,    0
 18433, 99225,20180515,  123,    0
 18433, 99225,20180516,-9999,    9
 18433, 99225,20180517,   38,    0
 18433, 99225,20180518,   39,    0
 18433, 99225,20180519,-9999,    9
 18433, 99225,20180520,   87,    0
 18433, 99225,20180521,   84,    0
 18433, 99225,20180522,   61,    0
 18433, 99225,20180523,   54,    0
 18433, 99225,20180524,  100,    0
 18433, 99225,20180525,   87,    0
 18433, 99225,20180526,-9999,    9
 18433, 99225,20180527,   96,    0
 18433, 99225,20180528,  171,    0
 18433, 99225,20180529,   69,    0
 18433, 99225,20180530,-9999,    9
 18433, 99225,20180531,  166,    0
 18433, 99225,20180601,   77,    0
 18433, 99225,20180602,   54,    0
 18433, 99225,20180603,   45,    0
 18433, 99225,20180604,   13,    0
 18433, 99225,20180605,   17,    0
 18433, 99225,20180606,-9999,    9
 18433, 99225,20180607,   33,    0
 18433, 99225,20180608,   41,    0
 18433, 99225,20180609,   70,    0
 18433, 99225,20180610,   58,    0
 18433, 99225,20180611,   44,    0
 18433, 99225,20180612,   49,    0
 18433, 99225,20180613,   58,    0
 18433, 99225,20180614,  105,    0
 18433, 99225,20180615,   92,    0
 18433, 99225,20180616,   82,    0
 18433, 99225,20180617,  104,    0
 18433, 99225,20180618,  104,    0
 18433, 99225,20180619,   68,    0
 18433, 99225,20180620,   60,    0
 18433, 99225,20180621,   59,    0
 18433, 99225,20180622,   65,    0
 18433, 99225,20180623,   49,    0
 18433, 99225,20180624,   75,    0
 18433, 99225,20180625,   87,    0
 18433, 99225,20180626,   84,    0
 18433, 99225,20180627,   69,    0
 18433, 99225,20180628,   62,    0
 18433, 99225,20180629,   50,    0
 18433, 99225,20180630,   81,    0
 18433, 99225,20180701,  152,    0
 18433, 99225,20180702,  171,    0
 18433, 99225,20180703,   86,    0
 18433, 99225,20180704,   82,    0
 18433, 99225,20180705,  126,    0
 18433, 99225,20180706,   89,    0
 18433, 99225,20180707,   80,    0
 18433, 99225,20180708,  109,    0
 18433, 99225,20180709,   99,    0
 18433, 99225,20180710,  145,    0
 18433, 99225,20180711,  178,    0
 18433, 99225,20180712,  161,    0
 18433, 99225,20180713,  124,    0
 18433, 99225,20180714,  106,    0
 18433, 99225,20180715,  127,    0
 18433, 99225,20180716,  197,    0
 18433, 99225,20180717,  232,    0
 18433, 99225,20180718,-9999,    9
 18433, 99225,20180719,-9999,    9
 18433, 99225,20180720,-9999,    9
 18433, 99225,20180721,-9999,    9
 18433, 99225,20180722,-9999,    9
 18433, 99225,20180723,-9999,    9
 18433, 99225,20180724,-9999,    9
 18433, 99225,20180725,-9999,    9
 18433, 99225,20180726,-9999,    9
 18433, 99225,20180727,  194,    0
 18433, 99225,20180728,  204,    0
 18433, 99225,20180729,  193,    0
 18433, 99225,20180730,  216,    0
 18433, 99225,20180731,  204,    0
 18433, 99225,20180801,  176,    0
 18433, 99225,20180802,  162,    0
 18433, 99225,20180803,  128,    0
 18433, 99225,20180804,  110,    0
 18433, 99225,20180805,   88,    0
 18433, 99225,20180806,  100,    0
 18433, 99225,20180807,  122,    0
 18433, 99225,20180808,  165,    0
 18433, 99225,20180809,  129,    0
 18433, 99225,20180810,  105,    0
 18433, 99225,20180811,  104,    0
 18433, 99225,20180812,   75,    0
 18433, 99225,20180813,   72,    0
 18433, 99225,20180814,   84,    0
 18433, 99225,20180815,  117,    0
 18433, 99225,20180816,  128,    0
 18433, 99225,20180817,  118,    0
 18433, 99225,20180818,  104,    0
 18433, 99225,20180819,   84,    0
 18433, 99225,20180820,   69,    0
 18433, 99225,20180821,   58,    0
 18433, 99225,20180822,   74,    0
 18433, 99225,20180823,   85,    0
 18433, 99225,20180824,   84,    0
 18433, 99225,20180825,   74,    0
 18433, 99225,20180826,   67,    0
 18433, 99225,20180827,   75,    0
 18433, 99225,20180828,  100,    0
 18433, 99225,20180829,  125,    0
 18433, 99225,20180830,   89,    0
 18433, 99225,20180831,   71,    0
 18433, 99225,20180901,  104,    0
 18433, 99225,20180902,  110,    0
 18433, 99225,20180903,  129,    0
 18433, 99225,20180904,   69,    0
 18433, 99225,20180905,   84,    0
 18433, 99225,20180906,  117,    0
 18433, 99225,20180907,  115,    0
 18433, 99225,20180908,  119,    0
 18433, 99225,20180909,  125,    0
 18433, 99225,20180910,  127,    0
 18433, 99225,20180911,  100,    0
 18433, 99225,20180912,   86,    0
 18433, 99225,20180913,   69,    0
 18433, 99225,20180914,   64,    0
 18433, 99225,20180915,   53,    0
 18433, 99225,20180916,   55,    0
 18433, 99225,20180917,   50,    0
 18433, 99225,20180918,   73,    0
 18433, 99225,20180919,   97,    0
 18433, 99225,20180920,   78,    0
 18433, 99225,20180921,   75,    0
 18433, 99225,20180922,   66,    0
 18433, 99225,20180923,   20,    0
 18433, 99225,20180924,    1,    0
 18433, 99225,20180925,   22,    0
 18433, 99225,20180926,-9999,    9
 18433, 99225,20180927,-9999,    9
 18433, 99225,20180928,-9999,    9
 18433, 99225,20180929,-9999,    9
 18433, 99225,20180930,-9999,    9
 18433, 99225,20181001,-9999,    9
 18433, 99225,20181002,-9999,    9
 18433, 99225,20181003,-9999,    9
 18433, 99225,20181004,    1,    0
 18433, 99225,20181005,   21,    0
 18433, 99225,20181006,    6,    0
 18433, 99225,20181007,   -3,    0
 18433, 99225,20181008,   18,    0
 18433, 99225,20181009,   29,    0
 18433, 99225,20181010,   39,    0
 18433, 99225,20181011,-9999,    9
 18433, 99225,20181012,   57,    0
 18433, 99225,20181013,   85,    0
 18433, 99225,20181014,  112,    0
 18433, 99225,20181015,   36,    0
 18433, 99225,20181016,   44,    0
 18433, 99225,20181017,-9999,    9
 18433, 99225,20181018,-9999,    9
 18433, 99225,20181019,   36,    0
 18433, 99225,20181020,   43,    0
 18433, 99225,20181021,   39,    0
 18433, 99225,20181022,-9999,    9
 18433, 99225,20181023,  -10,    0
 18433, 99225,20181024,    3,    0
 18433, 99225,20181025,  -21,    0
 18433, 99225,20181026,  -55,    0
 18433, 99225,20181027,  -68,    0
 18433, 99225,20181028,  -89,    0
 18433, 99225,20181029,  -61,    0
 18433, 99225,20181030,  -47,    0
 18433, 99225,20181031,   14,    0
 18433, 99225,20181101,   28,    0
 18433, 99225,20181102,   29,    0
 18433, 99225,20181103,    8,    0
 18433, 99225,20181104,   39,    0
 18433, 99225,20181105,   43,    0
 18433, 99225,20181106,   14,    0
 18433, 99225,20181107,   13,    0
 18433, 99225,20181108,   26,    0
 18433, 99225,20181109,   19,    0
 18433, 99225,20181110,   33,    0
 18433, 99225,20181111,   35,    0
 18433, 99225,20181112,   36,    0
 18433, 99225,20181113,   23,    0
 18433, 99225,20181114,   30,    0
 18433, 99225,20181115,   53,    0
 18433, 99225,20181116,   65,    0
 18433, 99225,20181117,   26,    0
 18433, 99225,20181118,   -7,    0
 18433, 99225,20181119,  -41,    0
 18433, 99225,20181120,   -8,    0
 18433, 99225,20181121,  -77,    0
 18433, 99225,20181122,  -60,    0
 18433, 99225,20181123,   -8,    0
 18433, 99225,20181124,  -12,    0
 18433, 99225,20181125,  -12,    0
 18433, 99225,20181126,  -57,    0
 18433, 99225,20181127,  -56,    0
 18433, 99225,20181128,  -33,    0
 18433, 99225,20181129,  -10,    0
 18433, 99225,20181130,   22,    0
 18433, 99225,20181201,   28,    0
 18433, 99225,20181202,    6,    0
 18433, 99225,20181203,    9,    0
 18433, 99225,20181204,  -10,    0
 18433, 99225,20181205,  -31,    0
 18433, 99225,20181206,  -42,    0
 18433, 99225,20181207,  -68,    0
 18433, 99225,20181208,  -26,    0
 18433, 99225,20181209,  -36,    0
 18433, 99225,20181210,  -38,    0
 18433, 99225,20181211,  -31,    0
 18433, 99225,20181212, -122,    0
 18433, 99225,20181213, -135,    0
 18433, 99225,20181214,  -63,    0
 18433, 99225,20181215, -154,    0
 18433, 99225,20181216,  -88,    0
 18433, 99225,20181217,  -64,    0
 18433, 99225,20181218,  -76,    0
 18433, 99225,20181219,  -37,    0
 18433, 99225,20181220,  -20,    0
 18433, 99225,20181221,  -43,    0
 18433, 99225,20181222, -110,    0
 18433, 99225,20181223,  -99,    0
 18433, 99225,20181224,  -18,    0
 18433, 99225,20181225,   -8,    0
 18433, 99225,20181226,  -10,    0
 18433, 99225,20181227,   12,    0
 18433, 99225,20181228,    1,    0
 18433, 99225,20181229,   -8,    0
 18433, 99225,20181230, -100,    0
 18433, 99225,20181231,  -14,    0
 18433, 99225,20190101,  -34,    0
 18433, 99225,20190102,  -63,    0
 18433, 99225,20190103,  -25,    0
 18433, 99225,20190104,   12,    0
 18433, 99225,20190105,    9,    0
 18433, 99225,20190106,   17,    0
 18433, 99225,20190107,  -17,    0
 18433, 99225,20190108,  -25,    0
 18433, 99225,20190109,  -27,    0
 18433, 99225,20190110,   -3,    0
 18433, 99225,20190111,  -18,    0
 18433, 99225,20190112,  -52,    0
 18433, 99225,20190113,  -74,    0
 18433, 99225,20190114, -139,    0
 18433, 99225,20190115, -203,    0
 18433, 99225,20190116, -210,    0
 18433, 99225,20190117, -158,    0
 18433, 99225,20190118,-9999,    9
 18433, 99225,20190119,-9999,    9
 18433, 99225,20190120, -110,    0
 18433, 99225,20190121, -224,    0
 18433, 99225,20190122, -226,    0
 18433, 99225,20190123, -161,    0
 18433, 99225,20190124, -106,    0
 18433, 99225,20190125, -106,    0
 18433, 99225,20190126, -130,    0
 18433, 99225,20190127, -179,    0
 18433, 99225,20190128, -124,    0
 18433, 99225,20190129, -135,    0
 18433, 99225,20190130,-9999,    9
 18433, 99225,20190131, -193,    0
 18433, 99225,20190201,  -97,    0
 18433, 99225,20190202, -119,    0
 18433, 99225,20190203, -119,    0
 18433, 99225,20190204, -156,    0
 18433, 99225,20190205, -174,    0
 18433, 99225,20190206,  -94,    0
 18433, 99225,20190207, -111,    0
 18433, 99225,20190208,  -65,    0
 18433, 99225,20190209,  -82,    0
 18433, 99225,20190210,  -88,    0
 18433, 99225,20190211,  -42,    0
 18433, 99225,20190212,  -55,    0
 18433, 99225,20190213,-9999,    9
 18433, 99225,20190214,-9999,    9
 18433, 99225,20190215,-9999,    9
 18433, 99225,20190216,   -2,    0
 18433, 99225,20190217,  -47,    0
 18433, 99225,20190218,   -3,    0
 18433, 99225,20190219,   -2,    0
 18433, 99225,20190220, -123,    0
 18433, 99225,20190221, -100,    0
 18433, 99225,20190222,  -20,    0
 18433, 99225,20190223,   37,    0
 18433, 99225,20190224,   18,    0
 18433, 99225,20190225,    4,    0
 18433, 99225,20190226,   13,    0
 18433, 99225,20190227,    7,    0
 18433, 99225,20190228,  -44,    0
 18433, 99225,20190301,  -43,    0
 18433, 99225,20190302,  -86,    0
 18433, 99225,20190303, -132,    0
 18433, 99225,20190304, -189,    0
 18433, 99225,20190305, -217,    0
 18433, 99225,20190306, -118,    0
 18433, 99225,20190307,  -84,    0
 18433, 99225,20190308,  -80,    0
 18433, 99225,20190309, -105,    0
 18433, 99225,20190310, -102,    0
 18433, 99225,20190311, -192,    0
 18433, 99225,20190312, -154,    0
 18433, 99225,20190313,  -64,    0
 18433, 99225,20190314,  -49,    0
 18433, 99225,20190315,  -36,    0
 18433, 99225,20190316,  -65,    0
 18433, 99225,20190317,  -80,    0
 18433, 99225,20190318,  -51,    0
 18433, 99225,20190319,  -52,    0
 18433, 99225,20190320,   -4,    0
 18433, 99225,20190321,  -18,    0
 18433, 99225,20190322,   -5,    0
 18433, 99225,20190323,   -5,    0
 18433, 99225,20190324,  -36,    0
 18433, 99225,20190325,  -39,    0
 18433, 99225,20190326,  -83,    0
 18433, 99225,20190327,   -2,    0
 18433, 99225,20190328,   23,    0
 18433, 99225,20190329,  -11,    0
 18433, 99225,20190330,  -37,    0
 18433, 99225,20190331,  -36,    0
 18433, 99225,20190401,   -8,    0
 18433, 99225,20190402,   -4,    0
 18433, 99225,20190403,  -27,    0
 18433, 99225,20190404,  -10,    0
 18433, 99225,20190405,  -38,    0
 18433, 99225,20190406,   -8,    0
 18433, 99225,20190407,  -31,    0
 18433, 99225,20190408,  -81,    0
 18433, 99225,20190409,-9999,    9
 18433, 99225,20190410,-9999,    9
 18433, 99225,20190411,-9999,    9
 18433, 99225,20190412,  -65,    0
 18433, 99225,20190413,  -18,    0
 18433, 99225,20190414,  -44,    0
 18433, 99225,20190415,  -41,    0
 18433, 99225,20190416,  -28,    0
 18433, 99225,20190417,   -7,    0
 18433, 99225,20190418,    0,    0
 18433, 99225,20190419,   35,    0
 18433, 99225,20190420,   51,    0
 18433, 99225,20190421,   28,    0
 18433, 99225,20190422,   42,    0
 18433, 99225,20190423,   50,    0
 18433, 99225,20190424,   57,    0
 18433, 99225,20190425,   61,    0
 18433, 99225,20190426,   77,    0
 18433, 99225,20190427,   76,    0
 18433, 99225,20190428,   62,    0
 18433, 99225,20190429,   49,    0
 18433, 99225,20190430,    8,    0
 18433, 99225,20190501,    1,    0
 18433, 99225,20190502,  -32,    0
 18433, 99225,20190503,  -37,    0
 18433, 99225,20190504,  -19,    0
 18433, 99225,20190505,  -22,    0
 18433, 99225,20190506,   -8,    0
 18433, 99225,20190507,   15,    0
 18433, 99225,20190508,    7,    0
 18433, 99225,20190509,   25,    0
 18433, 99225,20190510,   59,    0
 18433, 99225,20190511,   50,    0
 18433, 99225,20190512,   -6,    0
 18433, 99225,20190513,   -2,    0
 18433, 99225,20190514,   14,    0
 18433, 99225,20190515,   39,    0
 18433, 99225,20190516,   42,    0
 18433, 99225,20190517,   66,    0
 18433, 99225,20190518,   93,    0
 18433, 99225,20190519,   93,    0
 18433, 99225,20190520,   81,    0
 18433, 99225,20190521,  102,    0
 18433, 99225,20190522,  112,    0
 18433, 99225,20190523,   37,    0
 18433, 99225,20190524,   36,    0
 18433, 99225,20190525,   49,    0
 18433, 99225,20190526,   23,    0
 18433, 99225,20190527,   27,    0
 18433, 99225,20190528,   36,    0
 18433, 99225,20190529,-9999,    9
 18433, 99225,20190530,-9999,    9
 18433, 99225,20190531,-9999,    9
 18433, 99225,20190601,   21,    0
 18433, 99225,20190602,   36,    0
 18433, 99225,20190603,   60,    0
 18433, 99225,20190604,   69,    0
 18433, 99225,20190605,   99,    0
 18433, 99225,20190606,  152,    0
 18433, 99225,20190607,  154,    0
 18433, 99225,20190608,   87,    0
 18433, 99225,20190609,  117,    0
 18433, 99225,20190610,   51,    0
 18433, 99225,20190611,   62,    0
 18433, 99225,20190612,  105,    0
 18433, 99225,20190613,  108,    0
 18433, 99225,20190614,  118,    0
 18433, 99225,20190615,  133,    0
 18433, 99225,20190616,  152,    0
 18433, 99225,20190617,   93,    0
 18433, 99225,20190618,   96,    0
 18433, 99225,20190619,   88,    0
 18433, 99225,20190620,   99,    0
 18433, 99225,20190621,   90,    0
 18433, 99225,20190622,   67,    0
 18433, 99225,20190623,   68,    0
 18433, 99225,20190624,   58,    0
 18433, 99225,20190625,  103,    0
 18433, 99225,20190626,   61,    0
 18433, 99225,20190627,   63,    0
 18433, 99225,20190628,   67,    0
 18433, 99225,20190629,   58,    0
 18433, 99225,20190630,   81,    0
 18433, 99225,20190701,   55,    0
 18433, 99225,20190702,   49,    0
 18433, 99225,20190703,   71,    0
 18433, 99225,20190704,   67,    0
 18433, 99225,20190705,   84,    0
 18433, 99225,20190706,   70,    0
 18433, 99225,20190707,   83,    0
 18433, 99225,20190708,  128,    0
 18433, 99225,20190709,  140,    0
 18433, 99225,20190710,  135,    0
 18433, 99225,20190711,  134,    0
 18433, 99225,20190712,  122,    0
 18433, 99225,20190713,  107,    0
 18433, 99225,20190714,   76,    0
 18433, 99225,20190715,   69,    0
 18433, 99225,20190716,   85,    0
 18433, 99225,20190717,  104,    0
 18433, 99225,20190718,  139,    0
 18433, 99225,20190719,  165,    0
 18433, 99225,20190720,  148,    0
 18433, 99225,20190721,  173,    0
 18433, 99225,20190722,  148,    0
 18433, 99225,20190723,  160,    0
 18433, 99225,20190724,  148,    0
 18433, 99225,20190725,  202,    0
 18433, 99225,20190726,  222,    0
 18433, 99225,20190727,  237,    0
 18433, 99225,20190728,  220,    0
 18433, 99225,20190729,  153,    0
 18433, 99225,20190730,  111,    0
 18433, 99225,20190731,  143,    0
 18433, 99225,20190801,  137,    0
 18433, 99225,20190802,  119,    0
 18433, 99225,20190803,   96,    0
 18433, 99225,20190804,  100,    0
 18433, 99225,20190805,   95,    0
 18433, 99225,20190806,  123,    0
 18433, 99225,20190807,  138,    0
 18433, 99225,20190808,  137,    0
 18433, 99225,20190809,  133,    0
 18433, 99225,20190810,  146,    0
 18433, 99225,20190811,  137,    0
 18433, 99225,20190812,  155,    0
 18433, 99225,20190813,  149,    0
 18433, 99225,20190814,   89,    0
 18433, 99225,20190815,   83,    0
 18433, 99225,20190816,   98,    0
 18433, 99225,20190817,  124,    0
 18433, 99225,20190818,  129,    0
 18433, 99225,20190819,  127,    0
 18433, 99225,20190820,  108,    0
 18433, 99225,20190821,   98,    0
 18433, 99225,20190822,-9999,    9
 18433, 99225,20190823,  100,    0
 18433, 99225,20190824,  112,    0
 18433, 99225,20190825,  107,    0
 18433, 99225,20190826,  102,    0
 18433, 99225,20190827,  163,    0
 18433, 99225,20190828,  176,    0
 18433, 99225,20190829,  162,    0
 18433, 99225,20190830,  122,    0
 18433, 99225,20190831,  142,    0
 18433, 99225,20190901,  133,    0
 18433, 99225,20190902,   75,    0
 18433, 99225,20190903,   80,    0
 18433, 99225,20190904,   70,    0
 18433, 99225,20190905,   59,    0
 18433, 99225,20190906,   53,    0
 18433, 99225,20190907,   46,    0
 18433, 99225,20190908,   64,    0
 18433, 99225,20190909,   94,    0
 18433, 99225,20190910,-9999,    9
 18433, 99225,20190911,  129,    0
 18433, 99225,20190912,   81,    0
 18433, 99225,20190913,   44,    0
 18433, 99225,20190914,   39,    0
 18433, 99225,20190915,   54,    0
 18433, 99225,20190916,   54,    0
 18433, 99225,20190917,   47,    0
 18433, 99225,20190918,   40,    0
 18433, 99225,20190919,   13,    0
 18433, 99225,20190920,   15,    0
 18433, 99225,20190921,   22,    0
 18433, 99225,20190922,   17,    0
 18433, 99225,20190923,   38,    0
 18433, 99225,20190924,   44,    0
 18433, 99225,20190925,   39,    0
 18433, 99225,20190926,   73,    0
 18433, 99225,20190927,   85,    0
 18433, 99225,20190928,   67,    0
 18433, 99225,20190929,   45,    0
 18433, 99225,20190930,    5,    0
 18433, 99225,20191001,   30,    0
 18433, 99225,20191002,    8,    0
 18433, 99225,20191003,  -11,    0
 18433, 99225,20191004,  -20,    0
 18433, 99225,20191005,   -9,    0
 18433, 99225,20191006,   23,    0
 18433, 99225,20191007,   19,    0
 18433, 99225,20191008,    6,    0
 18433, 99225,20191009,   -6,    0
 18433, 99225,20191010,    9,    0
 18433, 99225,20191011,    7,    0
 18433, 99225,20191012,   -1,    0
 18433, 99225,20191013,   -6,    0
 18433, 99225,20191014,  -17,    0
 18433, 99225,20191015,  -12,    0
 18433, 99225,20191016,  -10,    0
 18433, 99225,20191017,    2,    0
 18433, 99225,20191018,    7,    0
 18433, 99225,20191019,  -13,    0
 18433, 99225,20191020,  -43,    0
 18433, 99225,20191021,  -12,    0
 18433, 99225,20191022,-9999,    9
 18433, 99225,20191023,-9999,    9
 18433, 99225,20191024,-9999,    9
 18433, 99225,20191025,-9999,    9
 18433, 99225,20191026,-9999,    9
 18433, 99225,20191027,-9999,    9
 18433, 99225,20191028,-9999,    9
 18433, 99225,20191029,-9999,    9
 18433, 99225,20191030,-9999,    9
 18433, 99225,20191031,-9999,    9
 18433, 99225,20191101,-9999,    9
 18433, 99225,20191102,-9999,    9
 18433, 99225,20191103,-9999,    9
 18433, 99225,20191104,-9999,    9
 18433, 99225,20191105,-9999,    9
 18433, 99225,20191106,-9999,    9
 18433, 99225,20191107,-9999,    9
 18433, 99225,20191108,-9999,    9
 18433, 99225,20191109,-9999,    9
 18433, 99225,20191110,-9999,    9
 18433, 99225,20191111,-9999,    9
 18433, 99225,20191112,-9999,    9
 18433, 99225,20191113,-9999,    9
 18433, 99225,20191114,  -27,    0
 18433, 99225,20191115,-9999,    9
 18433, 99225,20191116,-9999,    9
 18433, 99225,20191117,-9999,    9
 18433, 99225,20191118,-9999,    9
 18433, 99225,20191119,-9999,    9
 18433, 99225,20191120,-9999,    9
 18433, 99225,20191121,-9999,    9
 18433, 99225,20191122,-9999,    9
 18433, 99225,20191123,-9999,    9
 18433, 99225,20191124,-9999,    9
 18433, 99225,20191125,-9999,    9
 18433, 99225,20191126,  -97,    0
 18433, 99225,20191127,-9999,    9
 18433, 99225,20191128,-9999,    9
 18433, 99225,20191129,-9999,    9
 18433, 99225,20191130,-9999,    9
 18433, 99225,20191201,-9999,    9
 18433, 99225,20191202,-9999,    9
 18433, 99225,20191203,-9999,    9
 18433, 99225,20191204,-9999,    9
 18433, 99225,20191205,-9999,    9
 18433, 99225,20191206,-9999,    9
 18433, 99225,20191207,-9999,    9
 18433, 99225,20191208,-9999,    9
 18433, 99225,20191209,-9999,    9
 18433, 99225,20191210,-9999,    9
 18433, 99225,20191211,-9999,    9
 18433, 99225,20191212,-9999,    9
 18433, 99225,20191213,-9999,    9
 18433, 99225,20191214,-9999,    9
 18433, 99225,20191215,-9999,    9
 18433, 99225,20191216,-9999,    9
 18433, 99225,20191217,-9999,    9
 18433, 99225,20191218,-9999,    9
 18433, 99225,20191219,-9999,    9
 18433, 99225,20191220,-9999,    9
 18433, 99225,20191221,-9999,    9
 18433, 99225,20191222,-9999,    9
 18433, 99225,20191223,-9999,    9
 18433, 99225,20191224,-9999,    9
 18433, 99225,20191225,-9999,    9
 18433, 99225,20191226,-9999,    9
 18433, 99225,20191227,-9999,    9
 18433, 99225,20191228,  -18,    0
 18433, 99225,20191229,-9999,    9
 18433, 99225,20191230,-9999,    9
 18433, 99225,20191231,-9999,    9
 18433, 99225,20200101,-9999,    9
 18433, 99225,20200102,-9999,    9
 18433, 99225,20200103,-9999,    9
 18433, 99225,20200104,-9999,    9
 18433, 99225,20200105,-9999,    9
 18433, 99225,20200106,-9999,    9
 18433, 99225,20200107,-9999,    9
 18433, 99225,20200108,-9999,    9
 18433, 99225,20200109,-9999,    9
 18433, 99225,20200110,  -11,    0
 18433, 99225,20200111,   -8,    0
 18433, 99225,20200112,-9999,    9
 18433, 99225,20200113,-9999,    9
 18433, 99225,20200114,-9999,    9
 18433, 99225,20200115,-9999,    9
 18433, 99225,20200116,   -6,    0
 18433, 99225,20200117,    6,    0
 18433, 99225,20200118,  -51,    0
 18433, 99225,20200119,  -42,    0
 18433, 99225,20200120,   23,    0
 18433, 99225,20200121,  -27,    0
 18433, 99225,20200122,  -22,    0
 18433, 99225,20200123,   -4,    0
 18433, 99225,20200124,  -34,    0
 18433, 99225,20200125,  -46,    0
 18433, 99225,20200126,  -73,    0
 18433, 99225,20200127,-9999,    9
 18433, 99225,20200128,-9999,    9
 18433, 99225,20200129,  -78,    0
 18433, 99225,20200130,  -66,    0
 18433, 99225,20200131,  -33,    0
 18433, 99225,20200201,  -12,    0
 18433, 99225,20200202,  -23,    0
 18433, 99225,20200203,  -84,    0
 18433, 99225,20200204, -154,    0
 18433, 99225,20200205,  -65,    0
 18433, 99225,20200206,  -80,    0
 18433, 99225,20200207,    6,    0
 18433, 99225,20200208,  -35,    0
 18433, 99225,20200209,  -15,    0
 18433, 99225,20200210,   -4,    0
 18433, 99225,20200211,  -14,    0
 18433, 99225,20200212,  -23,    0
 18433, 99225,20200213,  -86,    0
 18433, 99225,20200214,  -69,    0
 18433, 99225,20200215,  -30,    0
 18433, 99225,20200216,  -18,    0
 18433, 99225,20200217,  -15,    0
 18433, 99225,20200218,  -15,    0
 18433, 99225,20200219,  -99,    0
 18433, 99225,20200220,  -57,    0
 18433, 99225,20200221,   -6,    0
 18433, 99225,20200222,  -11,    0
 18433, 99225,20200223,  -29,    0
 18433, 99225,20200224,  -56,    0
 18433, 99225,20200225, -125,    0
 18433, 99225,20200226, -205,    0
 18433, 99225,20200227, -107,    0
 18433, 99225,20200228,  -76,    0
 18433, 99225,20200229, -113,    0
 18433, 99225,20200301, -153,    0
 18433, 99225,20200302,  -88,    0
 18433, 99225,20200303,  -70,    0
 18433, 99225,20200304,  -62,    0
 18433, 99225,20200305,  -84,    0
 18433, 99225,20200306,  -48,    0
 18433, 99225,20200307,  -12,    0
 18433, 99225,20200308,  -13,    0
 18433, 99225,20200309,   15,    0
 18433, 99225,20200310,-9999,    9
 18433, 99225,20200311,    1,    0
 18433, 99225,20200312,  -20,    0
 18433, 99225,20200313,-9999,    9
 18433, 99225,20200314,-9999,    9
 18433, 99225,20200315,  -27,    0
 18433, 99225,20200316,  -38,    0
 18433, 99225,20200317,  -11,    0
 18433, 99225,20200318,  -12,    0
 18433, 99225,20200319,  -63,    0
 18433, 99225,20200320,-9999,    9
 18433, 99225,20200321,-9999,    9
 18433, 99225,20200322,-9999,    9
 18433, 99225,20200323,-9999,    9
 18433, 99225,20200324,-9999,    9
 18433, 99225,20200325,-9999,    9
 18433, 99225,20200326,-9999,    9
 18433, 99225,20200327,    2,    0
 18433, 99225,20200328,  -69,    0
 18433, 99225,20200329,  -73,    0
 18433, 99225,20200330,  -78,    0
 18433, 99225,20200331,  -10,    0
 18433, 99225,20200401,  -40,    0
 18433, 99225,20200402,  -35,    0
 18433, 99225,20200403,  -59,    0
 18433, 99225,20200404,  -66,    0
 18433, 99225,20200405,  -61,    0
 18433, 99225,20200406,   15,    0
 18433, 99225,20200407,   17,    0
 18433, 99225,20200408,    6,    0
 18433, 99225,20200409,  -24,    0
 18433, 99225,20200410,  -39,    0
 18433, 99225,20200411,-9999,    9
 18433, 99225,20200412,-9999,    9
 18433, 99225,20200413,-9999,    9
 18433, 99225,20200414,-9999,    9
 18433, 99225,20200415,-9999,    9
 18433, 99225,20200416,-9999,    9
 18433, 99225,20200417,-9999,    9
 18433, 99225,20200418,-9999,    9
 18433, 99225,20200419,-9999,    9
 18433, 99225,20200420,-9999,    9
 18433, 99225,20200421,-9999,    9
 18433, 99225,20200422,-9999,    9
 18433, 99225,20200423,-9999,    9
 18433, 99225,20200424,-9999,    9
 18433, 99225,20200425,-9999,    9
 18433, 99225,20200426,   -5,    0
 18433, 99225,20200427,  -10,    0
 18433, 99225,20200428,  -15,    0
 18433, 99225,20200429,  -13,    0
 18433, 99225,20200430,    8,    0
 18433, 99225,20200501,    0,    0
 18433, 99225,20200502,    9,    0
 18433, 99225,20200503,   10,    0
 18433, 99225,20200504,    0,    0
 18433, 99225,20200505,    6,    0
 18433, 99225,20200506,   -8,    0
 18433, 99225,20200507,  -17,    0
 18433, 99225,20200508,  -19,    0
 18433, 99225,20200509,  -13,    0
 18433, 99225,20200510,  -33,    0
 18433, 99225,20200511,  -26,    0
 18433, 99225,20200512,  -22,    0
 18433, 99225,20200513,  -25,    0
 18433, 99225,20200514,  -19,    0
 18433, 99225,20200515,  -20,    0
 18433, 99225,20200516,    0,    0
 18433, 99225,20200517,   10,    0
 18433, 99225,20200518,  -11,    0
 18433, 99225,20200519,    1,    0
 18433, 99225,20200520,   16,    0
 18433, 99225,20200521,   20,    0
 18433, 99225,20200522,   55,    0
 18433, 99225,20200523,   56,    0
 18433, 99225,20200524,   44,    0
 18433, 99225,20200525,   49,    0
 18433, 99225,20200526,   54,    0
 18433, 99225,20200527,   34,    0
 18433, 99225,20200528,   24,    0
 18433, 99225,20200529,   32,    0
 18433, 99225,20200530,   53,    0
 18433, 99225,20200531,   76,    0
 18433, 99225,20200601,   79,    0
 18433, 99225,20200602,   61,    0
 18433, 99225,20200603,   50,    0
 18433, 99225,20200604,   94,    0
 18433, 99225,20200605,   95,    0
 18433, 99225,20200606,   79,    0
 18433, 99225,20200607,   50,    0
 18433, 99225,20200608,   35,    0
 18433, 99225,20200609,   42,    0
 18433, 99225,20200610,   79,    0
 18433, 99225,20200611,   77,    0
 18433, 99225,20200612,   91,    0
 18433, 99225,20200613,  117,    0
 18433, 99225,20200614,  101,    0
 18433, 99225,20200615,   62,    0
 18433, 99225,20200616,   92,    0
 18433, 99225,20200617,  122,    0
 18433, 99225,20200618,  122,    0
 18433, 99225,20200619,  117,    0
 18433, 99225,20200620,  147,    0
 18433, 99225,20200621,  158,    0
 18433, 99225,20200622,  160,    0
 18433, 99225,20200623,  134,    0
 18433, 99225,20200624,  135,    0
 18433, 99225,20200625,  119,    0
 18433, 99225,20200626,  128,    0
 18433, 99225,20200627,-9999,    9
 18433, 99225,20200628,  161,    0
 18433, 99225,20200629,  151,    0
 18433, 99225,20200630,-9999,    9
 18433, 99225,20200701,   47,    0
 18433, 99225,20200702,   56,    0
 18433, 99225,20200703,   83,    0
 18433, 99225,20200704,   81,    0
 18433, 99225,20200705,  103,    0
 18433, 99225,20200706,  116,    0
 18433, 99225,20200707,   73,    0
 18433, 99225,20200708,   73,    0
 18433, 99225,20200709,   80,    0
 18433, 99225,20200710,   84,    0
 18433, 99225,20200711,   89,    0
 18433, 99225,20200712,   81,    0
 18433, 99225,20200713,   85,    0
 18433, 99225,20200714,  120,    0
 18433, 99225,20200715,  127,    0
 18433, 99225,20200716,  148,    0
 18433, 99225,20200717,  137,    0
 18433, 99225,20200718,  132,    0
 18433, 99225,20200719,  112,    0
 18433, 99225,20200720,   93,    0
 18433, 99225,20200721,   77,    0
 18433, 99225,20200722,   80,    0
 18433, 99225,20200723,   71,    0
 18433, 99225,20200724,   98,    0
 18433, 99225,20200725,  101,    0
 18433, 99225,20200726,  141,    0
 18433, 99225,20200727,  135,    0
 18433, 99225,20200728,  145,    0
 18433, 99225,20200729,  151,    0
 18433, 99225,20200730,  162,    0
 18433, 99225,20200731,  126,    0
 18433, 99225,20200801,  159,    0
 18433, 99225,20200802,  163,    0
 18433, 99225,20200803,  125,    0
 18433, 99225,20200804,   96,    0
 18433, 99225,20200805,  126,    0
 18433, 99225,20200806,  123,    0
 18433, 99225,20200807,  173,    0
 18433, 99225,20200808,  163,    0
 18433, 99225,20200809,   91,    0
 18433, 99225,20200810,  117,    0
 18433, 99225,20200811,  149,    0
 18433, 99225,20200812,  103,    0
 18433, 99225,20200813,  109,    0
 18433, 99225,20200814,  116,    0
 18433, 99225,20200815,  108,    0
 18433, 99225,20200816,   76,    0
 18433, 99225,20200817,   78,    0
 18433, 99225,20200818,  106,    0
 18433, 99225,20200819,   89,    0
 18433, 99225,20200820,  101,    0
 18433, 99225,20200821,  154,    0
 18433, 99225,20200822,  145,    0
 18433, 99225,20200823,   94,    0
 18433, 99225,20200824,-9999,    9
 18433, 99225,20200825,-9999,    9
 18433, 99225,20200826,   73,    0
 18433, 99225,20200827,   68,    0
 18433, 99225,20200828,   66,    0
 18433, 99225,20200829,   73,    0
 18433, 99225,20200830,   51,    0
 18433, 99225,20200831,   48,    0
 18433, 99225,20200901,   89,    0
 18433, 99225,20200902,  115,    0
 18433, 99225,20200903,  121,    0
 18433, 99225,20200904,   99,    0
 18433, 99225,20200905,   67,    0
 18433, 99225,20200906,   80,    0
 18433, 99225,20200907,   89,    0
 18433, 99225,20200908,   76,    0
 18433, 99225,20200909,   62,    0
 18433, 99225,20200910,   49,    0
 18433, 99225,20200911,   63,    0
 18433, 99225,20200912,   67,    0
 18433, 99225,20200913,   52,    0
 18433, 99225,20200914,   60,    0
 18433, 99225,20200915,   49,    0
 18433, 99225,20200916,   45,    0
 18433, 99225,20200917,   43,    0
 18433, 99225,20200918,   64,    0
 18433, 99225,20200919,   50,    0
 18433, 99225,20200920,   52,    0
 18433, 99225,20200921,   61,    0
 18433, 99225,20200922,   32,    0
 18433, 99225,20200923,   65,    0
 18433, 99225,20200924,   31,    0
 18433, 99225,20200925,   58,    0
 18433, 99225,20200926,   23,    0
 18433, 99225,20200927,   50,    0
 18433, 99225,20200928,  105,    0
 18433, 99225,20200929,   96,    0
 18433, 99225,20200930,  100,    0
 18433, 99225,20201001,   98,    0
 18433, 99225,20201002,   88,    0
 18433, 99225,20201003,   80,    0
 18433, 99225,20201004,   78,    0
 18433, 99225,20201005,   73,    0
 18433, 99225,20201006,   86,    0
 18433, 99225,20201007,   95,    0
 18433, 99225,20201008,   91,    0
 18433, 99225,20201009,   69,    0
 18433, 99225,20201010,   64,    0
 18433, 99225,20201011,   59,    0
 18433, 99225,20201012,   37,    0
 18433, 99225,20201013,   20,    0
 18433, 99225,20201014,   29,    0
 18433, 99225,20201015,   36,    0
 18433, 99225,20201016,   34,    0
 18433, 99225,20201017,   -2,    0
 18433, 99225,20201018,  -38,    0
 18433, 99225,20201019,  -31,    0
 18433, 99225,20201020,  -23,    0
 18433, 99225,20201021,  -24,    0
 18433, 99225,20201022,  -32,    0
 18433, 99225,20201023,   -7,    0
 18433, 99225,20201024,  -37,    0
 18433, 99225,20201025,   -2,    0
 18433, 99225,20201026,   24,    0
 18433, 99225,20201027,   20,    0
 18433, 99225,20201028,   24,    0
 18433, 99225,20201029,   15,    0
 18433, 99225,20201030,   -5,    0
 18433, 99225,20201031,   19,    0
 18433, 99225,20201101,   44,    0
 18433, 99225,20201102,   51,    0
 18433, 99225,20201103,   27,    0
 18433, 99225,20201104,   19,    0
 18433, 99225,20201105,   24,    0
 18433, 99225,20201106,   42,    0
 18433, 99225,20201107,   21,    0
 18433, 99225,20201108,    5,    0
 18433, 99225,20201109,    8,    0
 18433, 99225,20201110,   -7,    0
 18433, 99225,20201111,   29,    0
 18433, 99225,20201112,   11,    0
 18433, 99225,20201113,    6,    0
 18433, 99225,20201114,   27,    0
 18433, 99225,20201115,   34,    0
 18433, 99225,20201116,   61,    0
 18433, 99225,20201117,   43,    0
 18433, 99225,20201118,    0,    0
 18433, 99225,20201119,  -48,    0
 18433, 99225,20201120,  -28,    0
 18433, 99225,20201121,  -10,    0
 18433, 99225,20201122,   11,    0
 18433, 99225,20201123,   -2,    0
 18433, 99225,20201124,  -22,    0
 18433, 99225,20201125,   -8,    0
 18433, 99225,20201126,    2,    0
 18433, 99225,20201127,   11,    0
 18433, 99225,20201128,    8,    0
 18433, 99225,20201129,   13,    0
 18433, 99225,20201130,   -5,    0
 18433, 99225,20201201,  -28,    0
 18433, 99225,20201202,   -3,    0
 18433, 99225,20201203,   -5,    0
 18433, 99225,20201204,   -3,    0
 18433, 99225,20201205,   -4,    0
 18433, 99225,20201206,  -21,    0
 18433, 99225,20201207,-9999,    9
 18433, 99225,20201208,-9999,    9
 18433, 99225,20201209,  -12,    0
 18433, 99225,20201210,   -8,    0
 18433, 99225,20201211,  -17,    0
 18433, 99225,20201212,  -31,    0
 18433, 99225,20201213,  -10,    0
 18433, 99225,20201214,-9999,    9
 18433, 99225,20201215,  -15,    0
 18433, 99225,20201216,  -24,    0
 18433, 99225,20201217,  -35,    0
 18433, 99225,20201218,  -36,    0
 18433, 99225,20201219,  -18,    0
 18433, 99225,20201220,    7,    0
 18433, 99225,20201221,   -4,    0
 18433, 99225,20201222,-9999,    9
 18433, 99225,20201223,  -25,    0
 18433, 99225,20201224,  -26,    0
 18433, 99225,20201225,  -71,    0
 18433, 99225,20201226,  -64,    0
 18433, 99225,20201227,-9999,    9
 18433, 99225,20201228,    7,    0
 18433, 99225,20201229,  -21,    0
 18433, 99225,20201230,  -32,    0
 18433, 99225,20201231,  -57,    0
 18433, 99225,20210101,  -53,    0
 18433, 99225,20210102, -105,    0
 18433, 99225,20210103,  -56,    0
 18433, 99225,20210104,  -61,    0
 18433, 99225,20210105,  -57,    0
 18433, 99225,20210106,  -50,    0
 18433, 99225,20210107, -105,    0
 18433, 99225,20210108, -138,    0
 18433, 99225,20210109, -120,    0
 18433, 99225,20210110,  -59,    0
 18433, 99225,20210111,  -95,    0
 18433, 99225,20210112,  -96,    0
 18433, 99225,20210113, -134,    0
 18433, 99225,20210114, -155,    0
 18433, 99225,20210115,  -53,    0
 18433, 99225,20210116,  -72,    0
 18433, 99225,20210117, -166,    0
 18433, 99225,20210118, -196,    0
 18433, 99225,20210119,  -97,    0
 18433, 99225,20210120,  -90,    0
 18433, 99225,20210121, -111,    0
 18433, 99225,20210122, -105,    0
 18433, 99225,20210123, -124,    0
 18433, 99225,20210124, -126,    0
 18433, 99225,20210125,  -95,    0
 18433, 99225,20210126, -101,    0
 18433, 99225,20210127,  -79,    0
 18433, 99225,20210128, -102,    0
 18433, 99225,20210129, -133,    0
 18433, 99225,20210130, -177,    0
 18433, 99225,20210131, -208,    0
 18433, 99225,20210201, -211,    0
 18433, 99225,20210202, -186,    0
 18433, 99225,20210203, -161,    0
 18433, 99225,20210204, -178,    0
 18433, 99225,20210205, -159,    0
 18433, 99225,20210206, -137,    0
 18433, 99225,20210207, -140,    0
 18433, 99225,20210208, -140,    0
 18433, 99225,20210209, -123,    0
 18433, 99225,20210210, -271,    0
 18433, 99225,20210211, -101,    0
 18433, 99225,20210212,  -29,    0
 18433, 99225,20210213,  -39,    0
 18433, 99225,20210214,  -60,    0
 18433, 99225,20210215, -170,    0
 18433, 99225,20210216, -114,    0
 18433, 99225,20210217, -112,    0
 18433, 99225,20210218,  -99,    0
 18433, 99225,20210219,  -85,    0
 18433, 99225,20210220,  -72,    0
 18433, 99225,20210221,  -92,    0
 18433, 99225,20210222,  -70,    0
 18433, 99225,20210223,  -68,    0
 18433, 99225,20210224,   21,    0
 18433, 99225,20210225,   23,    0
 18433, 99225,20210226,    2,    0
 18433, 99225,20210227,    9,    0
 18433, 99225,20210228,   24,    0
 18433, 99225,20210301,   -4,    0
 18433, 99225,20210302,   -7,    0
 18433, 99225,20210303,  -36,    0
 18433, 99225,20210304,  -65,    0
 18433, 99225,20210305,  -73,    0
 18433, 99225,20210306,  -67,    0
 18433, 99225,20210307,  -96,    0
 18433, 99225,20210308,  -71,    0
 18433, 99225,20210309,  -86,    0
 18433, 99225,20210310, -100,    0
 18433, 99225,20210311,  -54,    0
 18433, 99225,20210312,  -24,    0
 18433, 99225,20210313,  -46,    0
 18433, 99225,20210314,  -45,    0
 18433, 99225,20210315,  -28,    0
 18433, 99225,20210316,  -74,    0
 18433, 99225,20210317,-9999,    9
 18433, 99225,20210318,-9999,    9
 18433, 99225,20210319,-9999,    9
 18433, 99225,20210320,-9999,    9
 18433, 99225,20210321,-9999,    9
 18433, 99225,20210322,-9999,    9
 18433, 99225,20210323,-9999,    9
 18433, 99225,20210324,-9999,    9
 18433, 99225,20210325,-9999,    9
 18433, 99225,20210326,-9999,    9
 18433, 99225,20210327,-9999,    9
 18433, 99225,20210328,-9999,    9
 18433, 99225,20210329,-9999,    9
 18433, 99225,20210330,-9999,    9
 18433, 99225,20210331,-9999,    9
 18433, 99225,20210401,-9999,    9
 18433, 99225,20210402,-9999,    9
 18433, 99225,20210403,-9999,    9
 18433, 99225,20210404,-9999,    9
 18433, 99225,20210405,-9999,    9
 18433, 99225,20210406,-9999,    9
 18433, 99225,20210407,-9999,    9
 18433, 99225,20210408,  -56,    0
 18433, 99225,20210409,  -43,    0
 18433, 99225,20210410,  -33,    0
 18433, 99225,20210411,  -17,    0
 18433, 99225,20210412,  -26,    0
 18433, 99225,20210413,  -65,    0
 18433, 99225,20210414,  -16,    0
 18433, 99225,20210415,   16,    0
 18433, 99225,20210416,   27,    0
 18433, 99225,20210417,-9999,    9
 18433, 99225,20210418,   14,    0
 18433, 99225,20210419,   29,    0
 18433, 99225,20210420,   42,    0
 18433, 99225,20210421,   -8,    0
 18433, 99225,20210422,  -27,    0
 18433, 99225,20210423,  -35,    0
 18433, 99225,20210424,  -28,    0
 18433, 99225,20210425,  -19,    0
 18433, 99225,20210426,  -22,    0
 18433, 99225,20210427,  -24,    0
 18433, 99225,20210428,  -20,    0
 18433, 99225,20210429,  -22,    0
 18433, 99225,20210430,  -24,    0
 18433, 99225,20210501,  -24,    0
 18433, 99225,20210502,  -21,    0
 18433, 99225,20210503,  -45,    0
 18433, 99225,20210504,   -1,    0
 18433, 99225,20210505,   -1,    0
 18433, 99225,20210506,  -25,    0
 18433, 99225,20210507,  -28,    0
 18433, 99225,20210508,  -11,    0
 18433, 99225,20210509,   14,    0
 18433, 99225,20210510,-9999,    9
 18433, 99225,20210511,-9999,    9
 18433, 99225,20210512,   79,    0
 18433, 99225,20210513,   41,    0
 18433, 99225,20210514,   43,    0
 18433, 99225,20210515,   44,    0
 18433, 99225,20210516,   58,    0
 18433, 99225,20210517,   65,    0
 18433, 99225,20210518,   52,    0
 18433, 99225,20210519,   58,    0
 18433, 99225,20210520,   33,    0
 18433, 99225,20210521,   52,    0
 18433, 99225,20210522,   48,    0
 18433, 99225,20210523,   29,    0
 18433, 99225,20210524,   56,    0
 18433, 99225,20210525,   85,    0
 18433, 99225,20210526,   70,    0
 18433, 99225,20210527,   74,    0
 18433, 99225,20210528,   42,    0
 18433, 99225,20210529,   35,    0
 18433, 99225,20210530,   57,    0
 18433, 99225,20210531,   71,    0
 18433, 99225,20210601,  117,    0
 18433, 99225,20210602,  148,    0
 18433, 99225,20210603,  156,    0
 18433, 99225,20210604,  156,    0
 18433, 99225,20210605,  142,    0
 18433, 99225,20210606,  137,    0
 18433, 99225,20210607,   90,    0
 18433, 99225,20210608,  119,    0
 18433, 99225,20210609,  124,    0
 18433, 99225,20210610,  140,    0
 18433, 99225,20210611,-9999,    9
 18433, 99225,20210612,   88,    0
 18433, 99225,20210613,   47,    0
 18433, 99225,20210614,   71,    0
 18433, 99225,20210615,   44,    0
 18433, 99225,20210616,   48,    0
 18433, 99225,20210617,   90,    0
 18433, 99225,20210618,   72,    0
 18433, 99225,20210619,   79,    0
 18433, 99225,20210620,  119,    0
 18433, 99225,20210621,  103,    0
 18433, 99225,20210622,   90,    0
 18433, 99225,20210623,  119,    0
 18433, 99225,20210624,  112,    0
 18433, 99225,20210625,   95,    0
 18433, 99225,20210626,   90,    0
 18433, 99225,20210627,   77,    0
 18433, 99225,20210628,   88,    0
 18433, 99225,20210629,   77,    0
 18433, 99225,20210630,   95,    0
 18433, 99225,20210701,  138,    0
 18433, 99225,20210702,  170,    0
 18433, 99225,20210703,  198,    0
 18433, 99225,20210704,  208,    0
 18433, 99225,20210705,  211,    0
 18433, 99225,20210706,  191,    0
 18433, 99225,20210707,  169,    0
 18433, 99225,20210708,  129,    0
 18433, 99225,20210709,  167,    0
 18433, 99225,20210710,  196,    0
 18433, 99225,20210711,  168,    0
 18433, 99225,20210712,  149,    0
 18433, 99225,20210713,  147,    0
 18433, 99225,20210714,  164,    0
 18433, 99225,20210715,  129,    0
 18433, 99225,20210716,   94,    0
 18433, 99225,20210717,  100,    0
 18433, 99225,20210718,   76,    0
 18433, 99225,20210719,   68,    0
 18433, 99225,20210720,   53,    0
 18433, 99225,20210721,   65,    0
 18433, 99225,20210722,   68,    0
 18433, 99225,20210723,   69,    0
 18433, 99225,20210724,   92,    0
 18433, 99225,20210725,  153,    0
 18433, 99225,20210726,  181,    0
 18433, 99225,20210727,  203,    0
 18433, 99225,20210728,  198,    0
 18433, 99225,20210729,  185,    0
 18433, 99225,20210730,  140,    0
 18433, 99225,20210731,   96,    0
 18433, 99225,20210801,   68,    0
 18433, 99225,20210802,   57,    0
 18433, 99225,20210803,   72,    0
 18433, 99225,20210804,   97,    0
 18433, 99225,20210805,  119,    0
 18433, 99225,20210806,  143,    0
 18433, 99225,20210807,  154,    0
 18433, 99225,20210808,  135,    0
 18433, 99225,20210809,  142,    0
 18433, 99225,20210810,  121,    0
 18433, 99225,20210811,   99,    0
 18433, 99225,20210812,  104,    0
 18433, 99225,20210813,  126,    0
 18433, 99225,20210814,  135,    0
 18433, 99225,20210815,  130,    0
 18433, 99225,20210816,  103,    0
 18433, 99225,20210817,  113,    0
 18433, 99225,20210818,  100,    0
 18433, 99225,20210819,   95,    0
 18433, 99225,20210820,   82,    0
 18433, 99225,20210821,   72,    0
 18433, 99225,20210822,   69,    0
 18433, 99225,20210823,   69,    0
 18433, 99225,20210824,   68,    0
 18433, 99225,20210825,   83,    0
 18433, 99225,20210826,   84,    0
 18433, 99225,20210827,   92,    0
 18433, 99225,20210828,   93,    0
 18433, 99225,20210829,   85,    0
 18433, 99225,20210830,   78,    0
 18433, 99225,20210831,   71,    0
 18433, 99225,20210901,   46,    0
 18433, 99225,20210902,   46,    0
 18433, 99225,20210903,   40,    0
 18433, 99225,20210904,   44,    0
 18433, 99225,20210905,   63,    0
 18433, 99225,20210906,   81,    0
 18433, 99225,20210907,   96,    0
 18433, 99225,20210908,   70,    0
 18433, 99225,20210909,   54,    0
 18433, 99225,20210910,   68,    0
 18433, 99225,20210911,   68,    0
 18433, 99225,20210912,   71,    0
 18433, 99225,20210913,   24,    0
 18433, 99225,20210914,   33,    0
 18433, 99225,20210915,   45,    0
 18433, 99225,20210916,   54,    0
 18433, 99225,20210917,   58,    0
 18433, 99225,20210918,   51,    0
 18433, 99225,20210919,   60,    0
 18433, 99225,20210920,   44,    0
 18433, 99225,20210921,   38,    0
 18433, 99225,20210922,   66,    0
 18433, 99225,20210923,   59,    0
 18433, 99225,20210924,   34,    0
 18433, 99225,20210925,   38,    0
 18433, 99225,20210926,   68,    0
 18433, 99225,20210927,  116,    0
 18433, 99225,20210928,   81,    0
 18433, 99225,20210929,   74,    0
 18433, 99225,20210930,   63,    0
 18433, 99225,20211001,   62,    0
 18433, 99225,20211002,   84,    0
 18433, 99225,20211003,   76,    0
 18433, 99225,20211004,  102,    0
 18433, 99225,20211005,   75,    0
 18433, 99225,20211006,   66,    0
 18433, 99225,20211007,   43,    0
 18433, 99225,20211008,   60,    0
 18433, 99225,20211009,   82,    0
 18433, 99225,20211010,   75,    0
 18433, 99225,20211011,   41,    0
 18433, 99225,20211012,   15,    0
 18433, 99225,20211013,    3,    0
 18433, 99225,20211014,   10,    0
 18433, 99225,20211015,   -5,    0
 18433, 99225,20211016,  -14,    0
 18433, 99225,20211017,   -8,    0
 18433, 99225,20211018,  -23,    0
 18433, 99225,20211019,  -35,    0
 18433, 99225,20211020,  -10,    0
 18433, 99225,20211021,  -24,    0
 18433, 99225,20211022,  -32,    0
 18433, 99225,20211023,  -35,    0
 18433, 99225,20211024,    4,    0
 18433, 99225,20211025,   33,    0
 18433, 99225,20211026,   25,    0
 18433, 99225,20211027,   17,    0
 18433, 99225,20211028,   41,    0
 18433, 99225,20211029,   43,    0
 18433, 99225,20211030,   46,    0
 18433, 99225,20211031,   36,    0
 18433, 99225,20211101,-9999,    9
 18433, 99225,20211102,   62,    0
 18433, 99225,20211103,   46,    0
 18433, 99225,20211104,   25,    0
 18433, 99225,20211105,    8,    0
 18433, 99225,20211106,   -3,    0
 18433, 99225,20211107,-9999,    9
 18433, 99225,20211108,-9999,    9
 18433, 99225,20211109,  -16,    0
 18433, 99225,20211110,   13,    0
 18433, 99225,20211111,   11,    0
 18433, 99225,20211112,   -2,    0
 18433, 99225,20211113,  -42,    0
 18433, 99225,20211114,  -29,    0
 18433, 99225,20211115,   23,    0
 18433, 99225,20211116,   29,    0
 18433, 99225,20211117,   19,    0
 18433, 99225,20211118,   -5,    0
 18433, 99225,20211119,   -4,    0
 18433, 99225,20211120,   -8,    0
 18433, 99225,20211121,  -70,    0
 18433, 99225,20211122,  -86,    0
 18433, 99225,20211123,  -10,    0
 18433, 99225,20211124,  -43,    0
 18433, 99225,20211125,  -99,    0
 18433, 99225,20211126, -194,    0
 18433, 99225,20211127, -142,    0
 18433, 99225,20211128, -198,    0
 18433, 99225,20211129, -139,    0
 18433, 99225,20211130,-9999,    9
 18433, 99225,20211201, -200,    0
 18433, 99225,20211202, -100,    0
 18433, 99225,20211203,  -87,    0
 18433, 99225,20211204, -107,    0
 18433, 99225,20211205, -144,    0
 18433, 99225,20211206, -159,    0
 18433, 99225,20211207, -120,    0
 18433, 99225,20211208, -104,    0
 18433, 99225,20211209,  -56,    0
 18433, 99225,20211210,  -36,    0
 18433, 99225,20211211,  -31,    0
 18433, 99225,20211212,  -21,    0
 18433, 99225,20211213,  -11,    0
 18433, 99225,20211214,    3,    0
 18433, 99225,20211215,    6,    0
 18433, 99225,20211216,    3,    0
 18433, 99225,20211217,   11,    0
 18433, 99225,20211218,    0,    0
 18433, 99225,20211219,   -9,    0
 18433, 99225,20211220, -149,    0
 18433, 99225,20211221,  -96,    0
 18433, 99225,20211222, -206,    0
 18433, 99225,20211223, -107,    0
 18433, 99225,20211224, -139,    0
 18433, 99225,20211225,  -67,    0
 18433, 99225,20211226, -152,    0
 18433, 99225,20211227, -226,    0
 18433, 99225,20211228, -125,    0
 18433, 99225,20211229,  -91,    0
 18433, 99225,20211230,  -49,    0
 18433, 99225,20211231,  -98,    0
 18433, 99225,20220101, -190,    0
 18433, 99225,20220102,  -64,    0
 18433, 99225,20220103,  -46,    0
 18433, 99225,20220104,  -79,    0
 18433, 99225,20220105, -102,    0
 18433, 99225,20220106, -107,    0
 18433, 99225,20220107, -238,    0
 18433, 99225,20220108, -106,    0
 18433, 99225,20220109, -117,    0
 18433, 99225,20220110, -201,    0
 18433, 99225,20220111,  -22,    0
 18433, 99225,20220112,    7,    0
 18433, 99225,20220113,  -21,    0
 18433, 99225,20220114,  -28,    0
 18433, 99225,20220115,  -22,    0
 18433, 99225,20220116,  -30,    0
 18433, 99225,20220117,  -59,    0
 18433, 99225,20220118,    5,    0
 18433, 99225,20220119,  -22,    0
 18433, 99225,20220120,  -57,    0
 18433, 99225,20220121, -126,    0
 18433, 99225,20220122,   -7,    0
 18433, 99225,20220123,   34,    0
 18433, 99225,20220124,  -24,    0
 18433, 99225,20220125,  -46,    0
 18433, 99225,20220126,  -26,    0
 18433, 99225,20220127,  -42,    0
 18433, 99225,20220128,  -62,    0
 18433, 99225,20220129,  -44,    0
 18433, 99225,20220130,  -53,    0
 18433, 99225,20220131, -114,    0
 18433, 99225,20220201, -113,    0
 18433, 99225,20220202, -123,    0
 18433, 99225,20220203, -121,    0
 18433, 99225,20220204,  -84,    0
 18433, 99225,20220205,  -27,    0
 18433, 99225,20220206,  -59,    0
 18433, 99225,20220207,  -54,    0
 18433, 99225,20220208,  -29,    0
 18433, 99225,20220209,  -30,    0
 18433, 99225,20220210,  -31,    0
 18433, 99225,20220211,  -69,    0
 18433, 99225,20220212,  -80,    0
 18433, 99225,20220213,  -39,    0
 18433, 99225,20220214, -103,    0
 18433, 99225,20220215, -125,    0
 18433, 99225,20220216,  -75,    0
 18433, 99225,20220217,  -77,    0
 18433, 99225,20220218, -161,    0
 18433, 99225,20220219,  -73,    0
 18433, 99225,20220220,  -71,    0
 18433, 99225,20220221,  -90,    0
 18433, 99225,20220222, -122,    0
 18433, 99225,20220223,  -61,    0
 18433, 99225,20220224,  -20,    0
 18433, 99225,20220225,  -50,    0
 18433, 99225,20220226,  -63,    0
 18433, 99225,20220227,   23,    0
 18433, 99225,20220228,    6,    0
 18433, 99225,20220301,   -1,    0
 18433, 99225,20220302,   -6,    0
 18433, 99225,20220303,-9999,    9
 18433, 99225,20220304,  -87,    0
 18433, 99225,20220305,  -12,    0
 18433, 99225,20220306,  -16,    0
 18433, 99225,20220307,   -6,    0
 18433, 99225,20220308,    7,    0
 18433, 99225,20220309,  -11,    0
 18433, 99225,20220310,    7,    0
 18433, 99225,20220311,   17,    0
 18433, 99225,20220312,   12,    0
 18433, 99225,20220313,   -8,    0
 18433, 99225,20220314,  -26,    0
 18433, 99225,20220315,  -32,    0
 18433, 99225,20220316,  -24,    0
 18433, 99225,20220317,   22,    0
 18433, 99225,20220318,    1,    0
 18433, 99225,20220319,   28,    0
 18433, 99225,20220320,   17,    0
 18433, 99225,20220321,    9,    0
 18433, 99225,20220322,  -23,    0
 18433, 99225,20220323,   20,    0
 18433, 99225,20220324,   15,    0
 18433, 99225,20220325,   -5,    0
 18433, 99225,20220326,  -46,    0
 18433, 99225,20220327,  -28,    0
 18433, 99225,20220328,  -65,    0
 18433, 99225,20220329, -146,    0
 18433, 99225,20220330,  -80,    0
 18433, 99225,20220331, -130,    0
 18433, 99225,20220401, -147,    0
 18433, 99225,20220402,  -45,    0
 18433, 99225,20220403,  -49,    0
 18433, 99225,20220404,  -91,    0
 18433, 99225,20220405, -126,    0
 18433, 99225,20220406,  -66,    0
 18433, 99225,20220407,  -60,    0
 18433, 99225,20220408,  -61,    0
 18433, 99225,20220409,  -10,    0
 18433, 99225,20220410,  -12,    0
 18433, 99225,20220411,  -25,    0
 18433, 99225,20220412,   -7,    0
 18433, 99225,20220413,  -19,    0
 18433, 99225,20220414,  -45,    0
 18433, 99225,20220415,  -69,    0
 18433, 99225,20220416,   13,    0
 18433, 99225,20220417,   38,    0
 18433, 99225,20220418,   29,    0
 18433, 99225,20220419,   46,    0
 18433, 99225,20220420,   28,    0
 18433, 99225,20220421,   13,    0
 18433, 99225,20220422,   11,    0
 18433, 99225,20220423,    8,    0
 18433, 99225,20220424,   11,    0
 18433, 99225,20220425,    0,    0
 18433, 99225,20220426,  -44,    0
 18433, 99225,20220427,  -50,    0
 18433, 99225,20220428,  -40,    0
 18433, 99225,20220429,  -19,    0
 18433, 99225,20220430,  -10,    0
 18433, 99225,20220501,-9999,    9
 18433, 99225,20220502,-9999,    9
 18433, 99225,20220503,-9999,    9
 18433, 99225,20220504,-9999,    9
 18433, 99225,20220505,-9999,    9
 18433, 99225,20220506,-9999,    9
 18433, 99225,20220507,-9999,    9
 18433, 99225,20220508,-9999,    9
 18433, 99225,20220509,-9999,    9
 18433, 99225,20220510,-9999,    9
 18433, 99225,20220511,-9999,    9
 18433, 99225,20220512,-9999,    9
 18433, 99225,20220513,-9999,    9
 18433, 99225,20220514,-9999,    9
 18433, 99225,20220515,   10,    0
 18433, 99225,20220516,   -4,    0
 18433, 99225,20220517,   13,    0
 18433, 99225,20220518,   53,    0
 18433, 99225,20220519,-9999,    9
 18433, 99225,20220520,-9999,    9
 18433, 99225,20220521,   72,    0
 18433, 99225,20220522,   57,    0
 18433, 99225,20220523,   81,    0
 18433, 99225,20220524,   91,    0
 18433, 99225,20220525,   63,    0
 18433, 99225,20220526,   69,    0
 18433, 99225,20220527,   46,    0
 18433, 99225,20220528,   36,    0
 18433, 99225,20220529,   69,    0
 18433, 99225,20220530,   88,    0
 18433, 99225,20220531,   79,    0
 18433, 99225,20220601,   86,    0
 18433, 99225,20220602,   95,    0
 18433, 99225,20220603,   79,    0
 18433, 99225,20220604,   46,    0
 18433, 99225,20220605,   19,    0
 18433, 99225,20220606,   55,    0
 18433, 99225,20220607,   35,    0
 18433, 99225,20220608,   58,    0
 18433, 99225,20220609,   66,    0
 18433, 99225,20220610,  103,    0
 18433, 99225,20220611,   86,    0
 18433, 99225,20220612,   97,    0
 18433, 99225,20220613,   74,    0
 18433, 99225,20220614,   61,    0
 18433, 99225,20220615,   75,    0
 18433, 99225,20220616,   88,    0
 18433, 99225,20220617,  105,    0
 18433, 99225,20220618,   81,    0
 18433, 99225,20220619,   75,    0
 18433, 99225,20220620,   77,    0
 18433, 99225,20220621,   65,    0
 18433, 99225,20220622,   67,    0
 18433, 99225,20220623,   84,    0
 18433, 99225,20220624,  116,    0
 18433, 99225,20220625,  187,    0
 18433, 99225,20220626,  202,    0
 18433, 99225,20220627,  209,    0
 18433, 99225,20220628,  214,    0
 18433, 99225,20220629,  127,    0
 18433, 99225,20220630,  163,    0
 18433, 99225,20220701,  206,    0
 18433, 99225,20220702,  181,    0
 18433, 99225,20220703,  135,    0
 18433, 99225,20220704,  142,    0
 18433, 99225,20220705,  103,    0
 18433, 99225,20220706,   75,    0
 18433, 99225,20220707,   69,    0
 18433, 99225,20220708,   81,    0
 18433, 99225,20220709,  102,    0
 18433, 99225,20220710,   91,    0
 18433, 99225,20220711,  113,    0
 18433, 99225,20220712,  156,    0
 18433, 99225,20220713,  100,    0
 18433, 99225,20220714,   78,    0
 18433, 99225,20220715,   62,    0
 18433, 99225,20220716,   69,    0
 18433, 99225,20220717,   72,    0
 18433, 99225,20220718,   80,    0
 18433, 99225,20220719,   83,    0
 18433, 99225,20220720,  119,    0
 18433, 99225,20220721,  115,    0
 18433, 99225,20220722,   83,    0
 18433, 99225,20220723,   82,    0
 18433, 99225,20220724,  128,    0
 18433, 99225,20220725,  135,    0
 18433, 99225,20220726,  132,    0
 18433, 99225,20220727,   75,    0
 18433, 99225,20220728,   75,    0
 18433, 99225,20220729,  112,    0
 18433, 99225,20220730,  150,    0
 18433, 99225,20220731,  149,    0
 18433, 99225,20220801,  109,    0
 18433, 99225,20220802,   80,    0
 18433, 99225,20220803,  115,    0
 18433, 99225,20220804,  124,    0
 18433, 99225,20220805,   85,    0
 18433, 99225,20220806,   85,    0
 18433, 99225,20220807,   69,    0
 18433, 99225,20220808,  101,    0
 18433, 99225,20220809,-9999,    9
 18433, 99225,20220810,  121,    0
 18433, 99225,20220811,   89,    0
 18433, 99225,20220812,   77,    0
 18433, 99225,20220813,   91,    0
 18433, 99225,20220814,  122,    0
 18433, 99225,20220815,-9999,    9
 18433, 99225,20220816,  177,    0
 18433, 99225,20220817,-9999,    9
 18433, 99225,20220818,  108,    0
 18433, 99225,20220819,  143,    0
 18433, 99225,20220820,  151,    0
 18433, 99225,20220821,  153,    0
 18433, 99225,20220822,   92,    0
 18433, 99225,20220823,   82,    0
 18433, 99225,20220824,  127,    0
 18433, 99225,20220825,  155,    0
 18433, 99225,20220826,  157,    0
 18433, 99225,20220827,   95,    0
 18433, 99225,20220828,   70,    0
 18433, 99225,20220829,   70,    0
 18433, 99225,20220830,   74,    0
 18433, 99225,20220831,   69,    0
 18433, 99225,20220901,   70,    0
 18433, 99225,20220902,   67,    0
 18433, 99225,20220903,   56,    0
 18433, 99225,20220904,   60,    0
 18433, 99225,20220905,   60,    0
 18433, 99225,20220906,   60,    0
 18433, 99225,20220907,   85,    0
 18433, 99225,20220908,   81,    0
 18433, 99225,20220909,   71,    0
 18433, 99225,20220910,   64,    0
 18433, 99225,20220911,   66,    0
 18433, 99225,20220912,   72,    0
 18433, 99225,20220913,   95,    0
 18433, 99225,20220914,   87,    0
 18433, 99225,20220915,   84,    0
 18433, 99225,20220916,   80,    0
 18433, 99225,20220917,   71,    0
 18433, 99225,20220918,   68,    0
 18433, 99225,20220919,   66,    0
 18433, 99225,20220920,   49,    0
 18433, 99225,20220921,   59,    0
 18433, 99225,20220922,   97,    0
 18433, 99225,20220923,   77,    0
 18433, 99225,20220924,   68,    0
 18433, 99225,20220925,   73,    0
 18433, 99225,20220926,   76,    0
 18433, 99225,20220927,   67,    0
 18433, 99225,20220928,   64,    0
 18433, 99225,20220929,   62,    0
 18433, 99225,20220930,   38,    0
 18433, 99225,20221001,   52,    0
 18433, 99225,20221002,   70,    0
 18433, 99225,20221003,   64,    0
 18433, 99225,20221004,   71,    0
 18433, 99225,20221005,   64,    0
 18433, 99225,20221006,   50,    0
 18433, 99225,20221007,   46,    0
 18433, 99225,20221008,   30,    0
 18433, 99225,20221009,   32,    0
 18433, 99225,20221010,   62,    0
 18433, 99225,20221011,   32,    0
 18433, 99225,20221012,   20,    0
 18433, 99225,20221013,-9999,    9
 18433, 99225,20221014,-9999,    9
 18433, 99225,20221015,-9999,    9
 18433, 99225,20221016,-9999,    9
 18433, 99225,20221017,-9999,    9
 18433, 99225,20221018,-9999,    9
 18433, 99225,20221019,-9999,    9
 18433, 99225,20221020,-9999,    9
 18433, 99225,20221021,-9999,    9
 18433, 99225,20221022,-9999,    9
 18433, 99225,20221023,-9999,    9
 18433, 99225,20221024,-9999,    9
 18433, 99225,20221025,-9999,    9
 18433, 99225,20221026,-9999,    9
 18433, 99225,20221027,-9999,    9
 18433, 99225,20221028,-9999,    9
 18433, 99225,20221029,-9999,    9
 18433, 99225,20221030,-9999,    9
 18433, 99225,20221031,-9999,    9
