EUROPEAN CLIMATE ASSESSMENT & DATASET (ECA&D), file created on: 16-11-2022
THESE DATA CAN BE USED FOR NON-COMMERCIAL RESEARCH AND EDUCATION PROVIDED THAT THE FOLLOWING SOURCE IS ACKNOWLEDGED: 

Klein Tank, A.M.G. and Coauthors, 2002. Daily dataset of 20th-century surface
air temperature and precipitation series for the European Climate Assessment.
Int. J. of Climatol., 22, 1441-1453.
Data and metadata available at http://www.ecad.eu

FILE FORMAT (MISSING VALUE CODE = -9999):

01-06 STAID: Station identifier
08-13 SOUID: Source identifier
15-22 DATE : Date YYYYMMDD
24-28 TG   : Mean temperature in 0.1 &#176;C
30-34 Q_TG : quality code for TG (0='valid'; 1='suspect'; 9='missing')

This is the blended series of station RV13 SVELGANE, NORWAY (STAID: 18699)
Blended and updated with sources:99710 
See files sources.txt and stations.txt for more info.

STAID, SOUID,    DATE,   TG, Q_TG
 18699, 99710,20151101,-9999,    9
 18699, 99710,20151102,-9999,    9
 18699, 99710,20151103,-9999,    9
 18699, 99710,20151104,-9999,    9
 18699, 99710,20151105,-9999,    9
 18699, 99710,20151106,-9999,    9
 18699, 99710,20151107,-9999,    9
 18699, 99710,20151108,-9999,    9
 18699, 99710,20151109,-9999,    9
 18699, 99710,20151110,-9999,    9
 18699, 99710,20151111,-9999,    9
 18699, 99710,20151112,-9999,    9
 18699, 99710,20151113,-9999,    9
 18699, 99710,20151114,-9999,    9
 18699, 99710,20151115,-9999,    9
 18699, 99710,20151116,-9999,    9
 18699, 99710,20151117,-9999,    9
 18699, 99710,20151118,   30,    0
 18699, 99710,20151119,   -7,    0
 18699, 99710,20151120,  -48,    0
 18699, 99710,20151121,-9999,    9
 18699, 99710,20151122,  -93,    0
 18699, 99710,20151123,  -29,    0
 18699, 99710,20151124,   13,    0
 18699, 99710,20151125,    8,    0
 18699, 99710,20151126,    4,    0
 18699, 99710,20151127,   53,    0
 18699, 99710,20151128,    4,    0
 18699, 99710,20151129,    1,    0
 18699, 99710,20151130,    2,    0
 18699, 99710,20151201,   -3,    0
 18699, 99710,20151202,    5,    0
 18699, 99710,20151203,    4,    0
 18699, 99710,20151204,    7,    0
 18699, 99710,20151205,   23,    0
 18699, 99710,20151206,   15,    0
 18699, 99710,20151207,    0,    0
 18699, 99710,20151208,   19,    0
 18699, 99710,20151209,   20,    0
 18699, 99710,20151210,   21,    0
 18699, 99710,20151211,    4,    0
 18699, 99710,20151212,    0,    0
 18699, 99710,20151213,  -16,    0
 18699, 99710,20151214,  -28,    0
 18699, 99710,20151215,  -85,    0
 18699, 99710,20151216,  -64,    0
 18699, 99710,20151217,   10,    0
 18699, 99710,20151218,   23,    0
 18699, 99710,20151219,   33,    0
 18699, 99710,20151220,-9999,    9
 18699, 99710,20151221,-9999,    9
 18699, 99710,20151222,-9999,    9
 18699, 99710,20151223,   26,    0
 18699, 99710,20151224,   43,    0
 18699, 99710,20151225,   11,    0
 18699, 99710,20151226,  -54,    0
 18699, 99710,20151227,  -20,    0
 18699, 99710,20151228,  -33,    0
 18699, 99710,20151229,   36,    0
 18699, 99710,20151230,   73,    0
 18699, 99710,20151231,   50,    0
 18699, 99710,20160101,   20,    0
 18699, 99710,20160102,   -3,    0
 18699, 99710,20160103,  -46,    0
 18699, 99710,20160104,  -72,    0
 18699, 99710,20160105, -124,    0
 18699, 99710,20160106, -134,    0
 18699, 99710,20160107, -111,    0
 18699, 99710,20160108, -130,    0
 18699, 99710,20160109, -102,    0
 18699, 99710,20160110,  -25,    0
 18699, 99710,20160111,  -29,    0
 18699, 99710,20160112,  -86,    0
 18699, 99710,20160113,  -39,    0
 18699, 99710,20160114,  -44,    0
 18699, 99710,20160115,  -26,    0
 18699, 99710,20160116, -128,    0
 18699, 99710,20160117, -149,    0
 18699, 99710,20160118,  -57,    0
 18699, 99710,20160119, -160,    0
 18699, 99710,20160120, -193,    0
 18699, 99710,20160121, -182,    0
 18699, 99710,20160122,  -78,    0
 18699, 99710,20160123,    2,    0
 18699, 99710,20160124,   11,    0
 18699, 99710,20160125,-9999,    9
 18699, 99710,20160126,   18,    0
 18699, 99710,20160127,-9999,    9
 18699, 99710,20160128,-9999,    9
 18699, 99710,20160129,   26,    0
 18699, 99710,20160130,   -1,    0
 18699, 99710,20160131,   -9,    0
 18699, 99710,20160201,   -8,    0
 18699, 99710,20160202,    4,    0
 18699, 99710,20160203,   -2,    0
 18699, 99710,20160204,  -17,    0
 18699, 99710,20160205,   -7,    0
 18699, 99710,20160206,   12,    0
 18699, 99710,20160207,   23,    0
 18699, 99710,20160208,   20,    0
 18699, 99710,20160209,   12,    0
 18699, 99710,20160210,-9999,    9
 18699, 99710,20160211,-9999,    9
 18699, 99710,20160212,-9999,    9
 18699, 99710,20160213, -122,    0
 18699, 99710,20160214, -137,    0
 18699, 99710,20160215, -129,    0
 18699, 99710,20160216,  -48,    0
 18699, 99710,20160217,   11,    0
 18699, 99710,20160218,  -33,    0
 18699, 99710,20160219,    3,    0
 18699, 99710,20160220,    8,    0
 18699, 99710,20160221,   -1,    0
 18699, 99710,20160222,   -1,    0
 18699, 99710,20160223,    2,    0
 18699, 99710,20160224,  -17,    0
 18699, 99710,20160225,  -35,    0
 18699, 99710,20160226,  -14,    0
 18699, 99710,20160227,   -4,    0
 18699, 99710,20160228,  -11,    0
 18699, 99710,20160229,  -42,    0
 18699, 99710,20160301,    1,    0
 18699, 99710,20160302,-9999,    9
 18699, 99710,20160303,-9999,    9
 18699, 99710,20160304,-9999,    9
 18699, 99710,20160305,  -13,    0
 18699, 99710,20160306,  -14,    0
 18699, 99710,20160307,  -35,    0
 18699, 99710,20160308,  -61,    0
 18699, 99710,20160309,   -2,    0
 18699, 99710,20160310,  -19,    0
 18699, 99710,20160311,  -27,    0
 18699, 99710,20160312,  -10,    0
 18699, 99710,20160313,   12,    0
 18699, 99710,20160314,   19,    0
 18699, 99710,20160315,   16,    0
 18699, 99710,20160316,   19,    0
 18699, 99710,20160317,   56,    0
 18699, 99710,20160318,   72,    0
 18699, 99710,20160319,-9999,    9
 18699, 99710,20160320,-9999,    9
 18699, 99710,20160321,-9999,    9
 18699, 99710,20160322,-9999,    9
 18699, 99710,20160323,-9999,    9
 18699, 99710,20160324,-9999,    9
 18699, 99710,20160325,-9999,    9
 18699, 99710,20160326,-9999,    9
 18699, 99710,20160327,-9999,    9
 18699, 99710,20160328,-9999,    9
 18699, 99710,20160329,-9999,    9
 18699, 99710,20160330,-9999,    9
 18699, 99710,20160331,-9999,    9
 18699, 99710,20160401,-9999,    9
 18699, 99710,20160402,-9999,    9
 18699, 99710,20160403,-9999,    9
 18699, 99710,20160404,-9999,    9
 18699, 99710,20160405,-9999,    9
 18699, 99710,20160406,-9999,    9
 18699, 99710,20160407,-9999,    9
 18699, 99710,20160408,-9999,    9
 18699, 99710,20160409,-9999,    9
 18699, 99710,20160410,-9999,    9
 18699, 99710,20160411,-9999,    9
 18699, 99710,20160412,-9999,    9
 18699, 99710,20160413,-9999,    9
 18699, 99710,20160414,-9999,    9
 18699, 99710,20160415,-9999,    9
 18699, 99710,20160416,-9999,    9
 18699, 99710,20160417,-9999,    9
 18699, 99710,20160418,-9999,    9
 18699, 99710,20160419,-9999,    9
 18699, 99710,20160420,-9999,    9
 18699, 99710,20160421,-9999,    9
 18699, 99710,20160422,-9999,    9
 18699, 99710,20160423,-9999,    9
 18699, 99710,20160424,-9999,    9
 18699, 99710,20160425,-9999,    9
 18699, 99710,20160426,-9999,    9
 18699, 99710,20160427,-9999,    9
 18699, 99710,20160428,-9999,    9
 18699, 99710,20160429,-9999,    9
 18699, 99710,20160430,-9999,    9
 18699, 99710,20160501,-9999,    9
 18699, 99710,20160502,-9999,    9
 18699, 99710,20160503,-9999,    9
 18699, 99710,20160504,-9999,    9
 18699, 99710,20160505,-9999,    9
 18699, 99710,20160506,-9999,    9
 18699, 99710,20160507,-9999,    9
 18699, 99710,20160508,-9999,    9
 18699, 99710,20160509,-9999,    9
 18699, 99710,20160510,-9999,    9
 18699, 99710,20160511,-9999,    9
 18699, 99710,20160512,-9999,    9
 18699, 99710,20160513,-9999,    9
 18699, 99710,20160514,-9999,    9
 18699, 99710,20160515,-9999,    9
 18699, 99710,20160516,-9999,    9
 18699, 99710,20160517,-9999,    9
 18699, 99710,20160518,-9999,    9
 18699, 99710,20160519,-9999,    9
 18699, 99710,20160520,-9999,    9
 18699, 99710,20160521,-9999,    9
 18699, 99710,20160522,-9999,    9
 18699, 99710,20160523,-9999,    9
 18699, 99710,20160524,-9999,    9
 18699, 99710,20160525,-9999,    9
 18699, 99710,20160526,-9999,    9
 18699, 99710,20160527,-9999,    9
 18699, 99710,20160528,-9999,    9
 18699, 99710,20160529,-9999,    9
 18699, 99710,20160530,-9999,    9
 18699, 99710,20160531,-9999,    9
 18699, 99710,20160601,-9999,    9
 18699, 99710,20160602,-9999,    9
 18699, 99710,20160603,-9999,    9
 18699, 99710,20160604,-9999,    9
 18699, 99710,20160605,-9999,    9
 18699, 99710,20160606,-9999,    9
 18699, 99710,20160607,-9999,    9
 18699, 99710,20160608,-9999,    9
 18699, 99710,20160609,-9999,    9
 18699, 99710,20160610,-9999,    9
 18699, 99710,20160611,-9999,    9
 18699, 99710,20160612,-9999,    9
 18699, 99710,20160613,-9999,    9
 18699, 99710,20160614,-9999,    9
 18699, 99710,20160615,-9999,    9
 18699, 99710,20160616,-9999,    9
 18699, 99710,20160617,-9999,    9
 18699, 99710,20160618,-9999,    9
 18699, 99710,20160619,-9999,    9
 18699, 99710,20160620,-9999,    9
 18699, 99710,20160621,-9999,    9
 18699, 99710,20160622,-9999,    9
 18699, 99710,20160623,-9999,    9
 18699, 99710,20160624,-9999,    9
 18699, 99710,20160625,-9999,    9
 18699, 99710,20160626,-9999,    9
 18699, 99710,20160627,-9999,    9
 18699, 99710,20160628,-9999,    9
 18699, 99710,20160629,-9999,    9
 18699, 99710,20160630,-9999,    9
 18699, 99710,20160701,-9999,    9
 18699, 99710,20160702,-9999,    9
 18699, 99710,20160703,-9999,    9
 18699, 99710,20160704,-9999,    9
 18699, 99710,20160705,-9999,    9
 18699, 99710,20160706,-9999,    9
 18699, 99710,20160707,-9999,    9
 18699, 99710,20160708,-9999,    9
 18699, 99710,20160709,-9999,    9
 18699, 99710,20160710,-9999,    9
 18699, 99710,20160711,-9999,    9
 18699, 99710,20160712,-9999,    9
 18699, 99710,20160713,-9999,    9
 18699, 99710,20160714,-9999,    9
 18699, 99710,20160715,-9999,    9
 18699, 99710,20160716,-9999,    9
 18699, 99710,20160717,-9999,    9
 18699, 99710,20160718,-9999,    9
 18699, 99710,20160719,-9999,    9
 18699, 99710,20160720,-9999,    9
 18699, 99710,20160721,-9999,    9
 18699, 99710,20160722,-9999,    9
 18699, 99710,20160723,-9999,    9
 18699, 99710,20160724,-9999,    9
 18699, 99710,20160725,-9999,    9
 18699, 99710,20160726,-9999,    9
 18699, 99710,20160727,-9999,    9
 18699, 99710,20160728,-9999,    9
 18699, 99710,20160729,-9999,    9
 18699, 99710,20160730,-9999,    9
 18699, 99710,20160731,-9999,    9
 18699, 99710,20160801,-9999,    9
 18699, 99710,20160802,-9999,    9
 18699, 99710,20160803,-9999,    9
 18699, 99710,20160804,-9999,    9
 18699, 99710,20160805,-9999,    9
 18699, 99710,20160806,-9999,    9
 18699, 99710,20160807,-9999,    9
 18699, 99710,20160808,-9999,    9
 18699, 99710,20160809,   92,    0
 18699, 99710,20160810,   83,    0
 18699, 99710,20160811,   88,    0
 18699, 99710,20160812,   89,    0
 18699, 99710,20160813,  115,    0
 18699, 99710,20160814,  117,    0
 18699, 99710,20160815,-9999,    9
 18699, 99710,20160816,-9999,    9
 18699, 99710,20160817,  149,    0
 18699, 99710,20160818,  150,    0
 18699, 99710,20160819,  342,    0
 18699, 99710,20160820,  414,    0
 18699, 99710,20160821,  416,    0
 18699, 99710,20160822,  397,    0
 18699, 99710,20160823,  400,    0
 18699, 99710,20160824,  161,    0
 18699, 99710,20160825,  154,    0
 18699, 99710,20160826,  129,    0
 18699, 99710,20160827,  110,    0
 18699, 99710,20160828,  120,    0
 18699, 99710,20160829,  118,    0
 18699, 99710,20160830,  116,    0
 18699, 99710,20160831,  131,    0
 18699, 99710,20160901,  112,    0
 18699, 99710,20160902,  113,    0
 18699, 99710,20160903,  103,    0
 18699, 99710,20160904,  108,    0
 18699, 99710,20160905,  115,    0
 18699, 99710,20160906,  141,    0
 18699, 99710,20160907,  127,    0
 18699, 99710,20160908,  163,    0
 18699, 99710,20160909,  151,    0
 18699, 99710,20160910,  139,    0
 18699, 99710,20160911,  118,    0
 18699, 99710,20160912,  123,    0
 18699, 99710,20160913,  153,    0
 18699, 99710,20160914,  148,    0
 18699, 99710,20160915,  153,    0
 18699, 99710,20160916,-9999,    9
 18699, 99710,20160917,-9999,    9
 18699, 99710,20160918,-9999,    9
 18699, 99710,20160919,  135,    0
 18699, 99710,20160920,  114,    0
 18699, 99710,20160921,  137,    0
 18699, 99710,20160922,  126,    0
 18699, 99710,20160923,  102,    0
 18699, 99710,20160924,  105,    0
 18699, 99710,20160925,  153,    0
 18699, 99710,20160926,  108,    0
 18699, 99710,20160927,   99,    0
 18699, 99710,20160928,   92,    0
 18699, 99710,20160929,   86,    0
 18699, 99710,20160930,   57,    0
 18699, 99710,20161001,   65,    0
 18699, 99710,20161002,   46,    0
 18699, 99710,20161003,   34,    0
 18699, 99710,20161004,   38,    0
 18699, 99710,20161005,   27,    0
 18699, 99710,20161006,   26,    0
 18699, 99710,20161007,   41,    0
 18699, 99710,20161008,   23,    0
 18699, 99710,20161009,   27,    0
 18699, 99710,20161010,   32,    0
 18699, 99710,20161011,   10,    0
 18699, 99710,20161012,   -3,    0
 18699, 99710,20161013,  -11,    0
 18699, 99710,20161014,   -3,    0
 18699, 99710,20161015,   38,    0
 18699, 99710,20161016,   74,    0
 18699, 99710,20161017,   87,    0
 18699, 99710,20161018,   97,    0
 18699, 99710,20161019,   41,    0
 18699, 99710,20161020,-9999,    9
 18699, 99710,20161021,-9999,    9
 18699, 99710,20161022,-9999,    9
 18699, 99710,20161023,-9999,    9
 18699, 99710,20161024,-9999,    9
 18699, 99710,20161025,-9999,    9
 18699, 99710,20161026,-9999,    9
 18699, 99710,20161027,   67,    0
 18699, 99710,20161028,   36,    0
 18699, 99710,20161029,   18,    0
 18699, 99710,20161030,   21,    0
 18699, 99710,20161031,   49,    0
 18699, 99710,20161101,   33,    0
 18699, 99710,20161102,   -4,    0
 18699, 99710,20161103,  -24,    0
 18699, 99710,20161104,   -8,    0
 18699, 99710,20161105,    5,    0
 18699, 99710,20161106,  -55,    0
 18699, 99710,20161107, -102,    0
 18699, 99710,20161108, -110,    0
 18699, 99710,20161109,  -76,    0
 18699, 99710,20161110,  -92,    0
 18699, 99710,20161111,  -54,    0
 18699, 99710,20161112,   -9,    0
 18699, 99710,20161113,   15,    0
 18699, 99710,20161114,   32,    0
 18699, 99710,20161115,   40,    0
 18699, 99710,20161116,   28,    0
 18699, 99710,20161117,    3,    0
 18699, 99710,20161118,    4,    0
 18699, 99710,20161119,    3,    0
 18699, 99710,20161120,   -9,    0
 18699, 99710,20161121,   -8,    0
 18699, 99710,20161122,    2,    0
 18699, 99710,20161123,    9,    0
 18699, 99710,20161124,    9,    0
 18699, 99710,20161125,   26,    0
 18699, 99710,20161126,   22,    0
 18699, 99710,20161127,  -26,    0
 18699, 99710,20161128,  -57,    0
 18699, 99710,20161129,  -13,    0
 18699, 99710,20161130,    4,    0
 18699, 99710,20161201,-9999,    9
 18699, 99710,20161202,  -40,    0
 18699, 99710,20161203,   -2,    0
 18699, 99710,20161204,    9,    0
 18699, 99710,20161205,   11,    0
 18699, 99710,20161206,  -35,    0
 18699, 99710,20161207,   13,    0
 18699, 99710,20161208,   41,    0
 18699, 99710,20161209,   34,    0
 18699, 99710,20161210,   36,    0
 18699, 99710,20161211,   25,    0
 18699, 99710,20161212,    0,    0
 18699, 99710,20161213,   -3,    0
 18699, 99710,20161214,  -54,    0
 18699, 99710,20161215,   -2,    0
 18699, 99710,20161216,   23,    0
 18699, 99710,20161217,   29,    0
 18699, 99710,20161218,   14,    0
 18699, 99710,20161219,   37,    0
 18699, 99710,20161220,   36,    0
 18699, 99710,20161221,   20,    0
 18699, 99710,20161222,   16,    0
 18699, 99710,20161223,    8,    0
 18699, 99710,20161224,    3,    0
 18699, 99710,20161225,   13,    0
 18699, 99710,20161226,   13,    0
 18699, 99710,20161227,    4,    0
 18699, 99710,20161228,   18,    0
 18699, 99710,20161229,   31,    0
 18699, 99710,20161230,   43,    0
 18699, 99710,20161231,   26,    0
 18699, 99710,20170101,-9999,    9
 18699, 99710,20170102,-9999,    9
 18699, 99710,20170103,-9999,    9
 18699, 99710,20170104,-9999,    9
 18699, 99710,20170105,-9999,    9
 18699, 99710,20170106,-9999,    9
 18699, 99710,20170107,-9999,    9
 18699, 99710,20170108,-9999,    9
 18699, 99710,20170109,-9999,    9
 18699, 99710,20170110,-9999,    9
 18699, 99710,20170111,-9999,    9
 18699, 99710,20170112,-9999,    9
 18699, 99710,20170113,-9999,    9
 18699, 99710,20170114,-9999,    9
 18699, 99710,20170115,-9999,    9
 18699, 99710,20170116,-9999,    9
 18699, 99710,20170117,-9999,    9
 18699, 99710,20170118,-9999,    9
 18699, 99710,20170119,-9999,    9
 18699, 99710,20170120,-9999,    9
 18699, 99710,20170121,-9999,    9
 18699, 99710,20170122,-9999,    9
 18699, 99710,20170123,-9999,    9
 18699, 99710,20170124,-9999,    9
 18699, 99710,20170125,-9999,    9
 18699, 99710,20170126,-9999,    9
 18699, 99710,20170127,-9999,    9
 18699, 99710,20170128,-9999,    9
 18699, 99710,20170129,-9999,    9
 18699, 99710,20170130,-9999,    9
 18699, 99710,20170131,-9999,    9
 18699, 99710,20170201,-9999,    9
 18699, 99710,20170202,-9999,    9
 18699, 99710,20170203,-9999,    9
 18699, 99710,20170204,-9999,    9
 18699, 99710,20170205,-9999,    9
 18699, 99710,20170206,-9999,    9
 18699, 99710,20170207,-9999,    9
 18699, 99710,20170208,-9999,    9
 18699, 99710,20170209,-9999,    9
 18699, 99710,20170210,-9999,    9
 18699, 99710,20170211,-9999,    9
 18699, 99710,20170212,-9999,    9
 18699, 99710,20170213,-9999,    9
 18699, 99710,20170214,-9999,    9
 18699, 99710,20170215,-9999,    9
 18699, 99710,20170216,-9999,    9
 18699, 99710,20170217,-9999,    9
 18699, 99710,20170218,-9999,    9
 18699, 99710,20170219,-9999,    9
 18699, 99710,20170220,-9999,    9
 18699, 99710,20170221,-9999,    9
 18699, 99710,20170222,-9999,    9
 18699, 99710,20170223,-9999,    9
 18699, 99710,20170224,-9999,    9
 18699, 99710,20170225,-9999,    9
 18699, 99710,20170226,-9999,    9
 18699, 99710,20170227,-9999,    9
 18699, 99710,20170228,-9999,    9
 18699, 99710,20170301,-9999,    9
 18699, 99710,20170302,-9999,    9
 18699, 99710,20170303,-9999,    9
 18699, 99710,20170304,-9999,    9
 18699, 99710,20170305,-9999,    9
 18699, 99710,20170306,-9999,    9
 18699, 99710,20170307,-9999,    9
 18699, 99710,20170308,-9999,    9
 18699, 99710,20170309,-9999,    9
 18699, 99710,20170310,-9999,    9
 18699, 99710,20170311,-9999,    9
 18699, 99710,20170312,-9999,    9
 18699, 99710,20170313,   15,    0
 18699, 99710,20170314,-9999,    9
 18699, 99710,20170315,-9999,    9
 18699, 99710,20170316,-9999,    9
 18699, 99710,20170317,-9999,    9
 18699, 99710,20170318,-9999,    9
 18699, 99710,20170319,-9999,    9
 18699, 99710,20170320,-9999,    9
 18699, 99710,20170321,-9999,    9
 18699, 99710,20170322,-9999,    9
 18699, 99710,20170323,-9999,    9
 18699, 99710,20170324,-9999,    9
 18699, 99710,20170325,-9999,    9
 18699, 99710,20170326,-9999,    9
 18699, 99710,20170327,-9999,    9
 18699, 99710,20170328,-9999,    9
 18699, 99710,20170329,-9999,    9
 18699, 99710,20170330,-9999,    9
 18699, 99710,20170331,-9999,    9
 18699, 99710,20170401,-9999,    9
 18699, 99710,20170402,-9999,    9
 18699, 99710,20170403,   53,    0
 18699, 99710,20170404,   38,    0
 18699, 99710,20170405,   28,    0
 18699, 99710,20170406,   32,    0
 18699, 99710,20170407,   65,    0
 18699, 99710,20170408,   60,    0
 18699, 99710,20170409,   65,    0
 18699, 99710,20170410,   36,    0
 18699, 99710,20170411,   17,    0
 18699, 99710,20170412,   28,    0
 18699, 99710,20170413,   26,    0
 18699, 99710,20170414,   13,    0
 18699, 99710,20170415,   30,    0
 18699, 99710,20170416,   14,    0
 18699, 99710,20170417,    5,    0
 18699, 99710,20170418,   13,    0
 18699, 99710,20170419,   28,    0
 18699, 99710,20170420,   49,    0
 18699, 99710,20170421,   21,    0
 18699, 99710,20170422,   27,    0
 18699, 99710,20170423,   17,    0
 18699, 99710,20170424,    8,    0
 18699, 99710,20170425,   22,    0
 18699, 99710,20170426,   20,    0
 18699, 99710,20170427,-9999,    9
 18699, 99710,20170428,   38,    0
 18699, 99710,20170429,   46,    0
 18699, 99710,20170430,   31,    0
 18699, 99710,20170501,   51,    0
 18699, 99710,20170502,   64,    0
 18699, 99710,20170503,   76,    0
 18699, 99710,20170504,   73,    0
 18699, 99710,20170505,   98,    0
 18699, 99710,20170506,  111,    0
 18699, 99710,20170507,   96,    0
 18699, 99710,20170508,   51,    0
 18699, 99710,20170509,   35,    0
 18699, 99710,20170510,   51,    0
 18699, 99710,20170511,   52,    0
 18699, 99710,20170512,   81,    0
 18699, 99710,20170513,   89,    0
 18699, 99710,20170514,   94,    0
 18699, 99710,20170515,  109,    0
 18699, 99710,20170516,   98,    0
 18699, 99710,20170517,  116,    0
 18699, 99710,20170518,  102,    0
 18699, 99710,20170519,  134,    0
 18699, 99710,20170520,-9999,    9
 18699, 99710,20170521,   99,    0
 18699, 99710,20170522,   94,    0
 18699, 99710,20170523,  106,    0
 18699, 99710,20170524,  105,    0
 18699, 99710,20170525,   91,    0
 18699, 99710,20170526,  130,    0
 18699, 99710,20170527,  160,    0
 18699, 99710,20170528,  161,    0
 18699, 99710,20170529,  149,    0
 18699, 99710,20170530,  126,    0
 18699, 99710,20170531,   98,    0
 18699, 99710,20170601,   91,    0
 18699, 99710,20170602,   99,    0
 18699, 99710,20170603,  134,    0
 18699, 99710,20170604,  113,    0
 18699, 99710,20170605,   98,    0
 18699, 99710,20170606,  113,    0
 18699, 99710,20170607,  154,    0
 18699, 99710,20170608,  110,    0
 18699, 99710,20170609,-9999,    9
 18699, 99710,20170610,  122,    0
 18699, 99710,20170611,  126,    0
 18699, 99710,20170612,  116,    0
 18699, 99710,20170613,  115,    0
 18699, 99710,20170614,  124,    0
 18699, 99710,20170615,  136,    0
 18699, 99710,20170616,  127,    0
 18699, 99710,20170617,  116,    0
 18699, 99710,20170618,  119,    0
 18699, 99710,20170619,  102,    0
 18699, 99710,20170620,   93,    0
 18699, 99710,20170621,  104,    0
 18699, 99710,20170622,  113,    0
 18699, 99710,20170623,  112,    0
 18699, 99710,20170624,   93,    0
 18699, 99710,20170625,   79,    0
 18699, 99710,20170626,   90,    0
 18699, 99710,20170627,   93,    0
 18699, 99710,20170628,  134,    0
 18699, 99710,20170629,  145,    0
 18699, 99710,20170630,  169,    0
 18699, 99710,20170701,  154,    0
 18699, 99710,20170702,  109,    0
 18699, 99710,20170703,  106,    0
 18699, 99710,20170704,  120,    0
 18699, 99710,20170705,  118,    0
 18699, 99710,20170706,  123,    0
 18699, 99710,20170707,  120,    0
 18699, 99710,20170708,  119,    0
 18699, 99710,20170709,  103,    0
 18699, 99710,20170710,  113,    0
 18699, 99710,20170711,  116,    0
 18699, 99710,20170712,  106,    0
 18699, 99710,20170713,  113,    0
 18699, 99710,20170714,  114,    0
 18699, 99710,20170715,  141,    0
 18699, 99710,20170716,  112,    0
 18699, 99710,20170717,   95,    0
 18699, 99710,20170718,  116,    0
 18699, 99710,20170719,  133,    0
 18699, 99710,20170720,  177,    0
 18699, 99710,20170721,  170,    0
 18699, 99710,20170722,  175,    0
 18699, 99710,20170723,  176,    0
 18699, 99710,20170724,  157,    0
 18699, 99710,20170725,  157,    0
 18699, 99710,20170726,  163,    0
 18699, 99710,20170727,  149,    0
 18699, 99710,20170728,  132,    0
 18699, 99710,20170729,  140,    0
 18699, 99710,20170730,  148,    0
 18699, 99710,20170731,  121,    0
 18699, 99710,20170801,  124,    0
 18699, 99710,20170802,  124,    0
 18699, 99710,20170803,  126,    0
 18699, 99710,20170804,  134,    0
 18699, 99710,20170805,  136,    0
 18699, 99710,20170806,  121,    0
 18699, 99710,20170807,  121,    0
 18699, 99710,20170808,  127,    0
 18699, 99710,20170809,  140,    0
 18699, 99710,20170810,  129,    0
 18699, 99710,20170811,  128,    0
 18699, 99710,20170812,  115,    0
 18699, 99710,20170813,   86,    0
 18699, 99710,20170814,  111,    0
 18699, 99710,20170815,  119,    0
 18699, 99710,20170816,  122,    0
 18699, 99710,20170817,  127,    0
 18699, 99710,20170818,  138,    0
 18699, 99710,20170819,  121,    0
 18699, 99710,20170820,  125,    0
 18699, 99710,20170821,  124,    0
 18699, 99710,20170822,  124,    0
 18699, 99710,20170823,  116,    0
 18699, 99710,20170824,  118,    0
 18699, 99710,20170825,  132,    0
 18699, 99710,20170826,  124,    0
 18699, 99710,20170827,  121,    0
 18699, 99710,20170828,  130,    0
 18699, 99710,20170829,  109,    0
 18699, 99710,20170830,   95,    0
 18699, 99710,20170831,  104,    0
 18699, 99710,20170901,  107,    0
 18699, 99710,20170902,   95,    0
 18699, 99710,20170903,  104,    0
 18699, 99710,20170904,  120,    0
 18699, 99710,20170905,  128,    0
 18699, 99710,20170906,  130,    0
 18699, 99710,20170907,  118,    0
 18699, 99710,20170908,  115,    0
 18699, 99710,20170909,  105,    0
 18699, 99710,20170910,  111,    0
 18699, 99710,20170911,  121,    0
 18699, 99710,20170912,   98,    0
 18699, 99710,20170913,   99,    0
 18699, 99710,20170914,   92,    0
 18699, 99710,20170915,   92,    0
 18699, 99710,20170916,   84,    0
 18699, 99710,20170917,   84,    0
 18699, 99710,20170918,  103,    0
 18699, 99710,20170919,-9999,    9
 18699, 99710,20170920,-9999,    9
 18699, 99710,20170921,   95,    0
 18699, 99710,20170922,  107,    0
 18699, 99710,20170923,   98,    0
 18699, 99710,20170924,  112,    0
 18699, 99710,20170925,  136,    0
 18699, 99710,20170926,  124,    0
 18699, 99710,20170927,  142,    0
 18699, 99710,20170928,  142,    0
 18699, 99710,20170929,  132,    0
 18699, 99710,20170930,  105,    0
 18699, 99710,20171001,  125,    0
 18699, 99710,20171002,   99,    0
 18699, 99710,20171003,   76,    0
 18699, 99710,20171004,-9999,    9
 18699, 99710,20171005,   56,    0
 18699, 99710,20171006,   66,    0
 18699, 99710,20171007,   44,    0
 18699, 99710,20171008,   10,    0
 18699, 99710,20171009,    7,    0
 18699, 99710,20171010,   42,    0
 18699, 99710,20171011,   64,    0
 18699, 99710,20171012,   68,    0
 18699, 99710,20171013,   73,    0
 18699, 99710,20171014,-9999,    9
 18699, 99710,20171015,   88,    0
 18699, 99710,20171016,   79,    0
 18699, 99710,20171017,-9999,    9
 18699, 99710,20171018,-9999,    9
 18699, 99710,20171019,-9999,    9
 18699, 99710,20171020,-9999,    9
 18699, 99710,20171021,-9999,    9
 18699, 99710,20171022,-9999,    9
 18699, 99710,20171023,-9999,    9
 18699, 99710,20171024,-9999,    9
 18699, 99710,20171025,   59,    0
 18699, 99710,20171026,   51,    0
 18699, 99710,20171027,   48,    0
 18699, 99710,20171028,   52,    0
 18699, 99710,20171029,    8,    0
 18699, 99710,20171030,    9,    0
 18699, 99710,20171031,   31,    0
 18699, 99710,20171101,-9999,    9
 18699, 99710,20171102,-9999,    9
 18699, 99710,20171103,   38,    0
 18699, 99710,20171104,   53,    0
 18699, 99710,20171105,   40,    0
 18699, 99710,20171106,    3,    0
 18699, 99710,20171107,   45,    0
 18699, 99710,20171108,   47,    0
 18699, 99710,20171109,   33,    0
 18699, 99710,20171110,    5,    0
 18699, 99710,20171111,    5,    0
 18699, 99710,20171112,    5,    0
 18699, 99710,20171113,  -17,    0
 18699, 99710,20171114,    0,    0
 18699, 99710,20171115,    8,    0
 18699, 99710,20171116,   16,    0
 18699, 99710,20171117,   12,    0
 18699, 99710,20171118,    3,    0
 18699, 99710,20171119,  -15,    0
 18699, 99710,20171120,  -13,    0
 18699, 99710,20171121,  -48,    0
 18699, 99710,20171122,  -13,    0
 18699, 99710,20171123,   13,    0
 18699, 99710,20171124,    3,    0
 18699, 99710,20171125,    2,    0
 18699, 99710,20171126,   -1,    0
 18699, 99710,20171127,  -39,    0
 18699, 99710,20171128,-9999,    9
 18699, 99710,20171129, -112,    0
 18699, 99710,20171130, -118,    0
 18699, 99710,20171201, -101,    0
 18699, 99710,20171202,  -25,    0
 18699, 99710,20171203,    2,    0
 18699, 99710,20171204,   -1,    0
 18699, 99710,20171205,    6,    0
 18699, 99710,20171206,   12,    0
 18699, 99710,20171207,   28,    0
 18699, 99710,20171208,   10,    0
 18699, 99710,20171209,   -5,    0
 18699, 99710,20171210,  -29,    0
 18699, 99710,20171211,  -48,    0
 18699, 99710,20171212,  -46,    0
 18699, 99710,20171213,  -40,    0
 18699, 99710,20171214,  -62,    0
 18699, 99710,20171215, -123,    0
 18699, 99710,20171216, -137,    0
 18699, 99710,20171217,  -82,    0
 18699, 99710,20171218,   -2,    0
 18699, 99710,20171219,   12,    0
 18699, 99710,20171220,   18,    0
 18699, 99710,20171221,    9,    0
 18699, 99710,20171222,   12,    0
 18699, 99710,20171223,   23,    0
 18699, 99710,20171224,   10,    0
 18699, 99710,20171225,   12,    0
 18699, 99710,20171226,   13,    0
 18699, 99710,20171227,    3,    0
 18699, 99710,20171228,  -36,    0
 18699, 99710,20171229,  -22,    0
 18699, 99710,20171230,  -25,    0
 18699, 99710,20171231,   -3,    0
 18699, 99710,20180101,    7,    0
 18699, 99710,20180102,    2,    0
 18699, 99710,20180103,  -16,    0
 18699, 99710,20180104,  -33,    0
 18699, 99710,20180105,  -66,    0
 18699, 99710,20180106, -109,    0
 18699, 99710,20180107,  -46,    0
 18699, 99710,20180108,  -16,    0
 18699, 99710,20180109,  -63,    0
 18699, 99710,20180110,   48,    0
 18699, 99710,20180111,    3,    0
 18699, 99710,20180112,  -40,    0
 18699, 99710,20180113,  -19,    0
 18699, 99710,20180114,    2,    0
 18699, 99710,20180115,   19,    0
 18699, 99710,20180116,    0,    0
 18699, 99710,20180117,  -57,    0
 18699, 99710,20180118,  -70,    0
 18699, 99710,20180119,  -39,    0
 18699, 99710,20180120,  -21,    0
 18699, 99710,20180121,  -85,    0
 18699, 99710,20180122,  -31,    0
 18699, 99710,20180123,    5,    0
 18699, 99710,20180124,   18,    0
 18699, 99710,20180125,   13,    0
 18699, 99710,20180126,   -6,    0
 18699, 99710,20180127,  -15,    0
 18699, 99710,20180128,    3,    0
 18699, 99710,20180129,    4,    0
 18699, 99710,20180130,    1,    0
 18699, 99710,20180131,    4,    0
 18699, 99710,20180201,  -22,    0
 18699, 99710,20180202,  -79,    0
 18699, 99710,20180203, -127,    0
 18699, 99710,20180204, -115,    0
 18699, 99710,20180205,  -55,    0
 18699, 99710,20180206,  -44,    0
 18699, 99710,20180207,  -36,    0
 18699, 99710,20180208,   -8,    0
 18699, 99710,20180209,    7,    0
 18699, 99710,20180210,   -3,    0
 18699, 99710,20180211,    9,    0
 18699, 99710,20180212,  -35,    0
 18699, 99710,20180213,  -15,    0
 18699, 99710,20180214,   27,    0
 18699, 99710,20180215,   15,    0
 18699, 99710,20180216,   -6,    0
 18699, 99710,20180217,    2,    0
 18699, 99710,20180218,    6,    0
 18699, 99710,20180219,  -28,    0
 18699, 99710,20180220,  -47,    0
 18699, 99710,20180221,  -20,    0
 18699, 99710,20180222,  -82,    0
 18699, 99710,20180223,  -73,    0
 18699, 99710,20180224,  -65,    0
 18699, 99710,20180225,  -41,    0
 18699, 99710,20180226,  -41,    0
 18699, 99710,20180227, -120,    0
 18699, 99710,20180228, -142,    0
 18699, 99710,20180301, -143,    0
 18699, 99710,20180302,  -96,    0
 18699, 99710,20180303,-9999,    9
 18699, 99710,20180304,  -49,    0
 18699, 99710,20180305,  -30,    0
 18699, 99710,20180306,  -56,    0
 18699, 99710,20180307,  -19,    0
 18699, 99710,20180308,   14,    0
 18699, 99710,20180309,  -10,    0
 18699, 99710,20180310,-9999,    9
 18699, 99710,20180311,   -4,    0
 18699, 99710,20180312,   -9,    0
 18699, 99710,20180313,  -44,    0
 18699, 99710,20180314,  -39,    0
 18699, 99710,20180315,  -14,    0
 18699, 99710,20180316,  -54,    0
 18699, 99710,20180317,-9999,    9
 18699, 99710,20180318,  -81,    0
 18699, 99710,20180319,  -10,    0
 18699, 99710,20180320,  -28,    0
 18699, 99710,20180321,    3,    0
 18699, 99710,20180322,    4,    0
 18699, 99710,20180323,   29,    0
 18699, 99710,20180324,   31,    0
 18699, 99710,20180325,   17,    0
 18699, 99710,20180326,   14,    0
 18699, 99710,20180327,   -8,    0
 18699, 99710,20180328,  -21,    0
 18699, 99710,20180329,  -30,    0
 18699, 99710,20180330,  -50,    0
 18699, 99710,20180331,  -54,    0
 18699, 99710,20180401,  -64,    0
 18699, 99710,20180402,  -51,    0
 18699, 99710,20180403,  -35,    0
 18699, 99710,20180404,   13,    0
 18699, 99710,20180405,    9,    0
 18699, 99710,20180406,   12,    0
 18699, 99710,20180407,-9999,    9
 18699, 99710,20180408,   23,    0
 18699, 99710,20180409,   19,    0
 18699, 99710,20180410,   30,    0
 18699, 99710,20180411,   36,    0
 18699, 99710,20180412,   38,    0
 18699, 99710,20180413,   54,    0
 18699, 99710,20180414,   79,    0
 18699, 99710,20180415,   60,    0
 18699, 99710,20180416,   55,    0
 18699, 99710,20180417,   64,    0
 18699, 99710,20180418,   58,    0
 18699, 99710,20180419,   87,    0
 18699, 99710,20180420,   88,    0
 18699, 99710,20180421,   61,    0
 18699, 99710,20180422,   64,    0
 18699, 99710,20180423,   56,    0
 18699, 99710,20180424,   47,    0
 18699, 99710,20180425,   46,    0
 18699, 99710,20180426,   52,    0
 18699, 99710,20180427,   53,    0
 18699, 99710,20180428,   34,    0
 18699, 99710,20180429,   33,    0
 18699, 99710,20180430,   72,    0
 18699, 99710,20180501,   69,    0
 18699, 99710,20180502,   79,    0
 18699, 99710,20180503,   55,    0
 18699, 99710,20180504,   58,    0
 18699, 99710,20180505,-9999,    9
 18699, 99710,20180506,   92,    0
 18699, 99710,20180507,  109,    0
 18699, 99710,20180508,  135,    0
 18699, 99710,20180509,  178,    0
 18699, 99710,20180510,  143,    0
 18699, 99710,20180511,   99,    0
 18699, 99710,20180512,  119,    0
 18699, 99710,20180513,  130,    0
 18699, 99710,20180514,  157,    0
 18699, 99710,20180515,  154,    0
 18699, 99710,20180516,-9999,    9
 18699, 99710,20180517,   90,    0
 18699, 99710,20180518,  110,    0
 18699, 99710,20180519,-9999,    9
 18699, 99710,20180520,  126,    0
 18699, 99710,20180521,  153,    0
 18699, 99710,20180522,  138,    0
 18699, 99710,20180523,  154,    0
 18699, 99710,20180524,  148,    0
 18699, 99710,20180525,  158,    0
 18699, 99710,20180526,-9999,    9
 18699, 99710,20180527,  189,    0
 18699, 99710,20180528,  183,    0
 18699, 99710,20180529,  185,    0
 18699, 99710,20180530,-9999,    9
 18699, 99710,20180531,  218,    0
 18699, 99710,20180601,  197,    0
 18699, 99710,20180602,  203,    0
 18699, 99710,20180603,  197,    0
 18699, 99710,20180604,  163,    0
 18699, 99710,20180605,  156,    0
 18699, 99710,20180606,-9999,    9
 18699, 99710,20180607,  162,    0
 18699, 99710,20180608,  180,    0
 18699, 99710,20180609,  192,    0
 18699, 99710,20180610,  170,    0
 18699, 99710,20180611,  120,    0
 18699, 99710,20180612,  138,    0
 18699, 99710,20180613,  133,    0
 18699, 99710,20180614,  114,    0
 18699, 99710,20180615,   90,    0
 18699, 99710,20180616,  118,    0
 18699, 99710,20180617,  120,    0
 18699, 99710,20180618,  106,    0
 18699, 99710,20180619,   81,    0
 18699, 99710,20180620,   82,    0
 18699, 99710,20180621,   84,    0
 18699, 99710,20180622,  107,    0
 18699, 99710,20180623,  114,    0
 18699, 99710,20180624,  120,    0
 18699, 99710,20180625,  135,    0
 18699, 99710,20180626,  152,    0
 18699, 99710,20180627,  158,    0
 18699, 99710,20180628,  154,    0
 18699, 99710,20180629,  149,    0
 18699, 99710,20180630,  158,    0
 18699, 99710,20180701,  173,    0
 18699, 99710,20180702,  160,    0
 18699, 99710,20180703,  159,    0
 18699, 99710,20180704,  186,    0
 18699, 99710,20180705,  152,    0
 18699, 99710,20180706,  138,    0
 18699, 99710,20180707,  137,    0
 18699, 99710,20180708,  150,    0
 18699, 99710,20180709,  152,    0
 18699, 99710,20180710,  195,    0
 18699, 99710,20180711,  196,    0
 18699, 99710,20180712,  179,    0
 18699, 99710,20180713,  150,    0
 18699, 99710,20180714,  160,    0
 18699, 99710,20180715,  175,    0
 18699, 99710,20180716,  194,    0
 18699, 99710,20180717,  178,    0
 18699, 99710,20180718,-9999,    9
 18699, 99710,20180719,-9999,    9
 18699, 99710,20180720,  160,    0
 18699, 99710,20180721,  156,    0
 18699, 99710,20180722,  166,    0
 18699, 99710,20180723,  177,    0
 18699, 99710,20180724,  181,    0
 18699, 99710,20180725,  161,    0
 18699, 99710,20180726,  162,    0
 18699, 99710,20180727,  206,    0
 18699, 99710,20180728,  202,    0
 18699, 99710,20180729,  190,    0
 18699, 99710,20180730,  191,    0
 18699, 99710,20180731,  182,    0
 18699, 99710,20180801,  162,    0
 18699, 99710,20180802,  143,    0
 18699, 99710,20180803,  154,    0
 18699, 99710,20180804,  146,    0
 18699, 99710,20180805,  114,    0
 18699, 99710,20180806,  115,    0
 18699, 99710,20180807,  163,    0
 18699, 99710,20180808,  157,    0
 18699, 99710,20180809,  134,    0
 18699, 99710,20180810,  110,    0
 18699, 99710,20180811,  110,    0
 18699, 99710,20180812,  104,    0
 18699, 99710,20180813,  108,    0
 18699, 99710,20180814,  136,    0
 18699, 99710,20180815,  135,    0
 18699, 99710,20180816,  134,    0
 18699, 99710,20180817,  105,    0
 18699, 99710,20180818,  114,    0
 18699, 99710,20180819,  110,    0
 18699, 99710,20180820,  102,    0
 18699, 99710,20180821,  104,    0
 18699, 99710,20180822,  120,    0
 18699, 99710,20180823,  111,    0
 18699, 99710,20180824,   96,    0
 18699, 99710,20180825,   89,    0
 18699, 99710,20180826,   86,    0
 18699, 99710,20180827,  109,    0
 18699, 99710,20180828,  116,    0
 18699, 99710,20180829,  110,    0
 18699, 99710,20180830,   99,    0
 18699, 99710,20180831,   98,    0
 18699, 99710,20180901,  115,    0
 18699, 99710,20180902,  128,    0
 18699, 99710,20180903,  136,    0
 18699, 99710,20180904,  133,    0
 18699, 99710,20180905,  130,    0
 18699, 99710,20180906,  128,    0
 18699, 99710,20180907,  145,    0
 18699, 99710,20180908,  133,    0
 18699, 99710,20180909,  118,    0
 18699, 99710,20180910,  100,    0
 18699, 99710,20180911,   92,    0
 18699, 99710,20180912,   76,    0
 18699, 99710,20180913,   76,    0
 18699, 99710,20180914,   76,    0
 18699, 99710,20180915,   66,    0
 18699, 99710,20180916,   75,    0
 18699, 99710,20180917,   85,    0
 18699, 99710,20180918,  133,    0
 18699, 99710,20180919,  129,    0
 18699, 99710,20180920,   98,    0
 18699, 99710,20180921,   75,    0
 18699, 99710,20180922,   68,    0
 18699, 99710,20180923,   57,    0
 18699, 99710,20180924,   40,    0
 18699, 99710,20180925,   66,    0
 18699, 99710,20180926,-9999,    9
 18699, 99710,20180927,-9999,    9
 18699, 99710,20180928,-9999,    9
 18699, 99710,20180929,-9999,    9
 18699, 99710,20180930,-9999,    9
 18699, 99710,20181001,-9999,    9
 18699, 99710,20181002,-9999,    9
 18699, 99710,20181003,-9999,    9
 18699, 99710,20181004,   59,    0
 18699, 99710,20181005,   46,    0
 18699, 99710,20181006,   41,    0
 18699, 99710,20181007,   41,    0
 18699, 99710,20181008,   72,    0
 18699, 99710,20181009,   93,    0
 18699, 99710,20181010,  101,    0
 18699, 99710,20181011,-9999,    9
 18699, 99710,20181012,  148,    0
 18699, 99710,20181013,  132,    0
 18699, 99710,20181014,  123,    0
 18699, 99710,20181015,   49,    0
 18699, 99710,20181016,   52,    0
 18699, 99710,20181017,-9999,    9
 18699, 99710,20181018,-9999,    9
 18699, 99710,20181019,   55,    0
 18699, 99710,20181020,   64,    0
 18699, 99710,20181021,   64,    0
 18699, 99710,20181022,-9999,    9
 18699, 99710,20181023,   41,    0
 18699, 99710,20181024,   21,    0
 18699, 99710,20181025,   45,    0
 18699, 99710,20181026,    7,    0
 18699, 99710,20181027,  -31,    0
 18699, 99710,20181028,  -50,    0
 18699, 99710,20181029,  -24,    0
 18699, 99710,20181030,   -9,    0
 18699, 99710,20181031,   40,    0
 18699, 99710,20181101,   60,    0
 18699, 99710,20181102,   45,    0
 18699, 99710,20181103,   36,    0
 18699, 99710,20181104,   91,    0
 18699, 99710,20181105,   65,    0
 18699, 99710,20181106,   36,    0
 18699, 99710,20181107,   60,    0
 18699, 99710,20181108,   88,    0
 18699, 99710,20181109,   27,    0
 18699, 99710,20181110,   97,    0
 18699, 99710,20181111,   94,    0
 18699, 99710,20181112,   55,    0
 18699, 99710,20181113,   47,    0
 18699, 99710,20181114,   58,    0
 18699, 99710,20181115,   72,    0
 18699, 99710,20181116,   67,    0
 18699, 99710,20181117,   27,    0
 18699, 99710,20181118,    5,    0
 18699, 99710,20181119,  -31,    0
 18699, 99710,20181120,  -53,    0
 18699, 99710,20181121,   -9,    0
 18699, 99710,20181122,  -55,    0
 18699, 99710,20181123,  -75,    0
 18699, 99710,20181124,  -79,    0
 18699, 99710,20181125,  -98,    0
 18699, 99710,20181126, -110,    0
 18699, 99710,20181127, -108,    0
 18699, 99710,20181128,  -20,    0
 18699, 99710,20181129,   49,    0
 18699, 99710,20181130,   48,    0
 18699, 99710,20181201,   21,    0
 18699, 99710,20181202,   21,    0
 18699, 99710,20181203,   18,    0
 18699, 99710,20181204,   -5,    0
 18699, 99710,20181205,  -12,    0
 18699, 99710,20181206,  -15,    0
 18699, 99710,20181207,   13,    0
 18699, 99710,20181208,   -8,    0
 18699, 99710,20181209,  -17,    0
 18699, 99710,20181210,   -9,    0
 18699, 99710,20181211,  -64,    0
 18699, 99710,20181212,  -96,    0
 18699, 99710,20181213, -112,    0
 18699, 99710,20181214, -116,    0
 18699, 99710,20181215,  -31,    0
 18699, 99710,20181216,   23,    0
 18699, 99710,20181217,  -31,    0
 18699, 99710,20181218,  -45,    0
 18699, 99710,20181219,   46,    0
 18699, 99710,20181220,   44,    0
 18699, 99710,20181221,   19,    0
 18699, 99710,20181222,   -9,    0
 18699, 99710,20181223,  -22,    0
 18699, 99710,20181224,  -10,    0
 18699, 99710,20181225,   13,    0
 18699, 99710,20181226,   22,    0
 18699, 99710,20181227,   28,    0
 18699, 99710,20181228,   26,    0
 18699, 99710,20181229,    7,    0
 18699, 99710,20181230,   -2,    0
 18699, 99710,20181231,   15,    0
 18699, 99710,20190101,   16,    0
 18699, 99710,20190102,  -15,    0
 18699, 99710,20190103,   -8,    0
 18699, 99710,20190104,   13,    0
 18699, 99710,20190105,   29,    0
 18699, 99710,20190106,   23,    0
 18699, 99710,20190107,    3,    0
 18699, 99710,20190108,  -20,    0
 18699, 99710,20190109,  -52,    0
 18699, 99710,20190110,  -12,    0
 18699, 99710,20190111,   -4,    0
 18699, 99710,20190112,   -8,    0
 18699, 99710,20190113,   -9,    0
 18699, 99710,20190114,  -34,    0
 18699, 99710,20190115,  -24,    0
 18699, 99710,20190116,   -3,    0
 18699, 99710,20190117,  -81,    0
 18699, 99710,20190118,-9999,    9
 18699, 99710,20190119,-9999,    9
 18699, 99710,20190120,  -29,    0
 18699, 99710,20190121,  -57,    0
 18699, 99710,20190122,  -46,    0
 18699, 99710,20190123,  -29,    0
 18699, 99710,20190124,  -31,    0
 18699, 99710,20190125,  -28,    0
 18699, 99710,20190126,  -21,    0
 18699, 99710,20190127,  -30,    0
 18699, 99710,20190128,  -86,    0
 18699, 99710,20190129,  -50,    0
 18699, 99710,20190130,-9999,    9
 18699, 99710,20190131,   -4,    0
 18699, 99710,20190201,  -14,    0
 18699, 99710,20190202,  -96,    0
 18699, 99710,20190203,  -88,    0
 18699, 99710,20190204,  -36,    0
 18699, 99710,20190205,  -72,    0
 18699, 99710,20190206,  -50,    0
 18699, 99710,20190207,    5,    0
 18699, 99710,20190208,    8,    0
 18699, 99710,20190209,   10,    0
 18699, 99710,20190210,   -6,    0
 18699, 99710,20190211,  -36,    0
 18699, 99710,20190212,  -15,    0
 18699, 99710,20190213,-9999,    9
 18699, 99710,20190214,-9999,    9
 18699, 99710,20190215,-9999,    9
 18699, 99710,20190216,   20,    0
 18699, 99710,20190217,   19,    0
 18699, 99710,20190218,   24,    0
 18699, 99710,20190219,   16,    0
 18699, 99710,20190220,  203,    0
 18699, 99710,20190221,-9999,    9
 18699, 99710,20190222,-9999,    9
 18699, 99710,20190223,   34,    0
 18699, 99710,20190224,   33,    0
 18699, 99710,20190225,   13,    0
 18699, 99710,20190226,   30,    0
 18699, 99710,20190227,   13,    0
 18699, 99710,20190228,   -4,    0
 18699, 99710,20190301,  -24,    0
 18699, 99710,20190302,  -12,    0
 18699, 99710,20190303,   19,    0
 18699, 99710,20190304,   16,    0
 18699, 99710,20190305,   13,    0
 18699, 99710,20190306,   20,    0
 18699, 99710,20190307,   12,    0
 18699, 99710,20190308,    1,    0
 18699, 99710,20190309,  -17,    0
 18699, 99710,20190310,  -85,    0
 18699, 99710,20190311,  -66,    0
 18699, 99710,20190312,    2,    0
 18699, 99710,20190313,  -11,    0
 18699, 99710,20190314,    9,    0
 18699, 99710,20190315,    4,    0
 18699, 99710,20190316,   12,    0
 18699, 99710,20190317,   19,    0
 18699, 99710,20190318,   -3,    0
 18699, 99710,20190319,   -9,    0
 18699, 99710,20190320,   21,    0
 18699, 99710,20190321,   28,    0
 18699, 99710,20190322,   31,    0
 18699, 99710,20190323,   18,    0
 18699, 99710,20190324,   11,    0
 18699, 99710,20190325,   17,    0
 18699, 99710,20190326,    8,    0
 18699, 99710,20190327,   39,    0
 18699, 99710,20190328,   64,    0
 18699, 99710,20190329,   64,    0
 18699, 99710,20190330,   22,    0
 18699, 99710,20190331,   -6,    0
 18699, 99710,20190401,   13,    0
 18699, 99710,20190402,   33,    0
 18699, 99710,20190403,   44,    0
 18699, 99710,20190404,   61,    0
 18699, 99710,20190405,   55,    0
 18699, 99710,20190406,   43,    0
 18699, 99710,20190407,   33,    0
 18699, 99710,20190408,   13,    0
 18699, 99710,20190409,-9999,    9
 18699, 99710,20190410,-9999,    9
 18699, 99710,20190411,-9999,    9
 18699, 99710,20190412,    3,    0
 18699, 99710,20190413,   10,    0
 18699, 99710,20190414,   17,    0
 18699, 99710,20190415,   27,    0
 18699, 99710,20190416,   46,    0
 18699, 99710,20190417,   59,    0
 18699, 99710,20190418,   56,    0
 18699, 99710,20190419,   72,    0
 18699, 99710,20190420,   81,    0
 18699, 99710,20190421,   96,    0
 18699, 99710,20190422,  100,    0
 18699, 99710,20190423,  121,    0
 18699, 99710,20190424,  111,    0
 18699, 99710,20190425,  127,    0
 18699, 99710,20190426,  117,    0
 18699, 99710,20190427,  115,    0
 18699, 99710,20190428,  115,    0
 18699, 99710,20190429,  121,    0
 18699, 99710,20190430,  122,    0
 18699, 99710,20190501,   86,    0
 18699, 99710,20190502,   49,    0
 18699, 99710,20190503,   28,    0
 18699, 99710,20190504,   33,    0
 18699, 99710,20190505,   32,    0
 18699, 99710,20190506,   31,    0
 18699, 99710,20190507,   22,    0
 18699, 99710,20190508,   28,    0
 18699, 99710,20190509,   41,    0
 18699, 99710,20190510,   50,    0
 18699, 99710,20190511,   51,    0
 18699, 99710,20190512,   39,    0
 18699, 99710,20190513,   60,    0
 18699, 99710,20190514,   91,    0
 18699, 99710,20190515,  109,    0
 18699, 99710,20190516,  119,    0
 18699, 99710,20190517,  142,    0
 18699, 99710,20190518,  133,    0
 18699, 99710,20190519,  142,    0
 18699, 99710,20190520,  147,    0
 18699, 99710,20190521,  161,    0
 18699, 99710,20190522,  119,    0
 18699, 99710,20190523,  103,    0
 18699, 99710,20190524,  104,    0
 18699, 99710,20190525,   88,    0
 18699, 99710,20190526,   80,    0
 18699, 99710,20190527,   82,    0
 18699, 99710,20190528,   51,    0
 18699, 99710,20190529,-9999,    9
 18699, 99710,20190530,-9999,    9
 18699, 99710,20190531,-9999,    9
 18699, 99710,20190601,   75,    0
 18699, 99710,20190602,  100,    0
 18699, 99710,20190603,  121,    0
 18699, 99710,20190604,  100,    0
 18699, 99710,20190605,  110,    0
 18699, 99710,20190606,  144,    0
 18699, 99710,20190607,  131,    0
 18699, 99710,20190608,  118,    0
 18699, 99710,20190609,  108,    0
 18699, 99710,20190610,   96,    0
 18699, 99710,20190611,  140,    0
 18699, 99710,20190612,  141,    0
 18699, 99710,20190613,  144,    0
 18699, 99710,20190614,  156,    0
 18699, 99710,20190615,  168,    0
 18699, 99710,20190616,  137,    0
 18699, 99710,20190617,  124,    0
 18699, 99710,20190618,  124,    0
 18699, 99710,20190619,  140,    0
 18699, 99710,20190620,  128,    0
 18699, 99710,20190621,   99,    0
 18699, 99710,20190622,   87,    0
 18699, 99710,20190623,  105,    0
 18699, 99710,20190624,  122,    0
 18699, 99710,20190625,  130,    0
 18699, 99710,20190626,  137,    0
 18699, 99710,20190627,  139,    0
 18699, 99710,20190628,  141,    0
 18699, 99710,20190629,  155,    0
 18699, 99710,20190630,  139,    0
 18699, 99710,20190701,  114,    0
 18699, 99710,20190702,   85,    0
 18699, 99710,20190703,   74,    0
 18699, 99710,20190704,   93,    0
 18699, 99710,20190705,  103,    0
 18699, 99710,20190706,  121,    0
 18699, 99710,20190707,  116,    0
 18699, 99710,20190708,  127,    0
 18699, 99710,20190709,  127,    0
 18699, 99710,20190710,  158,    0
 18699, 99710,20190711,  162,    0
 18699, 99710,20190712,  172,    0
 18699, 99710,20190713,  154,    0
 18699, 99710,20190714,  130,    0
 18699, 99710,20190715,  146,    0
 18699, 99710,20190716,  150,    0
 18699, 99710,20190717,  149,    0
 18699, 99710,20190718,  149,    0
 18699, 99710,20190719,  154,    0
 18699, 99710,20190720,  136,    0
 18699, 99710,20190721,  134,    0
 18699, 99710,20190722,  130,    0
 18699, 99710,20190723,  163,    0
 18699, 99710,20190724,  196,    0
 18699, 99710,20190725,  206,    0
 18699, 99710,20190726,  221,    0
 18699, 99710,20190727,  224,    0
 18699, 99710,20190728,  228,    0
 18699, 99710,20190729,  216,    0
 18699, 99710,20190730,  187,    0
 18699, 99710,20190731,  141,    0
 18699, 99710,20190801,  160,    0
 18699, 99710,20190802,-9999,    9
 18699, 99710,20190803,-9999,    9
 18699, 99710,20190804,-9999,    9
 18699, 99710,20190805,-9999,    9
 18699, 99710,20190806,-9999,    9
 18699, 99710,20190807,-9999,    9
 18699, 99710,20190808,-9999,    9
 18699, 99710,20190809,-9999,    9
 18699, 99710,20190810,-9999,    9
 18699, 99710,20190811,-9999,    9
 18699, 99710,20190812,-9999,    9
 18699, 99710,20190813,-9999,    9
 18699, 99710,20190814,-9999,    9
 18699, 99710,20190815,-9999,    9
 18699, 99710,20190816,-9999,    9
 18699, 99710,20190817,-9999,    9
 18699, 99710,20190818,-9999,    9
 18699, 99710,20190819,-9999,    9
 18699, 99710,20190820,-9999,    9
 18699, 99710,20190821,-9999,    9
 18699, 99710,20190822,-9999,    9
 18699, 99710,20190823,-9999,    9
 18699, 99710,20190824,-9999,    9
 18699, 99710,20190825,-9999,    9
 18699, 99710,20190826,-9999,    9
 18699, 99710,20190827,-9999,    9
 18699, 99710,20190828,  185,    0
 18699, 99710,20190829,  142,    0
 18699, 99710,20190830,  127,    0
 18699, 99710,20190831,  157,    0
 18699, 99710,20190901,  116,    0
 18699, 99710,20190902,   84,    0
 18699, 99710,20190903,   90,    0
 18699, 99710,20190904,   79,    0
 18699, 99710,20190905,   91,    0
 18699, 99710,20190906,   85,    0
 18699, 99710,20190907,  105,    0
 18699, 99710,20190908,   83,    0
 18699, 99710,20190909,   90,    0
 18699, 99710,20190910,-9999,    9
 18699, 99710,20190911,  113,    0
 18699, 99710,20190912,   99,    0
 18699, 99710,20190913,   75,    0
 18699, 99710,20190914,   82,    0
 18699, 99710,20190915,   73,    0
 18699, 99710,20190916,   55,    0
 18699, 99710,20190917,   50,    0
 18699, 99710,20190918,   56,    0
 18699, 99710,20190919,   39,    0
 18699, 99710,20190920,   80,    0
 18699, 99710,20190921,   87,    0
 18699, 99710,20190922,   88,    0
 18699, 99710,20190923,  106,    0
 18699, 99710,20190924,   84,    0
 18699, 99710,20190925,  101,    0
 18699, 99710,20190926,  111,    0
 18699, 99710,20190927,  125,    0
 18699, 99710,20190928,   95,    0
 18699, 99710,20190929,  102,    0
 18699, 99710,20190930,   57,    0
 18699, 99710,20191001,   54,    0
 18699, 99710,20191002,   55,    0
 18699, 99710,20191003,   48,    0
 18699, 99710,20191004,   40,    0
 18699, 99710,20191005,   -2,    0
 18699, 99710,20191006,   -7,    0
 18699, 99710,20191007,    7,    0
 18699, 99710,20191008,   43,    0
 18699, 99710,20191009,   61,    0
 18699, 99710,20191010,   67,    0
 18699, 99710,20191011,   53,    0
 18699, 99710,20191012,   61,    0
 18699, 99710,20191013,   51,    0
 18699, 99710,20191014,   42,    0
 18699, 99710,20191015,   64,    0
 18699, 99710,20191016,   89,    0
 18699, 99710,20191017,   75,    0
 18699, 99710,20191018,   60,    0
 18699, 99710,20191019,   37,    0
 18699, 99710,20191020,   11,    0
 18699, 99710,20191021,   22,    0
 18699, 99710,20191022,   72,    0
 18699, 99710,20191023,-9999,    9
 18699, 99710,20191024,-9999,    9
 18699, 99710,20191025,-9999,    9
 18699, 99710,20191026,-9999,    9
 18699, 99710,20191027,    2,    0
 18699, 99710,20191028,   -6,    0
 18699, 99710,20191029,  -30,    0
 18699, 99710,20191030,   -5,    0
 18699, 99710,20191031,   26,    0
 18699, 99710,20191101,   17,    0
 18699, 99710,20191102,  -22,    0
 18699, 99710,20191103,   13,    0
 18699, 99710,20191104,   -2,    0
 18699, 99710,20191105,  -23,    0
 18699, 99710,20191106,   -8,    0
 18699, 99710,20191107,   -5,    0
 18699, 99710,20191108,  -65,    0
 18699, 99710,20191109,  -51,    0
 18699, 99710,20191110,  -87,    0
 18699, 99710,20191111,  -92,    0
 18699, 99710,20191112,  -19,    0
 18699, 99710,20191113,  -14,    0
 18699, 99710,20191114,  -36,    0
 18699, 99710,20191115,  -43,    0
 18699, 99710,20191116,   -5,    0
 18699, 99710,20191117,  -11,    0
 18699, 99710,20191118,   -7,    0
 18699, 99710,20191119,  -16,    0
 18699, 99710,20191120,  -78,    0
 18699, 99710,20191121,  -19,    0
 18699, 99710,20191122,   15,    0
 18699, 99710,20191123,   11,    0
 18699, 99710,20191124,   37,    0
 18699, 99710,20191125,   29,    0
 18699, 99710,20191126,   11,    0
 18699, 99710,20191127,   16,    0
 18699, 99710,20191128,   -2,    0
 18699, 99710,20191129,  -39,    0
 18699, 99710,20191130,  -25,    0
 18699, 99710,20191201,   -9,    0
 18699, 99710,20191202,  -27,    0
 18699, 99710,20191203,    7,    0
 18699, 99710,20191204,   33,    0
 18699, 99710,20191205,   35,    0
 18699, 99710,20191206,   25,    0
 18699, 99710,20191207,-9999,    9
 18699, 99710,20191208,    3,    0
 18699, 99710,20191209,   -4,    0
 18699, 99710,20191210,  -18,    0
 18699, 99710,20191211,   18,    0
 18699, 99710,20191212,   16,    0
 18699, 99710,20191213,   24,    0
 18699, 99710,20191214,-9999,    9
 18699, 99710,20191215,    9,    0
 18699, 99710,20191216,   -9,    0
 18699, 99710,20191217,   -7,    0
 18699, 99710,20191218,   -6,    0
 18699, 99710,20191219,    4,    0
 18699, 99710,20191220,   38,    0
 18699, 99710,20191221,-9999,    9
 18699, 99710,20191222,-9999,    9
 18699, 99710,20191223,-9999,    9
 18699, 99710,20191224,    3,    0
 18699, 99710,20191225,    2,    0
 18699, 99710,20191226,  -31,    0
 18699, 99710,20191227,  -78,    0
 18699, 99710,20191228,    0,    0
 18699, 99710,20191229,   34,    0
 18699, 99710,20191230,   31,    0
 18699, 99710,20191231,   11,    0
 18699, 99710,20200101,   36,    0
 18699, 99710,20200102,   61,    0
 18699, 99710,20200103,    4,    0
 18699, 99710,20200104,  -15,    0
 18699, 99710,20200105,-9999,    9
 18699, 99710,20200106,-9999,    9
 18699, 99710,20200107,   22,    0
 18699, 99710,20200108,   20,    0
 18699, 99710,20200109,    3,    0
 18699, 99710,20200110,  -43,    0
 18699, 99710,20200111,    7,    0
 18699, 99710,20200112,-9999,    9
 18699, 99710,20200113,-9999,    9
 18699, 99710,20200114,-9999,    9
 18699, 99710,20200115,-9999,    9
 18699, 99710,20200116,   22,    0
 18699, 99710,20200117,   29,    0
 18699, 99710,20200118,   21,    0
 18699, 99710,20200119,    6,    0
 18699, 99710,20200120,   34,    0
 18699, 99710,20200121,   30,    0
 18699, 99710,20200122,    1,    0
 18699, 99710,20200123,   21,    0
 18699, 99710,20200124,   17,    0
 18699, 99710,20200125,   27,    0
 18699, 99710,20200126,   37,    0
 18699, 99710,20200127,-9999,    9
 18699, 99710,20200128,-9999,    9
 18699, 99710,20200129,    0,    0
 18699, 99710,20200130,   -1,    0
 18699, 99710,20200131,   17,    0
 18699, 99710,20200201,   21,    0
 18699, 99710,20200202,    0,    0
 18699, 99710,20200203,  -19,    0
 18699, 99710,20200204,  -34,    0
 18699, 99710,20200205,    0,    0
 18699, 99710,20200206,   24,    0
 18699, 99710,20200207,   -1,    0
 18699, 99710,20200208,   26,    0
 18699, 99710,20200209,   36,    0
 18699, 99710,20200210,   12,    0
 18699, 99710,20200211,    1,    0
 18699, 99710,20200212,    0,    0
 18699, 99710,20200213,  -10,    0
 18699, 99710,20200214,   -2,    0
 18699, 99710,20200215,   16,    0
 18699, 99710,20200216,   19,    0
 18699, 99710,20200217,   21,    0
 18699, 99710,20200218,   12,    0
 18699, 99710,20200219,    7,    0
 18699, 99710,20200220,   16,    0
 18699, 99710,20200221,   14,    0
 18699, 99710,20200222,    9,    0
 18699, 99710,20200223,    4,    0
 18699, 99710,20200224,  -11,    0
 18699, 99710,20200225,  -39,    0
 18699, 99710,20200226,  -31,    0
 18699, 99710,20200227,  -12,    0
 18699, 99710,20200228,  -11,    0
 18699, 99710,20200229,    0,    0
 18699, 99710,20200301,    0,    0
 18699, 99710,20200302,    9,    0
 18699, 99710,20200303,   24,    0
 18699, 99710,20200304,    8,    0
 18699, 99710,20200305,    4,    0
 18699, 99710,20200306,  -12,    0
 18699, 99710,20200307,   -1,    0
 18699, 99710,20200308,   25,    0
 18699, 99710,20200309,   21,    0
 18699, 99710,20200310,   26,    0
 18699, 99710,20200311,   10,    0
 18699, 99710,20200312,    7,    0
 18699, 99710,20200313,  -19,    0
 18699, 99710,20200314,  -31,    0
 18699, 99710,20200315,   19,    0
 18699, 99710,20200316,   19,    0
 18699, 99710,20200317,   21,    0
 18699, 99710,20200318,    9,    0
 18699, 99710,20200319,   12,    0
 18699, 99710,20200320,-9999,    9
 18699, 99710,20200321,-9999,    9
 18699, 99710,20200322,-9999,    9
 18699, 99710,20200323,-9999,    9
 18699, 99710,20200324,-9999,    9
 18699, 99710,20200325,-9999,    9
 18699, 99710,20200326,-9999,    9
 18699, 99710,20200327,   31,    0
 18699, 99710,20200328,    3,    0
 18699, 99710,20200329,  -13,    0
 18699, 99710,20200330,   10,    0
 18699, 99710,20200331,   17,    0
 18699, 99710,20200401,   27,    0
 18699, 99710,20200402,    1,    0
 18699, 99710,20200403,   -7,    0
 18699, 99710,20200404,    1,    0
 18699, 99710,20200405,   29,    0
 18699, 99710,20200406,   78,    0
 18699, 99710,20200407,   52,    0
 18699, 99710,20200408,   52,    0
 18699, 99710,20200409,   22,    0
 18699, 99710,20200410,   20,    0
 18699, 99710,20200411,-9999,    9
 18699, 99710,20200412,-9999,    9
 18699, 99710,20200413,-9999,    9
 18699, 99710,20200414,-9999,    9
 18699, 99710,20200415,-9999,    9
 18699, 99710,20200416,-9999,    9
 18699, 99710,20200417,   18,    0
 18699, 99710,20200418,   27,    0
 18699, 99710,20200419,   45,    0
 18699, 99710,20200420,   63,    0
 18699, 99710,20200421,   73,    0
 18699, 99710,20200422,   73,    0
 18699, 99710,20200423,   66,    0
 18699, 99710,20200424,   55,    0
 18699, 99710,20200425,   48,    0
 18699, 99710,20200426,   51,    0
 18699, 99710,20200427,   41,    0
 18699, 99710,20200428,   42,    0
 18699, 99710,20200429,   45,    0
 18699, 99710,20200430,   48,    0
 18699, 99710,20200501,   53,    0
 18699, 99710,20200502,   47,    0
 18699, 99710,20200503,   44,    0
 18699, 99710,20200504,   27,    0
 18699, 99710,20200505,   38,    0
 18699, 99710,20200506,   56,    0
 18699, 99710,20200507,   56,    0
 18699, 99710,20200508,   56,    0
 18699, 99710,20200509,   49,    0
 18699, 99710,20200510,   24,    0
 18699, 99710,20200511,   24,    0
 18699, 99710,20200512,   20,    0
 18699, 99710,20200513,   10,    0
 18699, 99710,20200514,   28,    0
 18699, 99710,20200515,   35,    0
 18699, 99710,20200516,   15,    0
 18699, 99710,20200517,   34,    0
 18699, 99710,20200518,   56,    0
 18699, 99710,20200519,   56,    0
 18699, 99710,20200520,   76,    0
 18699, 99710,20200521,  115,    0
 18699, 99710,20200522,  101,    0
 18699, 99710,20200523,   89,    0
 18699, 99710,20200524,   81,    0
 18699, 99710,20200525,  103,    0
 18699, 99710,20200526,   89,    0
 18699, 99710,20200527,   81,    0
 18699, 99710,20200528,   76,    0
 18699, 99710,20200529,   98,    0
 18699, 99710,20200530,  132,    0
 18699, 99710,20200531,  138,    0
 18699, 99710,20200601,  145,    0
 18699, 99710,20200602,  125,    0
 18699, 99710,20200603,  138,    0
 18699, 99710,20200604,  107,    0
 18699, 99710,20200605,  134,    0
 18699, 99710,20200606,  100,    0
 18699, 99710,20200607,   97,    0
 18699, 99710,20200608,  105,    0
 18699, 99710,20200609,  125,    0
 18699, 99710,20200610,  125,    0
 18699, 99710,20200611,  163,    0
 18699, 99710,20200612,  171,    0
 18699, 99710,20200613,  194,    0
 18699, 99710,20200614,  178,    0
 18699, 99710,20200615,  176,    0
 18699, 99710,20200616,  195,    0
 18699, 99710,20200617,  195,    0
 18699, 99710,20200618,  199,    0
 18699, 99710,20200619,  210,    0
 18699, 99710,20200620,  190,    0
 18699, 99710,20200621,  151,    0
 18699, 99710,20200622,  143,    0
 18699, 99710,20200623,  151,    0
 18699, 99710,20200624,  185,    0
 18699, 99710,20200625,  195,    0
 18699, 99710,20200626,  201,    0
 18699, 99710,20200627,-9999,    9
 18699, 99710,20200628,  174,    0
 18699, 99710,20200629,  147,    0
 18699, 99710,20200630,-9999,    9
 18699, 99710,20200701,  115,    0
 18699, 99710,20200702,   79,    0
 18699, 99710,20200703,   60,    0
 18699, 99710,20200704,  107,    0
 18699, 99710,20200705,  106,    0
 18699, 99710,20200706,   98,    0
 18699, 99710,20200707,   85,    0
 18699, 99710,20200708,   94,    0
 18699, 99710,20200709,  106,    0
 18699, 99710,20200710,  108,    0
 18699, 99710,20200711,  102,    0
 18699, 99710,20200712,   94,    0
 18699, 99710,20200713,  116,    0
 18699, 99710,20200714,  128,    0
 18699, 99710,20200715,  148,    0
 18699, 99710,20200716,  162,    0
 18699, 99710,20200717,  134,    0
 18699, 99710,20200718,  131,    0
 18699, 99710,20200719,  122,    0
 18699, 99710,20200720,  109,    0
 18699, 99710,20200721,   98,    0
 18699, 99710,20200722,   96,    0
 18699, 99710,20200723,   99,    0
 18699, 99710,20200724,  123,    0
 18699, 99710,20200725,  126,    0
 18699, 99710,20200726,  143,    0
 18699, 99710,20200727,  139,    0
 18699, 99710,20200728,  157,    0
 18699, 99710,20200729,  137,    0
 18699, 99710,20200730,  131,    0
 18699, 99710,20200731,  160,    0
 18699, 99710,20200801,  181,    0
 18699, 99710,20200802,  138,    0
 18699, 99710,20200803,  116,    0
 18699, 99710,20200804,  115,    0
 18699, 99710,20200805,  125,    0
 18699, 99710,20200806,  160,    0
 18699, 99710,20200807,  169,    0
 18699, 99710,20200808,  154,    0
 18699, 99710,20200809,  137,    0
 18699, 99710,20200810,  161,    0
 18699, 99710,20200811,  170,    0
 18699, 99710,20200812,  180,    0
 18699, 99710,20200813,  180,    0
 18699, 99710,20200814,  174,    0
 18699, 99710,20200815,  166,    0
 18699, 99710,20200816,  174,    0
 18699, 99710,20200817,  184,    0
 18699, 99710,20200818,  185,    0
 18699, 99710,20200819,  165,    0
 18699, 99710,20200820,  173,    0
 18699, 99710,20200821,  162,    0
 18699, 99710,20200822,  139,    0
 18699, 99710,20200823,  111,    0
 18699, 99710,20200824,-9999,    9
 18699, 99710,20200825,-9999,    9
 18699, 99710,20200826,   99,    0
 18699, 99710,20200827,  112,    0
 18699, 99710,20200828,  107,    0
 18699, 99710,20200829,  112,    0
 18699, 99710,20200830,  107,    0
 18699, 99710,20200831,   88,    0
 18699, 99710,20200901,   98,    0
 18699, 99710,20200902,  110,    0
 18699, 99710,20200903,  117,    0
 18699, 99710,20200904,  106,    0
 18699, 99710,20200905,   84,    0
 18699, 99710,20200906,   91,    0
 18699, 99710,20200907,   87,    0
 18699, 99710,20200908,  101,    0
 18699, 99710,20200909,   91,    0
 18699, 99710,20200910,   70,    0
 18699, 99710,20200911,   82,    0
 18699, 99710,20200912,   79,    0
 18699, 99710,20200913,   78,    0
 18699, 99710,20200914,  120,    0
 18699, 99710,20200915,  128,    0
 18699, 99710,20200916,   86,    0
 18699, 99710,20200917,   66,    0
 18699, 99710,20200918,   94,    0
 18699, 99710,20200919,  101,    0
 18699, 99710,20200920,   95,    0
 18699, 99710,20200921,  119,    0
 18699, 99710,20200922,  103,    0
 18699, 99710,20200923,   98,    0
 18699, 99710,20200924,   88,    0
 18699, 99710,20200925,   76,    0
 18699, 99710,20200926,   82,    0
 18699, 99710,20200927,   99,    0
 18699, 99710,20200928,  134,    0
 18699, 99710,20200929,  118,    0
 18699, 99710,20200930,  119,    0
 18699, 99710,20201001,  139,    0
 18699, 99710,20201002,  138,    0
 18699, 99710,20201003,  145,    0
 18699, 99710,20201004,  139,    0
 18699, 99710,20201005,  105,    0
 18699, 99710,20201006,   93,    0
 18699, 99710,20201007,   89,    0
 18699, 99710,20201008,   88,    0
 18699, 99710,20201009,   59,    0
 18699, 99710,20201010,   55,    0
 18699, 99710,20201011,   25,    0
 18699, 99710,20201012,   30,    0
 18699, 99710,20201013,   11,    0
 18699, 99710,20201014,    0,    0
 18699, 99710,20201015,    2,    0
 18699, 99710,20201016,   13,    0
 18699, 99710,20201017,   20,    0
 18699, 99710,20201018,    4,    0
 18699, 99710,20201019,    6,    0
 18699, 99710,20201020,   27,    0
 18699, 99710,20201021,   44,    0
 18699, 99710,20201022,   57,    0
 18699, 99710,20201023,   28,    0
 18699, 99710,20201024,   46,    0
 18699, 99710,20201025,   65,    0
 18699, 99710,20201026,   36,    0
 18699, 99710,20201027,   27,    0
 18699, 99710,20201028,   44,    0
 18699, 99710,20201029,   44,    0
 18699, 99710,20201030,   51,    0
 18699, 99710,20201031,   58,    0
 18699, 99710,20201101,   70,    0
 18699, 99710,20201102,   61,    0
 18699, 99710,20201103,   45,    0
 18699, 99710,20201104,   38,    0
 18699, 99710,20201105,   75,    0
 18699, 99710,20201106,   69,    0
 18699, 99710,20201107,   52,    0
 18699, 99710,20201108,   46,    0
 18699, 99710,20201109,   11,    0
 18699, 99710,20201110,   32,    0
 18699, 99710,20201111,   67,    0
 18699, 99710,20201112,   89,    0
 18699, 99710,20201113,   83,    0
 18699, 99710,20201114,   48,    0
 18699, 99710,20201115,   90,    0
 18699, 99710,20201116,   59,    0
 18699, 99710,20201117,   53,    0
 18699, 99710,20201118,   88,    0
 18699, 99710,20201119,    6,    0
 18699, 99710,20201120,  -24,    0
 18699, 99710,20201121,   15,    0
 18699, 99710,20201122,   22,    0
 18699, 99710,20201123,   21,    0
 18699, 99710,20201124,   38,    0
 18699, 99710,20201125,   45,    0
 18699, 99710,20201126,   21,    0
 18699, 99710,20201127,   -9,    0
 18699, 99710,20201128,  -27,    0
 18699, 99710,20201129,    2,    0
 18699, 99710,20201130,   23,    0
 18699, 99710,20201201,  -12,    0
 18699, 99710,20201202,    5,    0
 18699, 99710,20201203,   32,    0
 18699, 99710,20201204,   24,    0
 18699, 99710,20201205,   -4,    0
 18699, 99710,20201206,  -13,    0
 18699, 99710,20201207,-9999,    9
 18699, 99710,20201208,-9999,    9
 18699, 99710,20201209,    0,    0
 18699, 99710,20201210,   35,    0
 18699, 99710,20201211,   38,    0
 18699, 99710,20201212,   27,    0
 18699, 99710,20201213,   33,    0
 18699, 99710,20201214,-9999,    9
 18699, 99710,20201215,   25,    0
 18699, 99710,20201216,   23,    0
 18699, 99710,20201217,   43,    0
 18699, 99710,20201218,   40,    0
 18699, 99710,20201219,   72,    0
 18699, 99710,20201220,   44,    0
 18699, 99710,20201221,   30,    0
 18699, 99710,20201222,-9999,    9
 18699, 99710,20201223,   17,    0
 18699, 99710,20201224,  -25,    0
 18699, 99710,20201225,  -57,    0
 18699, 99710,20201226,   -2,    0
 18699, 99710,20201227,-9999,    9
 18699, 99710,20201228,    7,    0
 18699, 99710,20201229,   -3,    0
 18699, 99710,20201230,   -1,    0
 18699, 99710,20201231,  -17,    0
 18699, 99710,20210101,  -45,    0
 18699, 99710,20210102,  -44,    0
 18699, 99710,20210103,  -91,    0
 18699, 99710,20210104, -109,    0
 18699, 99710,20210105, -106,    0
 18699, 99710,20210106, -136,    0
 18699, 99710,20210107, -143,    0
 18699, 99710,20210108, -140,    0
 18699, 99710,20210109,  -63,    0
 18699, 99710,20210110,  -18,    0
 18699, 99710,20210111,  -53,    0
 18699, 99710,20210112,  -57,    0
 18699, 99710,20210113,  -95,    0
 18699, 99710,20210114, -164,    0
 18699, 99710,20210115, -181,    0
 18699, 99710,20210116, -163,    0
 18699, 99710,20210117,  -16,    0
 18699, 99710,20210118,  -12,    0
 18699, 99710,20210119,  -22,    0
 18699, 99710,20210120,  -11,    0
 18699, 99710,20210121,   24,    0
 18699, 99710,20210122,   18,    0
 18699, 99710,20210123,    5,    0
 18699, 99710,20210124,  -34,    0
 18699, 99710,20210125, -115,    0
 18699, 99710,20210126,  -62,    0
 18699, 99710,20210127, -120,    0
 18699, 99710,20210128, -124,    0
 18699, 99710,20210129, -106,    0
 18699, 99710,20210130,  -65,    0
 18699, 99710,20210131,  -45,    0
 18699, 99710,20210201, -129,    0
 18699, 99710,20210202, -132,    0
 18699, 99710,20210203, -154,    0
 18699, 99710,20210204, -171,    0
 18699, 99710,20210205, -171,    0
 18699, 99710,20210206, -159,    0
 18699, 99710,20210207, -151,    0
 18699, 99710,20210208, -163,    0
 18699, 99710,20210209, -146,    0
 18699, 99710,20210210, -157,    0
 18699, 99710,20210211, -152,    0
 18699, 99710,20210212, -180,    0
 18699, 99710,20210213, -178,    0
 18699, 99710,20210214, -129,    0
 18699, 99710,20210215,   -9,    0
 18699, 99710,20210216,   -7,    0
 18699, 99710,20210217,    0,    0
 18699, 99710,20210218,   22,    0
 18699, 99710,20210219,   39,    0
 18699, 99710,20210220,   28,    0
 18699, 99710,20210221,   32,    0
 18699, 99710,20210222,   23,    0
 18699, 99710,20210223,   34,    0
 18699, 99710,20210224,   48,    0
 18699, 99710,20210225,   41,    0
 18699, 99710,20210226,   38,    0
 18699, 99710,20210227,   37,    0
 18699, 99710,20210228,   23,    0
 18699, 99710,20210301,   25,    0
 18699, 99710,20210302,   29,    0
 18699, 99710,20210303,   22,    0
 18699, 99710,20210304,  -21,    0
 18699, 99710,20210305,   -9,    0
 18699, 99710,20210306,   16,    0
 18699, 99710,20210307,  -14,    0
 18699, 99710,20210308,  -33,    0
 18699, 99710,20210309,  -17,    0
 18699, 99710,20210310,   18,    0
 18699, 99710,20210311,   32,    0
 18699, 99710,20210312,    5,    0
 18699, 99710,20210313,    8,    0
 18699, 99710,20210314,    8,    0
 18699, 99710,20210315,   -5,    0
 18699, 99710,20210316,   -4,    0
 18699, 99710,20210317,  -13,    0
 18699, 99710,20210318,   11,    0
 18699, 99710,20210319,   12,    0
 18699, 99710,20210320,   26,    0
 18699, 99710,20210321,-9999,    9
 18699, 99710,20210322,   30,    0
 18699, 99710,20210323,   46,    0
 18699, 99710,20210324,   33,    0
 18699, 99710,20210325,   23,    0
 18699, 99710,20210326,   43,    0
 18699, 99710,20210327,   24,    0
 18699, 99710,20210328,   28,    0
 18699, 99710,20210329,   46,    0
 18699, 99710,20210330,   49,    0
 18699, 99710,20210331,   40,    0
 18699, 99710,20210401,   21,    0
 18699, 99710,20210402,   28,    0
 18699, 99710,20210403,   21,    0
 18699, 99710,20210404,   26,    0
 18699, 99710,20210405,  -10,    0
 18699, 99710,20210406,    5,    0
 18699, 99710,20210407,   14,    0
 18699, 99710,20210408,  -10,    0
 18699, 99710,20210409,    3,    0
 18699, 99710,20210410,    5,    0
 18699, 99710,20210411,    3,    0
 18699, 99710,20210412,   21,    0
 18699, 99710,20210413,    9,    0
 18699, 99710,20210414,    5,    0
 18699, 99710,20210415,   10,    0
 18699, 99710,20210416,   21,    0
 18699, 99710,20210417,-9999,    9
 18699, 99710,20210418,   55,    0
 18699, 99710,20210419,   64,    0
 18699, 99710,20210420,   56,    0
 18699, 99710,20210421,   36,    0
 18699, 99710,20210422,   35,    0
 18699, 99710,20210423,   30,    0
 18699, 99710,20210424,    6,    0
 18699, 99710,20210425,    7,    0
 18699, 99710,20210426,   20,    0
 18699, 99710,20210427,   33,    0
 18699, 99710,20210428,   28,    0
 18699, 99710,20210429,   29,    0
 18699, 99710,20210430,   35,    0
 18699, 99710,20210501,   40,    0
 18699, 99710,20210502,   43,    0
 18699, 99710,20210503,   37,    0
 18699, 99710,20210504,   40,    0
 18699, 99710,20210505,   51,    0
 18699, 99710,20210506,   49,    0
 18699, 99710,20210507,   51,    0
 18699, 99710,20210508,   41,    0
 18699, 99710,20210509,   78,    0
 18699, 99710,20210510,-9999,    9
 18699, 99710,20210511,-9999,    9
 18699, 99710,20210512,  100,    0
 18699, 99710,20210513,  115,    0
 18699, 99710,20210514,  132,    0
 18699, 99710,20210515,  124,    0
 18699, 99710,20210516,   81,    0
 18699, 99710,20210517,   93,    0
 18699, 99710,20210518,   70,    0
 18699, 99710,20210519,   81,    0
 18699, 99710,20210520,   82,    0
 18699, 99710,20210521,   95,    0
 18699, 99710,20210522,  105,    0
 18699, 99710,20210523,  101,    0
 18699, 99710,20210524,  101,    0
 18699, 99710,20210525,  105,    0
 18699, 99710,20210526,  116,    0
 18699, 99710,20210527,  108,    0
 18699, 99710,20210528,  124,    0
 18699, 99710,20210529,  145,    0
 18699, 99710,20210530,  145,    0
 18699, 99710,20210531,  171,    0
 18699, 99710,20210601,  171,    0
 18699, 99710,20210602,  165,    0
 18699, 99710,20210603,  164,    0
 18699, 99710,20210604,  171,    0
 18699, 99710,20210605,  174,    0
 18699, 99710,20210606,  144,    0
 18699, 99710,20210607,  146,    0
 18699, 99710,20210608,  148,    0
 18699, 99710,20210609,  154,    0
 18699, 99710,20210610,  134,    0
 18699, 99710,20210611,  139,    0
 18699, 99710,20210612,   95,    0
 18699, 99710,20210613,   92,    0
 18699, 99710,20210614,   97,    0
 18699, 99710,20210615,   92,    0
 18699, 99710,20210616,  108,    0
 18699, 99710,20210617,  147,    0
 18699, 99710,20210618,  129,    0
 18699, 99710,20210619,  111,    0
 18699, 99710,20210620,  130,    0
 18699, 99710,20210621,  121,    0
 18699, 99710,20210622,  141,    0
 18699, 99710,20210623,  143,    0
 18699, 99710,20210624,  155,    0
 18699, 99710,20210625,  175,    0
 18699, 99710,20210626,  172,    0
 18699, 99710,20210627,  164,    0
 18699, 99710,20210628,  139,    0
 18699, 99710,20210629,  158,    0
 18699, 99710,20210630,  184,    0
 18699, 99710,20210701,  177,    0
 18699, 99710,20210702,  206,    0
 18699, 99710,20210703,  184,    0
 18699, 99710,20210704,  180,    0
 18699, 99710,20210705,  170,    0
 18699, 99710,20210706,  168,    0
 18699, 99710,20210707,  156,    0
 18699, 99710,20210708,  152,    0
 18699, 99710,20210709,  146,    0
 18699, 99710,20210710,  155,    0
 18699, 99710,20210711,  139,    0
 18699, 99710,20210712,  158,    0
 18699, 99710,20210713,  189,    0
 18699, 99710,20210714,  182,    0
 18699, 99710,20210715,  166,    0
 18699, 99710,20210716,  152,    0
 18699, 99710,20210717,  144,    0
 18699, 99710,20210718,  116,    0
 18699, 99710,20210719,  124,    0
 18699, 99710,20210720,  127,    0
 18699, 99710,20210721,  142,    0
 18699, 99710,20210722,  142,    0
 18699, 99710,20210723,  178,    0
 18699, 99710,20210724,  184,    0
 18699, 99710,20210725,  200,    0
 18699, 99710,20210726,  212,    0
 18699, 99710,20210727,  187,    0
 18699, 99710,20210728,  166,    0
 18699, 99710,20210729,  160,    0
 18699, 99710,20210730,  175,    0
 18699, 99710,20210731,  146,    0
 18699, 99710,20210801,  143,    0
 18699, 99710,20210802,  123,    0
 18699, 99710,20210803,  124,    0
 18699, 99710,20210804,  126,    0
 18699, 99710,20210805,  134,    0
 18699, 99710,20210806,  163,    0
 18699, 99710,20210807,  171,    0
 18699, 99710,20210808,  156,    0
 18699, 99710,20210809,  149,    0
 18699, 99710,20210810,  152,    0
 18699, 99710,20210811,  156,    0
 18699, 99710,20210812,-9999,    9
 18699, 99710,20210813,  128,    0
 18699, 99710,20210814,  119,    0
 18699, 99710,20210815,  111,    0
 18699, 99710,20210816,  130,    0
 18699, 99710,20210817,  132,    0
 18699, 99710,20210818,  112,    0
 18699, 99710,20210819,  112,    0
 18699, 99710,20210820,  122,    0
 18699, 99710,20210821,  108,    0
 18699, 99710,20210822,  117,    0
 18699, 99710,20210823,  123,    0
 18699, 99710,20210824,  129,    0
 18699, 99710,20210825,  144,    0
 18699, 99710,20210826,  129,    0
 18699, 99710,20210827,  128,    0
 18699, 99710,20210828,  120,    0
 18699, 99710,20210829,  133,    0
 18699, 99710,20210830,  135,    0
 18699, 99710,20210831,-9999,    9
 18699, 99710,20210901,  126,    0
 18699, 99710,20210902,  119,    0
 18699, 99710,20210903,  116,    0
 18699, 99710,20210904,  102,    0
 18699, 99710,20210905,  128,    0
 18699, 99710,20210906,  115,    0
 18699, 99710,20210907,  129,    0
 18699, 99710,20210908,  146,    0
 18699, 99710,20210909,  154,    0
 18699, 99710,20210910,  150,    0
 18699, 99710,20210911,  143,    0
 18699, 99710,20210912,  142,    0
 18699, 99710,20210913,   95,    0
 18699, 99710,20210914,   82,    0
 18699, 99710,20210915,  105,    0
 18699, 99710,20210916,  117,    0
 18699, 99710,20210917,   97,    0
 18699, 99710,20210918,  116,    0
 18699, 99710,20210919,  123,    0
 18699, 99710,20210920,   97,    0
 18699, 99710,20210921,   92,    0
 18699, 99710,20210922,  104,    0
 18699, 99710,20210923,   67,    0
 18699, 99710,20210924,   67,    0
 18699, 99710,20210925,   81,    0
 18699, 99710,20210926,  105,    0
 18699, 99710,20210927,  138,    0
 18699, 99710,20210928,   84,    0
 18699, 99710,20210929,  116,    0
 18699, 99710,20210930,  108,    0
 18699, 99710,20211001,   98,    0
 18699, 99710,20211002,   64,    0
 18699, 99710,20211003,  111,    0
 18699, 99710,20211004,   84,    0
 18699, 99710,20211005,   84,    0
 18699, 99710,20211006,   62,    0
 18699, 99710,20211007,   88,    0
 18699, 99710,20211008,  115,    0
 18699, 99710,20211009,  119,    0
 18699, 99710,20211010,   87,    0
 18699, 99710,20211011,   48,    0
 18699, 99710,20211012,   34,    0
 18699, 99710,20211013,   18,    0
 18699, 99710,20211014,   72,    0
 18699, 99710,20211015,   41,    0
 18699, 99710,20211016,   33,    0
 18699, 99710,20211017,   -1,    0
 18699, 99710,20211018,   -6,    0
 18699, 99710,20211019,   48,    0
 18699, 99710,20211020,   83,    0
 18699, 99710,20211021,   24,    0
 18699, 99710,20211022,   25,    0
 18699, 99710,20211023,   29,    0
 18699, 99710,20211024,   61,    0
 18699, 99710,20211025,   70,    0
 18699, 99710,20211026,   55,    0
 18699, 99710,20211027,   77,    0
 18699, 99710,20211028,   95,    0
 18699, 99710,20211029,  101,    0
 18699, 99710,20211030,   87,    0
 18699, 99710,20211031,   75,    0
 18699, 99710,20211101,-9999,    9
 18699, 99710,20211102,   71,    0
 18699, 99710,20211103,   33,    0
 18699, 99710,20211104,   21,    0
 18699, 99710,20211105,   28,    0
 18699, 99710,20211106,   23,    0
 18699, 99710,20211107,-9999,    9
 18699, 99710,20211108,-9999,    9
 18699, 99710,20211109,   45,    0
 18699, 99710,20211110,   38,    0
 18699, 99710,20211111,   35,    0
 18699, 99710,20211112,   22,    0
 18699, 99710,20211113,   11,    0
 18699, 99710,20211114,  -26,    0
 18699, 99710,20211115,   24,    0
 18699, 99710,20211116,   57,    0
 18699, 99710,20211117,   29,    0
 18699, 99710,20211118,   29,    0
 18699, 99710,20211119,   56,    0
 18699, 99710,20211120,   26,    0
 18699, 99710,20211121,   -7,    0
 18699, 99710,20211122,   -1,    0
 18699, 99710,20211123,   26,    0
 18699, 99710,20211124,   33,    0
 18699, 99710,20211125,   -8,    0
 18699, 99710,20211126,  -36,    0
 18699, 99710,20211127,  -38,    0
 18699, 99710,20211128,  -97,    0
 18699, 99710,20211129,  -91,    0
 18699, 99710,20211130,-9999,    9
 18699, 99710,20211201, -100,    0
 18699, 99710,20211202, -105,    0
 18699, 99710,20211203,  -77,    0
 18699, 99710,20211204,  -24,    0
 18699, 99710,20211205,  -42,    0
 18699, 99710,20211206,  -44,    0
 18699, 99710,20211207,  -15,    0
 18699, 99710,20211208,  -11,    0
 18699, 99710,20211209,    3,    0
 18699, 99710,20211210,  -19,    0
 18699, 99710,20211211,  -66,    0
 18699, 99710,20211212,    3,    0
 18699, 99710,20211213,   11,    0
 18699, 99710,20211214,   12,    0
 18699, 99710,20211215,   27,    0
 18699, 99710,20211216,   22,    0
 18699, 99710,20211217,   28,    0
 18699, 99710,20211218,   33,    0
 18699, 99710,20211219,  -16,    0
 18699, 99710,20211220,  -64,    0
 18699, 99710,20211221,  -55,    0
 18699, 99710,20211222,  -15,    0
 18699, 99710,20211223,  -63,    0
 18699, 99710,20211224, -106,    0
 18699, 99710,20211225,  -97,    0
 18699, 99710,20211226,  -84,    0
 18699, 99710,20211227,  -79,    0
 18699, 99710,20211228,  -47,    0
 18699, 99710,20211229,  -59,    0
 18699, 99710,20211230,   10,    0
 18699, 99710,20211231,   27,    0
 18699, 99710,20220101,    9,    0
 18699, 99710,20220102,   33,    0
 18699, 99710,20220103,   13,    0
 18699, 99710,20220104,   -6,    0
 18699, 99710,20220105,  -54,    0
 18699, 99710,20220106,  -88,    0
 18699, 99710,20220107,  -28,    0
 18699, 99710,20220108,  -47,    0
 18699, 99710,20220109,  -34,    0
 18699, 99710,20220110,    2,    0
 18699, 99710,20220111,   10,    0
 18699, 99710,20220112,   17,    0
 18699, 99710,20220113,   35,    0
 18699, 99710,20220114,   -3,    0
 18699, 99710,20220115,   -8,    0
 18699, 99710,20220116,    5,    0
 18699, 99710,20220117,  -16,    0
 18699, 99710,20220118,   13,    0
 18699, 99710,20220119,   -1,    0
 18699, 99710,20220120,  -33,    0
 18699, 99710,20220121,   -2,    0
 18699, 99710,20220122,   16,    0
 18699, 99710,20220123,   29,    0
 18699, 99710,20220124,   24,    0
 18699, 99710,20220125,   10,    0
 18699, 99710,20220126,   12,    0
 18699, 99710,20220127,   12,    0
 18699, 99710,20220128,   -8,    0
 18699, 99710,20220129,    5,    0
 18699, 99710,20220130,  -11,    0
 18699, 99710,20220131,  -51,    0
 18699, 99710,20220201,  -24,    0
 18699, 99710,20220202,  -25,    0
 18699, 99710,20220203,   -1,    0
 18699, 99710,20220204,   -3,    0
 18699, 99710,20220205,   -8,    0
 18699, 99710,20220206,  -12,    0
 18699, 99710,20220207,   -5,    0
 18699, 99710,20220208,    0,    0
 18699, 99710,20220209,    0,    0
 18699, 99710,20220210,  -14,    0
 18699, 99710,20220211,  -38,    0
 18699, 99710,20220212,   -1,    0
 18699, 99710,20220213,   10,    0
 18699, 99710,20220214,    6,    0
 18699, 99710,20220215,   -2,    0
 18699, 99710,20220216,    2,    0
 18699, 99710,20220217,  -25,    0
 18699, 99710,20220218,  -14,    0
 18699, 99710,20220219,  -59,    0
 18699, 99710,20220220,  -23,    0
 18699, 99710,20220221,  -17,    0
 18699, 99710,20220222,  -53,    0
 18699, 99710,20220223,   -1,    0
 18699, 99710,20220224,   -2,    0
 18699, 99710,20220225,  -17,    0
 18699, 99710,20220226,  -32,    0
 18699, 99710,20220227,  -30,    0
 18699, 99710,20220228,  -15,    0
 18699, 99710,20220301,    9,    0
 18699, 99710,20220302,    7,    0
 18699, 99710,20220303,-9999,    9
 18699, 99710,20220304,  -62,    0
 18699, 99710,20220305,  -50,    0
 18699, 99710,20220306,   -9,    0
 18699, 99710,20220307,   -9,    0
 18699, 99710,20220308,  -53,    0
 18699, 99710,20220309,   -4,    0
 18699, 99710,20220310,   30,    0
 18699, 99710,20220311,   36,    0
 18699, 99710,20220312,   42,    0
 18699, 99710,20220313,   43,    0
 18699, 99710,20220314,   48,    0
 18699, 99710,20220315,   22,    0
 18699, 99710,20220316,   21,    0
 18699, 99710,20220317,   30,    0
 18699, 99710,20220318,   10,    0
 18699, 99710,20220319,    3,    0
 18699, 99710,20220320,    7,    0
 18699, 99710,20220321,   23,    0
 18699, 99710,20220322,   13,    0
 18699, 99710,20220323,    0,    0
 18699, 99710,20220324,   20,    0
 18699, 99710,20220325,   23,    0
 18699, 99710,20220326,   13,    0
 18699, 99710,20220327,   21,    0
 18699, 99710,20220328,   24,    0
 18699, 99710,20220329,   -9,    0
 18699, 99710,20220330,  -33,    0
 18699, 99710,20220331,  -33,    0
 18699, 99710,20220401,  -31,    0
 18699, 99710,20220402,  -19,    0
 18699, 99710,20220403,    9,    0
 18699, 99710,20220404,    8,    0
 18699, 99710,20220405,  -20,    0
 18699, 99710,20220406,  -24,    0
 18699, 99710,20220407,  -13,    0
 18699, 99710,20220408,   -1,    0
 18699, 99710,20220409,   17,    0
 18699, 99710,20220410,   18,    0
 18699, 99710,20220411,   13,    0
 18699, 99710,20220412,   19,    0
 18699, 99710,20220413,   29,    0
 18699, 99710,20220414,   42,    0
 18699, 99710,20220415,   31,    0
 18699, 99710,20220416,   33,    0
 18699, 99710,20220417,   39,    0
 18699, 99710,20220418,   48,    0
 18699, 99710,20220419,   45,    0
 18699, 99710,20220420,   54,    0
 18699, 99710,20220421,   70,    0
 18699, 99710,20220422,   71,    0
 18699, 99710,20220423,   64,    0
 18699, 99710,20220424,   45,    0
 18699, 99710,20220425,   50,    0
 18699, 99710,20220426,   50,    0
 18699, 99710,20220427,   45,    0
 18699, 99710,20220428,   48,    0
 18699, 99710,20220429,   52,    0
 18699, 99710,20220430,   55,    0
 18699, 99710,20220501,-9999,    9
 18699, 99710,20220502,-9999,    9
 18699, 99710,20220503,-9999,    9
 18699, 99710,20220504,-9999,    9
 18699, 99710,20220505,-9999,    9
 18699, 99710,20220506,-9999,    9
 18699, 99710,20220507,-9999,    9
 18699, 99710,20220508,-9999,    9
 18699, 99710,20220509,-9999,    9
 18699, 99710,20220510,-9999,    9
 18699, 99710,20220511,-9999,    9
 18699, 99710,20220512,-9999,    9
 18699, 99710,20220513,-9999,    9
 18699, 99710,20220514,-9999,    9
 18699, 99710,20220515,   74,    0
 18699, 99710,20220516,   95,    0
 18699, 99710,20220517,  102,    0
 18699, 99710,20220518,  106,    0
 18699, 99710,20220519,-9999,    9
 18699, 99710,20220520,-9999,    9
 18699, 99710,20220521,   90,    0
 18699, 99710,20220522,  108,    0
 18699, 99710,20220523,   95,    0
 18699, 99710,20220524,   97,    0
 18699, 99710,20220525,   88,    0
 18699, 99710,20220526,   76,    0
 18699, 99710,20220527,   74,    0
 18699, 99710,20220528,  101,    0
 18699, 99710,20220529,   60,    0
 18699, 99710,20220530,   80,    0
 18699, 99710,20220531,  105,    0
 18699, 99710,20220601,  109,    0
 18699, 99710,20220602,   97,    0
 18699, 99710,20220603,  102,    0
 18699, 99710,20220604,  104,    0
 18699, 99710,20220605,  107,    0
 18699, 99710,20220606,  137,    0
 18699, 99710,20220607,  155,    0
 18699, 99710,20220608,  142,    0
 18699, 99710,20220609,  146,    0
 18699, 99710,20220610,  138,    0
 18699, 99710,20220611,  110,    0
 18699, 99710,20220612,  103,    0
 18699, 99710,20220613,   94,    0
 18699, 99710,20220614,   99,    0
 18699, 99710,20220615,  120,    0
 18699, 99710,20220616,  129,    0
 18699, 99710,20220617,  123,    0
 18699, 99710,20220618,   78,    0
 18699, 99710,20220619,  102,    0
 18699, 99710,20220620,  127,    0
 18699, 99710,20220621,  102,    0
 18699, 99710,20220622,  112,    0
 18699, 99710,20220623,  136,    0
 18699, 99710,20220624,  189,    0
 18699, 99710,20220625,  196,    0
 18699, 99710,20220626,  169,    0
 18699, 99710,20220627,  138,    0
 18699, 99710,20220628,  139,    0
 18699, 99710,20220629,  161,    0
 18699, 99710,20220630,  171,    0
 18699, 99710,20220701,  191,    0
 18699, 99710,20220702,  132,    0
 18699, 99710,20220703,  115,    0
 18699, 99710,20220704,  110,    0
 18699, 99710,20220705,  101,    0
 18699, 99710,20220706,   91,    0
 18699, 99710,20220707,  115,    0
 18699, 99710,20220708,  116,    0
 18699, 99710,20220709,   98,    0
 18699, 99710,20220710,  128,    0
 18699, 99710,20220711,  155,    0
 18699, 99710,20220712,  147,    0
 18699, 99710,20220713,  110,    0
 18699, 99710,20220714,  107,    0
 18699, 99710,20220715,   87,    0
 18699, 99710,20220716,  106,    0
 18699, 99710,20220717,  100,    0
 18699, 99710,20220718,  127,    0
 18699, 99710,20220719,  149,    0
 18699, 99710,20220720,  181,    0
 18699, 99710,20220721,  153,    0
 18699, 99710,20220722,  149,    0
 18699, 99710,20220723,  137,    0
 18699, 99710,20220724,  126,    0
 18699, 99710,20220725,  139,    0
 18699, 99710,20220726,  106,    0
 18699, 99710,20220727,  111,    0
 18699, 99710,20220728,  120,    0
 18699, 99710,20220729,  137,    0
 18699, 99710,20220730,  149,    0
 18699, 99710,20220731,  136,    0
 18699, 99710,20220801,  114,    0
 18699, 99710,20220802,  110,    0
 18699, 99710,20220803,  144,    0
 18699, 99710,20220804,  121,    0
 18699, 99710,20220805,   88,    0
 18699, 99710,20220806,   97,    0
 18699, 99710,20220807,  103,    0
 18699, 99710,20220808,  126,    0
 18699, 99710,20220809,-9999,    9
 18699, 99710,20220810,  153,    0
 18699, 99710,20220811,  170,    0
 18699, 99710,20220812,  155,    0
 18699, 99710,20220813,  156,    0
 18699, 99710,20220814,  158,    0
 18699, 99710,20220815,-9999,    9
 18699, 99710,20220816,  172,    0
 18699, 99710,20220817,-9999,    9
 18699, 99710,20220818,  124,    0
 18699, 99710,20220819,  135,    0
 18699, 99710,20220820,  135,    0
 18699, 99710,20220821,  113,    0
 18699, 99710,20220822,  104,    0
 18699, 99710,20220823,  122,    0
 18699, 99710,20220824,  168,    0
 18699, 99710,20220825,  177,    0
 18699, 99710,20220826,  142,    0
 18699, 99710,20220827,  107,    0
 18699, 99710,20220828,  103,    0
 18699, 99710,20220829,  121,    0
 18699, 99710,20220830,  127,    0
 18699, 99710,20220831,  119,    0
 18699, 99710,20220901,  113,    0
 18699, 99710,20220902,  116,    0
 18699, 99710,20220903,  100,    0
 18699, 99710,20220904,  115,    0
 18699, 99710,20220905,  113,    0
 18699, 99710,20220906,  102,    0
 18699, 99710,20220907,  109,    0
 18699, 99710,20220908,  120,    0
 18699, 99710,20220909,  114,    0
 18699, 99710,20220910,   91,    0
 18699, 99710,20220911,   99,    0
 18699, 99710,20220912,  113,    0
 18699, 99710,20220913,  100,    0
 18699, 99710,20220914,   95,    0
 18699, 99710,20220915,   82,    0
 18699, 99710,20220916,   95,    0
 18699, 99710,20220917,   86,    0
 18699, 99710,20220918,   70,    0
 18699, 99710,20220919,   48,    0
 18699, 99710,20220920,   42,    0
 18699, 99710,20220921,   71,    0
 18699, 99710,20220922,   99,    0
 18699, 99710,20220923,   91,    0
 18699, 99710,20220924,   63,    0
 18699, 99710,20220925,   54,    0
 18699, 99710,20220926,   76,    0
 18699, 99710,20220927,   82,    0
 18699, 99710,20220928,   79,    0
 18699, 99710,20220929,   50,    0
 18699, 99710,20220930,   70,    0
 18699, 99710,20221001,   97,    0
 18699, 99710,20221002,   81,    0
 18699, 99710,20221003,   80,    0
 18699, 99710,20221004,   94,    0
 18699, 99710,20221005,   72,    0
 18699, 99710,20221006,   68,    0
 18699, 99710,20221007,   76,    0
 18699, 99710,20221008,   50,    0
 18699, 99710,20221009,   63,    0
 18699, 99710,20221010,   73,    0
 18699, 99710,20221011,   45,    0
 18699, 99710,20221012,   62,    0
 18699, 99710,20221013,   62,    0
 18699, 99710,20221014,   47,    0
 18699, 99710,20221015,   42,    0
 18699, 99710,20221016,   53,    0
 18699, 99710,20221017,   51,    0
 18699, 99710,20221018,   39,    0
 18699, 99710,20221019,   -5,    0
 18699, 99710,20221020,  -14,    0
 18699, 99710,20221021,   33,    0
 18699, 99710,20221022,   47,    0
 18699, 99710,20221023,   55,    0
 18699, 99710,20221024,   61,    0
 18699, 99710,20221025,   69,    0
 18699, 99710,20221026,   77,    0
 18699, 99710,20221027,   85,    0
 18699, 99710,20221028,   95,    0
 18699, 99710,20221029,   85,    0
 18699, 99710,20221030,   59,    0
 18699, 99710,20221031,   85,    0
