EUROPEAN CLIMATE ASSESSMENT & DATASET (ECA&D), file created on: 16-11-2022
THESE DATA CAN BE USED FOR NON-COMMERCIAL RESEARCH AND EDUCATION PROVIDED THAT THE FOLLOWING SOURCE IS ACKNOWLEDGED: 

Klein Tank, A.M.G. and Coauthors, 2002. Daily dataset of 20th-century surface
air temperature and precipitation series for the European Climate Assessment.
Int. J. of Climatol., 22, 1441-1453.
Data and metadata available at http://www.ecad.eu

FILE FORMAT (MISSING VALUE CODE = -9999):

01-06 STAID: Station identifier
08-13 SOUID: Source identifier
15-22 DATE : Date YYYYMMDD
24-28 TG   : Mean temperature in 0.1 &#176;C
30-34 Q_TG : quality code for TG (0='valid'; 1='suspect'; 9='missing')

This is the blended series of station FV33 TONSASEN, NORWAY (STAID: 18642)
Blended and updated with sources:99618 
See files sources.txt and stations.txt for more info.

STAID, SOUID,    DATE,   TG, Q_TG
 18642, 99618,20151101,-9999,    9
 18642, 99618,20151102,-9999,    9
 18642, 99618,20151103,-9999,    9
 18642, 99618,20151104,-9999,    9
 18642, 99618,20151105,-9999,    9
 18642, 99618,20151106,-9999,    9
 18642, 99618,20151107,-9999,    9
 18642, 99618,20151108,-9999,    9
 18642, 99618,20151109,-9999,    9
 18642, 99618,20151110,-9999,    9
 18642, 99618,20151111,-9999,    9
 18642, 99618,20151112,-9999,    9
 18642, 99618,20151113,-9999,    9
 18642, 99618,20151114,-9999,    9
 18642, 99618,20151115,-9999,    9
 18642, 99618,20151116,-9999,    9
 18642, 99618,20151117,-9999,    9
 18642, 99618,20151118,  -36,    0
 18642, 99618,20151119,  -48,    0
 18642, 99618,20151120,  -79,    0
 18642, 99618,20151121,-9999,    9
 18642, 99618,20151122,  -94,    0
 18642, 99618,20151123,  -47,    0
 18642, 99618,20151124,-9999,    9
 18642, 99618,20151125,  -53,    0
 18642, 99618,20151126,-9999,    9
 18642, 99618,20151127,   61,    0
 18642, 99618,20151128,  -16,    0
 18642, 99618,20151129,  -30,    0
 18642, 99618,20151130,  -47,    0
 18642, 99618,20151201,  -28,    0
 18642, 99618,20151202,  -31,    0
 18642, 99618,20151203,  -37,    0
 18642, 99618,20151204,  -34,    0
 18642, 99618,20151205,   17,    0
 18642, 99618,20151206,    8,    0
 18642, 99618,20151207,  -22,    0
 18642, 99618,20151208,   -6,    0
 18642, 99618,20151209,    6,    0
 18642, 99618,20151210,    8,    0
 18642, 99618,20151211,  -23,    0
 18642, 99618,20151212,  -25,    0
 18642, 99618,20151213,  -58,    0
 18642, 99618,20151214,  -86,    0
 18642, 99618,20151215,  -56,    0
 18642, 99618,20151216,-9999,    9
 18642, 99618,20151217,  -44,    0
 18642, 99618,20151218,   13,    0
 18642, 99618,20151219,   37,    0
 18642, 99618,20151220,-9999,    9
 18642, 99618,20151221,-9999,    9
 18642, 99618,20151222,-9999,    9
 18642, 99618,20151223,   -8,    0
 18642, 99618,20151224,   14,    0
 18642, 99618,20151225,   -6,    0
 18642, 99618,20151226,  -77,    0
 18642, 99618,20151227, -102,    0
 18642, 99618,20151228,  -93,    0
 18642, 99618,20151229,  -61,    0
 18642, 99618,20151230,  -27,    0
 18642, 99618,20151231,  -33,    0
 18642, 99618,20160101,-9999,    9
 18642, 99618,20160102,-9999,    9
 18642, 99618,20160103,-9999,    9
 18642, 99618,20160104,-9999,    9
 18642, 99618,20160105,-9999,    9
 18642, 99618,20160106,-9999,    9
 18642, 99618,20160107,-9999,    9
 18642, 99618,20160108,-9999,    9
 18642, 99618,20160109,-9999,    9
 18642, 99618,20160110,-9999,    9
 18642, 99618,20160111,-9999,    9
 18642, 99618,20160112,-9999,    9
 18642, 99618,20160113,-9999,    9
 18642, 99618,20160114,-9999,    9
 18642, 99618,20160115,-9999,    9
 18642, 99618,20160116,-9999,    9
 18642, 99618,20160117,-9999,    9
 18642, 99618,20160118,-9999,    9
 18642, 99618,20160119,-9999,    9
 18642, 99618,20160120,-9999,    9
 18642, 99618,20160121,-9999,    9
 18642, 99618,20160122,-9999,    9
 18642, 99618,20160123,-9999,    9
 18642, 99618,20160124,-9999,    9
 18642, 99618,20160125,-9999,    9
 18642, 99618,20160126,-9999,    9
 18642, 99618,20160127,-9999,    9
 18642, 99618,20160128,-9999,    9
 18642, 99618,20160129,-9999,    9
 18642, 99618,20160130,-9999,    9
 18642, 99618,20160131,-9999,    9
 18642, 99618,20160201,-9999,    9
 18642, 99618,20160202,-9999,    9
 18642, 99618,20160203,-9999,    9
 18642, 99618,20160204,-9999,    9
 18642, 99618,20160205,-9999,    9
 18642, 99618,20160206,-9999,    9
 18642, 99618,20160207,-9999,    9
 18642, 99618,20160208,-9999,    9
 18642, 99618,20160209,-9999,    9
 18642, 99618,20160210,-9999,    9
 18642, 99618,20160211,-9999,    9
 18642, 99618,20160212,-9999,    9
 18642, 99618,20160213,-9999,    9
 18642, 99618,20160214,-9999,    9
 18642, 99618,20160215,-9999,    9
 18642, 99618,20160216,-9999,    9
 18642, 99618,20160217,-9999,    9
 18642, 99618,20160218,-9999,    9
 18642, 99618,20160219,-9999,    9
 18642, 99618,20160220,-9999,    9
 18642, 99618,20160221,-9999,    9
 18642, 99618,20160222,-9999,    9
 18642, 99618,20160223,-9999,    9
 18642, 99618,20160224,-9999,    9
 18642, 99618,20160225,-9999,    9
 18642, 99618,20160226,-9999,    9
 18642, 99618,20160227,-9999,    9
 18642, 99618,20160228,-9999,    9
 18642, 99618,20160229,-9999,    9
 18642, 99618,20160301,-9999,    9
 18642, 99618,20160302,-9999,    9
 18642, 99618,20160303,-9999,    9
 18642, 99618,20160304,-9999,    9
 18642, 99618,20160305,-9999,    9
 18642, 99618,20160306,-9999,    9
 18642, 99618,20160307,-9999,    9
 18642, 99618,20160308,-9999,    9
 18642, 99618,20160309,-9999,    9
 18642, 99618,20160310,-9999,    9
 18642, 99618,20160311,-9999,    9
 18642, 99618,20160312,-9999,    9
 18642, 99618,20160313,-9999,    9
 18642, 99618,20160314,-9999,    9
 18642, 99618,20160315,-9999,    9
 18642, 99618,20160316,-9999,    9
 18642, 99618,20160317,-9999,    9
 18642, 99618,20160318,-9999,    9
 18642, 99618,20160319,-9999,    9
 18642, 99618,20160320,-9999,    9
 18642, 99618,20160321,-9999,    9
 18642, 99618,20160322,-9999,    9
 18642, 99618,20160323,-9999,    9
 18642, 99618,20160324,-9999,    9
 18642, 99618,20160325,-9999,    9
 18642, 99618,20160326,-9999,    9
 18642, 99618,20160327,-9999,    9
 18642, 99618,20160328,-9999,    9
 18642, 99618,20160329,-9999,    9
 18642, 99618,20160330,-9999,    9
 18642, 99618,20160331,-9999,    9
 18642, 99618,20160401,-9999,    9
 18642, 99618,20160402,-9999,    9
 18642, 99618,20160403,-9999,    9
 18642, 99618,20160404,-9999,    9
 18642, 99618,20160405,-9999,    9
 18642, 99618,20160406,-9999,    9
 18642, 99618,20160407,-9999,    9
 18642, 99618,20160408,-9999,    9
 18642, 99618,20160409,-9999,    9
 18642, 99618,20160410,-9999,    9
 18642, 99618,20160411,-9999,    9
 18642, 99618,20160412,-9999,    9
 18642, 99618,20160413,-9999,    9
 18642, 99618,20160414,-9999,    9
 18642, 99618,20160415,-9999,    9
 18642, 99618,20160416,-9999,    9
 18642, 99618,20160417,-9999,    9
 18642, 99618,20160418,-9999,    9
 18642, 99618,20160419,-9999,    9
 18642, 99618,20160420,-9999,    9
 18642, 99618,20160421,-9999,    9
 18642, 99618,20160422,-9999,    9
 18642, 99618,20160423,-9999,    9
 18642, 99618,20160424,-9999,    9
 18642, 99618,20160425,-9999,    9
 18642, 99618,20160426,-9999,    9
 18642, 99618,20160427,-9999,    9
 18642, 99618,20160428,-9999,    9
 18642, 99618,20160429,-9999,    9
 18642, 99618,20160430,-9999,    9
 18642, 99618,20160501,-9999,    9
 18642, 99618,20160502,-9999,    9
 18642, 99618,20160503,-9999,    9
 18642, 99618,20160504,-9999,    9
 18642, 99618,20160505,-9999,    9
 18642, 99618,20160506,-9999,    9
 18642, 99618,20160507,-9999,    9
 18642, 99618,20160508,-9999,    9
 18642, 99618,20160509,-9999,    9
 18642, 99618,20160510,-9999,    9
 18642, 99618,20160511,-9999,    9
 18642, 99618,20160512,-9999,    9
 18642, 99618,20160513,-9999,    9
 18642, 99618,20160514,-9999,    9
 18642, 99618,20160515,-9999,    9
 18642, 99618,20160516,-9999,    9
 18642, 99618,20160517,-9999,    9
 18642, 99618,20160518,-9999,    9
 18642, 99618,20160519,-9999,    9
 18642, 99618,20160520,-9999,    9
 18642, 99618,20160521,-9999,    9
 18642, 99618,20160522,-9999,    9
 18642, 99618,20160523,-9999,    9
 18642, 99618,20160524,-9999,    9
 18642, 99618,20160525,-9999,    9
 18642, 99618,20160526,-9999,    9
 18642, 99618,20160527,-9999,    9
 18642, 99618,20160528,-9999,    9
 18642, 99618,20160529,-9999,    9
 18642, 99618,20160530,-9999,    9
 18642, 99618,20160531,-9999,    9
 18642, 99618,20160601,-9999,    9
 18642, 99618,20160602,-9999,    9
 18642, 99618,20160603,-9999,    9
 18642, 99618,20160604,-9999,    9
 18642, 99618,20160605,-9999,    9
 18642, 99618,20160606,-9999,    9
 18642, 99618,20160607,-9999,    9
 18642, 99618,20160608,-9999,    9
 18642, 99618,20160609,-9999,    9
 18642, 99618,20160610,-9999,    9
 18642, 99618,20160611,-9999,    9
 18642, 99618,20160612,-9999,    9
 18642, 99618,20160613,-9999,    9
 18642, 99618,20160614,-9999,    9
 18642, 99618,20160615,-9999,    9
 18642, 99618,20160616,-9999,    9
 18642, 99618,20160617,-9999,    9
 18642, 99618,20160618,-9999,    9
 18642, 99618,20160619,-9999,    9
 18642, 99618,20160620,-9999,    9
 18642, 99618,20160621,-9999,    9
 18642, 99618,20160622,-9999,    9
 18642, 99618,20160623,-9999,    9
 18642, 99618,20160624,-9999,    9
 18642, 99618,20160625,-9999,    9
 18642, 99618,20160626,-9999,    9
 18642, 99618,20160627,-9999,    9
 18642, 99618,20160628,-9999,    9
 18642, 99618,20160629,-9999,    9
 18642, 99618,20160630,-9999,    9
 18642, 99618,20160701,-9999,    9
 18642, 99618,20160702,-9999,    9
 18642, 99618,20160703,-9999,    9
 18642, 99618,20160704,-9999,    9
 18642, 99618,20160705,-9999,    9
 18642, 99618,20160706,-9999,    9
 18642, 99618,20160707,-9999,    9
 18642, 99618,20160708,-9999,    9
 18642, 99618,20160709,-9999,    9
 18642, 99618,20160710,-9999,    9
 18642, 99618,20160711,-9999,    9
 18642, 99618,20160712,-9999,    9
 18642, 99618,20160713,-9999,    9
 18642, 99618,20160714,-9999,    9
 18642, 99618,20160715,-9999,    9
 18642, 99618,20160716,-9999,    9
 18642, 99618,20160717,-9999,    9
 18642, 99618,20160718,-9999,    9
 18642, 99618,20160719,-9999,    9
 18642, 99618,20160720,-9999,    9
 18642, 99618,20160721,-9999,    9
 18642, 99618,20160722,-9999,    9
 18642, 99618,20160723,-9999,    9
 18642, 99618,20160724,-9999,    9
 18642, 99618,20160725,-9999,    9
 18642, 99618,20160726,-9999,    9
 18642, 99618,20160727,-9999,    9
 18642, 99618,20160728,-9999,    9
 18642, 99618,20160729,-9999,    9
 18642, 99618,20160730,-9999,    9
 18642, 99618,20160731,-9999,    9
 18642, 99618,20160801,-9999,    9
 18642, 99618,20160802,-9999,    9
 18642, 99618,20160803,-9999,    9
 18642, 99618,20160804,-9999,    9
 18642, 99618,20160805,-9999,    9
 18642, 99618,20160806,-9999,    9
 18642, 99618,20160807,-9999,    9
 18642, 99618,20160808,-9999,    9
 18642, 99618,20160809,-9999,    9
 18642, 99618,20160810,-9999,    9
 18642, 99618,20160811,-9999,    9
 18642, 99618,20160812,-9999,    9
 18642, 99618,20160813,-9999,    9
 18642, 99618,20160814,-9999,    9
 18642, 99618,20160815,-9999,    9
 18642, 99618,20160816,-9999,    9
 18642, 99618,20160817,-9999,    9
 18642, 99618,20160818,-9999,    9
 18642, 99618,20160819,-9999,    9
 18642, 99618,20160820,-9999,    9
 18642, 99618,20160821,-9999,    9
 18642, 99618,20160822,-9999,    9
 18642, 99618,20160823,-9999,    9
 18642, 99618,20160824,-9999,    9
 18642, 99618,20160825,-9999,    9
 18642, 99618,20160826,-9999,    9
 18642, 99618,20160827,-9999,    9
 18642, 99618,20160828,-9999,    9
 18642, 99618,20160829,-9999,    9
 18642, 99618,20160830,-9999,    9
 18642, 99618,20160831,-9999,    9
 18642, 99618,20160901,-9999,    9
 18642, 99618,20160902,-9999,    9
 18642, 99618,20160903,-9999,    9
 18642, 99618,20160904,-9999,    9
 18642, 99618,20160905,-9999,    9
 18642, 99618,20160906,-9999,    9
 18642, 99618,20160907,-9999,    9
 18642, 99618,20160908,-9999,    9
 18642, 99618,20160909,-9999,    9
 18642, 99618,20160910,-9999,    9
 18642, 99618,20160911,-9999,    9
 18642, 99618,20160912,-9999,    9
 18642, 99618,20160913,-9999,    9
 18642, 99618,20160914,-9999,    9
 18642, 99618,20160915,-9999,    9
 18642, 99618,20160916,-9999,    9
 18642, 99618,20160917,-9999,    9
 18642, 99618,20160918,-9999,    9
 18642, 99618,20160919,-9999,    9
 18642, 99618,20160920,-9999,    9
 18642, 99618,20160921,-9999,    9
 18642, 99618,20160922,-9999,    9
 18642, 99618,20160923,-9999,    9
 18642, 99618,20160924,-9999,    9
 18642, 99618,20160925,-9999,    9
 18642, 99618,20160926,-9999,    9
 18642, 99618,20160927,-9999,    9
 18642, 99618,20160928,-9999,    9
 18642, 99618,20160929,-9999,    9
 18642, 99618,20160930,-9999,    9
 18642, 99618,20161001,-9999,    9
 18642, 99618,20161002,-9999,    9
 18642, 99618,20161003,-9999,    9
 18642, 99618,20161004,-9999,    9
 18642, 99618,20161005,-9999,    9
 18642, 99618,20161006,-9999,    9
 18642, 99618,20161007,-9999,    9
 18642, 99618,20161008,-9999,    9
 18642, 99618,20161009,-9999,    9
 18642, 99618,20161010,-9999,    9
 18642, 99618,20161011,-9999,    9
 18642, 99618,20161012,-9999,    9
 18642, 99618,20161013,-9999,    9
 18642, 99618,20161014,-9999,    9
 18642, 99618,20161015,-9999,    9
 18642, 99618,20161016,-9999,    9
 18642, 99618,20161017,-9999,    9
 18642, 99618,20161018,-9999,    9
 18642, 99618,20161019,-9999,    9
 18642, 99618,20161020,-9999,    9
 18642, 99618,20161021,-9999,    9
 18642, 99618,20161022,-9999,    9
 18642, 99618,20161023,-9999,    9
 18642, 99618,20161024,-9999,    9
 18642, 99618,20161025,-9999,    9
 18642, 99618,20161026,-9999,    9
 18642, 99618,20161027,-9999,    9
 18642, 99618,20161028,-9999,    9
 18642, 99618,20161029,-9999,    9
 18642, 99618,20161030,-9999,    9
 18642, 99618,20161031,-9999,    9
 18642, 99618,20161101,-9999,    9
 18642, 99618,20161102,-9999,    9
 18642, 99618,20161103,-9999,    9
 18642, 99618,20161104,-9999,    9
 18642, 99618,20161105,-9999,    9
 18642, 99618,20161106,-9999,    9
 18642, 99618,20161107,-9999,    9
 18642, 99618,20161108,-9999,    9
 18642, 99618,20161109,-9999,    9
 18642, 99618,20161110,-9999,    9
 18642, 99618,20161111,-9999,    9
 18642, 99618,20161112,-9999,    9
 18642, 99618,20161113,-9999,    9
 18642, 99618,20161114,-9999,    9
 18642, 99618,20161115,-9999,    9
 18642, 99618,20161116,-9999,    9
 18642, 99618,20161117,-9999,    9
 18642, 99618,20161118,-9999,    9
 18642, 99618,20161119,-9999,    9
 18642, 99618,20161120,-9999,    9
 18642, 99618,20161121,-9999,    9
 18642, 99618,20161122,-9999,    9
 18642, 99618,20161123,-9999,    9
 18642, 99618,20161124,-9999,    9
 18642, 99618,20161125,-9999,    9
 18642, 99618,20161126,-9999,    9
 18642, 99618,20161127,-9999,    9
 18642, 99618,20161128,-9999,    9
 18642, 99618,20161129,-9999,    9
 18642, 99618,20161130,-9999,    9
 18642, 99618,20161201,-9999,    9
 18642, 99618,20161202,-9999,    9
 18642, 99618,20161203,-9999,    9
 18642, 99618,20161204,-9999,    9
 18642, 99618,20161205,-9999,    9
 18642, 99618,20161206,-9999,    9
 18642, 99618,20161207,-9999,    9
 18642, 99618,20161208,-9999,    9
 18642, 99618,20161209,-9999,    9
 18642, 99618,20161210,-9999,    9
 18642, 99618,20161211,-9999,    9
 18642, 99618,20161212,-9999,    9
 18642, 99618,20161213,-9999,    9
 18642, 99618,20161214,-9999,    9
 18642, 99618,20161215,-9999,    9
 18642, 99618,20161216,-9999,    9
 18642, 99618,20161217,-9999,    9
 18642, 99618,20161218,-9999,    9
 18642, 99618,20161219,-9999,    9
 18642, 99618,20161220,-9999,    9
 18642, 99618,20161221,-9999,    9
 18642, 99618,20161222,-9999,    9
 18642, 99618,20161223,-9999,    9
 18642, 99618,20161224,-9999,    9
 18642, 99618,20161225,-9999,    9
 18642, 99618,20161226,-9999,    9
 18642, 99618,20161227,-9999,    9
 18642, 99618,20161228,-9999,    9
 18642, 99618,20161229,-9999,    9
 18642, 99618,20161230,-9999,    9
 18642, 99618,20161231,-9999,    9
 18642, 99618,20170101,-9999,    9
 18642, 99618,20170102,-9999,    9
 18642, 99618,20170103,-9999,    9
 18642, 99618,20170104,-9999,    9
 18642, 99618,20170105,-9999,    9
 18642, 99618,20170106,-9999,    9
 18642, 99618,20170107,-9999,    9
 18642, 99618,20170108,-9999,    9
 18642, 99618,20170109,-9999,    9
 18642, 99618,20170110,-9999,    9
 18642, 99618,20170111,-9999,    9
 18642, 99618,20170112,-9999,    9
 18642, 99618,20170113,-9999,    9
 18642, 99618,20170114,-9999,    9
 18642, 99618,20170115,-9999,    9
 18642, 99618,20170116,-9999,    9
 18642, 99618,20170117,-9999,    9
 18642, 99618,20170118,-9999,    9
 18642, 99618,20170119,-9999,    9
 18642, 99618,20170120,-9999,    9
 18642, 99618,20170121,-9999,    9
 18642, 99618,20170122,-9999,    9
 18642, 99618,20170123,-9999,    9
 18642, 99618,20170124,-9999,    9
 18642, 99618,20170125,-9999,    9
 18642, 99618,20170126,-9999,    9
 18642, 99618,20170127,-9999,    9
 18642, 99618,20170128,-9999,    9
 18642, 99618,20170129,-9999,    9
 18642, 99618,20170130,-9999,    9
 18642, 99618,20170131,-9999,    9
 18642, 99618,20170201,-9999,    9
 18642, 99618,20170202,-9999,    9
 18642, 99618,20170203,-9999,    9
 18642, 99618,20170204,-9999,    9
 18642, 99618,20170205,-9999,    9
 18642, 99618,20170206,-9999,    9
 18642, 99618,20170207,-9999,    9
 18642, 99618,20170208,-9999,    9
 18642, 99618,20170209,-9999,    9
 18642, 99618,20170210,-9999,    9
 18642, 99618,20170211,-9999,    9
 18642, 99618,20170212,-9999,    9
 18642, 99618,20170213,-9999,    9
 18642, 99618,20170214,-9999,    9
 18642, 99618,20170215,-9999,    9
 18642, 99618,20170216,-9999,    9
 18642, 99618,20170217,-9999,    9
 18642, 99618,20170218,-9999,    9
 18642, 99618,20170219,-9999,    9
 18642, 99618,20170220,-9999,    9
 18642, 99618,20170221,-9999,    9
 18642, 99618,20170222,-9999,    9
 18642, 99618,20170223,-9999,    9
 18642, 99618,20170224,-9999,    9
 18642, 99618,20170225,-9999,    9
 18642, 99618,20170226,-9999,    9
 18642, 99618,20170227,-9999,    9
 18642, 99618,20170228,-9999,    9
 18642, 99618,20170301,-9999,    9
 18642, 99618,20170302,-9999,    9
 18642, 99618,20170303,-9999,    9
 18642, 99618,20170304,-9999,    9
 18642, 99618,20170305,-9999,    9
 18642, 99618,20170306,-9999,    9
 18642, 99618,20170307,-9999,    9
 18642, 99618,20170308,-9999,    9
 18642, 99618,20170309,-9999,    9
 18642, 99618,20170310,-9999,    9
 18642, 99618,20170311,-9999,    9
 18642, 99618,20170312,-9999,    9
 18642, 99618,20170313,    4,    0
 18642, 99618,20170314,-9999,    9
 18642, 99618,20170315,-9999,    9
 18642, 99618,20170316,-9999,    9
 18642, 99618,20170317,-9999,    9
 18642, 99618,20170318,-9999,    9
 18642, 99618,20170319,-9999,    9
 18642, 99618,20170320,-9999,    9
 18642, 99618,20170321,-9999,    9
 18642, 99618,20170322,-9999,    9
 18642, 99618,20170323,-9999,    9
 18642, 99618,20170324,-9999,    9
 18642, 99618,20170325,-9999,    9
 18642, 99618,20170326,-9999,    9
 18642, 99618,20170327,-9999,    9
 18642, 99618,20170328,-9999,    9
 18642, 99618,20170329,-9999,    9
 18642, 99618,20170330,-9999,    9
 18642, 99618,20170331,-9999,    9
 18642, 99618,20170401,-9999,    9
 18642, 99618,20170402,-9999,    9
 18642, 99618,20170403,   51,    0
 18642, 99618,20170404,   31,    0
 18642, 99618,20170405,   12,    0
 18642, 99618,20170406,   34,    0
 18642, 99618,20170407,   55,    0
 18642, 99618,20170408,   36,    0
 18642, 99618,20170409,   54,    0
 18642, 99618,20170410,   29,    0
 18642, 99618,20170411,   -2,    0
 18642, 99618,20170412,    0,    0
 18642, 99618,20170413,  -19,    0
 18642, 99618,20170414,  -36,    0
 18642, 99618,20170415,  -43,    0
 18642, 99618,20170416,  -40,    0
 18642, 99618,20170417,  -42,    0
 18642, 99618,20170418,  -29,    0
 18642, 99618,20170419,   -8,    0
 18642, 99618,20170420,   36,    0
 18642, 99618,20170421,   11,    0
 18642, 99618,20170422,    3,    0
 18642, 99618,20170423,  -11,    0
 18642, 99618,20170424,  -38,    0
 18642, 99618,20170425,  -17,    0
 18642, 99618,20170426,  -12,    0
 18642, 99618,20170427,-9999,    9
 18642, 99618,20170428,  -25,    0
 18642, 99618,20170429,  -10,    0
 18642, 99618,20170430,   13,    0
 18642, 99618,20170501,   38,    0
 18642, 99618,20170502,   59,    0
 18642, 99618,20170503,   55,    0
 18642, 99618,20170504,   62,    0
 18642, 99618,20170505,  103,    0
 18642, 99618,20170506,  113,    0
 18642, 99618,20170507,   50,    0
 18642, 99618,20170508,    8,    0
 18642, 99618,20170509,    1,    0
 18642, 99618,20170510,  -20,    0
 18642, 99618,20170511,  -10,    0
 18642, 99618,20170512,   14,    0
 18642, 99618,20170513,   34,    0
 18642, 99618,20170514,   50,    0
 18642, 99618,20170515,   47,    0
 18642, 99618,20170516,   28,    0
 18642, 99618,20170517,   88,    0
 18642, 99618,20170518,   89,    0
 18642, 99618,20170519,   98,    0
 18642, 99618,20170520,-9999,    9
 18642, 99618,20170521,   86,    0
 18642, 99618,20170522,   71,    0
 18642, 99618,20170523,  101,    0
 18642, 99618,20170524,  106,    0
 18642, 99618,20170525,   91,    0
 18642, 99618,20170526,  133,    0
 18642, 99618,20170527,  168,    0
 18642, 99618,20170528,  136,    0
 18642, 99618,20170529,  122,    0
 18642, 99618,20170530,   93,    0
 18642, 99618,20170531,   87,    0
 18642, 99618,20170601,   66,    0
 18642, 99618,20170602,   55,    0
 18642, 99618,20170603,   82,    0
 18642, 99618,20170604,   86,    0
 18642, 99618,20170605,   92,    0
 18642, 99618,20170606,   90,    0
 18642, 99618,20170607,   85,    0
 18642, 99618,20170608,   77,    0
 18642, 99618,20170609,-9999,    9
 18642, 99618,20170610,   96,    0
 18642, 99618,20170611,  100,    0
 18642, 99618,20170612,  104,    0
 18642, 99618,20170613,  108,    0
 18642, 99618,20170614,  119,    0
 18642, 99618,20170615,  127,    0
 18642, 99618,20170616,  110,    0
 18642, 99618,20170617,  130,    0
 18642, 99618,20170618,  135,    0
 18642, 99618,20170619,   96,    0
 18642, 99618,20170620,   84,    0
 18642, 99618,20170621,   91,    0
 18642, 99618,20170622,   98,    0
 18642, 99618,20170623,  101,    0
 18642, 99618,20170624,   99,    0
 18642, 99618,20170625,   85,    0
 18642, 99618,20170626,   89,    0
 18642, 99618,20170627,   93,    0
 18642, 99618,20170628,  117,    0
 18642, 99618,20170629,  119,    0
 18642, 99618,20170630,  142,    0
 18642, 99618,20170701,  161,    0
 18642, 99618,20170702,  132,    0
 18642, 99618,20170703,   91,    0
 18642, 99618,20170704,  108,    0
 18642, 99618,20170705,  102,    0
 18642, 99618,20170706,  124,    0
 18642, 99618,20170707,  111,    0
 18642, 99618,20170708,  112,    0
 18642, 99618,20170709,  114,    0
 18642, 99618,20170710,  111,    0
 18642, 99618,20170711,  108,    0
 18642, 99618,20170712,   73,    0
 18642, 99618,20170713,   96,    0
 18642, 99618,20170714,  111,    0
 18642, 99618,20170715,  133,    0
 18642, 99618,20170716,  118,    0
 18642, 99618,20170717,   82,    0
 18642, 99618,20170718,  112,    0
 18642, 99618,20170719,  121,    0
 18642, 99618,20170720,  155,    0
 18642, 99618,20170721,  140,    0
 18642, 99618,20170722,  135,    0
 18642, 99618,20170723,  156,    0
 18642, 99618,20170724,  111,    0
 18642, 99618,20170725,  134,    0
 18642, 99618,20170726,  137,    0
 18642, 99618,20170727,  123,    0
 18642, 99618,20170728,  112,    0
 18642, 99618,20170729,  104,    0
 18642, 99618,20170730,  111,    0
 18642, 99618,20170731,  125,    0
 18642, 99618,20170801,  118,    0
 18642, 99618,20170802,  108,    0
 18642, 99618,20170803,  100,    0
 18642, 99618,20170804,  107,    0
 18642, 99618,20170805,  112,    0
 18642, 99618,20170806,  109,    0
 18642, 99618,20170807,  100,    0
 18642, 99618,20170808,  112,    0
 18642, 99618,20170809,  100,    0
 18642, 99618,20170810,  124,    0
 18642, 99618,20170811,  134,    0
 18642, 99618,20170812,  127,    0
 18642, 99618,20170813,   89,    0
 18642, 99618,20170814,   96,    0
 18642, 99618,20170815,   94,    0
 18642, 99618,20170816,  114,    0
 18642, 99618,20170817,  100,    0
 18642, 99618,20170818,  110,    0
 18642, 99618,20170819,  110,    0
 18642, 99618,20170820,  103,    0
 18642, 99618,20170821,  106,    0
 18642, 99618,20170822,   86,    0
 18642, 99618,20170823,   97,    0
 18642, 99618,20170824,   87,    0
 18642, 99618,20170825,  101,    0
 18642, 99618,20170826,   97,    0
 18642, 99618,20170827,  107,    0
 18642, 99618,20170828,  116,    0
 18642, 99618,20170829,  118,    0
 18642, 99618,20170830,   85,    0
 18642, 99618,20170831,   82,    0
 18642, 99618,20170901,   83,    0
 18642, 99618,20170902,   82,    0
 18642, 99618,20170903,   83,    0
 18642, 99618,20170904,   69,    0
 18642, 99618,20170905,   76,    0
 18642, 99618,20170906,   81,    0
 18642, 99618,20170907,   58,    0
 18642, 99618,20170908,   55,    0
 18642, 99618,20170909,   65,    0
 18642, 99618,20170910,   80,    0
 18642, 99618,20170911,   79,    0
 18642, 99618,20170912,   75,    0
 18642, 99618,20170913,   67,    0
 18642, 99618,20170914,   75,    0
 18642, 99618,20170915,   77,    0
 18642, 99618,20170916,   80,    0
 18642, 99618,20170917,   69,    0
 18642, 99618,20170918,   85,    0
 18642, 99618,20170919,-9999,    9
 18642, 99618,20170920,-9999,    9
 18642, 99618,20170921,   39,    0
 18642, 99618,20170922,   51,    0
 18642, 99618,20170923,   74,    0
 18642, 99618,20170924,   86,    0
 18642, 99618,20170925,   82,    0
 18642, 99618,20170926,   70,    0
 18642, 99618,20170927,   73,    0
 18642, 99618,20170928,   66,    0
 18642, 99618,20170929,   53,    0
 18642, 99618,20170930,   58,    0
 18642, 99618,20171001,   55,    0
 18642, 99618,20171002,   69,    0
 18642, 99618,20171003,   61,    0
 18642, 99618,20171004,-9999,    9
 18642, 99618,20171005,   34,    0
 18642, 99618,20171006,   52,    0
 18642, 99618,20171007,   32,    0
 18642, 99618,20171008,   38,    0
 18642, 99618,20171009,   15,    0
 18642, 99618,20171010,   -8,    0
 18642, 99618,20171011,    1,    0
 18642, 99618,20171012,   27,    0
 18642, 99618,20171013,   24,    0
 18642, 99618,20171014,-9999,    9
 18642, 99618,20171015,   60,    0
 18642, 99618,20171016,   69,    0
 18642, 99618,20171017,-9999,    9
 18642, 99618,20171018,-9999,    9
 18642, 99618,20171019,-9999,    9
 18642, 99618,20171020,-9999,    9
 18642, 99618,20171021,-9999,    9
 18642, 99618,20171022,-9999,    9
 18642, 99618,20171023,-9999,    9
 18642, 99618,20171024,-9999,    9
 18642, 99618,20171025,  -13,    0
 18642, 99618,20171026,    5,    0
 18642, 99618,20171027,   11,    0
 18642, 99618,20171028,   28,    0
 18642, 99618,20171029,   -2,    0
 18642, 99618,20171030,  -24,    0
 18642, 99618,20171031,   22,    0
 18642, 99618,20171101,-9999,    9
 18642, 99618,20171102,-9999,    9
 18642, 99618,20171103,   -7,    0
 18642, 99618,20171104,    4,    0
 18642, 99618,20171105,   -3,    0
 18642, 99618,20171106,  -30,    0
 18642, 99618,20171107,  -25,    0
 18642, 99618,20171108,    8,    0
 18642, 99618,20171109,   14,    0
 18642, 99618,20171110,  -26,    0
 18642, 99618,20171111,  -27,    0
 18642, 99618,20171112,   -9,    0
 18642, 99618,20171113,  -41,    0
 18642, 99618,20171114,  -51,    0
 18642, 99618,20171115,   -9,    0
 18642, 99618,20171116,  -20,    0
 18642, 99618,20171117,  -12,    0
 18642, 99618,20171118,  -42,    0
 18642, 99618,20171119,  -48,    0
 18642, 99618,20171120,  -57,    0
 18642, 99618,20171121,  -89,    0
 18642, 99618,20171122, -109,    0
 18642, 99618,20171123,  -10,    0
 18642, 99618,20171124,  -23,    0
 18642, 99618,20171125,  -53,    0
 18642, 99618,20171126,  -47,    0
 18642, 99618,20171127,  -75,    0
 18642, 99618,20171128,-9999,    9
 18642, 99618,20171129,-9999,    9
 18642, 99618,20171130,  -64,    0
 18642, 99618,20171201,  -80,    0
 18642, 99618,20171202,  -11,    0
 18642, 99618,20171203,  -18,    0
 18642, 99618,20171204,  -43,    0
 18642, 99618,20171205,   -8,    0
 18642, 99618,20171206,  -39,    0
 18642, 99618,20171207,   -5,    0
 18642, 99618,20171208,  -10,    0
 18642, 99618,20171209,  -37,    0
 18642, 99618,20171210, -114,    0
 18642, 99618,20171211, -108,    0
 18642, 99618,20171212, -122,    0
 18642, 99618,20171213, -110,    0
 18642, 99618,20171214,  -81,    0
 18642, 99618,20171215,  -78,    0
 18642, 99618,20171216,  -86,    0
 18642, 99618,20171217,  -87,    0
 18642, 99618,20171218,  -48,    0
 18642, 99618,20171219,   -9,    0
 18642, 99618,20171220,   22,    0
 18642, 99618,20171221,  -18,    0
 18642, 99618,20171222,  -12,    0
 18642, 99618,20171223,   21,    0
 18642, 99618,20171224,  -19,    0
 18642, 99618,20171225,  -19,    0
 18642, 99618,20171226,  -48,    0
 18642, 99618,20171227,  -48,    0
 18642, 99618,20171228,  -52,    0
 18642, 99618,20171229,  -63,    0
 18642, 99618,20171230, -115,    0
 18642, 99618,20171231,  -87,    0
 18642, 99618,20180101,  -38,    0
 18642, 99618,20180102,  -43,    0
 18642, 99618,20180103,  -64,    0
 18642, 99618,20180104,  -45,    0
 18642, 99618,20180105,  -63,    0
 18642, 99618,20180106,  -99,    0
 18642, 99618,20180107,  -74,    0
 18642, 99618,20180108,  -36,    0
 18642, 99618,20180109,  -82,    0
 18642, 99618,20180110,  -77,    0
 18642, 99618,20180111,  -56,    0
 18642, 99618,20180112,  -64,    0
 18642, 99618,20180113,  -87,    0
 18642, 99618,20180114,  -80,    0
 18642, 99618,20180115,  -63,    0
 18642, 99618,20180116,  -55,    0
 18642, 99618,20180117,  -65,    0
 18642, 99618,20180118,  -82,    0
 18642, 99618,20180119,  -84,    0
 18642, 99618,20180120,  -74,    0
 18642, 99618,20180121, -112,    0
 18642, 99618,20180122, -133,    0
 18642, 99618,20180123,  -69,    0
 18642, 99618,20180124,  -27,    0
 18642, 99618,20180125,  -20,    0
 18642, 99618,20180126,  -59,    0
 18642, 99618,20180127,  -91,    0
 18642, 99618,20180128,  -69,    0
 18642, 99618,20180129,  -64,    0
 18642, 99618,20180130,  -55,    0
 18642, 99618,20180131,  -35,    0
 18642, 99618,20180201,  -44,    0
 18642, 99618,20180202, -112,    0
 18642, 99618,20180203, -152,    0
 18642, 99618,20180204, -143,    0
 18642, 99618,20180205,  -75,    0
 18642, 99618,20180206,  -70,    0
 18642, 99618,20180207,  -88,    0
 18642, 99618,20180208,  -85,    0
 18642, 99618,20180209,  -42,    0
 18642, 99618,20180210,  -58,    0
 18642, 99618,20180211,  -72,    0
 18642, 99618,20180212,  -74,    0
 18642, 99618,20180213,  -92,    0
 18642, 99618,20180214,  -50,    0
 18642, 99618,20180215,  -58,    0
 18642, 99618,20180216,  -63,    0
 18642, 99618,20180217,  -81,    0
 18642, 99618,20180218, -104,    0
 18642, 99618,20180219,  -73,    0
 18642, 99618,20180220,  -77,    0
 18642, 99618,20180221,  -77,    0
 18642, 99618,20180222,  -70,    0
 18642, 99618,20180223,  -63,    0
 18642, 99618,20180224,  -74,    0
 18642, 99618,20180225, -103,    0
 18642, 99618,20180226, -125,    0
 18642, 99618,20180227, -161,    0
 18642, 99618,20180228, -186,    0
 18642, 99618,20180301, -179,    0
 18642, 99618,20180302, -137,    0
 18642, 99618,20180303,-9999,    9
 18642, 99618,20180304, -100,    0
 18642, 99618,20180305, -105,    0
 18642, 99618,20180306,  -98,    0
 18642, 99618,20180307,  -71,    0
 18642, 99618,20180308,  -61,    0
 18642, 99618,20180309,  -76,    0
 18642, 99618,20180310,-9999,    9
 18642, 99618,20180311,  -74,    0
 18642, 99618,20180312,  -68,    0
 18642, 99618,20180313,  -68,    0
 18642, 99618,20180314,  -70,    0
 18642, 99618,20180315,  -83,    0
 18642, 99618,20180316, -125,    0
 18642, 99618,20180317,-9999,    9
 18642, 99618,20180318,  -63,    0
 18642, 99618,20180319,  -26,    0
 18642, 99618,20180320,  -37,    0
 18642, 99618,20180321,  -15,    0
 18642, 99618,20180322,   -8,    0
 18642, 99618,20180323,  -30,    0
 18642, 99618,20180324,    4,    0
 18642, 99618,20180325,    4,    0
 18642, 99618,20180326,  -63,    0
 18642, 99618,20180327,  -85,    0
 18642, 99618,20180328,  -84,    0
 18642, 99618,20180329,  -80,    0
 18642, 99618,20180330,  -70,    0
 18642, 99618,20180331,  -68,    0
 18642, 99618,20180401,  -79,    0
 18642, 99618,20180402,  -65,    0
 18642, 99618,20180403,  -68,    0
 18642, 99618,20180404,  -25,    0
 18642, 99618,20180405,  -15,    0
 18642, 99618,20180406,  -37,    0
 18642, 99618,20180407,-9999,    9
 18642, 99618,20180408,   -9,    0
 18642, 99618,20180409,   -7,    0
 18642, 99618,20180410,  -24,    0
 18642, 99618,20180411,   -7,    0
 18642, 99618,20180412,    4,    0
 18642, 99618,20180413,   12,    0
 18642, 99618,20180414,   50,    0
 18642, 99618,20180415,   65,    0
 18642, 99618,20180416,   40,    0
 18642, 99618,20180417,   51,    0
 18642, 99618,20180418,   61,    0
 18642, 99618,20180419,   83,    0
 18642, 99618,20180420,   78,    0
 18642, 99618,20180421,   51,    0
 18642, 99618,20180422,   42,    0
 18642, 99618,20180423,   11,    0
 18642, 99618,20180424,   31,    0
 18642, 99618,20180425,   30,    0
 18642, 99618,20180426,   33,    0
 18642, 99618,20180427,   29,    0
 18642, 99618,20180428,   22,    0
 18642, 99618,20180429,   18,    0
 18642, 99618,20180430,   22,    0
 18642, 99618,20180501,   -4,    0
 18642, 99618,20180502,   27,    0
 18642, 99618,20180503,   16,    0
 18642, 99618,20180504,   39,    0
 18642, 99618,20180505,-9999,    9
 18642, 99618,20180506,   99,    0
 18642, 99618,20180507,  102,    0
 18642, 99618,20180508,  117,    0
 18642, 99618,20180509,  126,    0
 18642, 99618,20180510,  121,    0
 18642, 99618,20180511,   67,    0
 18642, 99618,20180512,   95,    0
 18642, 99618,20180513,  112,    0
 18642, 99618,20180514,  149,    0
 18642, 99618,20180515,  160,    0
 18642, 99618,20180516,-9999,    9
 18642, 99618,20180517,   83,    0
 18642, 99618,20180518,  105,    0
 18642, 99618,20180519,-9999,    9
 18642, 99618,20180520,  129,    0
 18642, 99618,20180521,  140,    0
 18642, 99618,20180522,  143,    0
 18642, 99618,20180523,  152,    0
 18642, 99618,20180524,  175,    0
 18642, 99618,20180525,  165,    0
 18642, 99618,20180526,-9999,    9
 18642, 99618,20180527,  181,    0
 18642, 99618,20180528,  161,    0
 18642, 99618,20180529,  171,    0
 18642, 99618,20180530,-9999,    9
 18642, 99618,20180531,  202,    0
 18642, 99618,20180601,  180,    0
 18642, 99618,20180602,  200,    0
 18642, 99618,20180603,  195,    0
 18642, 99618,20180604,  141,    0
 18642, 99618,20180605,   94,    0
 18642, 99618,20180606,-9999,    9
 18642, 99618,20180607,  163,    0
 18642, 99618,20180608,  168,    0
 18642, 99618,20180609,  166,    0
 18642, 99618,20180610,  156,    0
 18642, 99618,20180611,  114,    0
 18642, 99618,20180612,  125,    0
 18642, 99618,20180613,   99,    0
 18642, 99618,20180614,   98,    0
 18642, 99618,20180615,   96,    0
 18642, 99618,20180616,  106,    0
 18642, 99618,20180617,   85,    0
 18642, 99618,20180618,  103,    0
 18642, 99618,20180619,   90,    0
 18642, 99618,20180620,   79,    0
 18642, 99618,20180621,   50,    0
 18642, 99618,20180622,   79,    0
 18642, 99618,20180623,  105,    0
 18642, 99618,20180624,  119,    0
 18642, 99618,20180625,  166,    0
 18642, 99618,20180626,  186,    0
 18642, 99618,20180627,  189,    0
 18642, 99618,20180628,  152,    0
 18642, 99618,20180629,  124,    0
 18642, 99618,20180630,  129,    0
 18642, 99618,20180701,  174,    0
 18642, 99618,20180702,  182,    0
 18642, 99618,20180703,  192,    0
 18642, 99618,20180704,  191,    0
 18642, 99618,20180705,  194,    0
 18642, 99618,20180706,  163,    0
 18642, 99618,20180707,  138,    0
 18642, 99618,20180708,  166,    0
 18642, 99618,20180709,  118,    0
 18642, 99618,20180710,  169,    0
 18642, 99618,20180711,  179,    0
 18642, 99618,20180712,  154,    0
 18642, 99618,20180713,  172,    0
 18642, 99618,20180714,  175,    0
 18642, 99618,20180715,  190,    0
 18642, 99618,20180716,  191,    0
 18642, 99618,20180717,  169,    0
 18642, 99618,20180718,  156,    0
 18642, 99618,20180719,  172,    0
 18642, 99618,20180720,  190,    0
 18642, 99618,20180721,  181,    0
 18642, 99618,20180722,  188,    0
 18642, 99618,20180723,  176,    0
 18642, 99618,20180724,  193,    0
 18642, 99618,20180725,  200,    0
 18642, 99618,20180726,  183,    0
 18642, 99618,20180727,  220,    0
 18642, 99618,20180728,  183,    0
 18642, 99618,20180729,  179,    0
 18642, 99618,20180730,  151,    0
 18642, 99618,20180731,  175,    0
 18642, 99618,20180801,  171,    0
 18642, 99618,20180802,  152,    0
 18642, 99618,20180803,  139,    0
 18642, 99618,20180804,  149,    0
 18642, 99618,20180805,  119,    0
 18642, 99618,20180806,  115,    0
 18642, 99618,20180807,  152,    0
 18642, 99618,20180808,  138,    0
 18642, 99618,20180809,  144,    0
 18642, 99618,20180810,   96,    0
 18642, 99618,20180811,  106,    0
 18642, 99618,20180812,   86,    0
 18642, 99618,20180813,  110,    0
 18642, 99618,20180814,  124,    0
 18642, 99618,20180815,  117,    0
 18642, 99618,20180816,  122,    0
 18642, 99618,20180817,  110,    0
 18642, 99618,20180818,  100,    0
 18642, 99618,20180819,  109,    0
 18642, 99618,20180820,   84,    0
 18642, 99618,20180821,   93,    0
 18642, 99618,20180822,  110,    0
 18642, 99618,20180823,   95,    0
 18642, 99618,20180824,   89,    0
 18642, 99618,20180825,   70,    0
 18642, 99618,20180826,   74,    0
 18642, 99618,20180827,   64,    0
 18642, 99618,20180828,  100,    0
 18642, 99618,20180829,   95,    0
 18642, 99618,20180830,   99,    0
 18642, 99618,20180831,   90,    0
 18642, 99618,20180901,  102,    0
 18642, 99618,20180902,  123,    0
 18642, 99618,20180903,  109,    0
 18642, 99618,20180904,  120,    0
 18642, 99618,20180905,  117,    0
 18642, 99618,20180906,  101,    0
 18642, 99618,20180907,   97,    0
 18642, 99618,20180908,   94,    0
 18642, 99618,20180909,   85,    0
 18642, 99618,20180910,   94,    0
 18642, 99618,20180911,   70,    0
 18642, 99618,20180912,   68,    0
 18642, 99618,20180913,   66,    0
 18642, 99618,20180914,   70,    0
 18642, 99618,20180915,   55,    0
 18642, 99618,20180916,   48,    0
 18642, 99618,20180917,   76,    0
 18642, 99618,20180918,  117,    0
 18642, 99618,20180919,  131,    0
 18642, 99618,20180920,   74,    0
 18642, 99618,20180921,   45,    0
 18642, 99618,20180922,   61,    0
 18642, 99618,20180923,   41,    0
 18642, 99618,20180924,   23,    0
 18642, 99618,20180925,   46,    0
 18642, 99618,20180926,-9999,    9
 18642, 99618,20180927,-9999,    9
 18642, 99618,20180928,-9999,    9
 18642, 99618,20180929,-9999,    9
 18642, 99618,20180930,-9999,    9
 18642, 99618,20181001,-9999,    9
 18642, 99618,20181002,-9999,    9
 18642, 99618,20181003,-9999,    9
 18642, 99618,20181004,   23,    0
 18642, 99618,20181005,   27,    0
 18642, 99618,20181006,   17,    0
 18642, 99618,20181007,    7,    0
 18642, 99618,20181008,   32,    0
 18642, 99618,20181009,   92,    0
 18642, 99618,20181010,  110,    0
 18642, 99618,20181011,-9999,    9
 18642, 99618,20181012,   69,    0
 18642, 99618,20181013,  124,    0
 18642, 99618,20181014,  121,    0
 18642, 99618,20181015,   51,    0
 18642, 99618,20181016,   29,    0
 18642, 99618,20181017,-9999,    9
 18642, 99618,20181018,-9999,    9
 18642, 99618,20181019,   25,    0
 18642, 99618,20181020,   28,    0
 18642, 99618,20181021,   63,    0
 18642, 99618,20181022,-9999,    9
 18642, 99618,20181023,   12,    0
 18642, 99618,20181024,    0,    0
 18642, 99618,20181025,    6,    0
 18642, 99618,20181026,  -15,    0
 18642, 99618,20181027,  -38,    0
 18642, 99618,20181028,  -75,    0
 18642, 99618,20181029,  -61,    0
 18642, 99618,20181030,  -36,    0
 18642, 99618,20181031,    0,    0
 18642, 99618,20181101,   -5,    0
 18642, 99618,20181102,    1,    0
 18642, 99618,20181103,  -11,    0
 18642, 99618,20181104,   28,    0
 18642, 99618,20181105,   21,    0
 18642, 99618,20181106,   17,    0
 18642, 99618,20181107,    9,    0
 18642, 99618,20181108,   11,    0
 18642, 99618,20181109,    6,    0
 18642, 99618,20181110,   15,    0
 18642, 99618,20181111,   40,    0
 18642, 99618,20181112,   32,    0
 18642, 99618,20181113,    1,    0
 18642, 99618,20181114,  -11,    0
 18642, 99618,20181115,   21,    0
 18642, 99618,20181116,    4,    0
 18642, 99618,20181117,    5,    0
 18642, 99618,20181118,   -7,    0
 18642, 99618,20181119,  -37,    0
 18642, 99618,20181120,  -54,    0
 18642, 99618,20181121,  -46,    0
 18642, 99618,20181122,  -43,    0
 18642, 99618,20181123,  -38,    0
 18642, 99618,20181124,  -54,    0
 18642, 99618,20181125,  -89,    0
 18642, 99618,20181126,  -93,    0
 18642, 99618,20181127,  -89,    0
 18642, 99618,20181128,  -86,    0
 18642, 99618,20181129,  -23,    0
 18642, 99618,20181130,   16,    0
 18642, 99618,20181201,   -1,    0
 18642, 99618,20181202,  -15,    0
 18642, 99618,20181203,  -12,    0
 18642, 99618,20181204,  -39,    0
 18642, 99618,20181205,  -51,    0
 18642, 99618,20181206,  -73,    0
 18642, 99618,20181207,  -70,    0
 18642, 99618,20181208,  -56,    0
 18642, 99618,20181209,  -42,    0
 18642, 99618,20181210,  -21,    0
 18642, 99618,20181211,  -44,    0
 18642, 99618,20181212,  -98,    0
 18642, 99618,20181213, -129,    0
 18642, 99618,20181214, -136,    0
 18642, 99618,20181215,  -97,    0
 18642, 99618,20181216,  -73,    0
 18642, 99618,20181217,  -70,    0
 18642, 99618,20181218, -106,    0
 18642, 99618,20181219,  -68,    0
 18642, 99618,20181220,  -36,    0
 18642, 99618,20181221,  -61,    0
 18642, 99618,20181222,  -88,    0
 18642, 99618,20181223,  -80,    0
 18642, 99618,20181224,  -44,    0
 18642, 99618,20181225,   15,    0
 18642, 99618,20181226,   16,    0
 18642, 99618,20181227,    5,    0
 18642, 99618,20181228,  -14,    0
 18642, 99618,20181229,  -19,    0
 18642, 99618,20181230,  -28,    0
 18642, 99618,20181231,  -17,    0
 18642, 99618,20190101,  -10,    0
 18642, 99618,20190102,  -48,    0
 18642, 99618,20190103,   -6,    0
 18642, 99618,20190104,   38,    0
 18642, 99618,20190105,   14,    0
 18642, 99618,20190106,    9,    0
 18642, 99618,20190107,  -37,    0
 18642, 99618,20190108,  -32,    0
 18642, 99618,20190109,  -51,    0
 18642, 99618,20190110,  -22,    0
 18642, 99618,20190111,  -13,    0
 18642, 99618,20190112,  -63,    0
 18642, 99618,20190113,  -52,    0
 18642, 99618,20190114,  -66,    0
 18642, 99618,20190115,  -86,    0
 18642, 99618,20190116, -108,    0
 18642, 99618,20190117,  -92,    0
 18642, 99618,20190118,-9999,    9
 18642, 99618,20190119,-9999,    9
 18642, 99618,20190120, -105,    0
 18642, 99618,20190121,  -94,    0
 18642, 99618,20190122, -132,    0
 18642, 99618,20190123,  -78,    0
 18642, 99618,20190124,  -70,    0
 18642, 99618,20190125,  -87,    0
 18642, 99618,20190126,  -99,    0
 18642, 99618,20190127, -115,    0
 18642, 99618,20190128, -124,    0
 18642, 99618,20190129, -128,    0
 18642, 99618,20190130,-9999,    9
 18642, 99618,20190131, -116,    0
 18642, 99618,20190201,  -82,    0
 18642, 99618,20190202,  -90,    0
 18642, 99618,20190203, -106,    0
 18642, 99618,20190204, -109,    0
 18642, 99618,20190205,  -79,    0
 18642, 99618,20190206, -118,    0
 18642, 99618,20190207, -101,    0
 18642, 99618,20190208,  -58,    0
 18642, 99618,20190209,  -27,    0
 18642, 99618,20190210,  -39,    0
 18642, 99618,20190211,  -70,    0
 18642, 99618,20190212,  -55,    0
 18642, 99618,20190213,-9999,    9
 18642, 99618,20190214,-9999,    9
 18642, 99618,20190215,-9999,    9
 18642, 99618,20190216,   25,    0
 18642, 99618,20190217,  -18,    0
 18642, 99618,20190218,    6,    0
 18642, 99618,20190219,   -1,    0
 18642, 99618,20190220,  -24,    0
 18642, 99618,20190221,  -42,    0
 18642, 99618,20190222,  -35,    0
 18642, 99618,20190223,   27,    0
 18642, 99618,20190224,   22,    0
 18642, 99618,20190225,   26,    0
 18642, 99618,20190226,   40,    0
 18642, 99618,20190227,   19,    0
 18642, 99618,20190228,   -6,    0
 18642, 99618,20190301,  -35,    0
 18642, 99618,20190302,  -26,    0
 18642, 99618,20190303,  -28,    0
 18642, 99618,20190304,  -33,    0
 18642, 99618,20190305,  -68,    0
 18642, 99618,20190306,  -69,    0
 18642, 99618,20190307,  -49,    0
 18642, 99618,20190308,  -53,    0
 18642, 99618,20190309,  -83,    0
 18642, 99618,20190310,  -87,    0
 18642, 99618,20190311,  -73,    0
 18642, 99618,20190312,  -97,    0
 18642, 99618,20190313,  -60,    0
 18642, 99618,20190314,  -49,    0
 18642, 99618,20190315,  -54,    0
 18642, 99618,20190316,  -54,    0
 18642, 99618,20190317,  -46,    0
 18642, 99618,20190318,  -43,    0
 18642, 99618,20190319,  -29,    0
 18642, 99618,20190320,    9,    0
 18642, 99618,20190321,   19,    0
 18642, 99618,20190322,    2,    0
 18642, 99618,20190323,   -4,    0
 18642, 99618,20190324,   -2,    0
 18642, 99618,20190325,   -4,    0
 18642, 99618,20190326,  -16,    0
 18642, 99618,20190327,   27,    0
 18642, 99618,20190328,   49,    0
 18642, 99618,20190329,   52,    0
 18642, 99618,20190330,   11,    0
 18642, 99618,20190331,  -35,    0
 18642, 99618,20190401,  -23,    0
 18642, 99618,20190402,  -23,    0
 18642, 99618,20190403,  -19,    0
 18642, 99618,20190404,   25,    0
 18642, 99618,20190405,    0,    0
 18642, 99618,20190406,    7,    0
 18642, 99618,20190407,   -4,    0
 18642, 99618,20190408,  -21,    0
 18642, 99618,20190409,-9999,    9
 18642, 99618,20190410,-9999,    9
 18642, 99618,20190411,-9999,    9
 18642, 99618,20190412,  -12,    0
 18642, 99618,20190413,    1,    0
 18642, 99618,20190414,    9,    0
 18642, 99618,20190415,   23,    0
 18642, 99618,20190416,   22,    0
 18642, 99618,20190417,   32,    0
 18642, 99618,20190418,   49,    0
 18642, 99618,20190419,   72,    0
 18642, 99618,20190420,   73,    0
 18642, 99618,20190421,   79,    0
 18642, 99618,20190422,   90,    0
 18642, 99618,20190423,   87,    0
 18642, 99618,20190424,   76,    0
 18642, 99618,20190425,   58,    0
 18642, 99618,20190426,   62,    0
 18642, 99618,20190427,   58,    0
 18642, 99618,20190428,   84,    0
 18642, 99618,20190429,  120,    0
 18642, 99618,20190430,  112,    0
 18642, 99618,20190501,   69,    0
 18642, 99618,20190502,    4,    0
 18642, 99618,20190503,  -18,    0
 18642, 99618,20190504,    7,    0
 18642, 99618,20190505,    7,    0
 18642, 99618,20190506,  -13,    0
 18642, 99618,20190507,   -4,    0
 18642, 99618,20190508,    5,    0
 18642, 99618,20190509,   -5,    0
 18642, 99618,20190510,   24,    0
 18642, 99618,20190511,    1,    0
 18642, 99618,20190512,   14,    0
 18642, 99618,20190513,   27,    0
 18642, 99618,20190514,   61,    0
 18642, 99618,20190515,   93,    0
 18642, 99618,20190516,  113,    0
 18642, 99618,20190517,  130,    0
 18642, 99618,20190518,   68,    0
 18642, 99618,20190519,   86,    0
 18642, 99618,20190520,  107,    0
 18642, 99618,20190521,  124,    0
 18642, 99618,20190522,  123,    0
 18642, 99618,20190523,   82,    0
 18642, 99618,20190524,   63,    0
 18642, 99618,20190525,   82,    0
 18642, 99618,20190526,   54,    0
 18642, 99618,20190527,   36,    0
 18642, 99618,20190528,   41,    0
 18642, 99618,20190529,-9999,    9
 18642, 99618,20190530,-9999,    9
 18642, 99618,20190531,-9999,    9
 18642, 99618,20190601,   47,    0
 18642, 99618,20190602,   89,    0
 18642, 99618,20190603,   99,    0
 18642, 99618,20190604,  107,    0
 18642, 99618,20190605,   76,    0
 18642, 99618,20190606,  120,    0
 18642, 99618,20190607,  132,    0
 18642, 99618,20190608,  108,    0
 18642, 99618,20190609,   99,    0
 18642, 99618,20190610,  104,    0
 18642, 99618,20190611,  117,    0
 18642, 99618,20190612,   60,    0
 18642, 99618,20190613,   70,    0
 18642, 99618,20190614,  113,    0
 18642, 99618,20190615,  146,    0
 18642, 99618,20190616,  122,    0
 18642, 99618,20190617,  134,    0
 18642, 99618,20190618,  109,    0
 18642, 99618,20190619,  109,    0
 18642, 99618,20190620,  102,    0
 18642, 99618,20190621,  102,    0
 18642, 99618,20190622,   92,    0
 18642, 99618,20190623,   93,    0
 18642, 99618,20190624,  119,    0
 18642, 99618,20190625,-9999,    9
 18642, 99618,20190626,  130,    0
 18642, 99618,20190627,  128,    0
 18642, 99618,20190628,  142,    0
 18642, 99618,20190629,  167,    0
 18642, 99618,20190630,  144,    0
 18642, 99618,20190701,  123,    0
 18642, 99618,20190702,   76,    0
 18642, 99618,20190703,   57,    0
 18642, 99618,20190704,   72,    0
 18642, 99618,20190705,   98,    0
 18642, 99618,20190706,   79,    0
 18642, 99618,20190707,   99,    0
 18642, 99618,20190708,  113,    0
 18642, 99618,20190709,  121,    0
 18642, 99618,20190710,  157,    0
 18642, 99618,20190711,  172,    0
 18642, 99618,20190712,  166,    0
 18642, 99618,20190713,  175,    0
 18642, 99618,20190714,  157,    0
 18642, 99618,20190715,  128,    0
 18642, 99618,20190716,  131,    0
 18642, 99618,20190717,  156,    0
 18642, 99618,20190718,  142,    0
 18642, 99618,20190719,  112,    0
 18642, 99618,20190720,  121,    0
 18642, 99618,20190721,  116,    0
 18642, 99618,20190722,  127,    0
 18642, 99618,20190723,  164,    0
 18642, 99618,20190724,  195,    0
 18642, 99618,20190725,  196,    0
 18642, 99618,20190726,  208,    0
 18642, 99618,20190727,  208,    0
 18642, 99618,20190728,  207,    0
 18642, 99618,20190729,  204,    0
 18642, 99618,20190730,   97,    0
 18642, 99618,20190731,   88,    0
 18642, 99618,20190801,  133,    0
 18642, 99618,20190802,  171,    0
 18642, 99618,20190803,  169,    0
 18642, 99618,20190804,  152,    0
 18642, 99618,20190805,  145,    0
 18642, 99618,20190806,  117,    0
 18642, 99618,20190807,  128,    0
 18642, 99618,20190808,  120,    0
 18642, 99618,20190809,  139,    0
 18642, 99618,20190810,  112,    0
 18642, 99618,20190811,  133,    0
 18642, 99618,20190812,  127,    0
 18642, 99618,20190813,   98,    0
 18642, 99618,20190814,   87,    0
 18642, 99618,20190815,   97,    0
 18642, 99618,20190816,  122,    0
 18642, 99618,20190817,  108,    0
 18642, 99618,20190818,  103,    0
 18642, 99618,20190819,  105,    0
 18642, 99618,20190820,  110,    0
 18642, 99618,20190821,   98,    0
 18642, 99618,20190822,-9999,    9
 18642, 99618,20190823,  112,    0
 18642, 99618,20190824,  134,    0
 18642, 99618,20190825,  159,    0
 18642, 99618,20190826,  162,    0
 18642, 99618,20190827,  169,    0
 18642, 99618,20190828,  140,    0
 18642, 99618,20190829,  128,    0
 18642, 99618,20190830,  112,    0
 18642, 99618,20190831,  132,    0
 18642, 99618,20190901,  110,    0
 18642, 99618,20190902,   76,    0
 18642, 99618,20190903,   71,    0
 18642, 99618,20190904,   47,    0
 18642, 99618,20190905,   62,    0
 18642, 99618,20190906,   51,    0
 18642, 99618,20190907,   70,    0
 18642, 99618,20190908,   59,    0
 18642, 99618,20190909,   84,    0
 18642, 99618,20190910,-9999,    9
 18642, 99618,20190911,   94,    0
 18642, 99618,20190912,   82,    0
 18642, 99618,20190913,   61,    0
 18642, 99618,20190914,   61,    0
 18642, 99618,20190915,   66,    0
 18642, 99618,20190916,   49,    0
 18642, 99618,20190917,   39,    0
 18642, 99618,20190918,   46,    0
 18642, 99618,20190919,   35,    0
 18642, 99618,20190920,   89,    0
 18642, 99618,20190921,  125,    0
 18642, 99618,20190922,  108,    0
 18642, 99618,20190923,   62,    0
 18642, 99618,20190924,   54,    0
 18642, 99618,20190925,   48,    0
 18642, 99618,20190926,   42,    0
 18642, 99618,20190927,   40,    0
 18642, 99618,20190928,   62,    0
 18642, 99618,20190929,   57,    0
 18642, 99618,20190930,   22,    0
 18642, 99618,20191001,   35,    0
 18642, 99618,20191002,   34,    0
 18642, 99618,20191003,    1,    0
 18642, 99618,20191004,  -24,    0
 18642, 99618,20191005,  -24,    0
 18642, 99618,20191006,  -34,    0
 18642, 99618,20191007,  -13,    0
 18642, 99618,20191008,  -14,    0
 18642, 99618,20191009,   -1,    0
 18642, 99618,20191010,    6,    0
 18642, 99618,20191011,    5,    0
 18642, 99618,20191012,   14,    0
 18642, 99618,20191013,   15,    0
 18642, 99618,20191014,   26,    0
 18642, 99618,20191015,   15,    0
 18642, 99618,20191016,   14,    0
 18642, 99618,20191017,   16,    0
 18642, 99618,20191018,   17,    0
 18642, 99618,20191019,   14,    0
 18642, 99618,20191020,    9,    0
 18642, 99618,20191021,   -6,    0
 18642, 99618,20191022,   49,    0
 18642, 99618,20191023,-9999,    9
 18642, 99618,20191024,-9999,    9
 18642, 99618,20191025,-9999,    9
 18642, 99618,20191026,-9999,    9
 18642, 99618,20191027,  -13,    0
 18642, 99618,20191028,   -9,    0
 18642, 99618,20191029,  -14,    0
 18642, 99618,20191030,   -3,    0
 18642, 99618,20191031,   10,    0
 18642, 99618,20191101,  -23,    0
 18642, 99618,20191102,  -34,    0
 18642, 99618,20191103,  -41,    0
 18642, 99618,20191104,  -68,    0
 18642, 99618,20191105,  -75,    0
 18642, 99618,20191106,  -95,    0
 18642, 99618,20191107, -104,    0
 18642, 99618,20191108,  -94,    0
 18642, 99618,20191109,  -62,    0
 18642, 99618,20191110,  -69,    0
 18642, 99618,20191111,  -84,    0
 18642, 99618,20191112,  -49,    0
 18642, 99618,20191113,  -20,    0
 18642, 99618,20191114,  -21,    0
 18642, 99618,20191115,  -42,    0
 18642, 99618,20191116,  -37,    0
 18642, 99618,20191117,  -31,    0
 18642, 99618,20191118,  -43,    0
 18642, 99618,20191119,  -16,    0
 18642, 99618,20191120,  -74,    0
 18642, 99618,20191121,  -17,    0
 18642, 99618,20191122,   -3,    0
 18642, 99618,20191123,   -7,    0
 18642, 99618,20191124,   -7,    0
 18642, 99618,20191125,  -18,    0
 18642, 99618,20191126,  -20,    0
 18642, 99618,20191127,  -28,    0
 18642, 99618,20191128,  -46,    0
 18642, 99618,20191129,  -72,    0
 18642, 99618,20191130,  -75,    0
 18642, 99618,20191201,  -59,    0
 18642, 99618,20191202,  -74,    0
 18642, 99618,20191203,  -12,    0
 18642, 99618,20191204,   35,    0
 18642, 99618,20191205,   15,    0
 18642, 99618,20191206,    2,    0
 18642, 99618,20191207,-9999,    9
 18642, 99618,20191208,  -61,    0
 18642, 99618,20191209,  -48,    0
 18642, 99618,20191210,  -74,    0
 18642, 99618,20191211,   -9,    0
 18642, 99618,20191212,  -19,    0
 18642, 99618,20191213,  -36,    0
 18642, 99618,20191214,-9999,    9
 18642, 99618,20191215,  -31,    0
 18642, 99618,20191216,  -84,    0
 18642, 99618,20191217,  -97,    0
 18642, 99618,20191218,  -72,    0
 18642, 99618,20191219,  -74,    0
 18642, 99618,20191220,  -30,    0
 18642, 99618,20191221,-9999,    9
 18642, 99618,20191222,-9999,    9
 18642, 99618,20191223,-9999,    9
 18642, 99618,20191224,  -28,    0
 18642, 99618,20191225,  -38,    0
 18642, 99618,20191226,  -52,    0
 18642, 99618,20191227,  -93,    0
 18642, 99618,20191228,  -82,    0
 18642, 99618,20191229,    5,    0
 18642, 99618,20191230,   29,    0
 18642, 99618,20191231,   -8,    0
 18642, 99618,20200101,   18,    0
 18642, 99618,20200102,   24,    0
 18642, 99618,20200103,  -24,    0
 18642, 99618,20200104,  -45,    0
 18642, 99618,20200105,-9999,    9
 18642, 99618,20200106,-9999,    9
 18642, 99618,20200107,    5,    0
 18642, 99618,20200108,    7,    0
 18642, 99618,20200109,  -39,    0
 18642, 99618,20200110,  -60,    0
 18642, 99618,20200111,  -23,    0
 18642, 99618,20200112,-9999,    9
 18642, 99618,20200113,-9999,    9
 18642, 99618,20200114,-9999,    9
 18642, 99618,20200115,-9999,    9
 18642, 99618,20200116,   -3,    0
 18642, 99618,20200117,    2,    0
 18642, 99618,20200118,  -14,    0
 18642, 99618,20200119,  -16,    0
 18642, 99618,20200120,   39,    0
 18642, 99618,20200121,   16,    0
 18642, 99618,20200122,  -21,    0
 18642, 99618,20200123,   19,    0
 18642, 99618,20200124,    4,    0
 18642, 99618,20200125,    1,    0
 18642, 99618,20200126,    7,    0
 18642, 99618,20200127,-9999,    9
 18642, 99618,20200128,-9999,    9
 18642, 99618,20200129,  -28,    0
 18642, 99618,20200130,  -66,    0
 18642, 99618,20200131,  -54,    0
 18642, 99618,20200201,  -21,    0
 18642, 99618,20200202,  -39,    0
 18642, 99618,20200203,  -72,    0
 18642, 99618,20200204,  -65,    0
 18642, 99618,20200205,   -3,    0
 18642, 99618,20200206,   36,    0
 18642, 99618,20200207,  -12,    0
 18642, 99618,20200208,  -30,    0
 18642, 99618,20200209,   -8,    0
 18642, 99618,20200210,   -6,    0
 18642, 99618,20200211,  -27,    0
 18642, 99618,20200212,  -31,    0
 18642, 99618,20200213,  -48,    0
 18642, 99618,20200214,  -61,    0
 18642, 99618,20200215,  -10,    0
 18642, 99618,20200216,    3,    0
 18642, 99618,20200217,    7,    0
 18642, 99618,20200218,   -2,    0
 18642, 99618,20200219,  -29,    0
 18642, 99618,20200220,  -27,    0
 18642, 99618,20200221,  -10,    0
 18642, 99618,20200222,   -8,    0
 18642, 99618,20200223,  -27,    0
 18642, 99618,20200224,  -43,    0
 18642, 99618,20200225,  -71,    0
 18642, 99618,20200226, -102,    0
 18642, 99618,20200227, -115,    0
 18642, 99618,20200228,  -91,    0
 18642, 99618,20200229,  -73,    0
 18642, 99618,20200301,  -49,    0
 18642, 99618,20200302,  -14,    0
 18642, 99618,20200303,  -31,    0
 18642, 99618,20200304,  -38,    0
 18642, 99618,20200305,  -56,    0
 18642, 99618,20200306,  -70,    0
 18642, 99618,20200307,  -75,    0
 18642, 99618,20200308,   -5,    0
 18642, 99618,20200309,    9,    0
 18642, 99618,20200310,  -17,    0
 18642, 99618,20200311,   -8,    0
 18642, 99618,20200312,  -19,    0
 18642, 99618,20200313,  -56,    0
 18642, 99618,20200314,  -75,    0
 18642, 99618,20200315,   -2,    0
 18642, 99618,20200316,  -17,    0
 18642, 99618,20200317,   12,    0
 18642, 99618,20200318,   -5,    0
 18642, 99618,20200319,   -5,    0
 18642, 99618,20200320,-9999,    9
 18642, 99618,20200321,-9999,    9
 18642, 99618,20200322,-9999,    9
 18642, 99618,20200323,-9999,    9
 18642, 99618,20200324,-9999,    9
 18642, 99618,20200325,-9999,    9
 18642, 99618,20200326,-9999,    9
 18642, 99618,20200327,   12,    0
 18642, 99618,20200328,  -31,    0
 18642, 99618,20200329,  -45,    0
 18642, 99618,20200330,  -28,    0
 18642, 99618,20200331,   10,    0
 18642, 99618,20200401,   18,    0
 18642, 99618,20200402,  -22,    0
 18642, 99618,20200403,  -36,    0
 18642, 99618,20200404,  -37,    0
 18642, 99618,20200405,   -4,    0
 18642, 99618,20200406,   21,    0
 18642, 99618,20200407,   35,    0
 18642, 99618,20200408,   32,    0
 18642, 99618,20200409,   -4,    0
 18642, 99618,20200410,   -3,    0
 18642, 99618,20200411,-9999,    9
 18642, 99618,20200412,-9999,    9
 18642, 99618,20200413,-9999,    9
 18642, 99618,20200414,-9999,    9
 18642, 99618,20200415,-9999,    9
 18642, 99618,20200416,-9999,    9
 18642, 99618,20200417,   -7,    0
 18642, 99618,20200418,   13,    0
 18642, 99618,20200419,   54,    0
 18642, 99618,20200420,   73,    0
 18642, 99618,20200421,   87,    0
 18642, 99618,20200422,   92,    0
 18642, 99618,20200423,   74,    0
 18642, 99618,20200424,   30,    0
 18642, 99618,20200425,   38,    0
 18642, 99618,20200426,   25,    0
 18642, 99618,20200427,   -9,    0
 18642, 99618,20200428,  -12,    0
 18642, 99618,20200429,   -1,    0
 18642, 99618,20200430,   -4,    0
 18642, 99618,20200501,    0,    0
 18642, 99618,20200502,   28,    0
 18642, 99618,20200503,   20,    0
 18642, 99618,20200504,   10,    0
 18642, 99618,20200505,   21,    0
 18642, 99618,20200506,   48,    0
 18642, 99618,20200507,   33,    0
 18642, 99618,20200508,   39,    0
 18642, 99618,20200509,   35,    0
 18642, 99618,20200510,   -9,    0
 18642, 99618,20200511,   -3,    0
 18642, 99618,20200512,  -12,    0
 18642, 99618,20200513,   -9,    0
 18642, 99618,20200514,   -1,    0
 18642, 99618,20200515,   12,    0
 18642, 99618,20200516,    6,    0
 18642, 99618,20200517,   23,    0
 18642, 99618,20200518,   36,    0
 18642, 99618,20200519,   34,    0
 18642, 99618,20200520,   58,    0
 18642, 99618,20200521,   86,    0
 18642, 99618,20200522,   70,    0
 18642, 99618,20200523,   61,    0
 18642, 99618,20200524,   63,    0
 18642, 99618,20200525,  104,    0
 18642, 99618,20200526,   93,    0
 18642, 99618,20200527,   69,    0
 18642, 99618,20200528,   76,    0
 18642, 99618,20200529,  109,    0
 18642, 99618,20200530,  145,    0
 18642, 99618,20200531,  153,    0
 18642, 99618,20200601,  167,    0
 18642, 99618,20200602,  143,    0
 18642, 99618,20200603,  140,    0
 18642, 99618,20200604,   92,    0
 18642, 99618,20200605,   77,    0
 18642, 99618,20200606,   67,    0
 18642, 99618,20200607,   76,    0
 18642, 99618,20200608,   74,    0
 18642, 99618,20200609,  100,    0
 18642, 99618,20200610,  116,    0
 18642, 99618,20200611,  153,    0
 18642, 99618,20200612,  163,    0
 18642, 99618,20200613,  160,    0
 18642, 99618,20200614,  172,    0
 18642, 99618,20200615,  187,    0
 18642, 99618,20200616,  189,    0
 18642, 99618,20200617,  156,    0
 18642, 99618,20200618,  182,    0
 18642, 99618,20200619,  196,    0
 18642, 99618,20200620,  172,    0
 18642, 99618,20200621,  137,    0
 18642, 99618,20200622,  116,    0
 18642, 99618,20200623,  161,    0
 18642, 99618,20200624,  198,    0
 18642, 99618,20200625,  208,    0
 18642, 99618,20200626,  199,    0
 18642, 99618,20200627,-9999,    9
 18642, 99618,20200628,  148,    0
 18642, 99618,20200629,  132,    0
 18642, 99618,20200630,-9999,    9
 18642, 99618,20200701,   72,    0
 18642, 99618,20200702,   81,    0
 18642, 99618,20200703,   52,    0
 18642, 99618,20200704,   88,    0
 18642, 99618,20200705,   79,    0
 18642, 99618,20200706,   79,    0
 18642, 99618,20200707,   53,    0
 18642, 99618,20200708,   79,    0
 18642, 99618,20200709,   86,    0
 18642, 99618,20200710,   87,    0
 18642, 99618,20200711,   93,    0
 18642, 99618,20200712,   88,    0
 18642, 99618,20200713,   95,    0
 18642, 99618,20200714,   96,    0
 18642, 99618,20200715,  114,    0
 18642, 99618,20200716,  137,    0
 18642, 99618,20200717,  136,    0
 18642, 99618,20200718,  132,    0
 18642, 99618,20200719,  123,    0
 18642, 99618,20200720,  108,    0
 18642, 99618,20200721,   93,    0
 18642, 99618,20200722,   89,    0
 18642, 99618,20200723,   99,    0
 18642, 99618,20200724,  112,    0
 18642, 99618,20200725,  118,    0
 18642, 99618,20200726,  108,    0
 18642, 99618,20200727,  122,    0
 18642, 99618,20200728,   99,    0
 18642, 99618,20200729,   97,    0
 18642, 99618,20200730,  135,    0
 18642, 99618,20200731,  160,    0
 18642, 99618,20200801,  170,    0
 18642, 99618,20200802,  118,    0
 18642, 99618,20200803,   94,    0
 18642, 99618,20200804,  100,    0
 18642, 99618,20200805,  101,    0
 18642, 99618,20200806,  153,    0
 18642, 99618,20200807,  151,    0
 18642, 99618,20200808,  172,    0
 18642, 99618,20200809,  132,    0
 18642, 99618,20200810,  136,    0
 18642, 99618,20200811,  164,    0
 18642, 99618,20200812,  180,    0
 18642, 99618,20200813,  164,    0
 18642, 99618,20200814,  164,    0
 18642, 99618,20200815,  176,    0
 18642, 99618,20200816,  185,    0
 18642, 99618,20200817,  176,    0
 18642, 99618,20200818,  176,    0
 18642, 99618,20200819,  155,    0
 18642, 99618,20200820,  152,    0
 18642, 99618,20200821,  138,    0
 18642, 99618,20200822,  137,    0
 18642, 99618,20200823,  108,    0
 18642, 99618,20200824,-9999,    9
 18642, 99618,20200825,-9999,    9
 18642, 99618,20200826,   88,    0
 18642, 99618,20200827,   91,    0
 18642, 99618,20200828,   85,    0
 18642, 99618,20200829,   85,    0
 18642, 99618,20200830,   80,    0
 18642, 99618,20200831,   78,    0
 18642, 99618,20200901,  101,    0
 18642, 99618,20200902,  104,    0
 18642, 99618,20200903,   90,    0
 18642, 99618,20200904,   97,    0
 18642, 99618,20200905,   73,    0
 18642, 99618,20200906,   68,    0
 18642, 99618,20200907,   70,    0
 18642, 99618,20200908,   94,    0
 18642, 99618,20200909,   74,    0
 18642, 99618,20200910,   49,    0
 18642, 99618,20200911,   60,    0
 18642, 99618,20200912,   64,    0
 18642, 99618,20200913,   78,    0
 18642, 99618,20200914,  117,    0
 18642, 99618,20200915,  115,    0
 18642, 99618,20200916,   74,    0
 18642, 99618,20200917,   64,    0
 18642, 99618,20200918,   99,    0
 18642, 99618,20200919,   81,    0
 18642, 99618,20200920,   79,    0
 18642, 99618,20200921,  111,    0
 18642, 99618,20200922,   90,    0
 18642, 99618,20200923,   96,    0
 18642, 99618,20200924,   70,    0
 18642, 99618,20200925,   55,    0
 18642, 99618,20200926,   29,    0
 18642, 99618,20200927,   60,    0
 18642, 99618,20200928,   86,    0
 18642, 99618,20200929,   83,    0
 18642, 99618,20200930,   75,    0
 18642, 99618,20201001,   67,    0
 18642, 99618,20201002,   66,    0
 18642, 99618,20201003,   66,    0
 18642, 99618,20201004,   81,    0
 18642, 99618,20201005,   83,    0
 18642, 99618,20201006,   66,    0
 18642, 99618,20201007,   75,    0
 18642, 99618,20201008,   67,    0
 18642, 99618,20201009,   42,    0
 18642, 99618,20201010,   31,    0
 18642, 99618,20201011,   49,    0
 18642, 99618,20201012,   33,    0
 18642, 99618,20201013,   31,    0
 18642, 99618,20201014,   12,    0
 18642, 99618,20201015,   50,    0
 18642, 99618,20201016,   45,    0
 18642, 99618,20201017,   28,    0
 18642, 99618,20201018,    4,    0
 18642, 99618,20201019,  -11,    0
 18642, 99618,20201020,  -27,    0
 18642, 99618,20201021,  -10,    0
 18642, 99618,20201022,   21,    0
 18642, 99618,20201023,   -9,    0
 18642, 99618,20201024,   -2,    0
 18642, 99618,20201025,   46,    0
 18642, 99618,20201026,   18,    0
 18642, 99618,20201027,   26,    0
 18642, 99618,20201028,   27,    0
 18642, 99618,20201029,   23,    0
 18642, 99618,20201030,    0,    0
 18642, 99618,20201031,    9,    0
 18642, 99618,20201101,   48,    0
 18642, 99618,20201102,   50,    0
 18642, 99618,20201103,   26,    0
 18642, 99618,20201104,   18,    0
 18642, 99618,20201105,   72,    0
 18642, 99618,20201106,   66,    0
 18642, 99618,20201107,   42,    0
 18642, 99618,20201108,   18,    0
 18642, 99618,20201109,    1,    0
 18642, 99618,20201110,  -37,    0
 18642, 99618,20201111,  -22,    0
 18642, 99618,20201112,    7,    0
 18642, 99618,20201113,   -2,    0
 18642, 99618,20201114,    8,    0
 18642, 99618,20201115,   41,    0
 18642, 99618,20201116,   41,    0
 18642, 99618,20201117,   20,    0
 18642, 99618,20201118,   61,    0
 18642, 99618,20201119,  -25,    0
 18642, 99618,20201120,  -43,    0
 18642, 99618,20201121,  -10,    0
 18642, 99618,20201122,    5,    0
 18642, 99618,20201123,  -12,    0
 18642, 99618,20201124,  -20,    0
 18642, 99618,20201125,   17,    0
 18642, 99618,20201126,  -11,    0
 18642, 99618,20201127,  -54,    0
 18642, 99618,20201128,  -88,    0
 18642, 99618,20201129,  -46,    0
 18642, 99618,20201130,  -36,    0
 18642, 99618,20201201,  -30,    0
 18642, 99618,20201202,  -47,    0
 18642, 99618,20201203,  -29,    0
 18642, 99618,20201204,  -39,    0
 18642, 99618,20201205,  -43,    0
 18642, 99618,20201206,  -26,    0
 18642, 99618,20201207,-9999,    9
 18642, 99618,20201208,-9999,    9
 18642, 99618,20201209,  -23,    0
 18642, 99618,20201210,  -24,    0
 18642, 99618,20201211,  -37,    0
 18642, 99618,20201212,  -38,    0
 18642, 99618,20201213,  -29,    0
 18642, 99618,20201214,-9999,    9
 18642, 99618,20201215,  -42,    0
 18642, 99618,20201216,  -45,    0
 18642, 99618,20201217,  -37,    0
 18642, 99618,20201218,  -48,    0
 18642, 99618,20201219,   10,    0
 18642, 99618,20201220,    3,    0
 18642, 99618,20201221,  -17,    0
 18642, 99618,20201222,-9999,    9
 18642, 99618,20201223,  -28,    0
 18642, 99618,20201224,  -67,    0
 18642, 99618,20201225,  -83,    0
 18642, 99618,20201226,  -77,    0
 18642, 99618,20201227,-9999,    9
 18642, 99618,20201228,  -30,    0
 18642, 99618,20201229,  -21,    0
 18642, 99618,20201230,  -23,    0
 18642, 99618,20201231,  -49,    0
 18642, 99618,20210101,  -62,    0
 18642, 99618,20210102,  -53,    0
 18642, 99618,20210103,  -80,    0
 18642, 99618,20210104, -104,    0
 18642, 99618,20210105, -116,    0
 18642, 99618,20210106, -143,    0
 18642, 99618,20210107, -166,    0
 18642, 99618,20210108, -162,    0
 18642, 99618,20210109, -151,    0
 18642, 99618,20210110, -107,    0
 18642, 99618,20210111, -125,    0
 18642, 99618,20210112,  -83,    0
 18642, 99618,20210113, -102,    0
 18642, 99618,20210114, -135,    0
 18642, 99618,20210115, -120,    0
 18642, 99618,20210116, -136,    0
 18642, 99618,20210117, -135,    0
 18642, 99618,20210118, -108,    0
 18642, 99618,20210119,  -74,    0
 18642, 99618,20210120,  -49,    0
 18642, 99618,20210121,  -30,    0
 18642, 99618,20210122,  -18,    0
 18642, 99618,20210123,  -39,    0
 18642, 99618,20210124, -102,    0
 18642, 99618,20210125, -114,    0
 18642, 99618,20210126, -102,    0
 18642, 99618,20210127, -106,    0
 18642, 99618,20210128, -119,    0
 18642, 99618,20210129, -143,    0
 18642, 99618,20210130,  -90,    0
 18642, 99618,20210131, -103,    0
 18642, 99618,20210201, -135,    0
 18642, 99618,20210202, -148,    0
 18642, 99618,20210203, -151,    0
 18642, 99618,20210204, -160,    0
 18642, 99618,20210205, -135,    0
 18642, 99618,20210206, -127,    0
 18642, 99618,20210207, -144,    0
 18642, 99618,20210208, -118,    0
 18642, 99618,20210209, -133,    0
 18642, 99618,20210210, -120,    0
 18642, 99618,20210211, -149,    0
 18642, 99618,20210212, -119,    0
 18642, 99618,20210213, -110,    0
 18642, 99618,20210214, -128,    0
 18642, 99618,20210215, -119,    0
 18642, 99618,20210216,  -90,    0
 18642, 99618,20210217,  -81,    0
 18642, 99618,20210218,  -73,    0
 18642, 99618,20210219,  -57,    0
 18642, 99618,20210220,-9999,    9
 18642, 99618,20210221,-9999,    9
 18642, 99618,20210222,  -14,    0
 18642, 99618,20210223,    0,    0
 18642, 99618,20210224,   19,    0
 18642, 99618,20210225,   28,    0
 18642, 99618,20210226,   20,    0
 18642, 99618,20210227,   30,    0
 18642, 99618,20210228,   31,    0
 18642, 99618,20210301,   23,    0
 18642, 99618,20210302,   28,    0
 18642, 99618,20210303,   -3,    0
 18642, 99618,20210304,  -52,    0
 18642, 99618,20210305,  -46,    0
 18642, 99618,20210306,    2,    0
 18642, 99618,20210307,  -47,    0
 18642, 99618,20210308,  -61,    0
 18642, 99618,20210309,  -23,    0
 18642, 99618,20210310,  -73,    0
 18642, 99618,20210311,  -44,    0
 18642, 99618,20210312,  -30,    0
 18642, 99618,20210313,  -36,    0
 18642, 99618,20210314,  -39,    0
 18642, 99618,20210315,  -17,    0
 18642, 99618,20210316,  -39,    0
 18642, 99618,20210317,  -61,    0
 18642, 99618,20210318,  -11,    0
 18642, 99618,20210319,   -8,    0
 18642, 99618,20210320,   25,    0
 18642, 99618,20210321,-9999,    9
 18642, 99618,20210322,   20,    0
 18642, 99618,20210323,   43,    0
 18642, 99618,20210324,   22,    0
 18642, 99618,20210325,   11,    0
 18642, 99618,20210326,    5,    0
 18642, 99618,20210327,    4,    0
 18642, 99618,20210328,  -13,    0
 18642, 99618,20210329,   37,    0
 18642, 99618,20210330,   49,    0
 18642, 99618,20210331,   11,    0
 18642, 99618,20210401,   -9,    0
 18642, 99618,20210402,    2,    0
 18642, 99618,20210403,   -2,    0
 18642, 99618,20210404,   14,    0
 18642, 99618,20210405,  -42,    0
 18642, 99618,20210406,  -23,    0
 18642, 99618,20210407,  -20,    0
 18642, 99618,20210408,  -45,    0
 18642, 99618,20210409,  -20,    0
 18642, 99618,20210410,  -21,    0
 18642, 99618,20210411,  -27,    0
 18642, 99618,20210412,  -31,    0
 18642, 99618,20210413,  -20,    0
 18642, 99618,20210414,  -11,    0
 18642, 99618,20210415,    1,    0
 18642, 99618,20210416,    9,    0
 18642, 99618,20210417,-9999,    9
 18642, 99618,20210418,   50,    0
 18642, 99618,20210419,   63,    0
 18642, 99618,20210420,   65,    0
 18642, 99618,20210421,   12,    0
 18642, 99618,20210422,   -1,    0
 18642, 99618,20210423,  -11,    0
 18642, 99618,20210424,  -20,    0
 18642, 99618,20210425,  -16,    0
 18642, 99618,20210426,   -4,    0
 18642, 99618,20210427,   -7,    0
 18642, 99618,20210428,   -9,    0
 18642, 99618,20210429,   -6,    0
 18642, 99618,20210430,    4,    0
 18642, 99618,20210501,   10,    0
 18642, 99618,20210502,   25,    0
 18642, 99618,20210503,   11,    0
 18642, 99618,20210504,   -5,    0
 18642, 99618,20210505,  -14,    0
 18642, 99618,20210506,    0,    0
 18642, 99618,20210507,    7,    0
 18642, 99618,20210508,   18,    0
 18642, 99618,20210509,   -2,    0
 18642, 99618,20210510,-9999,    9
 18642, 99618,20210511,-9999,    9
 18642, 99618,20210512,   44,    0
 18642, 99618,20210513,   78,    0
 18642, 99618,20210514,   88,    0
 18642, 99618,20210515,   59,    0
 18642, 99618,20210516,   39,    0
 18642, 99618,20210517,   36,    0
 18642, 99618,20210518,   65,    0
 18642, 99618,20210519,   67,    0
 18642, 99618,20210520,   59,    0
 18642, 99618,20210521,   50,    0
 18642, 99618,20210522,   54,    0
 18642, 99618,20210523,   50,    0
 18642, 99618,20210524,   47,    0
 18642, 99618,20210525,   53,    0
 18642, 99618,20210526,   75,    0
 18642, 99618,20210527,   88,    0
 18642, 99618,20210528,  117,    0
 18642, 99618,20210529,  157,    0
 18642, 99618,20210530,  178,    0
 18642, 99618,20210531,  183,    0
 18642, 99618,20210601,  159,    0
 18642, 99618,20210602,  143,    0
 18642, 99618,20210603,  146,    0
 18642, 99618,20210604,  136,    0
 18642, 99618,20210605,  153,    0
 18642, 99618,20210606,  147,    0
 18642, 99618,20210607,  143,    0
 18642, 99618,20210608,  137,    0
 18642, 99618,20210609,  148,    0
 18642, 99618,20210610,  153,    0
 18642, 99618,20210611,  142,    0
 18642, 99618,20210612,   97,    0
 18642, 99618,20210613,   96,    0
 18642, 99618,20210614,   93,    0
 18642, 99618,20210615,   83,    0
 18642, 99618,20210616,   95,    0
 18642, 99618,20210617,  135,    0
 18642, 99618,20210618,  132,    0
 18642, 99618,20210619,   93,    0
 18642, 99618,20210620,  107,    0
 18642, 99618,20210621,  120,    0
 18642, 99618,20210622,  109,    0
 18642, 99618,20210623,  149,    0
 18642, 99618,20210624,  154,    0
 18642, 99618,20210625,  157,    0
 18642, 99618,20210626,  157,    0
 18642, 99618,20210627,  169,    0
 18642, 99618,20210628,  167,    0
 18642, 99618,20210629,  155,    0
 18642, 99618,20210630,  135,    0
 18642, 99618,20210701,  151,    0
 18642, 99618,20210702,  177,    0
 18642, 99618,20210703,  195,    0
 18642, 99618,20210704,  153,    0
 18642, 99618,20210705,  149,    0
 18642, 99618,20210706,  147,    0
 18642, 99618,20210707,  130,    0
 18642, 99618,20210708,  129,    0
 18642, 99618,20210709,  139,    0
 18642, 99618,20210710,  116,    0
 18642, 99618,20210711,  153,    0
 18642, 99618,20210712,  152,    0
 18642, 99618,20210713,  166,    0
 18642, 99618,20210714,  157,    0
 18642, 99618,20210715,  166,    0
 18642, 99618,20210716,  161,    0
 18642, 99618,20210717,  152,    0
 18642, 99618,20210718,  119,    0
 18642, 99618,20210719,  127,    0
 18642, 99618,20210720,  139,    0
 18642, 99618,20210721,  143,    0
 18642, 99618,20210722,  178,    0
 18642, 99618,20210723,  174,    0
 18642, 99618,20210724,  169,    0
 18642, 99618,20210725,  185,    0
 18642, 99618,20210726,  174,    0
 18642, 99618,20210727,  138,    0
 18642, 99618,20210728,  138,    0
 18642, 99618,20210729,  114,    0
 18642, 99618,20210730,  157,    0
 18642, 99618,20210731,  109,    0
 18642, 99618,20210801,   89,    0
 18642, 99618,20210802,   93,    0
 18642, 99618,20210803,   97,    0
 18642, 99618,20210804,  122,    0
 18642, 99618,20210805,  112,    0
 18642, 99618,20210806,  110,    0
 18642, 99618,20210807,  114,    0
 18642, 99618,20210808,  124,    0
 18642, 99618,20210809,  122,    0
 18642, 99618,20210810,  119,    0
 18642, 99618,20210811,  129,    0
 18642, 99618,20210812,-9999,    9
 18642, 99618,20210813,  124,    0
 18642, 99618,20210814,   97,    0
 18642, 99618,20210815,  103,    0
 18642, 99618,20210816,   95,    0
 18642, 99618,20210817,  117,    0
 18642, 99618,20210818,  102,    0
 18642, 99618,20210819,   98,    0
 18642, 99618,20210820,   88,    0
 18642, 99618,20210821,  106,    0
 18642, 99618,20210822,  108,    0
 18642, 99618,20210823,  125,    0
 18642, 99618,20210824,  124,    0
 18642, 99618,20210825,  126,    0
 18642, 99618,20210826,   93,    0
 18642, 99618,20210827,   91,    0
 18642, 99618,20210828,  117,    0
 18642, 99618,20210829,  144,    0
 18642, 99618,20210830,  141,    0
 18642, 99618,20210831,-9999,    9
 18642, 99618,20210901,  125,    0
 18642, 99618,20210902,  120,    0
 18642, 99618,20210903,   87,    0
 18642, 99618,20210904,   65,    0
 18642, 99618,20210905,   93,    0
 18642, 99618,20210906,  100,    0
 18642, 99618,20210907,  128,    0
 18642, 99618,20210908,  144,    0
 18642, 99618,20210909,  148,    0
 18642, 99618,20210910,  132,    0
 18642, 99618,20210911,  122,    0
 18642, 99618,20210912,  117,    0
 18642, 99618,20210913,   84,    0
 18642, 99618,20210914,   82,    0
 18642, 99618,20210915,   83,    0
 18642, 99618,20210916,   58,    0
 18642, 99618,20210917,   44,    0
 18642, 99618,20210918,   45,    0
 18642, 99618,20210919,   46,    0
 18642, 99618,20210920,   39,    0
 18642, 99618,20210921,   66,    0
 18642, 99618,20210922,  100,    0
 18642, 99618,20210923,   71,    0
 18642, 99618,20210924,   46,    0
 18642, 99618,20210925,   69,    0
 18642, 99618,20210926,   81,    0
 18642, 99618,20210927,   73,    0
 18642, 99618,20210928,   81,    0
 18642, 99618,20210929,   66,    0
 18642, 99618,20210930,   58,    0
 18642, 99618,20211001,   70,    0
 18642, 99618,20211002,   71,    0
 18642, 99618,20211003,   74,    0
 18642, 99618,20211004,   74,    0
 18642, 99618,20211005,   75,    0
 18642, 99618,20211006,   64,    0
 18642, 99618,20211007,   65,    0
 18642, 99618,20211008,   86,    0
 18642, 99618,20211009,   93,    0
 18642, 99618,20211010,   60,    0
 18642, 99618,20211011,   24,    0
 18642, 99618,20211012,   18,    0
 18642, 99618,20211013,    0,    0
 18642, 99618,20211014,   62,    0
 18642, 99618,20211015,   24,    0
 18642, 99618,20211016,   12,    0
 18642, 99618,20211017,   -5,    0
 18642, 99618,20211018,  -15,    0
 18642, 99618,20211019,  -14,    0
 18642, 99618,20211020,   17,    0
 18642, 99618,20211021,    7,    0
 18642, 99618,20211022,    7,    0
 18642, 99618,20211023,    8,    0
 18642, 99618,20211024,   32,    0
 18642, 99618,20211025,   56,    0
 18642, 99618,20211026,   26,    0
 18642, 99618,20211027,   49,    0
 18642, 99618,20211028,   84,    0
 18642, 99618,20211029,   68,    0
 18642, 99618,20211030,   59,    0
 18642, 99618,20211031,   47,    0
 18642, 99618,20211101,-9999,    9
 18642, 99618,20211102,   41,    0
 18642, 99618,20211103,   20,    0
 18642, 99618,20211104,    8,    0
 18642, 99618,20211105,    3,    0
 18642, 99618,20211106,   -4,    0
 18642, 99618,20211107,-9999,    9
 18642, 99618,20211108,-9999,    9
 18642, 99618,20211109,    0,    0
 18642, 99618,20211110,    7,    0
 18642, 99618,20211111,   14,    0
 18642, 99618,20211112,  -12,    0
 18642, 99618,20211113,  -20,    0
 18642, 99618,20211114,  -46,    0
 18642, 99618,20211115,  -54,    0
 18642, 99618,20211116,   10,    0
 18642, 99618,20211117,   11,    0
 18642, 99618,20211118,  -10,    0
 18642, 99618,20211119,   44,    0
 18642, 99618,20211120,    6,    0
 18642, 99618,20211121,-9999,    9
 18642, 99618,20211122,  -13,    0
 18642, 99618,20211123,    9,    0
 18642, 99618,20211124,   16,    0
 18642, 99618,20211125,  -24,    0
 18642, 99618,20211126,  -59,    0
 18642, 99618,20211127,  -64,    0
 18642, 99618,20211128,  -80,    0
 18642, 99618,20211129, -113,    0
 18642, 99618,20211130,  -94,    0
 18642, 99618,20211201,-9999,    9
 18642, 99618,20211202,  -91,    0
 18642, 99618,20211203, -132,    0
 18642, 99618,20211204, -117,    0
 18642, 99618,20211205, -112,    0
 18642, 99618,20211206, -144,    0
 18642, 99618,20211207, -139,    0
 18642, 99618,20211208, -114,    0
 18642, 99618,20211209,  -69,    0
 18642, 99618,20211210,  -62,    0
 18642, 99618,20211211,  -48,    0
 18642, 99618,20211212,  -49,    0
 18642, 99618,20211213,  -46,    0
 18642, 99618,20211214,  -38,    0
 18642, 99618,20211215,   -6,    0
 18642, 99618,20211216,    6,    0
 18642, 99618,20211217,   27,    0
 18642, 99618,20211218,   47,    0
 18642, 99618,20211219,   -5,    0
 18642, 99618,20211220,  -42,    0
 18642, 99618,20211221,  -79,    0
 18642, 99618,20211222,  -94,    0
 18642, 99618,20211223,  -82,    0
 18642, 99618,20211224, -111,    0
 18642, 99618,20211225,  -82,    0
 18642, 99618,20211226,  -64,    0
 18642, 99618,20211227, -115,    0
 18642, 99618,20211228, -113,    0
 18642, 99618,20211229, -110,    0
 18642, 99618,20211230,  -76,    0
 18642, 99618,20211231,  -24,    0
 18642, 99618,20220101,  -50,    0
 18642, 99618,20220102,  -58,    0
 18642, 99618,20220103,  -46,    0
 18642, 99618,20220104,  -88,    0
 18642, 99618,20220105,  -78,    0
 18642, 99618,20220106, -101,    0
 18642, 99618,20220107, -111,    0
 18642, 99618,20220108,  -90,    0
 18642, 99618,20220109,  -69,    0
 18642, 99618,20220110,  -59,    0
 18642, 99618,20220111,  -36,    0
 18642, 99618,20220112,   20,    0
 18642, 99618,20220113,   55,    0
 18642, 99618,20220114,  -26,    0
 18642, 99618,20220115,  -38,    0
 18642, 99618,20220116,  -16,    0
 18642, 99618,20220117,  -50,    0
 18642, 99618,20220118,    7,    0
 18642, 99618,20220119,  -13,    0
 18642, 99618,20220120,  -69,    0
 18642, 99618,20220121,  -28,    0
 18642, 99618,20220122,    1,    0
 18642, 99618,20220123,   27,    0
 18642, 99618,20220124,   19,    0
 18642, 99618,20220125,  -15,    0
 18642, 99618,20220126,    1,    0
 18642, 99618,20220127,  -13,    0
 18642, 99618,20220128,  -35,    0
 18642, 99618,20220129,  -21,    0
 18642, 99618,20220130,  -35,    0
 18642, 99618,20220131,  -89,    0
 18642, 99618,20220201,  -95,    0
 18642, 99618,20220202,  -81,    0
 18642, 99618,20220203,  -81,    0
 18642, 99618,20220204,  -44,    0
 18642, 99618,20220205,  -44,    0
 18642, 99618,20220206,  -44,    0
 18642, 99618,20220207,  -17,    0
 18642, 99618,20220208,  -10,    0
 18642, 99618,20220209,  -19,    0
 18642, 99618,20220210,  -37,    0
 18642, 99618,20220211,  -64,    0
 18642, 99618,20220212,  -18,    0
 18642, 99618,20220213,    3,    0
 18642, 99618,20220214,  -25,    0
 18642, 99618,20220215,  -53,    0
 18642, 99618,20220216,  -52,    0
 18642, 99618,20220217,  -57,    0
 18642, 99618,20220218,  -51,    0
 18642, 99618,20220219,  -73,    0
 18642, 99618,20220220,  -78,    0
 18642, 99618,20220221,  -54,    0
 18642, 99618,20220222,  -76,    0
 18642, 99618,20220223,  -33,    0
 18642, 99618,20220224,  -32,    0
 18642, 99618,20220225,  -51,    0
 18642, 99618,20220226,  -45,    0
 18642, 99618,20220227,    1,    0
 18642, 99618,20220228,  -33,    0
 18642, 99618,20220301,   -4,    0
 18642, 99618,20220302,    0,    0
 18642, 99618,20220303,-9999,    9
 18642, 99618,20220304,  -62,    0
 18642, 99618,20220305,  -48,    0
 18642, 99618,20220306,  -25,    0
 18642, 99618,20220307,   -2,    0
 18642, 99618,20220308,   -7,    0
 18642, 99618,20220309,  -33,    0
 18642, 99618,20220310,  -58,    0
 18642, 99618,20220311,  -23,    0
 18642, 99618,20220312,  -54,    0
 18642, 99618,20220313,  -29,    0
 18642, 99618,20220314,  -13,    0
 18642, 99618,20220315,  -12,    0
 18642, 99618,20220316,  -14,    0
 18642, 99618,20220317,  -20,    0
 18642, 99618,20220318,  -15,    0
 18642, 99618,20220319,   26,    0
 18642, 99618,20220320,   29,    0
 18642, 99618,20220321,    2,    0
 18642, 99618,20220322,   -7,    0
 18642, 99618,20220323,   21,    0
 18642, 99618,20220324,   48,    0
 18642, 99618,20220325,   59,    0
 18642, 99618,20220326,   15,    0
 18642, 99618,20220327,   36,    0
 18642, 99618,20220328,   15,    0
 18642, 99618,20220329,  -50,    0
 18642, 99618,20220330,  -59,    0
 18642, 99618,20220331,  -44,    0
 18642, 99618,20220401,  -53,    0
 18642, 99618,20220402,  -40,    0
 18642, 99618,20220403,   -9,    0
 18642, 99618,20220404,  -30,    0
 18642, 99618,20220405,  -44,    0
 18642, 99618,20220406,  -34,    0
 18642, 99618,20220407,  -37,    0
 18642, 99618,20220408,  -42,    0
 18642, 99618,20220409,  -12,    0
 18642, 99618,20220410,    7,    0
 18642, 99618,20220411,   -8,    0
 18642, 99618,20220412,   -1,    0
 18642, 99618,20220413,   -9,    0
 18642, 99618,20220414,    1,    0
 18642, 99618,20220415,   26,    0
 18642, 99618,20220416,   40,    0
 18642, 99618,20220417,   63,    0
 18642, 99618,20220418,   67,    0
 18642, 99618,20220419,   73,    0
 18642, 99618,20220420,   84,    0
 18642, 99618,20220421,   86,    0
 18642, 99618,20220422,   84,    0
 18642, 99618,20220423,   42,    0
 18642, 99618,20220424,   37,    0
 18642, 99618,20220425,   60,    0
 18642, 99618,20220426,   17,    0
 18642, 99618,20220427,    4,    0
 18642, 99618,20220428,   33,    0
 18642, 99618,20220429,   19,    0
 18642, 99618,20220430,   36,    0
 18642, 99618,20220501,-9999,    9
 18642, 99618,20220502,-9999,    9
 18642, 99618,20220503,-9999,    9
 18642, 99618,20220504,-9999,    9
 18642, 99618,20220505,-9999,    9
 18642, 99618,20220506,-9999,    9
 18642, 99618,20220507,-9999,    9
 18642, 99618,20220508,-9999,    9
 18642, 99618,20220509,-9999,    9
 18642, 99618,20220510,-9999,    9
 18642, 99618,20220511,-9999,    9
 18642, 99618,20220512,-9999,    9
 18642, 99618,20220513,-9999,    9
 18642, 99618,20220514,-9999,    9
 18642, 99618,20220515,   72,    0
 18642, 99618,20220516,   79,    0
 18642, 99618,20220517,   85,    0
 18642, 99618,20220518,   96,    0
 18642, 99618,20220519,-9999,    9
 18642, 99618,20220520,-9999,    9
 18642, 99618,20220521,   59,    0
 18642, 99618,20220522,   82,    0
 18642, 99618,20220523,   78,    0
 18642, 99618,20220524,   77,    0
 18642, 99618,20220525,   90,    0
 18642, 99618,20220526,   72,    0
 18642, 99618,20220527,   47,    0
 18642, 99618,20220528,   80,    0
 18642, 99618,20220529,   22,    0
 18642, 99618,20220530,   52,    0
 18642, 99618,20220531,   73,    0
 18642, 99618,20220601,   85,    0
 18642, 99618,20220602,   77,    0
 18642, 99618,20220603,   85,    0
 18642, 99618,20220604,  107,    0
 18642, 99618,20220605,  107,    0
 18642, 99618,20220606,  145,    0
 18642, 99618,20220607,  138,    0
 18642, 99618,20220608,  101,    0
 18642, 99618,20220609,  118,    0
 18642, 99618,20220610,  128,    0
 18642, 99618,20220611,  110,    0
 18642, 99618,20220612,  104,    0
 18642, 99618,20220613,   95,    0
 18642, 99618,20220614,  104,    0
 18642, 99618,20220615,  121,    0
 18642, 99618,20220616,  129,    0
 18642, 99618,20220617,  118,    0
 18642, 99618,20220618,   97,    0
 18642, 99618,20220619,   93,    0
 18642, 99618,20220620,  134,    0
 18642, 99618,20220621,  113,    0
 18642, 99618,20220622,  124,    0
 18642, 99618,20220623,  165,    0
 18642, 99618,20220624,  173,    0
 18642, 99618,20220625,  180,    0
 18642, 99618,20220626,  157,    0
 18642, 99618,20220627,  138,    0
 18642, 99618,20220628,  124,    0
 18642, 99618,20220629,  152,    0
 18642, 99618,20220630,  176,    0
 18642, 99618,20220701,  156,    0
 18642, 99618,20220702,  134,    0
 18642, 99618,20220703,  112,    0
 18642, 99618,20220704,   95,    0
 18642, 99618,20220705,   95,    0
 18642, 99618,20220706,   78,    0
 18642, 99618,20220707,  112,    0
 18642, 99618,20220708,  108,    0
 18642, 99618,20220709,   92,    0
 18642, 99618,20220710,  118,    0
 18642, 99618,20220711,  133,    0
 18642, 99618,20220712,  160,    0
 18642, 99618,20220713,  117,    0
 18642, 99618,20220714,   93,    0
 18642, 99618,20220715,   91,    0
 18642, 99618,20220716,  106,    0
 18642, 99618,20220717,  101,    0
 18642, 99618,20220718,  125,    0
 18642, 99618,20220719,  154,    0
 18642, 99618,20220720,  175,    0
 18642, 99618,20220721,  163,    0
 18642, 99618,20220722,  132,    0
 18642, 99618,20220723,  136,    0
 18642, 99618,20220724,  124,    0
 18642, 99618,20220725,  126,    0
 18642, 99618,20220726,  117,    0
 18642, 99618,20220727,  128,    0
 18642, 99618,20220728,  124,    0
 18642, 99618,20220729,  145,    0
 18642, 99618,20220730,  143,    0
 18642, 99618,20220731,  120,    0
 18642, 99618,20220801,  111,    0
 18642, 99618,20220802,   79,    0
 18642, 99618,20220803,  136,    0
 18642, 99618,20220804,  125,    0
 18642, 99618,20220805,   94,    0
 18642, 99618,20220806,   88,    0
 18642, 99618,20220807,   85,    0
 18642, 99618,20220808,  129,    0
 18642, 99618,20220809,-9999,    9
 18642, 99618,20220810,  167,    0
 18642, 99618,20220811,  168,    0
 18642, 99618,20220812,  155,    0
 18642, 99618,20220813,  175,    0
 18642, 99618,20220814,  173,    0
 18642, 99618,20220815,-9999,    9
 18642, 99618,20220816,  146,    0
 18642, 99618,20220817,-9999,    9
 18642, 99618,20220818,  102,    0
 18642, 99618,20220819,  136,    0
 18642, 99618,20220820,  146,    0
 18642, 99618,20220821,  102,    0
 18642, 99618,20220822,   99,    0
 18642, 99618,20220823,  114,    0
 18642, 99618,20220824,  123,    0
 18642, 99618,20220825,  152,    0
 18642, 99618,20220826,  135,    0
 18642, 99618,20220827,  127,    0
 18642, 99618,20220828,  109,    0
 18642, 99618,20220829,  102,    0
 18642, 99618,20220830,   92,    0
 18642, 99618,20220831,   99,    0
 18642, 99618,20220901,  107,    0
 18642, 99618,20220902,   78,    0
 18642, 99618,20220903,   87,    0
 18642, 99618,20220904,   86,    0
 18642, 99618,20220905,  104,    0
 18642, 99618,20220906,  104,    0
 18642, 99618,20220907,  103,    0
 18642, 99618,20220908,   87,    0
 18642, 99618,20220909,   67,    0
 18642, 99618,20220910,   72,    0
 18642, 99618,20220911,   92,    0
 18642, 99618,20220912,   75,    0
 18642, 99618,20220913,   82,    0
 18642, 99618,20220914,   77,    0
 18642, 99618,20220915,   75,    0
 18642, 99618,20220916,   80,    0
 18642, 99618,20220917,   72,    0
 18642, 99618,20220918,   60,    0
 18642, 99618,20220919,   54,    0
 18642, 99618,20220920,   44,    0
 18642, 99618,20220921,   56,    0
 18642, 99618,20220922,   54,    0
 18642, 99618,20220923,   77,    0
 18642, 99618,20220924,   65,    0
 18642, 99618,20220925,   51,    0
 18642, 99618,20220926,   46,    0
 18642, 99618,20220927,   60,    0
 18642, 99618,20220928,   63,    0
 18642, 99618,20220929,   47,    0
 18642, 99618,20220930,   40,    0
 18642, 99618,20221001,   54,    0
 18642, 99618,20221002,   54,    0
 18642, 99618,20221003,   52,    0
 18642, 99618,20221004,   53,    0
 18642, 99618,20221005,   65,    0
 18642, 99618,20221006,   47,    0
 18642, 99618,20221007,   59,    0
 18642, 99618,20221008,   34,    0
 18642, 99618,20221009,   46,    0
 18642, 99618,20221010,   49,    0
 18642, 99618,20221011,   21,    0
 18642, 99618,20221012,   36,    0
 18642, 99618,20221013,   51,    0
 18642, 99618,20221014,   21,    0
 18642, 99618,20221015,   36,    0
 18642, 99618,20221016,   12,    0
 18642, 99618,20221017,   18,    0
 18642, 99618,20221018,   14,    0
 18642, 99618,20221019,    1,    0
 18642, 99618,20221020,  -16,    0
 18642, 99618,20221021,  -29,    0
 18642, 99618,20221022,  -17,    0
 18642, 99618,20221023,    9,    0
 18642, 99618,20221024,    5,    0
 18642, 99618,20221025,   30,    0
 18642, 99618,20221026,   40,    0
 18642, 99618,20221027,   53,    0
 18642, 99618,20221028,   61,    0
 18642, 99618,20221029,   72,    0
 18642, 99618,20221030,   30,    0
 18642, 99618,20221031,   30,    0
