EUROPEAN CLIMATE ASSESSMENT & DATASET (ECA&D), file created on: 16-11-2022
THESE DATA CAN BE USED FOR NON-COMMERCIAL RESEARCH AND EDUCATION PROVIDED THAT THE FOLLOWING SOURCE IS ACKNOWLEDGED: 

Klein Tank, A.M.G. and Coauthors, 2002. Daily dataset of 20th-century surface
air temperature and precipitation series for the European Climate Assessment.
Int. J. of Climatol., 22, 1441-1453.
Data and metadata available at http://www.ecad.eu

FILE FORMAT (MISSING VALUE CODE = -9999):

01-06 STAID: Station identifier
08-13 SOUID: Source identifier
15-22 DATE : Date YYYYMMDD
24-28 TG   : Mean temperature in 0.1 &#176;C
30-34 Q_TG : quality code for TG (0='valid'; 1='suspect'; 9='missing')

This is the blended series of station E6 LANGFJORDBOTN, NORWAY (STAID: 18536)
Blended and updated with sources:99419 
See files sources.txt and stations.txt for more info.

STAID, SOUID,    DATE,   TG, Q_TG
 18536, 99419,20150401,-9999,    9
 18536, 99419,20150402,-9999,    9
 18536, 99419,20150403,-9999,    9
 18536, 99419,20150404,-9999,    9
 18536, 99419,20150405,-9999,    9
 18536, 99419,20150406,-9999,    9
 18536, 99419,20150407,-9999,    9
 18536, 99419,20150408,-9999,    9
 18536, 99419,20150409,-9999,    9
 18536, 99419,20150410,-9999,    9
 18536, 99419,20150411,-9999,    9
 18536, 99419,20150412,-9999,    9
 18536, 99419,20150413,-9999,    9
 18536, 99419,20150414,   27,    0
 18536, 99419,20150415,   35,    0
 18536, 99419,20150416,   12,    0
 18536, 99419,20150417,   31,    0
 18536, 99419,20150418,   49,    0
 18536, 99419,20150419,   24,    0
 18536, 99419,20150420,   43,    0
 18536, 99419,20150421,   41,    0
 18536, 99419,20150422,-9999,    9
 18536, 99419,20150423,-9999,    9
 18536, 99419,20150424,    8,    0
 18536, 99419,20150425,    5,    0
 18536, 99419,20150426,-9999,    9
 18536, 99419,20150427,-9999,    9
 18536, 99419,20150428,   -8,    0
 18536, 99419,20150429,  -17,    0
 18536, 99419,20150430,  -16,    0
 18536, 99419,20150501,-9999,    9
 18536, 99419,20150502,-9999,    9
 18536, 99419,20150503,   11,    0
 18536, 99419,20150504,-9999,    9
 18536, 99419,20150505,-9999,    9
 18536, 99419,20150506,-9999,    9
 18536, 99419,20150507,   65,    0
 18536, 99419,20150508,   66,    0
 18536, 99419,20150509,   38,    0
 18536, 99419,20150510,   56,    0
 18536, 99419,20150511,   53,    0
 18536, 99419,20150512,   64,    0
 18536, 99419,20150513,   63,    0
 18536, 99419,20150514,   34,    0
 18536, 99419,20150515,-9999,    9
 18536, 99419,20150516,   21,    0
 18536, 99419,20150517,-9999,    9
 18536, 99419,20150518,   49,    0
 18536, 99419,20150519,   52,    0
 18536, 99419,20150520,   65,    0
 18536, 99419,20150521,   51,    0
 18536, 99419,20150522,   81,    0
 18536, 99419,20150523,   43,    0
 18536, 99419,20150524,   27,    0
 18536, 99419,20150525,   42,    0
 18536, 99419,20150526,-9999,    9
 18536, 99419,20150527,-9999,    9
 18536, 99419,20150528,   77,    0
 18536, 99419,20150529,   80,    0
 18536, 99419,20150530,   92,    0
 18536, 99419,20150531,  114,    0
 18536, 99419,20150601,  105,    0
 18536, 99419,20150602,-9999,    9
 18536, 99419,20150603,   85,    0
 18536, 99419,20150604,   53,    0
 18536, 99419,20150605,   51,    0
 18536, 99419,20150606,   63,    0
 18536, 99419,20150607,   64,    0
 18536, 99419,20150608,   57,    0
 18536, 99419,20150609,   89,    0
 18536, 99419,20150610,   77,    0
 18536, 99419,20150611,   55,    0
 18536, 99419,20150612,   61,    0
 18536, 99419,20150613,   70,    0
 18536, 99419,20150614,   85,    0
 18536, 99419,20150615,   88,    0
 18536, 99419,20150616,   74,    0
 18536, 99419,20150617,   65,    0
 18536, 99419,20150618,   94,    0
 18536, 99419,20150619,   72,    0
 18536, 99419,20150620,   89,    0
 18536, 99419,20150621,  100,    0
 18536, 99419,20150622,  104,    0
 18536, 99419,20150623,-9999,    9
 18536, 99419,20150624,-9999,    9
 18536, 99419,20150625,-9999,    9
 18536, 99419,20150626,   79,    0
 18536, 99419,20150627,   84,    0
 18536, 99419,20150628,   90,    0
 18536, 99419,20150629,   72,    0
 18536, 99419,20150630,   81,    0
 18536, 99419,20150701,   88,    0
 18536, 99419,20150702,  106,    0
 18536, 99419,20150703,   58,    0
 18536, 99419,20150704,    0,    0
 18536, 99419,20150705,-9999,    9
 18536, 99419,20150706,-9999,    9
 18536, 99419,20150707,-9999,    9
 18536, 99419,20150708,-9999,    9
 18536, 99419,20150709,-9999,    9
 18536, 99419,20150710,-9999,    9
 18536, 99419,20150711,-9999,    9
 18536, 99419,20150712,-9999,    9
 18536, 99419,20150713,-9999,    9
 18536, 99419,20150714,-9999,    9
 18536, 99419,20150715,-9999,    9
 18536, 99419,20150716,-9999,    9
 18536, 99419,20150717,-9999,    9
 18536, 99419,20150718,-9999,    9
 18536, 99419,20150719,-9999,    9
 18536, 99419,20150720,-9999,    9
 18536, 99419,20150721,-9999,    9
 18536, 99419,20150722,-9999,    9
 18536, 99419,20150723,-9999,    9
 18536, 99419,20150724,-9999,    9
 18536, 99419,20150725,-9999,    9
 18536, 99419,20150726,-9999,    9
 18536, 99419,20150727,-9999,    9
 18536, 99419,20150728,-9999,    9
 18536, 99419,20150729,-9999,    9
 18536, 99419,20150730,-9999,    9
 18536, 99419,20150731,-9999,    9
 18536, 99419,20150801,-9999,    9
 18536, 99419,20150802,-9999,    9
 18536, 99419,20150803,-9999,    9
 18536, 99419,20150804,-9999,    9
 18536, 99419,20150805,-9999,    9
 18536, 99419,20150806,-9999,    9
 18536, 99419,20150807,-9999,    9
 18536, 99419,20150808,-9999,    9
 18536, 99419,20150809,-9999,    9
 18536, 99419,20150810,-9999,    9
 18536, 99419,20150811,-9999,    9
 18536, 99419,20150812,-9999,    9
 18536, 99419,20150813,-9999,    9
 18536, 99419,20150814,-9999,    9
 18536, 99419,20150815,-9999,    9
 18536, 99419,20150816,-9999,    9
 18536, 99419,20150817,-9999,    9
 18536, 99419,20150818,-9999,    9
 18536, 99419,20150819,-9999,    9
 18536, 99419,20150820,-9999,    9
 18536, 99419,20150821,-9999,    9
 18536, 99419,20150822,-9999,    9
 18536, 99419,20150823,-9999,    9
 18536, 99419,20150824,-9999,    9
 18536, 99419,20150825,   46,    0
 18536, 99419,20150826,    0,    0
 18536, 99419,20150827,-9999,    9
 18536, 99419,20150828,-9999,    9
 18536, 99419,20150829,-9999,    9
 18536, 99419,20150830,-9999,    9
 18536, 99419,20150831,-9999,    9
 18536, 99419,20150901,-9999,    9
 18536, 99419,20150902,-9999,    9
 18536, 99419,20150903,-9999,    9
 18536, 99419,20150904,-9999,    9
 18536, 99419,20150905,-9999,    9
 18536, 99419,20150906,-9999,    9
 18536, 99419,20150907,-9999,    9
 18536, 99419,20150908,-9999,    9
 18536, 99419,20150909,-9999,    9
 18536, 99419,20150910,-9999,    9
 18536, 99419,20150911,-9999,    9
 18536, 99419,20150912,-9999,    9
 18536, 99419,20150913,-9999,    9
 18536, 99419,20150914,-9999,    9
 18536, 99419,20150915,-9999,    9
 18536, 99419,20150916,-9999,    9
 18536, 99419,20150917,-9999,    9
 18536, 99419,20150918,-9999,    9
 18536, 99419,20150919,-9999,    9
 18536, 99419,20150920,-9999,    9
 18536, 99419,20150921,-9999,    9
 18536, 99419,20150922,-9999,    9
 18536, 99419,20150923,-9999,    9
 18536, 99419,20150924,-9999,    9
 18536, 99419,20150925,-9999,    9
 18536, 99419,20150926,-9999,    9
 18536, 99419,20150927,-9999,    9
 18536, 99419,20150928,-9999,    9
 18536, 99419,20150929,-9999,    9
 18536, 99419,20150930,-9999,    9
 18536, 99419,20151001,-9999,    9
 18536, 99419,20151002,-9999,    9
 18536, 99419,20151003,-9999,    9
 18536, 99419,20151004,-9999,    9
 18536, 99419,20151005,-9999,    9
 18536, 99419,20151006,-9999,    9
 18536, 99419,20151007,-9999,    9
 18536, 99419,20151008,-9999,    9
 18536, 99419,20151009,-9999,    9
 18536, 99419,20151010,-9999,    9
 18536, 99419,20151011,-9999,    9
 18536, 99419,20151012,-9999,    9
 18536, 99419,20151013,-9999,    9
 18536, 99419,20151014,-9999,    9
 18536, 99419,20151015,-9999,    9
 18536, 99419,20151016,   34,    0
 18536, 99419,20151017,   65,    0
 18536, 99419,20151018,   71,    0
 18536, 99419,20151019,   65,    0
 18536, 99419,20151020,   44,    0
 18536, 99419,20151021,   33,    0
 18536, 99419,20151022,   -9,    0
 18536, 99419,20151023,-9999,    9
 18536, 99419,20151024,-9999,    9
 18536, 99419,20151025,   35,    0
 18536, 99419,20151026,   12,    0
 18536, 99419,20151027,   -5,    0
 18536, 99419,20151028,   21,    0
 18536, 99419,20151029,-9999,    9
 18536, 99419,20151030,-9999,    9
 18536, 99419,20151031,  -35,    0
 18536, 99419,20151101,   33,    0
 18536, 99419,20151102,   51,    0
 18536, 99419,20151103,   31,    0
 18536, 99419,20151104,   25,    0
 18536, 99419,20151105,-9999,    9
 18536, 99419,20151106,-9999,    9
 18536, 99419,20151107,   18,    0
 18536, 99419,20151108,   -5,    0
 18536, 99419,20151109,   14,    0
 18536, 99419,20151110,   29,    0
 18536, 99419,20151111,   12,    0
 18536, 99419,20151112,  -21,    0
 18536, 99419,20151113,  -21,    0
 18536, 99419,20151114,   10,    0
 18536, 99419,20151115,  -57,    0
 18536, 99419,20151116,  -44,    0
 18536, 99419,20151117,  -18,    0
 18536, 99419,20151118,  -27,    0
 18536, 99419,20151119,  -21,    0
 18536, 99419,20151120,  -75,    0
 18536, 99419,20151121,-9999,    9
 18536, 99419,20151122,  -81,    0
 18536, 99419,20151123,  -55,    0
 18536, 99419,20151124,  -19,    0
 18536, 99419,20151125,  -47,    0
 18536, 99419,20151126,  -50,    0
 18536, 99419,20151127,    0,    0
 18536, 99419,20151128,  -56,    0
 18536, 99419,20151129,  -81,    0
 18536, 99419,20151130,   12,    0
 18536, 99419,20151201,  -19,    0
 18536, 99419,20151202,  -12,    0
 18536, 99419,20151203,  -28,    0
 18536, 99419,20151204,   22,    0
 18536, 99419,20151205,  -10,    0
 18536, 99419,20151206,   -2,    0
 18536, 99419,20151207,    7,    0
 18536, 99419,20151208,   -9,    0
 18536, 99419,20151209,  -24,    0
 18536, 99419,20151210,  -41,    0
 18536, 99419,20151211,  -63,    0
 18536, 99419,20151212,  -47,    0
 18536, 99419,20151213,  -43,    0
 18536, 99419,20151214,  -41,    0
 18536, 99419,20151215,  -43,    0
 18536, 99419,20151216,  -62,    0
 18536, 99419,20151217, -107,    0
 18536, 99419,20151218,  -20,    0
 18536, 99419,20151219,    3,    0
 18536, 99419,20151220,-9999,    9
 18536, 99419,20151221,-9999,    9
 18536, 99419,20151222,-9999,    9
 18536, 99419,20151223,  -40,    0
 18536, 99419,20151224,  -55,    0
 18536, 99419,20151225,    3,    0
 18536, 99419,20151226,  -36,    0
 18536, 99419,20151227,  -66,    0
 18536, 99419,20151228,  -90,    0
 18536, 99419,20151229, -101,    0
 18536, 99419,20151230,  -68,    0
 18536, 99419,20151231,   -3,    0
 18536, 99419,20160101,   23,    0
 18536, 99419,20160102,  -54,    0
 18536, 99419,20160103,  -51,    0
 18536, 99419,20160104,  -92,    0
 18536, 99419,20160105, -174,    0
 18536, 99419,20160106, -155,    0
 18536, 99419,20160107, -260,    0
 18536, 99419,20160108, -102,    0
 18536, 99419,20160109,  -71,    0
 18536, 99419,20160110, -104,    0
 18536, 99419,20160111, -149,    0
 18536, 99419,20160112, -221,    0
 18536, 99419,20160113, -242,    0
 18536, 99419,20160114, -190,    0
 18536, 99419,20160115,  -76,    0
 18536, 99419,20160116,  -22,    0
 18536, 99419,20160117,  -81,    0
 18536, 99419,20160118, -171,    0
 18536, 99419,20160119, -234,    0
 18536, 99419,20160120, -218,    0
 18536, 99419,20160121, -100,    0
 18536, 99419,20160122,  -30,    0
 18536, 99419,20160123,  -59,    0
 18536, 99419,20160124,  -96,    0
 18536, 99419,20160125,-9999,    9
 18536, 99419,20160126,  -51,    0
 18536, 99419,20160127,-9999,    9
 18536, 99419,20160128,-9999,    9
 18536, 99419,20160129, -125,    0
 18536, 99419,20160130,  -31,    0
 18536, 99419,20160131,  -42,    0
 18536, 99419,20160201,  -28,    0
 18536, 99419,20160202,  -98,    0
 18536, 99419,20160203,  -50,    0
 18536, 99419,20160204,  -83,    0
 18536, 99419,20160205,  -60,    0
 18536, 99419,20160206,  -97,    0
 18536, 99419,20160207,  -84,    0
 18536, 99419,20160208,    4,    0
 18536, 99419,20160209,   -5,    0
 18536, 99419,20160210,-9999,    9
 18536, 99419,20160211,-9999,    9
 18536, 99419,20160212,-9999,    9
 18536, 99419,20160213,  -78,    0
 18536, 99419,20160214,  -31,    0
 18536, 99419,20160215,  -84,    0
 18536, 99419,20160216,   -7,    0
 18536, 99419,20160217,  -20,    0
 18536, 99419,20160218,  -27,    0
 18536, 99419,20160219,  -68,    0
 18536, 99419,20160220,  -56,    0
 18536, 99419,20160221,   -1,    0
 18536, 99419,20160222,  -27,    0
 18536, 99419,20160223,  -53,    0
 18536, 99419,20160224,  -74,    0
 18536, 99419,20160225,  -73,    0
 18536, 99419,20160226, -133,    0
 18536, 99419,20160227, -112,    0
 18536, 99419,20160228,  -65,    0
 18536, 99419,20160229,   -4,    0
 18536, 99419,20160301,  -77,    0
 18536, 99419,20160302,-9999,    9
 18536, 99419,20160303,-9999,    9
 18536, 99419,20160304,-9999,    9
 18536, 99419,20160305,  -34,    0
 18536, 99419,20160306,  -56,    0
 18536, 99419,20160307,  -16,    0
 18536, 99419,20160308,  -30,    0
 18536, 99419,20160309,  -61,    0
 18536, 99419,20160310,  -56,    0
 18536, 99419,20160311,  -85,    0
 18536, 99419,20160312,    4,    0
 18536, 99419,20160313,   13,    0
 18536, 99419,20160314,   39,    0
 18536, 99419,20160315,   59,    0
 18536, 99419,20160316,  -10,    0
 18536, 99419,20160317,  -57,    0
 18536, 99419,20160318,  -59,    0
 18536, 99419,20160319,  -57,    0
 18536, 99419,20160320,  -56,    0
 18536, 99419,20160321, -110,    0
 18536, 99419,20160322, -107,    0
 18536, 99419,20160323,  -48,    0
 18536, 99419,20160324,  -72,    0
 18536, 99419,20160325,  -81,    0
 18536, 99419,20160326,   -6,    0
 18536, 99419,20160327,   45,    0
 18536, 99419,20160328,   54,    0
 18536, 99419,20160329,-9999,    9
 18536, 99419,20160330,-9999,    9
 18536, 99419,20160331,-9999,    9
 18536, 99419,20160401,   -9,    0
 18536, 99419,20160402,  -20,    0
 18536, 99419,20160403,   -1,    0
 18536, 99419,20160404,    0,    0
 18536, 99419,20160405,  -23,    0
 18536, 99419,20160406,    0,    0
 18536, 99419,20160407,-9999,    9
 18536, 99419,20160408,-9999,    9
 18536, 99419,20160409,   18,    0
 18536, 99419,20160410,   17,    0
 18536, 99419,20160411,   18,    0
 18536, 99419,20160412,  -13,    0
 18536, 99419,20160413,  -33,    0
 18536, 99419,20160414,   -8,    0
 18536, 99419,20160415,   -7,    0
 18536, 99419,20160416,   -9,    0
 18536, 99419,20160417,   10,    0
 18536, 99419,20160418,   11,    0
 18536, 99419,20160419,    2,    0
 18536, 99419,20160420,   -1,    0
 18536, 99419,20160421,   -6,    0
 18536, 99419,20160422,    5,    0
 18536, 99419,20160423,    1,    0
 18536, 99419,20160424,   -1,    0
 18536, 99419,20160425,   10,    0
 18536, 99419,20160426,   36,    0
 18536, 99419,20160427,   83,    0
 18536, 99419,20160428,   71,    0
 18536, 99419,20160429,   65,    0
 18536, 99419,20160430,   57,    0
 18536, 99419,20160501,   52,    0
 18536, 99419,20160502,-9999,    9
 18536, 99419,20160503,-9999,    9
 18536, 99419,20160504,   61,    0
 18536, 99419,20160505,   52,    0
 18536, 99419,20160506,   66,    0
 18536, 99419,20160507,   76,    0
 18536, 99419,20160508,   62,    0
 18536, 99419,20160509,   50,    0
 18536, 99419,20160510,   48,    0
 18536, 99419,20160511,   56,    0
 18536, 99419,20160512,   66,    0
 18536, 99419,20160513,-9999,    9
 18536, 99419,20160514,   68,    0
 18536, 99419,20160515,-9999,    9
 18536, 99419,20160516,   63,    0
 18536, 99419,20160517,   44,    0
 18536, 99419,20160518,   57,    0
 18536, 99419,20160519,-9999,    9
 18536, 99419,20160520,-9999,    9
 18536, 99419,20160521,  103,    0
 18536, 99419,20160522,   74,    0
 18536, 99419,20160523,    0,    0
 18536, 99419,20160524,    0,    0
 18536, 99419,20160525,    0,    0
 18536, 99419,20160526,    0,    0
 18536, 99419,20160527,    1,    0
 18536, 99419,20160528,    0,    0
 18536, 99419,20160529,    0,    0
 18536, 99419,20160530,    0,    0
 18536, 99419,20160531,    0,    0
 18536, 99419,20160601,-9999,    9
 18536, 99419,20160602,-9999,    9
 18536, 99419,20160603,-9999,    9
 18536, 99419,20160604,-9999,    9
 18536, 99419,20160605,-9999,    9
 18536, 99419,20160606,-9999,    9
 18536, 99419,20160607,-9999,    9
 18536, 99419,20160608,-9999,    9
 18536, 99419,20160609,-9999,    9
 18536, 99419,20160610,-9999,    9
 18536, 99419,20160611,-9999,    9
 18536, 99419,20160612,-9999,    9
 18536, 99419,20160613,-9999,    9
 18536, 99419,20160614,-9999,    9
 18536, 99419,20160615,-9999,    9
 18536, 99419,20160616,-9999,    9
 18536, 99419,20160617,-9999,    9
 18536, 99419,20160618,-9999,    9
 18536, 99419,20160619,-9999,    9
 18536, 99419,20160620,-9999,    9
 18536, 99419,20160621,-9999,    9
 18536, 99419,20160622,-9999,    9
 18536, 99419,20160623,-9999,    9
 18536, 99419,20160624,-9999,    9
 18536, 99419,20160625,-9999,    9
 18536, 99419,20160626,-9999,    9
 18536, 99419,20160627,-9999,    9
 18536, 99419,20160628,-9999,    9
 18536, 99419,20160629,-9999,    9
 18536, 99419,20160630,-9999,    9
 18536, 99419,20160701,-9999,    9
 18536, 99419,20160702,-9999,    9
 18536, 99419,20160703,-9999,    9
 18536, 99419,20160704,-9999,    9
 18536, 99419,20160705,-9999,    9
 18536, 99419,20160706,-9999,    9
 18536, 99419,20160707,-9999,    9
 18536, 99419,20160708,-9999,    9
 18536, 99419,20160709,-9999,    9
 18536, 99419,20160710,-9999,    9
 18536, 99419,20160711,-9999,    9
 18536, 99419,20160712,-9999,    9
 18536, 99419,20160713,-9999,    9
 18536, 99419,20160714,-9999,    9
 18536, 99419,20160715,-9999,    9
 18536, 99419,20160716,-9999,    9
 18536, 99419,20160717,-9999,    9
 18536, 99419,20160718,-9999,    9
 18536, 99419,20160719,-9999,    9
 18536, 99419,20160720,-9999,    9
 18536, 99419,20160721,-9999,    9
 18536, 99419,20160722,-9999,    9
 18536, 99419,20160723,-9999,    9
 18536, 99419,20160724,-9999,    9
 18536, 99419,20160725,-9999,    9
 18536, 99419,20160726,-9999,    9
 18536, 99419,20160727,-9999,    9
 18536, 99419,20160728,-9999,    9
 18536, 99419,20160729,-9999,    9
 18536, 99419,20160730,-9999,    9
 18536, 99419,20160731,-9999,    9
 18536, 99419,20160801,-9999,    9
 18536, 99419,20160802,-9999,    9
 18536, 99419,20160803,-9999,    9
 18536, 99419,20160804,-9999,    9
 18536, 99419,20160805,-9999,    9
 18536, 99419,20160806,-9999,    9
 18536, 99419,20160807,-9999,    9
 18536, 99419,20160808,-9999,    9
 18536, 99419,20160809,-9999,    9
 18536, 99419,20160810,-9999,    9
 18536, 99419,20160811,-9999,    9
 18536, 99419,20160812,-9999,    9
 18536, 99419,20160813,-9999,    9
 18536, 99419,20160814,-9999,    9
 18536, 99419,20160815,-9999,    9
 18536, 99419,20160816,-9999,    9
 18536, 99419,20160817,-9999,    9
 18536, 99419,20160818,-9999,    9
 18536, 99419,20160819,-9999,    9
 18536, 99419,20160820,-9999,    9
 18536, 99419,20160821,-9999,    9
 18536, 99419,20160822,-9999,    9
 18536, 99419,20160823,-9999,    9
 18536, 99419,20160824,-9999,    9
 18536, 99419,20160825,-9999,    9
 18536, 99419,20160826,-9999,    9
 18536, 99419,20160827,-9999,    9
 18536, 99419,20160828,-9999,    9
 18536, 99419,20160829,-9999,    9
 18536, 99419,20160830,-9999,    9
 18536, 99419,20160831,-9999,    9
 18536, 99419,20160901,-9999,    9
 18536, 99419,20160902,-9999,    9
 18536, 99419,20160903,-9999,    9
 18536, 99419,20160904,-9999,    9
 18536, 99419,20160905,-9999,    9
 18536, 99419,20160906,-9999,    9
 18536, 99419,20160907,-9999,    9
 18536, 99419,20160908,-9999,    9
 18536, 99419,20160909,-9999,    9
 18536, 99419,20160910,-9999,    9
 18536, 99419,20160911,-9999,    9
 18536, 99419,20160912,-9999,    9
 18536, 99419,20160913,-9999,    9
 18536, 99419,20160914,-9999,    9
 18536, 99419,20160915,-9999,    9
 18536, 99419,20160916,-9999,    9
 18536, 99419,20160917,-9999,    9
 18536, 99419,20160918,-9999,    9
 18536, 99419,20160919,-9999,    9
 18536, 99419,20160920,-9999,    9
 18536, 99419,20160921,-9999,    9
 18536, 99419,20160922,-9999,    9
 18536, 99419,20160923,-9999,    9
 18536, 99419,20160924,-9999,    9
 18536, 99419,20160925,-9999,    9
 18536, 99419,20160926,-9999,    9
 18536, 99419,20160927,-9999,    9
 18536, 99419,20160928,-9999,    9
 18536, 99419,20160929,-9999,    9
 18536, 99419,20160930,-9999,    9
 18536, 99419,20161001,-9999,    9
 18536, 99419,20161002,-9999,    9
 18536, 99419,20161003,-9999,    9
 18536, 99419,20161004,-9999,    9
 18536, 99419,20161005,-9999,    9
 18536, 99419,20161006,-9999,    9
 18536, 99419,20161007,-9999,    9
 18536, 99419,20161008,-9999,    9
 18536, 99419,20161009,-9999,    9
 18536, 99419,20161010,-9999,    9
 18536, 99419,20161011,-9999,    9
 18536, 99419,20161012,-9999,    9
 18536, 99419,20161013,-9999,    9
 18536, 99419,20161014,-9999,    9
 18536, 99419,20161015,-9999,    9
 18536, 99419,20161016,-9999,    9
 18536, 99419,20161017,-9999,    9
 18536, 99419,20161018,-9999,    9
 18536, 99419,20161019,-9999,    9
 18536, 99419,20161020,-9999,    9
 18536, 99419,20161021,-9999,    9
 18536, 99419,20161022,-9999,    9
 18536, 99419,20161023,-9999,    9
 18536, 99419,20161024,-9999,    9
 18536, 99419,20161025,-9999,    9
 18536, 99419,20161026,-9999,    9
 18536, 99419,20161027,-9999,    9
 18536, 99419,20161028,-9999,    9
 18536, 99419,20161029,-9999,    9
 18536, 99419,20161030,-9999,    9
 18536, 99419,20161031,-9999,    9
 18536, 99419,20161101,-9999,    9
 18536, 99419,20161102,-9999,    9
 18536, 99419,20161103,-9999,    9
 18536, 99419,20161104,-9999,    9
 18536, 99419,20161105,-9999,    9
 18536, 99419,20161106,-9999,    9
 18536, 99419,20161107,-9999,    9
 18536, 99419,20161108,-9999,    9
 18536, 99419,20161109,-9999,    9
 18536, 99419,20161110,-9999,    9
 18536, 99419,20161111,-9999,    9
 18536, 99419,20161112,-9999,    9
 18536, 99419,20161113,-9999,    9
 18536, 99419,20161114,-9999,    9
 18536, 99419,20161115,-9999,    9
 18536, 99419,20161116,-9999,    9
 18536, 99419,20161117,-9999,    9
 18536, 99419,20161118,   25,    0
 18536, 99419,20161119,   11,    0
 18536, 99419,20161120,  -59,    0
 18536, 99419,20161121,  -71,    0
 18536, 99419,20161122,-9999,    9
 18536, 99419,20161123,-9999,    9
 18536, 99419,20161124,-9999,    9
 18536, 99419,20161125,-9999,    9
 18536, 99419,20161126,-9999,    9
 18536, 99419,20161127,-9999,    9
 18536, 99419,20161128,-9999,    9
 18536, 99419,20161129,-9999,    9
 18536, 99419,20161130,-9999,    9
 18536, 99419,20161201,-9999,    9
 18536, 99419,20161202,-9999,    9
 18536, 99419,20161203,-9999,    9
 18536, 99419,20161204,-9999,    9
 18536, 99419,20161205,-9999,    9
 18536, 99419,20161206,-9999,    9
 18536, 99419,20161207,-9999,    9
 18536, 99419,20161208,-9999,    9
 18536, 99419,20161209,-9999,    9
 18536, 99419,20161210,-9999,    9
 18536, 99419,20161211,-9999,    9
 18536, 99419,20161212,-9999,    9
 18536, 99419,20161213,-9999,    9
 18536, 99419,20161214,-9999,    9
 18536, 99419,20161215,-9999,    9
 18536, 99419,20161216,-9999,    9
 18536, 99419,20161217,-9999,    9
 18536, 99419,20161218,-9999,    9
 18536, 99419,20161219,-9999,    9
 18536, 99419,20161220,-9999,    9
 18536, 99419,20161221,-9999,    9
 18536, 99419,20161222,-9999,    9
 18536, 99419,20161223,-9999,    9
 18536, 99419,20161224,-9999,    9
 18536, 99419,20161225,-9999,    9
 18536, 99419,20161226,-9999,    9
 18536, 99419,20161227,-9999,    9
 18536, 99419,20161228,-9999,    9
 18536, 99419,20161229,-9999,    9
 18536, 99419,20161230,-9999,    9
 18536, 99419,20161231,-9999,    9
 18536, 99419,20170101,-9999,    9
 18536, 99419,20170102,-9999,    9
 18536, 99419,20170103,-9999,    9
 18536, 99419,20170104,-9999,    9
 18536, 99419,20170105,-9999,    9
 18536, 99419,20170106,-9999,    9
 18536, 99419,20170107,-9999,    9
 18536, 99419,20170108,-9999,    9
 18536, 99419,20170109,-9999,    9
 18536, 99419,20170110,-9999,    9
 18536, 99419,20170111,-9999,    9
 18536, 99419,20170112,-9999,    9
 18536, 99419,20170113,-9999,    9
 18536, 99419,20170114,-9999,    9
 18536, 99419,20170115,-9999,    9
 18536, 99419,20170116,-9999,    9
 18536, 99419,20170117,-9999,    9
 18536, 99419,20170118,-9999,    9
 18536, 99419,20170119,-9999,    9
 18536, 99419,20170120,-9999,    9
 18536, 99419,20170121,-9999,    9
 18536, 99419,20170122,-9999,    9
 18536, 99419,20170123,-9999,    9
 18536, 99419,20170124,-9999,    9
 18536, 99419,20170125,-9999,    9
 18536, 99419,20170126,-9999,    9
 18536, 99419,20170127,-9999,    9
 18536, 99419,20170128,-9999,    9
 18536, 99419,20170129,-9999,    9
 18536, 99419,20170130,-9999,    9
 18536, 99419,20170131,-9999,    9
 18536, 99419,20170201,-9999,    9
 18536, 99419,20170202,-9999,    9
 18536, 99419,20170203,-9999,    9
 18536, 99419,20170204,-9999,    9
 18536, 99419,20170205,-9999,    9
 18536, 99419,20170206,-9999,    9
 18536, 99419,20170207,-9999,    9
 18536, 99419,20170208,-9999,    9
 18536, 99419,20170209,-9999,    9
 18536, 99419,20170210,-9999,    9
 18536, 99419,20170211,-9999,    9
 18536, 99419,20170212,-9999,    9
 18536, 99419,20170213,-9999,    9
 18536, 99419,20170214,-9999,    9
 18536, 99419,20170215,-9999,    9
 18536, 99419,20170216,-9999,    9
 18536, 99419,20170217,-9999,    9
 18536, 99419,20170218,-9999,    9
 18536, 99419,20170219,-9999,    9
 18536, 99419,20170220,-9999,    9
 18536, 99419,20170221,-9999,    9
 18536, 99419,20170222,-9999,    9
 18536, 99419,20170223,-9999,    9
 18536, 99419,20170224,-9999,    9
 18536, 99419,20170225,-9999,    9
 18536, 99419,20170226,-9999,    9
 18536, 99419,20170227,-9999,    9
 18536, 99419,20170228,-9999,    9
 18536, 99419,20170301,-9999,    9
 18536, 99419,20170302,-9999,    9
 18536, 99419,20170303,-9999,    9
 18536, 99419,20170304,-9999,    9
 18536, 99419,20170305,-9999,    9
 18536, 99419,20170306,-9999,    9
 18536, 99419,20170307,-9999,    9
 18536, 99419,20170308,-9999,    9
 18536, 99419,20170309,-9999,    9
 18536, 99419,20170310,-9999,    9
 18536, 99419,20170311,-9999,    9
 18536, 99419,20170312,-9999,    9
 18536, 99419,20170313,    0,    0
 18536, 99419,20170314,-9999,    9
 18536, 99419,20170315,-9999,    9
 18536, 99419,20170316,-9999,    9
 18536, 99419,20170317,-9999,    9
 18536, 99419,20170318,-9999,    9
 18536, 99419,20170319,-9999,    9
 18536, 99419,20170320,-9999,    9
 18536, 99419,20170321,-9999,    9
 18536, 99419,20170322,-9999,    9
 18536, 99419,20170323,-9999,    9
 18536, 99419,20170324,-9999,    9
 18536, 99419,20170325,-9999,    9
 18536, 99419,20170326,-9999,    9
 18536, 99419,20170327,-9999,    9
 18536, 99419,20170328,-9999,    9
 18536, 99419,20170329,-9999,    9
 18536, 99419,20170330,-9999,    9
 18536, 99419,20170331,-9999,    9
 18536, 99419,20170401,-9999,    9
 18536, 99419,20170402,-9999,    9
 18536, 99419,20170403,-9999,    9
 18536, 99419,20170404,-9999,    9
 18536, 99419,20170405,-9999,    9
 18536, 99419,20170406,-9999,    9
 18536, 99419,20170407,-9999,    9
 18536, 99419,20170408,-9999,    9
 18536, 99419,20170409,-9999,    9
 18536, 99419,20170410,-9999,    9
 18536, 99419,20170411,-9999,    9
 18536, 99419,20170412,-9999,    9
 18536, 99419,20170413,-9999,    9
 18536, 99419,20170414,-9999,    9
 18536, 99419,20170415,-9999,    9
 18536, 99419,20170416,-9999,    9
 18536, 99419,20170417,-9999,    9
 18536, 99419,20170418,-9999,    9
 18536, 99419,20170419,-9999,    9
 18536, 99419,20170420,-9999,    9
 18536, 99419,20170421,-9999,    9
 18536, 99419,20170422,-9999,    9
 18536, 99419,20170423,-9999,    9
 18536, 99419,20170424,-9999,    9
 18536, 99419,20170425,-9999,    9
 18536, 99419,20170426,   -1,    0
 18536, 99419,20170427,-9999,    9
 18536, 99419,20170428,-9999,    9
 18536, 99419,20170429,-9999,    9
 18536, 99419,20170430,-9999,    9
 18536, 99419,20170501,-9999,    9
 18536, 99419,20170502,-9999,    9
 18536, 99419,20170503,-9999,    9
 18536, 99419,20170504,-9999,    9
 18536, 99419,20170505,-9999,    9
 18536, 99419,20170506,-9999,    9
 18536, 99419,20170507,-9999,    9
 18536, 99419,20170508,-9999,    9
 18536, 99419,20170509,-9999,    9
 18536, 99419,20170510,-9999,    9
 18536, 99419,20170511,-9999,    9
 18536, 99419,20170512,-9999,    9
 18536, 99419,20170513,-9999,    9
 18536, 99419,20170514,-9999,    9
 18536, 99419,20170515,-9999,    9
 18536, 99419,20170516,-9999,    9
 18536, 99419,20170517,-9999,    9
 18536, 99419,20170518,-9999,    9
 18536, 99419,20170519,-9999,    9
 18536, 99419,20170520,-9999,    9
 18536, 99419,20170521,-9999,    9
 18536, 99419,20170522,-9999,    9
 18536, 99419,20170523,-9999,    9
 18536, 99419,20170524,-9999,    9
 18536, 99419,20170525,-9999,    9
 18536, 99419,20170526,-9999,    9
 18536, 99419,20170527,-9999,    9
 18536, 99419,20170528,-9999,    9
 18536, 99419,20170529,-9999,    9
 18536, 99419,20170530,-9999,    9
 18536, 99419,20170531,-9999,    9
 18536, 99419,20170601,-9999,    9
 18536, 99419,20170602,-9999,    9
 18536, 99419,20170603,-9999,    9
 18536, 99419,20170604,-9999,    9
 18536, 99419,20170605,-9999,    9
 18536, 99419,20170606,-9999,    9
 18536, 99419,20170607,-9999,    9
 18536, 99419,20170608,-9999,    9
 18536, 99419,20170609,-9999,    9
 18536, 99419,20170610,-9999,    9
 18536, 99419,20170611,-9999,    9
 18536, 99419,20170612,-9999,    9
 18536, 99419,20170613,-9999,    9
 18536, 99419,20170614,-9999,    9
 18536, 99419,20170615,-9999,    9
 18536, 99419,20170616,   58,    0
 18536, 99419,20170617,   85,    0
 18536, 99419,20170618,   94,    0
 18536, 99419,20170619,   93,    0
 18536, 99419,20170620,  105,    0
 18536, 99419,20170621,   61,    0
 18536, 99419,20170622,   66,    0
 18536, 99419,20170623,   72,    0
 18536, 99419,20170624,  104,    0
 18536, 99419,20170625,  113,    0
 18536, 99419,20170626,  104,    0
 18536, 99419,20170627,   99,    0
 18536, 99419,20170628,   93,    0
 18536, 99419,20170629,  106,    0
 18536, 99419,20170630,  119,    0
 18536, 99419,20170701,  146,    0
 18536, 99419,20170702,  158,    0
 18536, 99419,20170703,-9999,    9
 18536, 99419,20170704,-9999,    9
 18536, 99419,20170705,-9999,    9
 18536, 99419,20170706,-9999,    9
 18536, 99419,20170707,-9999,    9
 18536, 99419,20170708,-9999,    9
 18536, 99419,20170709,-9999,    9
 18536, 99419,20170710,-9999,    9
 18536, 99419,20170711,-9999,    9
 18536, 99419,20170712,-9999,    9
 18536, 99419,20170713,-9999,    9
 18536, 99419,20170714,    2,    0
 18536, 99419,20170715,-9999,    9
 18536, 99419,20170716,-9999,    9
 18536, 99419,20170717,-9999,    9
 18536, 99419,20170718,-9999,    9
 18536, 99419,20170719,-9999,    9
 18536, 99419,20170720,-9999,    9
 18536, 99419,20170721,-9999,    9
 18536, 99419,20170722,-9999,    9
 18536, 99419,20170723,-9999,    9
 18536, 99419,20170724,-9999,    9
 18536, 99419,20170725,-9999,    9
 18536, 99419,20170726,-9999,    9
 18536, 99419,20170727,-9999,    9
 18536, 99419,20170728,-9999,    9
 18536, 99419,20170729,-9999,    9
 18536, 99419,20170730,-9999,    9
 18536, 99419,20170731,-9999,    9
 18536, 99419,20170801,-9999,    9
 18536, 99419,20170802,-9999,    9
 18536, 99419,20170803,-9999,    9
 18536, 99419,20170804,-9999,    9
 18536, 99419,20170805,-9999,    9
 18536, 99419,20170806,-9999,    9
 18536, 99419,20170807,-9999,    9
 18536, 99419,20170808,-9999,    9
 18536, 99419,20170809,    1,    0
 18536, 99419,20170810,-9999,    9
 18536, 99419,20170811,-9999,    9
 18536, 99419,20170812,-9999,    9
 18536, 99419,20170813,-9999,    9
 18536, 99419,20170814,-9999,    9
 18536, 99419,20170815,-9999,    9
 18536, 99419,20170816,-9999,    9
 18536, 99419,20170817,-9999,    9
 18536, 99419,20170818,-9999,    9
 18536, 99419,20170819,-9999,    9
 18536, 99419,20170820,-9999,    9
 18536, 99419,20170821,-9999,    9
 18536, 99419,20170822,-9999,    9
 18536, 99419,20170823,-9999,    9
 18536, 99419,20170824,-9999,    9
 18536, 99419,20170825,-9999,    9
 18536, 99419,20170826,-9999,    9
 18536, 99419,20170827,-9999,    9
 18536, 99419,20170828,-9999,    9
 18536, 99419,20170829,-9999,    9
 18536, 99419,20170830,-9999,    9
 18536, 99419,20170831,-9999,    9
 18536, 99419,20170901,-9999,    9
 18536, 99419,20170902,-9999,    9
 18536, 99419,20170903,-9999,    9
 18536, 99419,20170904,-9999,    9
 18536, 99419,20170905,-9999,    9
 18536, 99419,20170906,-9999,    9
 18536, 99419,20170907,-9999,    9
 18536, 99419,20170908,-9999,    9
 18536, 99419,20170909,-9999,    9
 18536, 99419,20170910,-9999,    9
 18536, 99419,20170911,-9999,    9
 18536, 99419,20170912,    1,    0
 18536, 99419,20170913,-9999,    9
 18536, 99419,20170914,-9999,    9
 18536, 99419,20170915,-9999,    9
 18536, 99419,20170916,-9999,    9
 18536, 99419,20170917,-9999,    9
 18536, 99419,20170918,-9999,    9
 18536, 99419,20170919,-9999,    9
 18536, 99419,20170920,-9999,    9
 18536, 99419,20170921,-9999,    9
 18536, 99419,20170922,-9999,    9
 18536, 99419,20170923,-9999,    9
 18536, 99419,20170924,-9999,    9
 18536, 99419,20170925,-9999,    9
 18536, 99419,20170926,-9999,    9
 18536, 99419,20170927,-9999,    9
 18536, 99419,20170928,-9999,    9
 18536, 99419,20170929,-9999,    9
 18536, 99419,20170930,-9999,    9
 18536, 99419,20171001,-9999,    9
 18536, 99419,20171002,-9999,    9
 18536, 99419,20171003,-9999,    9
 18536, 99419,20171004,-9999,    9
 18536, 99419,20171005,-9999,    9
 18536, 99419,20171006,-9999,    9
 18536, 99419,20171007,-9999,    9
 18536, 99419,20171008,-9999,    9
 18536, 99419,20171009,-9999,    9
 18536, 99419,20171010,-9999,    9
 18536, 99419,20171011,-9999,    9
 18536, 99419,20171012,-9999,    9
 18536, 99419,20171013,-9999,    9
 18536, 99419,20171014,-9999,    9
 18536, 99419,20171015,    0,    0
 18536, 99419,20171016,    0,    0
 18536, 99419,20171017,-9999,    9
 18536, 99419,20171018,-9999,    9
 18536, 99419,20171019,-9999,    9
 18536, 99419,20171020,-9999,    9
 18536, 99419,20171021,-9999,    9
 18536, 99419,20171022,-9999,    9
 18536, 99419,20171023,-9999,    9
 18536, 99419,20171024,-9999,    9
 18536, 99419,20171025,-9999,    9
 18536, 99419,20171026,-9999,    9
 18536, 99419,20171027,-9999,    9
 18536, 99419,20171028,-9999,    9
 18536, 99419,20171029,-9999,    9
 18536, 99419,20171030,-9999,    9
 18536, 99419,20171031,-9999,    9
 18536, 99419,20171101,-9999,    9
 18536, 99419,20171102,-9999,    9
 18536, 99419,20171103,-9999,    9
 18536, 99419,20171104,-9999,    9
 18536, 99419,20171105,-9999,    9
 18536, 99419,20171106,-9999,    9
 18536, 99419,20171107,-9999,    9
 18536, 99419,20171108,-9999,    9
 18536, 99419,20171109,   13,    0
 18536, 99419,20171110,  -39,    0
 18536, 99419,20171111,  -88,    0
 18536, 99419,20171112,  -67,    0
 18536, 99419,20171113,  -64,    0
 18536, 99419,20171114,   17,    0
 18536, 99419,20171115,  -14,    0
 18536, 99419,20171116,  -87,    0
 18536, 99419,20171117,  -95,    0
 18536, 99419,20171118,  -65,    0
 18536, 99419,20171119,  -66,    0
 18536, 99419,20171120, -120,    0
 18536, 99419,20171121,  -72,    0
 18536, 99419,20171122, -103,    0
 18536, 99419,20171123,  -70,    0
 18536, 99419,20171124,  -37,    0
 18536, 99419,20171125,  -27,    0
 18536, 99419,20171126,  -32,    0
 18536, 99419,20171127,  -64,    0
 18536, 99419,20171128,-9999,    9
 18536, 99419,20171129,  -25,    0
 18536, 99419,20171130, -107,    0
 18536, 99419,20171201,  -71,    0
 18536, 99419,20171202,    1,    0
 18536, 99419,20171203,  -23,    0
 18536, 99419,20171204,  -49,    0
 18536, 99419,20171205,  -90,    0
 18536, 99419,20171206,  -76,    0
 18536, 99419,20171207, -115,    0
 18536, 99419,20171208,  -54,    0
 18536, 99419,20171209,  -32,    0
 18536, 99419,20171210,    3,    0
 18536, 99419,20171211,  -40,    0
 18536, 99419,20171212,  -73,    0
 18536, 99419,20171213,  -42,    0
 18536, 99419,20171214,    1,    0
 18536, 99419,20171215,  -70,    0
 18536, 99419,20171216, -123,    0
 18536, 99419,20171217,  -55,    0
 18536, 99419,20171218,  -33,    0
 18536, 99419,20171219,  -20,    0
 18536, 99419,20171220,   42,    0
 18536, 99419,20171221,   14,    0
 18536, 99419,20171222,   -3,    0
 18536, 99419,20171223,  -88,    0
 18536, 99419,20171224, -112,    0
 18536, 99419,20171225, -163,    0
 18536, 99419,20171226,  -77,    0
 18536, 99419,20171227,  -94,    0
 18536, 99419,20171228,  -76,    0
 18536, 99419,20171229, -121,    0
 18536, 99419,20171230,  -60,    0
 18536, 99419,20171231, -115,    0
 18536, 99419,20180101, -133,    0
 18536, 99419,20180102, -148,    0
 18536, 99419,20180103,  -55,    0
 18536, 99419,20180104,  -22,    0
 18536, 99419,20180105, -103,    0
 18536, 99419,20180106,  -61,    0
 18536, 99419,20180107,  -79,    0
 18536, 99419,20180108,   -8,    0
 18536, 99419,20180109,  -26,    0
 18536, 99419,20180110,   18,    0
 18536, 99419,20180111,  -52,    0
 18536, 99419,20180112,    3,    0
 18536, 99419,20180113,  -45,    0
 18536, 99419,20180114,  -76,    0
 18536, 99419,20180115,  -35,    0
 18536, 99419,20180116,  -39,    0
 18536, 99419,20180117,  -55,    0
 18536, 99419,20180118, -101,    0
 18536, 99419,20180119, -139,    0
 18536, 99419,20180120, -101,    0
 18536, 99419,20180121,  -94,    0
 18536, 99419,20180122, -126,    0
 18536, 99419,20180123, -133,    0
 18536, 99419,20180124, -130,    0
 18536, 99419,20180125,  -98,    0
 18536, 99419,20180126,  -25,    0
 18536, 99419,20180127, -120,    0
 18536, 99419,20180128, -120,    0
 18536, 99419,20180129, -127,    0
 18536, 99419,20180130, -170,    0
 18536, 99419,20180131, -137,    0
 18536, 99419,20180201, -126,    0
 18536, 99419,20180202, -204,    0
 18536, 99419,20180203, -200,    0
 18536, 99419,20180204, -196,    0
 18536, 99419,20180205,  -66,    0
 18536, 99419,20180206,  -48,    0
 18536, 99419,20180207, -101,    0
 18536, 99419,20180208, -102,    0
 18536, 99419,20180209,  -59,    0
 18536, 99419,20180210,  -18,    0
 18536, 99419,20180211,  -56,    0
 18536, 99419,20180212,  -70,    0
 18536, 99419,20180213,  -51,    0
 18536, 99419,20180214,  -76,    0
 18536, 99419,20180215, -121,    0
 18536, 99419,20180216, -112,    0
 18536, 99419,20180217, -112,    0
 18536, 99419,20180218, -153,    0
 18536, 99419,20180219, -188,    0
 18536, 99419,20180220, -151,    0
 18536, 99419,20180221,  -87,    0
 18536, 99419,20180222, -110,    0
 18536, 99419,20180223, -139,    0
 18536, 99419,20180224,  -89,    0
 18536, 99419,20180225, -122,    0
 18536, 99419,20180226, -121,    0
 18536, 99419,20180227, -104,    0
 18536, 99419,20180228,   16,    0
 18536, 99419,20180301,    5,    0
 18536, 99419,20180302,  -37,    0
 18536, 99419,20180303,-9999,    9
 18536, 99419,20180304, -150,    0
 18536, 99419,20180305, -173,    0
 18536, 99419,20180306, -166,    0
 18536, 99419,20180307, -148,    0
 18536, 99419,20180308, -109,    0
 18536, 99419,20180309, -108,    0
 18536, 99419,20180310,-9999,    9
 18536, 99419,20180311,  -92,    0
 18536, 99419,20180312,  -62,    0
 18536, 99419,20180313,  -53,    0
 18536, 99419,20180314, -138,    0
 18536, 99419,20180315, -126,    0
 18536, 99419,20180316,  -67,    0
 18536, 99419,20180317,-9999,    9
 18536, 99419,20180318,  -29,    0
 18536, 99419,20180319,  -73,    0
 18536, 99419,20180320,  -99,    0
 18536, 99419,20180321,  -63,    0
 18536, 99419,20180322,  -68,    0
 18536, 99419,20180323,  -60,    0
 18536, 99419,20180324,  -76,    0
 18536, 99419,20180325,  -79,    0
 18536, 99419,20180326,  -55,    0
 18536, 99419,20180327,  -31,    0
 18536, 99419,20180328,  -14,    0
 18536, 99419,20180329,  -25,    0
 18536, 99419,20180330,  -32,    0
 18536, 99419,20180331,  -42,    0
 18536, 99419,20180401,  -80,    0
 18536, 99419,20180402,  -56,    0
 18536, 99419,20180403,  -43,    0
 18536, 99419,20180404,  -27,    0
 18536, 99419,20180405,  -24,    0
 18536, 99419,20180406,  -43,    0
 18536, 99419,20180407,-9999,    9
 18536, 99419,20180408,    0,    0
 18536, 99419,20180409,  -45,    0
 18536, 99419,20180410,  -12,    0
 18536, 99419,20180411,   29,    0
 18536, 99419,20180412,   24,    0
 18536, 99419,20180413,   10,    0
 18536, 99419,20180414,-9999,    9
 18536, 99419,20180415,-9999,    9
 18536, 99419,20180416,-9999,    9
 18536, 99419,20180417,-9999,    9
 18536, 99419,20180418,-9999,    9
 18536, 99419,20180419,-9999,    9
 18536, 99419,20180420,-9999,    9
 18536, 99419,20180421,-9999,    9
 18536, 99419,20180422,-9999,    9
 18536, 99419,20180423,-9999,    9
 18536, 99419,20180424,-9999,    9
 18536, 99419,20180425,-9999,    9
 18536, 99419,20180426,-9999,    9
 18536, 99419,20180427,-9999,    9
 18536, 99419,20180428,-9999,    9
 18536, 99419,20180429,-9999,    9
 18536, 99419,20180430,-9999,    9
 18536, 99419,20180501,-9999,    9
 18536, 99419,20180502,-9999,    9
 18536, 99419,20180503,-9999,    9
 18536, 99419,20180504,-9999,    9
 18536, 99419,20180505,-9999,    9
 18536, 99419,20180506,    0,    0
 18536, 99419,20180507,    0,    0
 18536, 99419,20180508,    0,    0
 18536, 99419,20180509,    2,    0
 18536, 99419,20180510,    0,    0
 18536, 99419,20180511,    0,    0
 18536, 99419,20180512,    4,    0
 18536, 99419,20180513,    0,    0
 18536, 99419,20180514,    0,    0
 18536, 99419,20180515,    1,    0
 18536, 99419,20180516,-9999,    9
 18536, 99419,20180517,    0,    0
 18536, 99419,20180518,    0,    0
 18536, 99419,20180519,-9999,    9
 18536, 99419,20180520,    0,    0
 18536, 99419,20180521,    0,    0
 18536, 99419,20180522,    0,    0
 18536, 99419,20180523,    1,    0
 18536, 99419,20180524,    0,    0
 18536, 99419,20180525,    0,    0
 18536, 99419,20180526,-9999,    9
 18536, 99419,20180527,    0,    0
 18536, 99419,20180528,    0,    0
 18536, 99419,20180529,    1,    0
 18536, 99419,20180530,-9999,    9
 18536, 99419,20180531,    2,    0
 18536, 99419,20180601,    2,    0
 18536, 99419,20180602,    1,    0
 18536, 99419,20180603,    0,    0
 18536, 99419,20180604,    1,    0
 18536, 99419,20180605,    0,    0
 18536, 99419,20180606,-9999,    9
 18536, 99419,20180607,    0,    0
 18536, 99419,20180608,    0,    0
 18536, 99419,20180609,    2,    0
 18536, 99419,20180610,    3,    0
 18536, 99419,20180611,    0,    0
 18536, 99419,20180612,    1,    0
 18536, 99419,20180613,    1,    0
 18536, 99419,20180614,    2,    0
 18536, 99419,20180615,    1,    0
 18536, 99419,20180616,    1,    0
 18536, 99419,20180617,    0,    0
 18536, 99419,20180618,    3,    0
 18536, 99419,20180619,    3,    0
 18536, 99419,20180620,    0,    0
 18536, 99419,20180621,-9999,    9
 18536, 99419,20180622,-9999,    9
 18536, 99419,20180623,    0,    0
 18536, 99419,20180624,    0,    0
 18536, 99419,20180625,    0,    0
 18536, 99419,20180626,    0,    0
 18536, 99419,20180627,    1,    0
 18536, 99419,20180628,    0,    0
 18536, 99419,20180629,    1,    0
 18536, 99419,20180630,-9999,    9
 18536, 99419,20180701,-9999,    9
 18536, 99419,20180702,-9999,    9
 18536, 99419,20180703,-9999,    9
 18536, 99419,20180704,-9999,    9
 18536, 99419,20180705,-9999,    9
 18536, 99419,20180706,-9999,    9
 18536, 99419,20180707,-9999,    9
 18536, 99419,20180708,-9999,    9
 18536, 99419,20180709,-9999,    9
 18536, 99419,20180710,-9999,    9
 18536, 99419,20180711,    1,    0
 18536, 99419,20180712,-9999,    9
 18536, 99419,20180713,-9999,    9
 18536, 99419,20180714,-9999,    9
 18536, 99419,20180715,-9999,    9
 18536, 99419,20180716,-9999,    9
 18536, 99419,20180717,-9999,    9
 18536, 99419,20180718,-9999,    9
 18536, 99419,20180719,-9999,    9
 18536, 99419,20180720,-9999,    9
 18536, 99419,20180721,-9999,    9
 18536, 99419,20180722,-9999,    9
 18536, 99419,20180723,-9999,    9
 18536, 99419,20180724,-9999,    9
 18536, 99419,20180725,-9999,    9
 18536, 99419,20180726,-9999,    9
 18536, 99419,20180727,-9999,    9
 18536, 99419,20180728,-9999,    9
 18536, 99419,20180729,-9999,    9
 18536, 99419,20180730,-9999,    9
 18536, 99419,20180731,-9999,    9
 18536, 99419,20180801,-9999,    9
 18536, 99419,20180802,-9999,    9
 18536, 99419,20180803,-9999,    9
 18536, 99419,20180804,    1,    0
 18536, 99419,20180805,    0,    0
 18536, 99419,20180806,    0,    0
 18536, 99419,20180807,    1,    0
 18536, 99419,20180808,-9999,    9
 18536, 99419,20180809,-9999,    9
 18536, 99419,20180810,-9999,    9
 18536, 99419,20180811,-9999,    9
 18536, 99419,20180812,-9999,    9
 18536, 99419,20180813,-9999,    9
 18536, 99419,20180814,    1,    0
 18536, 99419,20180815,    0,    0
 18536, 99419,20180816,    1,    0
 18536, 99419,20180817,    0,    0
 18536, 99419,20180818,    0,    0
 18536, 99419,20180819,    0,    0
 18536, 99419,20180820,    1,    0
 18536, 99419,20180821,-9999,    9
 18536, 99419,20180822,-9999,    9
 18536, 99419,20180823,-9999,    9
 18536, 99419,20180824,-9999,    9
 18536, 99419,20180825,-9999,    9
 18536, 99419,20180826,-9999,    9
 18536, 99419,20180827,-9999,    9
 18536, 99419,20180828,-9999,    9
 18536, 99419,20180829,-9999,    9
 18536, 99419,20180830,-9999,    9
 18536, 99419,20180831,-9999,    9
 18536, 99419,20180901,-9999,    9
 18536, 99419,20180902,-9999,    9
 18536, 99419,20180903,-9999,    9
 18536, 99419,20180904,-9999,    9
 18536, 99419,20180905,-9999,    9
 18536, 99419,20180906,-9999,    9
 18536, 99419,20180907,-9999,    9
 18536, 99419,20180908,-9999,    9
 18536, 99419,20180909,-9999,    9
 18536, 99419,20180910,-9999,    9
 18536, 99419,20180911,-9999,    9
 18536, 99419,20180912,-9999,    9
 18536, 99419,20180913,-9999,    9
 18536, 99419,20180914,-9999,    9
 18536, 99419,20180915,-9999,    9
 18536, 99419,20180916,-9999,    9
 18536, 99419,20180917,-9999,    9
 18536, 99419,20180918,-9999,    9
 18536, 99419,20180919,-9999,    9
 18536, 99419,20180920,   93,    0
 18536, 99419,20180921,-9999,    9
 18536, 99419,20180922,-9999,    9
 18536, 99419,20180923,-9999,    9
 18536, 99419,20180924,-9999,    9
 18536, 99419,20180925,-9999,    9
 18536, 99419,20180926,-9999,    9
 18536, 99419,20180927,-9999,    9
 18536, 99419,20180928,-9999,    9
 18536, 99419,20180929,-9999,    9
 18536, 99419,20180930,-9999,    9
 18536, 99419,20181001,-9999,    9
 18536, 99419,20181002,-9999,    9
 18536, 99419,20181003,-9999,    9
 18536, 99419,20181004,   16,    0
 18536, 99419,20181005,    8,    0
 18536, 99419,20181006,   11,    0
 18536, 99419,20181007,   21,    0
 18536, 99419,20181008,   27,    0
 18536, 99419,20181009,    0,    0
 18536, 99419,20181010,    0,    0
 18536, 99419,20181011,-9999,    9
 18536, 99419,20181012,-9999,    9
 18536, 99419,20181013,-9999,    9
 18536, 99419,20181014,-9999,    9
 18536, 99419,20181015,-9999,    9
 18536, 99419,20181016,-9999,    9
 18536, 99419,20181017,-9999,    9
 18536, 99419,20181018,-9999,    9
 18536, 99419,20181019,    0,    0
 18536, 99419,20181020,    0,    0
 18536, 99419,20181021,    0,    0
 18536, 99419,20181022,-9999,    9
 18536, 99419,20181023,-9999,    9
 18536, 99419,20181024,-9999,    9
 18536, 99419,20181025,-9999,    9
 18536, 99419,20181026,-9999,    9
 18536, 99419,20181027,-9999,    9
 18536, 99419,20181028,-9999,    9
 18536, 99419,20181029,-9999,    9
 18536, 99419,20181030,-9999,    9
 18536, 99419,20181031,-9999,    9
 18536, 99419,20181101,-9999,    9
 18536, 99419,20181102,-9999,    9
 18536, 99419,20181103,-9999,    9
 18536, 99419,20181104,-9999,    9
 18536, 99419,20181105,-9999,    9
 18536, 99419,20181106,-9999,    9
 18536, 99419,20181107,-9999,    9
 18536, 99419,20181108,-9999,    9
 18536, 99419,20181109,-9999,    9
 18536, 99419,20181110,-9999,    9
 18536, 99419,20181111,-9999,    9
 18536, 99419,20181112,-9999,    9
 18536, 99419,20181113,    1,    0
 18536, 99419,20181114,-9999,    9
 18536, 99419,20181115,-9999,    9
 18536, 99419,20181116,-9999,    9
 18536, 99419,20181117,-9999,    9
 18536, 99419,20181118,-9999,    9
 18536, 99419,20181119,-9999,    9
 18536, 99419,20181120,-9999,    9
 18536, 99419,20181121,-9999,    9
 18536, 99419,20181122,-9999,    9
 18536, 99419,20181123,-9999,    9
 18536, 99419,20181124,-9999,    9
 18536, 99419,20181125,-9999,    9
 18536, 99419,20181126,-9999,    9
 18536, 99419,20181127,-9999,    9
 18536, 99419,20181128,-9999,    9
 18536, 99419,20181129,-9999,    9
 18536, 99419,20181130,-9999,    9
 18536, 99419,20181201,-9999,    9
 18536, 99419,20181202,-9999,    9
 18536, 99419,20181203,-9999,    9
 18536, 99419,20181204,-9999,    9
 18536, 99419,20181205,-9999,    9
 18536, 99419,20181206,-9999,    9
 18536, 99419,20181207,-9999,    9
 18536, 99419,20181208,-9999,    9
 18536, 99419,20181209,-9999,    9
 18536, 99419,20181210,-9999,    9
 18536, 99419,20181211,   -1,    0
 18536, 99419,20181212,-9999,    9
 18536, 99419,20181213,-9999,    9
 18536, 99419,20181214,-9999,    9
 18536, 99419,20181215,-9999,    9
 18536, 99419,20181216,-9999,    9
 18536, 99419,20181217,-9999,    9
 18536, 99419,20181218,-9999,    9
 18536, 99419,20181219,-9999,    9
 18536, 99419,20181220,-9999,    9
 18536, 99419,20181221,-9999,    9
 18536, 99419,20181222,-9999,    9
 18536, 99419,20181223,-9999,    9
 18536, 99419,20181224,-9999,    9
 18536, 99419,20181225,-9999,    9
 18536, 99419,20181226,-9999,    9
 18536, 99419,20181227,-9999,    9
 18536, 99419,20181228,-9999,    9
 18536, 99419,20181229,-9999,    9
 18536, 99419,20181230,-9999,    9
 18536, 99419,20181231,-9999,    9
 18536, 99419,20190101,-9999,    9
 18536, 99419,20190102,-9999,    9
 18536, 99419,20190103,-9999,    9
 18536, 99419,20190104,-9999,    9
 18536, 99419,20190105,-9999,    9
 18536, 99419,20190106,-9999,    9
 18536, 99419,20190107,-9999,    9
 18536, 99419,20190108,-9999,    9
 18536, 99419,20190109,-9999,    9
 18536, 99419,20190110,-9999,    9
 18536, 99419,20190111,-9999,    9
 18536, 99419,20190112,-9999,    9
 18536, 99419,20190113,-9999,    9
 18536, 99419,20190114,-9999,    9
 18536, 99419,20190115,-9999,    9
 18536, 99419,20190116,-9999,    9
 18536, 99419,20190117,-9999,    9
 18536, 99419,20190118,-9999,    9
 18536, 99419,20190119,-9999,    9
 18536, 99419,20190120,-9999,    9
 18536, 99419,20190121,-9999,    9
 18536, 99419,20190122,-9999,    9
 18536, 99419,20190123,-9999,    9
 18536, 99419,20190124,-9999,    9
 18536, 99419,20190125,-9999,    9
 18536, 99419,20190126,-9999,    9
 18536, 99419,20190127,-9999,    9
 18536, 99419,20190128,-9999,    9
 18536, 99419,20190129,-9999,    9
 18536, 99419,20190130,-9999,    9
 18536, 99419,20190131,-9999,    9
 18536, 99419,20190201,-9999,    9
 18536, 99419,20190202,-9999,    9
 18536, 99419,20190203,-9999,    9
 18536, 99419,20190204,-9999,    9
 18536, 99419,20190205,-9999,    9
 18536, 99419,20190206,-9999,    9
 18536, 99419,20190207,-9999,    9
 18536, 99419,20190208,-9999,    9
 18536, 99419,20190209,-9999,    9
 18536, 99419,20190210,-9999,    9
 18536, 99419,20190211,-9999,    9
 18536, 99419,20190212,-9999,    9
 18536, 99419,20190213,-9999,    9
 18536, 99419,20190214,-9999,    9
 18536, 99419,20190215,-9999,    9
 18536, 99419,20190216,-9999,    9
 18536, 99419,20190217,-9999,    9
 18536, 99419,20190218,-9999,    9
 18536, 99419,20190219,-9999,    9
 18536, 99419,20190220,-9999,    9
 18536, 99419,20190221,-9999,    9
 18536, 99419,20190222,-9999,    9
 18536, 99419,20190223,-9999,    9
 18536, 99419,20190224,-9999,    9
 18536, 99419,20190225,-9999,    9
 18536, 99419,20190226,-9999,    9
 18536, 99419,20190227,-9999,    9
 18536, 99419,20190228,  -14,    0
 18536, 99419,20190301,  -70,    0
 18536, 99419,20190302, -163,    0
 18536, 99419,20190303, -124,    0
 18536, 99419,20190304,  -14,    0
 18536, 99419,20190305,    0,    0
 18536, 99419,20190306,    0,    0
 18536, 99419,20190307,   -1,    0
 18536, 99419,20190308,    0,    0
 18536, 99419,20190309,    0,    0
 18536, 99419,20190310,-9999,    9
 18536, 99419,20190311,   -1,    0
 18536, 99419,20190312,-9999,    9
 18536, 99419,20190313,-9999,    9
 18536, 99419,20190314,-9999,    9
 18536, 99419,20190315,-9999,    9
 18536, 99419,20190316,-9999,    9
 18536, 99419,20190317,-9999,    9
 18536, 99419,20190318,-9999,    9
 18536, 99419,20190319,-9999,    9
 18536, 99419,20190320,-9999,    9
 18536, 99419,20190321,-9999,    9
 18536, 99419,20190322,-9999,    9
 18536, 99419,20190323,-9999,    9
 18536, 99419,20190324,-9999,    9
 18536, 99419,20190325,-9999,    9
 18536, 99419,20190326,-9999,    9
 18536, 99419,20190327,-9999,    9
 18536, 99419,20190328,-9999,    9
 18536, 99419,20190329,-9999,    9
 18536, 99419,20190330,-9999,    9
 18536, 99419,20190331,-9999,    9
 18536, 99419,20190401,-9999,    9
 18536, 99419,20190402,-9999,    9
 18536, 99419,20190403,-9999,    9
 18536, 99419,20190404,-9999,    9
 18536, 99419,20190405,-9999,    9
 18536, 99419,20190406,-9999,    9
 18536, 99419,20190407,-9999,    9
 18536, 99419,20190408,-9999,    9
 18536, 99419,20190409,-9999,    9
 18536, 99419,20190410,-9999,    9
 18536, 99419,20190411,-9999,    9
 18536, 99419,20190412,   24,    0
 18536, 99419,20190413,   37,    0
 18536, 99419,20190414,   52,    0
 18536, 99419,20190415,   41,    0
 18536, 99419,20190416,   24,    0
 18536, 99419,20190417,   30,    0
 18536, 99419,20190418,   34,    0
 18536, 99419,20190419,   49,    0
 18536, 99419,20190420,   80,    0
 18536, 99419,20190421,   57,    0
 18536, 99419,20190422,   47,    0
 18536, 99419,20190423,   54,    0
 18536, 99419,20190424,   43,    0
 18536, 99419,20190425,   46,    0
 18536, 99419,20190426,   60,    0
 18536, 99419,20190427,   43,    0
 18536, 99419,20190428,   38,    0
 18536, 99419,20190429,   30,    0
 18536, 99419,20190430,   25,    0
 18536, 99419,20190501,  -18,    0
 18536, 99419,20190502,  -15,    0
 18536, 99419,20190503,  -14,    0
 18536, 99419,20190504,  -10,    0
 18536, 99419,20190505,   -4,    0
 18536, 99419,20190506,    7,    0
 18536, 99419,20190507,   53,    0
 18536, 99419,20190508,   23,    0
 18536, 99419,20190509,   29,    0
 18536, 99419,20190510,   78,    0
 18536, 99419,20190511,   67,    0
 18536, 99419,20190512,   43,    0
 18536, 99419,20190513,   42,    0
 18536, 99419,20190514,   43,    0
 18536, 99419,20190515,   46,    0
 18536, 99419,20190516,   56,    0
 18536, 99419,20190517,   54,    0
 18536, 99419,20190518,   70,    0
 18536, 99419,20190519,   82,    0
 18536, 99419,20190520,   91,    0
 18536, 99419,20190521,   52,    0
 18536, 99419,20190522,   37,    0
 18536, 99419,20190523,   40,    0
 18536, 99419,20190524,   60,    0
 18536, 99419,20190525,   45,    0
 18536, 99419,20190526,   31,    0
 18536, 99419,20190527,   68,    0
 18536, 99419,20190528,  100,    0
 18536, 99419,20190529,-9999,    9
 18536, 99419,20190530,-9999,    9
 18536, 99419,20190531,-9999,    9
 18536, 99419,20190601,   63,    0
 18536, 99419,20190602,   54,    0
 18536, 99419,20190603,   72,    0
 18536, 99419,20190604,   99,    0
 18536, 99419,20190605,  101,    0
 18536, 99419,20190606,  103,    0
 18536, 99419,20190607,  148,    0
 18536, 99419,20190608,  114,    0
 18536, 99419,20190609,   79,    0
 18536, 99419,20190610,   33,    0
 18536, 99419,20190611,   51,    0
 18536, 99419,20190612,   84,    0
 18536, 99419,20190613,  115,    0
 18536, 99419,20190614,   84,    0
 18536, 99419,20190615,   93,    0
 18536, 99419,20190616,   90,    0
 18536, 99419,20190617,  101,    0
 18536, 99419,20190618,  106,    0
 18536, 99419,20190619,   78,    0
 18536, 99419,20190620,  103,    0
 18536, 99419,20190621,  127,    0
 18536, 99419,20190622,   89,    0
 18536, 99419,20190623,  103,    0
 18536, 99419,20190624,  113,    0
 18536, 99419,20190625,-9999,    9
 18536, 99419,20190626,  106,    0
 18536, 99419,20190627,   70,    0
 18536, 99419,20190628,   65,    0
 18536, 99419,20190629,   55,    0
 18536, 99419,20190630,   78,    0
 18536, 99419,20190701,  109,    0
 18536, 99419,20190702,   83,    0
 18536, 99419,20190703,   86,    0
 18536, 99419,20190704,   85,    0
 18536, 99419,20190705,  110,    0
 18536, 99419,20190706,   96,    0
 18536, 99419,20190707,  147,    0
 18536, 99419,20190708,  149,    0
 18536, 99419,20190709,  134,    0
 18536, 99419,20190710,  128,    0
 18536, 99419,20190711,  126,    0
 18536, 99419,20190712,  117,    0
 18536, 99419,20190713,  124,    0
 18536, 99419,20190714,   83,    0
 18536, 99419,20190715,  100,    0
 18536, 99419,20190716,  108,    0
 18536, 99419,20190717,  107,    0
 18536, 99419,20190718,  123,    0
 18536, 99419,20190719,  166,    0
 18536, 99419,20190720,  179,    0
 18536, 99419,20190721,  192,    0
 18536, 99419,20190722,  191,    0
 18536, 99419,20190723,  182,    0
 18536, 99419,20190724,  160,    0
 18536, 99419,20190725,  162,    0
 18536, 99419,20190726,  166,    0
 18536, 99419,20190727,  131,    0
 18536, 99419,20190728,  119,    0
 18536, 99419,20190729,   98,    0
 18536, 99419,20190730,   90,    0
 18536, 99419,20190731,  109,    0
 18536, 99419,20190801,  112,    0
 18536, 99419,20190802,  102,    0
 18536, 99419,20190803,  111,    0
 18536, 99419,20190804,  102,    0
 18536, 99419,20190805,   93,    0
 18536, 99419,20190806,   95,    0
 18536, 99419,20190807,  108,    0
 18536, 99419,20190808,   99,    0
 18536, 99419,20190809,  102,    0
 18536, 99419,20190810,  109,    0
 18536, 99419,20190811,  149,    0
 18536, 99419,20190812,  135,    0
 18536, 99419,20190813,  109,    0
 18536, 99419,20190814,  117,    0
 18536, 99419,20190815,  103,    0
 18536, 99419,20190816,  107,    0
 18536, 99419,20190817,  130,    0
 18536, 99419,20190818,  177,    0
 18536, 99419,20190819,-9999,    9
 18536, 99419,20190820,-9999,    9
 18536, 99419,20190821,-9999,    9
 18536, 99419,20190822,-9999,    9
 18536, 99419,20190823,-9999,    9
 18536, 99419,20190824,-9999,    9
 18536, 99419,20190825,-9999,    9
 18536, 99419,20190826,-9999,    9
 18536, 99419,20190827,-9999,    9
 18536, 99419,20190828,-9999,    9
 18536, 99419,20190829,-9999,    9
 18536, 99419,20190830,-9999,    9
 18536, 99419,20190831,-9999,    9
 18536, 99419,20190901,-9999,    9
 18536, 99419,20190902,-9999,    9
 18536, 99419,20190903,-9999,    9
 18536, 99419,20190904,-9999,    9
 18536, 99419,20190905,-9999,    9
 18536, 99419,20190906,-9999,    9
 18536, 99419,20190907,-9999,    9
 18536, 99419,20190908,-9999,    9
 18536, 99419,20190909,-9999,    9
 18536, 99419,20190910,-9999,    9
 18536, 99419,20190911,-9999,    9
 18536, 99419,20190912,-9999,    9
 18536, 99419,20190913,-9999,    9
 18536, 99419,20190914,-9999,    9
 18536, 99419,20190915,-9999,    9
 18536, 99419,20190916,-9999,    9
 18536, 99419,20190917,-9999,    9
 18536, 99419,20190918,-9999,    9
 18536, 99419,20190919,-9999,    9
 18536, 99419,20190920,-9999,    9
 18536, 99419,20190921,-9999,    9
 18536, 99419,20190922,-9999,    9
 18536, 99419,20190923,-9999,    9
 18536, 99419,20190924,-9999,    9
 18536, 99419,20190925,-9999,    9
 18536, 99419,20190926,-9999,    9
 18536, 99419,20190927,-9999,    9
 18536, 99419,20190928,-9999,    9
 18536, 99419,20190929,-9999,    9
 18536, 99419,20190930,-9999,    9
 18536, 99419,20191001,-9999,    9
 18536, 99419,20191002,-9999,    9
 18536, 99419,20191003,-9999,    9
 18536, 99419,20191004,-9999,    9
 18536, 99419,20191005,-9999,    9
 18536, 99419,20191006,-9999,    9
 18536, 99419,20191007,-9999,    9
 18536, 99419,20191008,-9999,    9
 18536, 99419,20191009,-9999,    9
 18536, 99419,20191010,-9999,    9
 18536, 99419,20191011,-9999,    9
 18536, 99419,20191012,-9999,    9
 18536, 99419,20191013,-9999,    9
 18536, 99419,20191014,-9999,    9
 18536, 99419,20191015,-9999,    9
 18536, 99419,20191016,-9999,    9
 18536, 99419,20191017,-9999,    9
 18536, 99419,20191018,-9999,    9
 18536, 99419,20191019,-9999,    9
 18536, 99419,20191020,-9999,    9
 18536, 99419,20191021,-9999,    9
 18536, 99419,20191022,-9999,    9
 18536, 99419,20191023,-9999,    9
 18536, 99419,20191024,-9999,    9
 18536, 99419,20191025,-9999,    9
 18536, 99419,20191026,-9999,    9
 18536, 99419,20191027,-9999,    9
 18536, 99419,20191028,-9999,    9
 18536, 99419,20191029,-9999,    9
 18536, 99419,20191030,-9999,    9
 18536, 99419,20191031,-9999,    9
 18536, 99419,20191101,-9999,    9
 18536, 99419,20191102,-9999,    9
 18536, 99419,20191103,-9999,    9
 18536, 99419,20191104,-9999,    9
 18536, 99419,20191105,-9999,    9
 18536, 99419,20191106,-9999,    9
 18536, 99419,20191107,-9999,    9
 18536, 99419,20191108,-9999,    9
 18536, 99419,20191109,-9999,    9
 18536, 99419,20191110,-9999,    9
 18536, 99419,20191111,-9999,    9
 18536, 99419,20191112,-9999,    9
 18536, 99419,20191113,-9999,    9
 18536, 99419,20191114,-9999,    9
 18536, 99419,20191115,-9999,    9
 18536, 99419,20191116,-9999,    9
 18536, 99419,20191117,-9999,    9
 18536, 99419,20191118,-9999,    9
 18536, 99419,20191119,-9999,    9
 18536, 99419,20191120,-9999,    9
 18536, 99419,20191121,-9999,    9
 18536, 99419,20191122,-9999,    9
 18536, 99419,20191123,-9999,    9
 18536, 99419,20191124,-9999,    9
 18536, 99419,20191125,-9999,    9
 18536, 99419,20191126,-9999,    9
 18536, 99419,20191127,-9999,    9
 18536, 99419,20191128,-9999,    9
 18536, 99419,20191129,-9999,    9
 18536, 99419,20191130,-9999,    9
 18536, 99419,20191201,-9999,    9
 18536, 99419,20191202,-9999,    9
 18536, 99419,20191203,-9999,    9
 18536, 99419,20191204,-9999,    9
 18536, 99419,20191205,-9999,    9
 18536, 99419,20191206,-9999,    9
 18536, 99419,20191207,-9999,    9
 18536, 99419,20191208,-9999,    9
 18536, 99419,20191209,-9999,    9
 18536, 99419,20191210,-9999,    9
 18536, 99419,20191211,-9999,    9
 18536, 99419,20191212,-9999,    9
 18536, 99419,20191213,-9999,    9
 18536, 99419,20191214,-9999,    9
 18536, 99419,20191215,-9999,    9
 18536, 99419,20191216,-9999,    9
 18536, 99419,20191217,-9999,    9
 18536, 99419,20191218,-9999,    9
 18536, 99419,20191219,-9999,    9
 18536, 99419,20191220,-9999,    9
 18536, 99419,20191221,-9999,    9
 18536, 99419,20191222,-9999,    9
 18536, 99419,20191223,-9999,    9
 18536, 99419,20191224,-9999,    9
 18536, 99419,20191225,-9999,    9
 18536, 99419,20191226,-9999,    9
 18536, 99419,20191227,-9999,    9
 18536, 99419,20191228,-9999,    9
 18536, 99419,20191229,-9999,    9
 18536, 99419,20191230,-9999,    9
 18536, 99419,20191231,-9999,    9
 18536, 99419,20200101,-9999,    9
 18536, 99419,20200102,-9999,    9
 18536, 99419,20200103,-9999,    9
 18536, 99419,20200104,-9999,    9
 18536, 99419,20200105,-9999,    9
 18536, 99419,20200106,-9999,    9
 18536, 99419,20200107,-9999,    9
 18536, 99419,20200108,-9999,    9
 18536, 99419,20200109,-9999,    9
 18536, 99419,20200110,-9999,    9
 18536, 99419,20200111,-9999,    9
 18536, 99419,20200112,-9999,    9
 18536, 99419,20200113,-9999,    9
 18536, 99419,20200114,-9999,    9
 18536, 99419,20200115,-9999,    9
 18536, 99419,20200116,  -32,    0
 18536, 99419,20200117,  -98,    0
 18536, 99419,20200118,  -59,    0
 18536, 99419,20200119,  -87,    0
 18536, 99419,20200120,   -3,    0
 18536, 99419,20200121,   -2,    0
 18536, 99419,20200122,  -40,    0
 18536, 99419,20200123,  -49,    0
 18536, 99419,20200124,  -68,    0
 18536, 99419,20200125,  -71,    0
 18536, 99419,20200126, -145,    0
 18536, 99419,20200127,-9999,    9
 18536, 99419,20200128,-9999,    9
 18536, 99419,20200129,  -87,    0
 18536, 99419,20200130,  -52,    0
 18536, 99419,20200131,  -62,    0
 18536, 99419,20200201,  -66,    0
 18536, 99419,20200202,  -60,    0
 18536, 99419,20200203,  -39,    0
 18536, 99419,20200204,  -72,    0
 18536, 99419,20200205,  -66,    0
 18536, 99419,20200206,  -55,    0
 18536, 99419,20200207,   -5,    0
 18536, 99419,20200208,   20,    0
 18536, 99419,20200209,  -18,    0
 18536, 99419,20200210,   -1,    0
 18536, 99419,20200211,    6,    0
 18536, 99419,20200212,    9,    0
 18536, 99419,20200213,  -18,    0
 18536, 99419,20200214, -112,    0
 18536, 99419,20200215,  -72,    0
 18536, 99419,20200216,  -82,    0
 18536, 99419,20200217,  -17,    0
 18536, 99419,20200218,  -26,    0
 18536, 99419,20200219,  -71,    0
 18536, 99419,20200220,  -56,    0
 18536, 99419,20200221,   -6,    0
 18536, 99419,20200222,   16,    0
 18536, 99419,20200223,  -70,    0
 18536, 99419,20200224,  -29,    0
 18536, 99419,20200225,  -45,    0
 18536, 99419,20200226,  -84,    0
 18536, 99419,20200227, -117,    0
 18536, 99419,20200228, -135,    0
 18536, 99419,20200229,  -68,    0
 18536, 99419,20200301,  -83,    0
 18536, 99419,20200302,  -47,    0
 18536, 99419,20200303,  -74,    0
 18536, 99419,20200304,  -61,    0
 18536, 99419,20200305,  -60,    0
 18536, 99419,20200306,  -22,    0
 18536, 99419,20200307,    6,    0
 18536, 99419,20200308,  -41,    0
 18536, 99419,20200309,    1,    0
 18536, 99419,20200310,  -27,    0
 18536, 99419,20200311,  -67,    0
 18536, 99419,20200312,  -51,    0
 18536, 99419,20200313,  -82,    0
 18536, 99419,20200314,  -77,    0
 18536, 99419,20200315,  -27,    0
 18536, 99419,20200316,  -44,    0
 18536, 99419,20200317,  -25,    0
 18536, 99419,20200318,  -26,    0
 18536, 99419,20200319,  -59,    0
 18536, 99419,20200320,-9999,    9
 18536, 99419,20200321,-9999,    9
 18536, 99419,20200322,-9999,    9
 18536, 99419,20200323,-9999,    9
 18536, 99419,20200324,-9999,    9
 18536, 99419,20200325,-9999,    9
 18536, 99419,20200326,-9999,    9
 18536, 99419,20200327,   -1,    0
 18536, 99419,20200328,  -37,    0
 18536, 99419,20200329,  -45,    0
 18536, 99419,20200330,  -39,    0
 18536, 99419,20200331,  -39,    0
 18536, 99419,20200401,  -68,    0
 18536, 99419,20200402,  -65,    0
 18536, 99419,20200403,  -58,    0
 18536, 99419,20200404,  -58,    0
 18536, 99419,20200405,  -30,    0
 18536, 99419,20200406,  -39,    0
 18536, 99419,20200407,   21,    0
 18536, 99419,20200408,   34,    0
 18536, 99419,20200409,  -31,    0
 18536, 99419,20200410,  -30,    0
 18536, 99419,20200411,-9999,    9
 18536, 99419,20200412,-9999,    9
 18536, 99419,20200413,-9999,    9
 18536, 99419,20200414,-9999,    9
 18536, 99419,20200415,-9999,    9
 18536, 99419,20200416,-9999,    9
 18536, 99419,20200417,   14,    0
 18536, 99419,20200418,   27,    0
 18536, 99419,20200419,   45,    0
 18536, 99419,20200420,   52,    0
 18536, 99419,20200421,   36,    0
 18536, 99419,20200422,   31,    0
 18536, 99419,20200423,    3,    0
 18536, 99419,20200424,   -2,    0
 18536, 99419,20200425,    0,    0
 18536, 99419,20200426,    5,    0
 18536, 99419,20200427,   -8,    0
 18536, 99419,20200428,  -14,    0
 18536, 99419,20200429,  -21,    0
 18536, 99419,20200430,   -5,    0
 18536, 99419,20200501,   14,    0
 18536, 99419,20200502,   31,    0
 18536, 99419,20200503,   34,    0
 18536, 99419,20200504,   30,    0
 18536, 99419,20200505,   43,    0
 18536, 99419,20200506,   40,    0
 18536, 99419,20200507,   17,    0
 18536, 99419,20200508,   11,    0
 18536, 99419,20200509,    7,    0
 18536, 99419,20200510,    3,    0
 18536, 99419,20200511,   -4,    0
 18536, 99419,20200512,  -10,    0
 18536, 99419,20200513,    4,    0
 18536, 99419,20200514,  -10,    0
 18536, 99419,20200515,   18,    0
 18536, 99419,20200516,   31,    0
 18536, 99419,20200517,   19,    0
 18536, 99419,20200518,   25,    0
 18536, 99419,20200519,   30,    0
 18536, 99419,20200520,   32,    0
 18536, 99419,20200521,   38,    0
 18536, 99419,20200522,   36,    0
 18536, 99419,20200523,   75,    0
 18536, 99419,20200524,   86,    0
 18536, 99419,20200525,   76,    0
 18536, 99419,20200526,   69,    0
 18536, 99419,20200527,   69,    0
 18536, 99419,20200528,   56,    0
 18536, 99419,20200529,   53,    0
 18536, 99419,20200530,   52,    0
 18536, 99419,20200531,   93,    0
 18536, 99419,20200601,   90,    0
 18536, 99419,20200602,   83,    0
 18536, 99419,20200603,   64,    0
 18536, 99419,20200604,   63,    0
 18536, 99419,20200605,   95,    0
 18536, 99419,20200606,   84,    0
 18536, 99419,20200607,   87,    0
 18536, 99419,20200608,   80,    0
 18536, 99419,20200609,   55,    0
 18536, 99419,20200610,   73,    0
 18536, 99419,20200611,   72,    0
 18536, 99419,20200612,   95,    0
 18536, 99419,20200613,  115,    0
 18536, 99419,20200614,  126,    0
 18536, 99419,20200615,   81,    0
 18536, 99419,20200616,   73,    0
 18536, 99419,20200617,  101,    0
 18536, 99419,20200618,  102,    0
 18536, 99419,20200619,   72,    0
 18536, 99419,20200620,  100,    0
 18536, 99419,20200621,  136,    0
 18536, 99419,20200622,  122,    0
 18536, 99419,20200623,  133,    0
 18536, 99419,20200624,  112,    0
 18536, 99419,20200625,  122,    0
 18536, 99419,20200626,   99,    0
 18536, 99419,20200627,-9999,    9
 18536, 99419,20200628,  122,    0
 18536, 99419,20200629,  103,    0
 18536, 99419,20200630,-9999,    9
 18536, 99419,20200701,   63,    0
 18536, 99419,20200702,   59,    0
 18536, 99419,20200703,  106,    0
 18536, 99419,20200704,   73,    0
 18536, 99419,20200705,   83,    0
 18536, 99419,20200706,   87,    0
 18536, 99419,20200707,  101,    0
 18536, 99419,20200708,   91,    0
 18536, 99419,20200709,  114,    0
 18536, 99419,20200710,   98,    0
 18536, 99419,20200711,  118,    0
 18536, 99419,20200712,  133,    0
 18536, 99419,20200713,  130,    0
 18536, 99419,20200714,  135,    0
 18536, 99419,20200715,  146,    0
 18536, 99419,20200716,  140,    0
 18536, 99419,20200717,  157,    0
 18536, 99419,20200718,  148,    0
 18536, 99419,20200719,  141,    0
 18536, 99419,20200720,  129,    0
 18536, 99419,20200721,  124,    0
 18536, 99419,20200722,  104,    0
 18536, 99419,20200723,   97,    0
 18536, 99419,20200724,  140,    0
 18536, 99419,20200725,  167,    0
 18536, 99419,20200726,  173,    0
 18536, 99419,20200727,  187,    0
 18536, 99419,20200728,  193,    0
 18536, 99419,20200729,  177,    0
 18536, 99419,20200730,  166,    0
 18536, 99419,20200731,  149,    0
 18536, 99419,20200801,  127,    0
 18536, 99419,20200802,  135,    0
 18536, 99419,20200803,  123,    0
 18536, 99419,20200804,  142,    0
 18536, 99419,20200805,  125,    0
 18536, 99419,20200806,  138,    0
 18536, 99419,20200807,  131,    0
 18536, 99419,20200808,  139,    0
 18536, 99419,20200809,  128,    0
 18536, 99419,20200810,  110,    0
 18536, 99419,20200811,  118,    0
 18536, 99419,20200812,  121,    0
 18536, 99419,20200813,  127,    0
 18536, 99419,20200814,  123,    0
 18536, 99419,20200815,  108,    0
 18536, 99419,20200816,   79,    0
 18536, 99419,20200817,   77,    0
 18536, 99419,20200818,   89,    0
 18536, 99419,20200819,  108,    0
 18536, 99419,20200820,-9999,    9
 18536, 99419,20200821,  144,    0
 18536, 99419,20200822,  175,    0
 18536, 99419,20200823,  150,    0
 18536, 99419,20200824,  110,    0
 18536, 99419,20200825,  107,    0
 18536, 99419,20200826,-9999,    9
 18536, 99419,20200827,   71,    0
 18536, 99419,20200828,   69,    0
 18536, 99419,20200829,   76,    0
 18536, 99419,20200830,   62,    0
 18536, 99419,20200831,   73,    0
 18536, 99419,20200901,   87,    0
 18536, 99419,20200902,   96,    0
 18536, 99419,20200903,  120,    0
 18536, 99419,20200904,  138,    0
 18536, 99419,20200905,  113,    0
 18536, 99419,20200906,   99,    0
 18536, 99419,20200907,  103,    0
 18536, 99419,20200908,  113,    0
 18536, 99419,20200909,   76,    0
 18536, 99419,20200910,   73,    0
 18536, 99419,20200911,   72,    0
 18536, 99419,20200912,   69,    0
 18536, 99419,20200913,   61,    0
 18536, 99419,20200914,   70,    0
 18536, 99419,20200915,   77,    0
 18536, 99419,20200916,   51,    0
 18536, 99419,20200917,   60,    0
 18536, 99419,20200918,   68,    0
 18536, 99419,20200919,   51,    0
 18536, 99419,20200920,   63,    0
 18536, 99419,20200921,   57,    0
 18536, 99419,20200922,   61,    0
 18536, 99419,20200923,   66,    0
 18536, 99419,20200924,   59,    0
 18536, 99419,20200925,   65,    0
 18536, 99419,20200926,   36,    0
 18536, 99419,20200927,   36,    0
 18536, 99419,20200928,   55,    0
 18536, 99419,20200929,   77,    0
 18536, 99419,20200930,   81,    0
 18536, 99419,20201001,   94,    0
 18536, 99419,20201002,  115,    0
 18536, 99419,20201003,   75,    0
 18536, 99419,20201004,   38,    0
 18536, 99419,20201005,   43,    0
 18536, 99419,20201006,   78,    0
 18536, 99419,20201007,  100,    0
 18536, 99419,20201008,  125,    0
 18536, 99419,20201009,   96,    0
 18536, 99419,20201010,   70,    0
 18536, 99419,20201011,   64,    0
 18536, 99419,20201012,   43,    0
 18536, 99419,20201013,   15,    0
 18536, 99419,20201014,   33,    0
 18536, 99419,20201015,   32,    0
 18536, 99419,20201016,   21,    0
 18536, 99419,20201017,    1,    0
 18536, 99419,20201018,  -26,    0
 18536, 99419,20201019,  -40,    0
 18536, 99419,20201020,  -23,    0
 18536, 99419,20201021,  -45,    0
 18536, 99419,20201022,  -23,    0
 18536, 99419,20201023,   11,    0
 18536, 99419,20201024,   24,    0
 18536, 99419,20201025,   27,    0
 18536, 99419,20201026,    6,    0
 18536, 99419,20201027,  -24,    0
 18536, 99419,20201028,  -38,    0
 18536, 99419,20201029,  -11,    0
 18536, 99419,20201030,  -20,    0
 18536, 99419,20201031,  -54,    0
 18536, 99419,20201101,  -18,    0
 18536, 99419,20201102,   63,    0
 18536, 99419,20201103,   41,    0
 18536, 99419,20201104,   -4,    0
 18536, 99419,20201105,   35,    0
 18536, 99419,20201106,   43,    0
 18536, 99419,20201107,   16,    0
 18536, 99419,20201108,   -4,    0
 18536, 99419,20201109,   16,    0
 18536, 99419,20201110,   -2,    0
 18536, 99419,20201111,  -45,    0
 18536, 99419,20201112,  -18,    0
 18536, 99419,20201113,   -1,    0
 18536, 99419,20201114,   12,    0
 18536, 99419,20201115,   30,    0
 18536, 99419,20201116,   10,    0
 18536, 99419,20201117,   67,    0
 18536, 99419,20201118,   29,    0
 18536, 99419,20201119,    3,    0
 18536, 99419,20201120,  -21,    0
 18536, 99419,20201121,  -23,    0
 18536, 99419,20201122,  -56,    0
 18536, 99419,20201123,   -7,    0
 18536, 99419,20201124,  -55,    0
 18536, 99419,20201125,  -57,    0
 18536, 99419,20201126, -101,    0
 18536, 99419,20201127,  -31,    0
 18536, 99419,20201128,  -12,    0
 18536, 99419,20201129,  -26,    0
 18536, 99419,20201130,    5,    0
 18536, 99419,20201201,  -22,    0
 18536, 99419,20201202,    4,    0
 18536, 99419,20201203,   22,    0
 18536, 99419,20201204,  -28,    0
 18536, 99419,20201205,  -47,    0
 18536, 99419,20201206,  -58,    0
 18536, 99419,20201207,-9999,    9
 18536, 99419,20201208,-9999,    9
 18536, 99419,20201209,   -3,    0
 18536, 99419,20201210,    8,    0
 18536, 99419,20201211,  -52,    0
 18536, 99419,20201212,  -81,    0
 18536, 99419,20201213,  -15,    0
 18536, 99419,20201214,-9999,    9
 18536, 99419,20201215,  -37,    0
 18536, 99419,20201216,  -19,    0
 18536, 99419,20201217, -105,    0
 18536, 99419,20201218, -121,    0
 18536, 99419,20201219,  -49,    0
 18536, 99419,20201220,   -1,    0
 18536, 99419,20201221,   26,    0
 18536, 99419,20201222,-9999,    9
 18536, 99419,20201223,   -3,    0
 18536, 99419,20201224,   -9,    0
 18536, 99419,20201225,  -57,    0
 18536, 99419,20201226, -123,    0
 18536, 99419,20201227,-9999,    9
 18536, 99419,20201228,  -19,    0
 18536, 99419,20201229,    6,    0
 18536, 99419,20201230,   -5,    0
 18536, 99419,20201231,   -6,    0
 18536, 99419,20210101,  -31,    0
 18536, 99419,20210102,  -42,    0
 18536, 99419,20210103,  -24,    0
 18536, 99419,20210104,    8,    0
 18536, 99419,20210105,    9,    0
 18536, 99419,20210106,  -12,    0
 18536, 99419,20210107,  -73,    0
 18536, 99419,20210108, -101,    0
 18536, 99419,20210109,  -86,    0
 18536, 99419,20210110,  -72,    0
 18536, 99419,20210111,  -92,    0
 18536, 99419,20210112, -111,    0
 18536, 99419,20210113, -135,    0
 18536, 99419,20210114,  -33,    0
 18536, 99419,20210115,   14,    0
 18536, 99419,20210116,   13,    0
 18536, 99419,20210117,   17,    0
 18536, 99419,20210118,  -12,    0
 18536, 99419,20210119, -105,    0
 18536, 99419,20210120, -145,    0
 18536, 99419,20210121, -133,    0
 18536, 99419,20210122, -114,    0
 18536, 99419,20210123, -122,    0
 18536, 99419,20210124, -116,    0
 18536, 99419,20210125, -108,    0
 18536, 99419,20210126,  -75,    0
 18536, 99419,20210127,  -54,    0
 18536, 99419,20210128,  -66,    0
 18536, 99419,20210129, -106,    0
 18536, 99419,20210130,  -84,    0
 18536, 99419,20210131,  -86,    0
 18536, 99419,20210201,  -97,    0
 18536, 99419,20210202, -139,    0
 18536, 99419,20210203,  -79,    0
 18536, 99419,20210204,   -9,    0
 18536, 99419,20210205,  -27,    0
 18536, 99419,20210206,  -29,    0
 18536, 99419,20210207,  -38,    0
 18536, 99419,20210208,  -84,    0
 18536, 99419,20210209,  -84,    0
 18536, 99419,20210210,  -76,    0
 18536, 99419,20210211,  -62,    0
 18536, 99419,20210212,  -35,    0
 18536, 99419,20210213,  -87,    0
 18536, 99419,20210214,  -50,    0
 18536, 99419,20210215,  -16,    0
 18536, 99419,20210216, -164,    0
 18536, 99419,20210217, -195,    0
 18536, 99419,20210218,  -99,    0
 18536, 99419,20210219,  -91,    0
 18536, 99419,20210220,  -97,    0
 18536, 99419,20210221, -110,    0
 18536, 99419,20210222, -100,    0
 18536, 99419,20210223,  -80,    0
 18536, 99419,20210224,  -52,    0
 18536, 99419,20210225,    4,    0
 18536, 99419,20210226,   17,    0
 18536, 99419,20210227,    4,    0
 18536, 99419,20210228,   49,    0
 18536, 99419,20210301,    7,    0
 18536, 99419,20210302,  -11,    0
 18536, 99419,20210303,  -27,    0
 18536, 99419,20210304,  -60,    0
 18536, 99419,20210305,  -61,    0
 18536, 99419,20210306,  -32,    0
 18536, 99419,20210307,  -47,    0
 18536, 99419,20210308, -126,    0
 18536, 99419,20210309, -159,    0
 18536, 99419,20210310, -135,    0
 18536, 99419,20210311,  -74,    0
 18536, 99419,20210312,  -56,    0
 18536, 99419,20210313,  -49,    0
 18536, 99419,20210314,  -19,    0
 18536, 99419,20210315,  -30,    0
 18536, 99419,20210316,  -54,    0
 18536, 99419,20210317,  -63,    0
 18536, 99419,20210318,  -74,    0
 18536, 99419,20210319,  -11,    0
 18536, 99419,20210320,    1,    0
 18536, 99419,20210321,-9999,    9
 18536, 99419,20210322,  -19,    0
 18536, 99419,20210323,   18,    0
 18536, 99419,20210324,   31,    0
 18536, 99419,20210325,    4,    0
 18536, 99419,20210326,  -22,    0
 18536, 99419,20210327,   29,    0
 18536, 99419,20210328,   20,    0
 18536, 99419,20210329,   30,    0
 18536, 99419,20210330,   -4,    0
 18536, 99419,20210331,   14,    0
 18536, 99419,20210401,    2,    0
 18536, 99419,20210402,   -1,    0
 18536, 99419,20210403,   15,    0
 18536, 99419,20210404,   -5,    0
 18536, 99419,20210405,   -5,    0
 18536, 99419,20210406,   10,    0
 18536, 99419,20210407,    0,    0
 18536, 99419,20210408,  -29,    0
 18536, 99419,20210409,  -60,    0
 18536, 99419,20210410,  -34,    0
 18536, 99419,20210411,    4,    0
 18536, 99419,20210412,   -4,    0
 18536, 99419,20210413,  -18,    0
 18536, 99419,20210414,   -8,    0
 18536, 99419,20210415,   13,    0
 18536, 99419,20210416,   52,    0
 18536, 99419,20210417,-9999,    9
 18536, 99419,20210418,   22,    0
 18536, 99419,20210419,   25,    0
 18536, 99419,20210420,   55,    0
 18536, 99419,20210421,   37,    0
 18536, 99419,20210422,    6,    0
 18536, 99419,20210423,    7,    0
 18536, 99419,20210424,  -15,    0
 18536, 99419,20210425,   -7,    0
 18536, 99419,20210426,   -3,    0
 18536, 99419,20210427,  -13,    0
 18536, 99419,20210428,  -19,    0
 18536, 99419,20210429,  -19,    0
 18536, 99419,20210430,  -35,    0
 18536, 99419,20210501,  -29,    0
 18536, 99419,20210502,  -24,    0
 18536, 99419,20210503,  -17,    0
 18536, 99419,20210504,  -23,    0
 18536, 99419,20210505,  -25,    0
 18536, 99419,20210506,    1,    0
 18536, 99419,20210507,    5,    0
 18536, 99419,20210508,   11,    0
 18536, 99419,20210509,   29,    0
 18536, 99419,20210510,-9999,    9
 18536, 99419,20210511,-9999,    9
 18536, 99419,20210512,   47,    0
 18536, 99419,20210513,   29,    0
 18536, 99419,20210514,   24,    0
 18536, 99419,20210515,   30,    0
 18536, 99419,20210516,   33,    0
 18536, 99419,20210517,   64,    0
 18536, 99419,20210518,   84,    0
 18536, 99419,20210519,   79,    0
 18536, 99419,20210520,   47,    0
 18536, 99419,20210521,   39,    0
 18536, 99419,20210522,   16,    0
 18536, 99419,20210523,   24,    0
 18536, 99419,20210524,   35,    0
 18536, 99419,20210525,   44,    0
 18536, 99419,20210526,   49,    0
 18536, 99419,20210527,   46,    0
 18536, 99419,20210528,   28,    0
 18536, 99419,20210529,   50,    0
 18536, 99419,20210530,   70,    0
 18536, 99419,20210531,   81,    0
 18536, 99419,20210601,  104,    0
 18536, 99419,20210602,  123,    0
 18536, 99419,20210603,  143,    0
 18536, 99419,20210604,  151,    0
 18536, 99419,20210605,   84,    0
 18536, 99419,20210606,   96,    0
 18536, 99419,20210607,  126,    0
 18536, 99419,20210608,  125,    0
 18536, 99419,20210609,  132,    0
 18536, 99419,20210610,  143,    0
 18536, 99419,20210611,  153,    0
 18536, 99419,20210612,  101,    0
 18536, 99419,20210613,   86,    0
 18536, 99419,20210614,   82,    0
 18536, 99419,20210615,   74,    0
 18536, 99419,20210616,   66,    0
 18536, 99419,20210617,   91,    0
 18536, 99419,20210618,  100,    0
 18536, 99419,20210619,   93,    0
 18536, 99419,20210620,   99,    0
 18536, 99419,20210621,  113,    0
 18536, 99419,20210622,  102,    0
 18536, 99419,20210623,  113,    0
 18536, 99419,20210624,  128,    0
 18536, 99419,20210625,  107,    0
 18536, 99419,20210626,   98,    0
 18536, 99419,20210627,  111,    0
 18536, 99419,20210628,  106,    0
 18536, 99419,20210629,   93,    0
 18536, 99419,20210630,   96,    0
 18536, 99419,20210701,  148,    0
 18536, 99419,20210702,  119,    0
 18536, 99419,20210703,  118,    0
 18536, 99419,20210704,  133,    0
 18536, 99419,20210705,  186,    0
 18536, 99419,20210706,  212,    0
 18536, 99419,20210707,  215,    0
 18536, 99419,20210708,  155,    0
 18536, 99419,20210709,  144,    0
 18536, 99419,20210710,  140,    0
 18536, 99419,20210711,  156,    0
 18536, 99419,20210712,  148,    0
 18536, 99419,20210713,  139,    0
 18536, 99419,20210714,  131,    0
 18536, 99419,20210715,  147,    0
 18536, 99419,20210716,  116,    0
 18536, 99419,20210717,  114,    0
 18536, 99419,20210718,  111,    0
 18536, 99419,20210719,   90,    0
 18536, 99419,20210720,   64,    0
 18536, 99419,20210721,   85,    0
 18536, 99419,20210722,   79,    0
 18536, 99419,20210723,   79,    0
 18536, 99419,20210724,  102,    0
 18536, 99419,20210725,  109,    0
 18536, 99419,20210726,  116,    0
 18536, 99419,20210727,  138,    0
 18536, 99419,20210728,   99,    0
 18536, 99419,20210729,  101,    0
 18536, 99419,20210730,  119,    0
 18536, 99419,20210731,-9999,    9
 18536, 99419,20210801,-9999,    9
 18536, 99419,20210802,-9999,    9
 18536, 99419,20210803,  109,    0
 18536, 99419,20210804,  103,    0
 18536, 99419,20210805,-9999,    9
 18536, 99419,20210806,  153,    0
 18536, 99419,20210807,  172,    0
 18536, 99419,20210808,  180,    0
 18536, 99419,20210809,  169,    0
 18536, 99419,20210810,  183,    0
 18536, 99419,20210811,  162,    0
 18536, 99419,20210812,  143,    0
 18536, 99419,20210813,  127,    0
 18536, 99419,20210814,  121,    0
 18536, 99419,20210815,  107,    0
 18536, 99419,20210816,   97,    0
 18536, 99419,20210817,-9999,    9
 18536, 99419,20210818,  100,    0
 18536, 99419,20210819,  105,    0
 18536, 99419,20210820,   96,    0
 18536, 99419,20210821,   78,    0
 18536, 99419,20210822,   62,    0
 18536, 99419,20210823,   77,    0
 18536, 99419,20210824,   91,    0
 18536, 99419,20210825,   96,    0
 18536, 99419,20210826,   88,    0
 18536, 99419,20210827,  116,    0
 18536, 99419,20210828,   99,    0
 18536, 99419,20210829,   93,    0
 18536, 99419,20210830,  100,    0
 18536, 99419,20210831,-9999,    9
 18536, 99419,20210901,   66,    0
 18536, 99419,20210902,   62,    0
 18536, 99419,20210903,   49,    0
 18536, 99419,20210904,   46,    0
 18536, 99419,20210905,   70,    0
 18536, 99419,20210906,   91,    0
 18536, 99419,20210907,   86,    0
 18536, 99419,20210908,   81,    0
 18536, 99419,20210909,   66,    0
 18536, 99419,20210910,   64,    0
 18536, 99419,20210911,   44,    0
 18536, 99419,20210912,   40,    0
 18536, 99419,20210913,   46,    0
 18536, 99419,20210914,   53,    0
 18536, 99419,20210915,   42,    0
 18536, 99419,20210916,   24,    0
 18536, 99419,20210917,   25,    0
 18536, 99419,20210918,   30,    0
 18536, 99419,20210919,   32,    0
 18536, 99419,20210920,   52,    0
 18536, 99419,20210921,   57,    0
 18536, 99419,20210922,   99,    0
 18536, 99419,20210923,   93,    0
 18536, 99419,20210924,   78,    0
 18536, 99419,20210925,   83,    0
 18536, 99419,20210926,   70,    0
 18536, 99419,20210927,  111,    0
 18536, 99419,20210928,  100,    0
 18536, 99419,20210929,   32,    0
 18536, 99419,20210930,   15,    0
 18536, 99419,20211001,   50,    0
 18536, 99419,20211002,  119,    0
 18536, 99419,20211003,  115,    0
 18536, 99419,20211004,  137,    0
 18536, 99419,20211005,  109,    0
 18536, 99419,20211006,   76,    0
 18536, 99419,20211007,   30,    0
 18536, 99419,20211008,   20,    0
 18536, 99419,20211009,   21,    0
 18536, 99419,20211010,   44,    0
 18536, 99419,20211011,   57,    0
 18536, 99419,20211012,   48,    0
 18536, 99419,20211013,   27,    0
 18536, 99419,20211014,   21,    0
 18536, 99419,20211015,   -1,    0
 18536, 99419,20211016,   15,    0
 18536, 99419,20211017,   35,    0
 18536, 99419,20211018,   -5,    0
 18536, 99419,20211019,  -57,    0
 18536, 99419,20211020,  -41,    0
 18536, 99419,20211021,   -2,    0
 18536, 99419,20211022,  -18,    0
 18536, 99419,20211023,  -70,    0
 18536, 99419,20211024,  -78,    0
 18536, 99419,20211025,  -14,    0
 18536, 99419,20211026,   -7,    0
 18536, 99419,20211027,   -1,    0
 18536, 99419,20211028,   -1,    0
 18536, 99419,20211029,   24,    0
 18536, 99419,20211030,  -11,    0
 18536, 99419,20211031,   13,    0
 18536, 99419,20211101,-9999,    9
 18536, 99419,20211102,   40,    0
 18536, 99419,20211103,   -1,    0
 18536, 99419,20211104,   24,    0
 18536, 99419,20211105,   20,    0
 18536, 99419,20211106,    0,    0
 18536, 99419,20211107,-9999,    9
 18536, 99419,20211108,-9999,    9
 18536, 99419,20211109,  -42,    0
 18536, 99419,20211110,  -18,    0
 18536, 99419,20211111,   13,    0
 18536, 99419,20211112,   -6,    0
 18536, 99419,20211113,  -13,    0
 18536, 99419,20211114,  -46,    0
 18536, 99419,20211115,   13,    0
 18536, 99419,20211116,    6,    0
 18536, 99419,20211117,   22,    0
 18536, 99419,20211118,   -8,    0
 18536, 99419,20211119,  -64,    0
 18536, 99419,20211120,  -11,    0
 18536, 99419,20211121,  -56,    0
 18536, 99419,20211122, -120,    0
 18536, 99419,20211123,  -55,    0
 18536, 99419,20211124, -111,    0
 18536, 99419,20211125, -152,    0
 18536, 99419,20211126,  -91,    0
 18536, 99419,20211127, -161,    0
 18536, 99419,20211128, -128,    0
 18536, 99419,20211129, -126,    0
 18536, 99419,20211130,-9999,    9
 18536, 99419,20211201,  -57,    0
 18536, 99419,20211202,  -34,    0
 18536, 99419,20211203, -162,    0
 18536, 99419,20211204, -149,    0
 18536, 99419,20211205, -169,    0
 18536, 99419,20211206, -133,    0
 18536, 99419,20211207, -135,    0
 18536, 99419,20211208, -101,    0
 18536, 99419,20211209, -170,    0
 18536, 99419,20211210,  -95,    0
 18536, 99419,20211211,  -97,    0
 18536, 99419,20211212,  -29,    0
 18536, 99419,20211213,  -29,    0
 18536, 99419,20211214,  -40,    0
 18536, 99419,20211215,  -45,    0
 18536, 99419,20211216,  -23,    0
 18536, 99419,20211217,   -8,    0
 18536, 99419,20211218,   16,    0
 18536, 99419,20211219,  -39,    0
 18536, 99419,20211220, -113,    0
 18536, 99419,20211221, -145,    0
 18536, 99419,20211222,  -98,    0
 18536, 99419,20211223,  -87,    0
 18536, 99419,20211224,  -66,    0
 18536, 99419,20211225, -129,    0
 18536, 99419,20211226, -100,    0
 18536, 99419,20211227, -120,    0
 18536, 99419,20211228, -148,    0
 18536, 99419,20211229, -121,    0
 18536, 99419,20211230,  -80,    0
 18536, 99419,20211231, -116,    0
 18536, 99419,20220101,  -54,    0
 18536, 99419,20220102,  -74,    0
 18536, 99419,20220103,  -78,    0
 18536, 99419,20220104,  -93,    0
 18536, 99419,20220105, -101,    0
 18536, 99419,20220106, -104,    0
 18536, 99419,20220107, -117,    0
 18536, 99419,20220108,  -86,    0
 18536, 99419,20220109, -105,    0
 18536, 99419,20220110,  -91,    0
 18536, 99419,20220111, -102,    0
 18536, 99419,20220112,   14,    0
 18536, 99419,20220113,   -2,    0
 18536, 99419,20220114,    0,    0
 18536, 99419,20220115,  -43,    0
 18536, 99419,20220116,  -52,    0
 18536, 99419,20220117,  -47,    0
 18536, 99419,20220118,  -20,    0
 18536, 99419,20220119,    0,    0
 18536, 99419,20220120,  -13,    0
 18536, 99419,20220121,  -63,    0
 18536, 99419,20220122,  -41,    0
 18536, 99419,20220123,   22,    0
 18536, 99419,20220124,   -2,    0
 18536, 99419,20220125,  -23,    0
 18536, 99419,20220126,  -76,    0
 18536, 99419,20220127,  -63,    0
 18536, 99419,20220128,  -69,    0
 18536, 99419,20220129, -179,    0
 18536, 99419,20220130, -101,    0
 18536, 99419,20220131, -122,    0
 18536, 99419,20220201, -139,    0
 18536, 99419,20220202, -195,    0
 18536, 99419,20220203, -137,    0
 18536, 99419,20220204,  -95,    0
 18536, 99419,20220205,  -28,    0
 18536, 99419,20220206,  -24,    0
 18536, 99419,20220207, -113,    0
 18536, 99419,20220208,  -49,    0
 18536, 99419,20220209, -107,    0
 18536, 99419,20220210, -140,    0
 18536, 99419,20220211,  -28,    0
 18536, 99419,20220212, -126,    0
 18536, 99419,20220213, -115,    0
 18536, 99419,20220214,  -40,    0
 18536, 99419,20220215,  -70,    0
 18536, 99419,20220216, -118,    0
 18536, 99419,20220217,  -47,    0
 18536, 99419,20220218,  -22,    0
 18536, 99419,20220219,  -52,    0
 18536, 99419,20220220, -173,    0
 18536, 99419,20220221, -147,    0
 18536, 99419,20220222, -186,    0
 18536, 99419,20220223, -154,    0
 18536, 99419,20220224,  -97,    0
 18536, 99419,20220225,  -66,    0
 18536, 99419,20220226,  -83,    0
 18536, 99419,20220227,   39,    0
 18536, 99419,20220228,   16,    0
 18536, 99419,20220301,  -14,    0
 18536, 99419,20220302,    8,    0
 18536, 99419,20220303,-9999,    9
 18536, 99419,20220304,  -31,    0
 18536, 99419,20220305,  -45,    0
 18536, 99419,20220306,  -70,    0
 18536, 99419,20220307,  -23,    0
 18536, 99419,20220308,  -39,    0
 18536, 99419,20220309,  -68,    0
 18536, 99419,20220310,   -3,    0
 18536, 99419,20220311,   33,    0
 18536, 99419,20220312,   15,    0
 18536, 99419,20220313,   -8,    0
 18536, 99419,20220314,  -31,    0
 18536, 99419,20220315,   -1,    0
 18536, 99419,20220316,  -39,    0
 18536, 99419,20220317,    1,    0
 18536, 99419,20220318,   33,    0
 18536, 99419,20220319,   34,    0
 18536, 99419,20220320,   51,    0
 18536, 99419,20220321,   45,    0
 18536, 99419,20220322,   15,    0
 18536, 99419,20220323,  -18,    0
 18536, 99419,20220324,  -26,    0
 18536, 99419,20220325,  -36,    0
 18536, 99419,20220326,  -60,    0
 18536, 99419,20220327,  -71,    0
 18536, 99419,20220328,  -95,    0
 18536, 99419,20220329,  -29,    0
 18536, 99419,20220330,  -25,    0
 18536, 99419,20220331,  -68,    0
 18536, 99419,20220401,  -34,    0
 18536, 99419,20220402,  -50,    0
 18536, 99419,20220403,  -55,    0
 18536, 99419,20220404,  -66,    0
 18536, 99419,20220405,  -46,    0
 18536, 99419,20220406,  -13,    0
 18536, 99419,20220407,   -2,    0
 18536, 99419,20220408,   -8,    0
 18536, 99419,20220409,   14,    0
 18536, 99419,20220410,   22,    0
 18536, 99419,20220411,   12,    0
 18536, 99419,20220412,   -3,    0
 18536, 99419,20220413,  -13,    0
 18536, 99419,20220414,    2,    0
 18536, 99419,20220415,   13,    0
 18536, 99419,20220416,   36,    0
 18536, 99419,20220417,   57,    0
 18536, 99419,20220418,   53,    0
 18536, 99419,20220419,   42,    0
 18536, 99419,20220420,   35,    0
 18536, 99419,20220421,   38,    0
 18536, 99419,20220422,   33,    0
 18536, 99419,20220423,   32,    0
 18536, 99419,20220424,   33,    0
 18536, 99419,20220425,    2,    0
 18536, 99419,20220426,  -53,    0
 18536, 99419,20220427,  -50,    0
 18536, 99419,20220428,  -38,    0
 18536, 99419,20220429,  -24,    0
 18536, 99419,20220430,  -14,    0
 18536, 99419,20220501,-9999,    9
 18536, 99419,20220502,-9999,    9
 18536, 99419,20220503,-9999,    9
 18536, 99419,20220504,-9999,    9
 18536, 99419,20220505,-9999,    9
 18536, 99419,20220506,-9999,    9
 18536, 99419,20220507,-9999,    9
 18536, 99419,20220508,-9999,    9
 18536, 99419,20220509,-9999,    9
 18536, 99419,20220510,-9999,    9
 18536, 99419,20220511,-9999,    9
 18536, 99419,20220512,-9999,    9
 18536, 99419,20220513,-9999,    9
 18536, 99419,20220514,-9999,    9
 18536, 99419,20220515,   37,    0
 18536, 99419,20220516,   17,    0
 18536, 99419,20220517,   12,    0
 18536, 99419,20220518,   22,    0
 18536, 99419,20220519,-9999,    9
 18536, 99419,20220520,-9999,    9
 18536, 99419,20220521,   50,    0
 18536, 99419,20220522,   61,    0
 18536, 99419,20220523,   76,    0
 18536, 99419,20220524,  102,    0
 18536, 99419,20220525,  110,    0
 18536, 99419,20220526,  116,    0
 18536, 99419,20220527,   73,    0
 18536, 99419,20220528,   65,    0
 18536, 99419,20220529,   88,    0
 18536, 99419,20220530,  111,    0
 18536, 99419,20220531,  113,    0
 18536, 99419,20220601,  131,    0
 18536, 99419,20220602,  138,    0
 18536, 99419,20220603,  114,    0
 18536, 99419,20220604,   92,    0
 18536, 99419,20220605,   88,    0
 18536, 99419,20220606,   99,    0
 18536, 99419,20220607,   79,    0
 18536, 99419,20220608,   81,    0
 18536, 99419,20220609,   75,    0
 18536, 99419,20220610,   64,    0
 18536, 99419,20220611,  106,    0
 18536, 99419,20220612,   81,    0
 18536, 99419,20220613,   95,    0
 18536, 99419,20220614,   82,    0
 18536, 99419,20220615,   78,    0
 18536, 99419,20220616,   79,    0
 18536, 99419,20220617,   87,    0
 18536, 99419,20220618,  114,    0
 18536, 99419,20220619,  114,    0
 18536, 99419,20220620,  119,    0
 18536, 99419,20220621,  122,    0
 18536, 99419,20220622,   73,    0
 18536, 99419,20220623,  114,    0
 18536, 99419,20220624,  104,    0
 18536, 99419,20220625,  124,    0
 18536, 99419,20220626,  145,    0
 18536, 99419,20220627,  198,    0
 18536, 99419,20220628,  227,    0
 18536, 99419,20220629,  228,    0
 18536, 99419,20220630,  132,    0
 18536, 99419,20220701,  173,    0
 18536, 99419,20220702,  232,    0
 18536, 99419,20220703,  168,    0
 18536, 99419,20220704,  153,    0
 18536, 99419,20220705,-9999,    9
 18536, 99419,20220706,-9999,    9
 18536, 99419,20220707,-9999,    9
 18536, 99419,20220708,-9999,    9
 18536, 99419,20220709,-9999,    9
 18536, 99419,20220710,-9999,    9
 18536, 99419,20220711,-9999,    9
 18536, 99419,20220712,-9999,    9
 18536, 99419,20220713,-9999,    9
 18536, 99419,20220714,  145,    0
 18536, 99419,20220715,  139,    0
 18536, 99419,20220716,  108,    0
 18536, 99419,20220717,  102,    0
 18536, 99419,20220718,-9999,    9
 18536, 99419,20220719,-9999,    9
 18536, 99419,20220720,-9999,    9
 18536, 99419,20220721,-9999,    9
 18536, 99419,20220722,-9999,    9
 18536, 99419,20220723,-9999,    9
 18536, 99419,20220724,-9999,    9
 18536, 99419,20220725,-9999,    9
 18536, 99419,20220726,-9999,    9
 18536, 99419,20220727,-9999,    9
 18536, 99419,20220728,-9999,    9
 18536, 99419,20220729,-9999,    9
 18536, 99419,20220730,-9999,    9
 18536, 99419,20220731,-9999,    9
 18536, 99419,20220801,-9999,    9
 18536, 99419,20220802,-9999,    9
 18536, 99419,20220803,-9999,    9
 18536, 99419,20220804,-9999,    9
 18536, 99419,20220805,-9999,    9
 18536, 99419,20220806,-9999,    9
 18536, 99419,20220807,-9999,    9
 18536, 99419,20220808,-9999,    9
 18536, 99419,20220809,-9999,    9
 18536, 99419,20220810,-9999,    9
 18536, 99419,20220811,-9999,    9
 18536, 99419,20220812,-9999,    9
 18536, 99419,20220813,-9999,    9
 18536, 99419,20220814,-9999,    9
 18536, 99419,20220815,-9999,    9
 18536, 99419,20220816,-9999,    9
 18536, 99419,20220817,-9999,    9
 18536, 99419,20220818,-9999,    9
 18536, 99419,20220819,-9999,    9
 18536, 99419,20220820,-9999,    9
 18536, 99419,20220821,-9999,    9
 18536, 99419,20220822,-9999,    9
 18536, 99419,20220823,-9999,    9
 18536, 99419,20220824,-9999,    9
 18536, 99419,20220825,-9999,    9
 18536, 99419,20220826,-9999,    9
 18536, 99419,20220827,-9999,    9
 18536, 99419,20220828,-9999,    9
 18536, 99419,20220829,-9999,    9
 18536, 99419,20220830,-9999,    9
 18536, 99419,20220831,-9999,    9
 18536, 99419,20220901,-9999,    9
 18536, 99419,20220902,   67,    0
 18536, 99419,20220903,   67,    0
 18536, 99419,20220904,   88,    0
 18536, 99419,20220905,   83,    0
 18536, 99419,20220906,   71,    0
 18536, 99419,20220907,   70,    0
 18536, 99419,20220908,   75,    0
 18536, 99419,20220909,   79,    0
 18536, 99419,20220910,  101,    0
 18536, 99419,20220911,   88,    0
 18536, 99419,20220912,   61,    0
 18536, 99419,20220913,   51,    0
 18536, 99419,20220914,   52,    0
 18536, 99419,20220915,   65,    0
 18536, 99419,20220916,   82,    0
 18536, 99419,20220917,   75,    0
 18536, 99419,20220918,   73,    0
 18536, 99419,20220919,   59,    0
 18536, 99419,20220920,   38,    0
 18536, 99419,20220921,   64,    0
 18536, 99419,20220922,  101,    0
 18536, 99419,20220923,  114,    0
 18536, 99419,20220924,   95,    0
 18536, 99419,20220925,   97,    0
 18536, 99419,20220926,   82,    0
 18536, 99419,20220927,   76,    0
 18536, 99419,20220928,   67,    0
 18536, 99419,20220929,   87,    0
 18536, 99419,20220930,   25,    0
 18536, 99419,20221001,    6,    0
 18536, 99419,20221002,   -7,    0
 18536, 99419,20221003,   36,    0
 18536, 99419,20221004,   62,    0
 18536, 99419,20221005,   79,    0
 18536, 99419,20221006,   65,    0
 18536, 99419,20221007,   73,    0
 18536, 99419,20221008,   28,    0
 18536, 99419,20221009,   56,    0
 18536, 99419,20221010,   58,    0
 18536, 99419,20221011,   74,    0
 18536, 99419,20221012,   54,    0
 18536, 99419,20221013,   26,    0
 18536, 99419,20221014,   44,    0
 18536, 99419,20221015,   58,    0
 18536, 99419,20221016,   55,    0
 18536, 99419,20221017,   42,    0
 18536, 99419,20221018,   14,    0
 18536, 99419,20221019,   47,    0
 18536, 99419,20221020,    2,    0
 18536, 99419,20221021,   -9,    0
 18536, 99419,20221022,   21,    0
 18536, 99419,20221023,   23,    0
 18536, 99419,20221024,    7,    0
 18536, 99419,20221025,  -54,    0
 18536, 99419,20221026,  -12,    0
 18536, 99419,20221027,   12,    0
 18536, 99419,20221028,    2,    0
 18536, 99419,20221029,   11,    0
 18536, 99419,20221030,    7,    0
 18536, 99419,20221031,   10,    0
