EUROPEAN CLIMATE ASSESSMENT & DATASET (ECA&D), file created on: 16-11-2022
THESE DATA CAN BE USED FOR NON-COMMERCIAL RESEARCH AND EDUCATION PROVIDED THAT THE FOLLOWING SOURCE IS ACKNOWLEDGED: 

Klein Tank, A.M.G. and Coauthors, 2002. Daily dataset of 20th-century surface
air temperature and precipitation series for the European Climate Assessment.
Int. J. of Climatol., 22, 1441-1453.
Data and metadata available at http://www.ecad.eu

FILE FORMAT (MISSING VALUE CODE = -9999):

01-06 STAID: Station identifier
08-13 SOUID: Source identifier
15-22 DATE : Date YYYYMMDD
24-28 TG   : Mean temperature in 0.1 &#176;C
30-34 Q_TG : quality code for TG (0='valid'; 1='suspect'; 9='missing')

This is the blended series of station E16 SOLLIHOEGDA VEST, NORWAY (STAID: 18672)
Blended and updated with sources:99666 
See files sources.txt and stations.txt for more info.

STAID, SOUID,    DATE,   TG, Q_TG
 18672, 99666,20150901,-9999,    9
 18672, 99666,20150902,-9999,    9
 18672, 99666,20150903,-9999,    9
 18672, 99666,20150904,-9999,    9
 18672, 99666,20150905,-9999,    9
 18672, 99666,20150906,-9999,    9
 18672, 99666,20150907,-9999,    9
 18672, 99666,20150908,-9999,    9
 18672, 99666,20150909,-9999,    9
 18672, 99666,20150910,-9999,    9
 18672, 99666,20150911,-9999,    9
 18672, 99666,20150912,-9999,    9
 18672, 99666,20150913,-9999,    9
 18672, 99666,20150914,-9999,    9
 18672, 99666,20150915,-9999,    9
 18672, 99666,20150916,-9999,    9
 18672, 99666,20150917,  117,    0
 18672, 99666,20150918,  128,    0
 18672, 99666,20150919,  106,    0
 18672, 99666,20150920,   83,    0
 18672, 99666,20150921,   85,    0
 18672, 99666,20150922,   86,    0
 18672, 99666,20150923,  104,    0
 18672, 99666,20150924,  104,    0
 18672, 99666,20150925,   87,    0
 18672, 99666,20150926,   87,    0
 18672, 99666,20150927,   77,    0
 18672, 99666,20150928,   79,    0
 18672, 99666,20150929,   85,    0
 18672, 99666,20150930,  119,    0
 18672, 99666,20151001,  116,    0
 18672, 99666,20151002,  110,    0
 18672, 99666,20151003,   82,    0
 18672, 99666,20151004,   74,    0
 18672, 99666,20151005,   79,    0
 18672, 99666,20151006,   62,    0
 18672, 99666,20151007,   52,    0
 18672, 99666,20151008,   47,    0
 18672, 99666,20151009,   49,    0
 18672, 99666,20151010,   54,    0
 18672, 99666,20151011,   62,    0
 18672, 99666,20151012,   54,    0
 18672, 99666,20151013,   43,    0
 18672, 99666,20151014,   16,    0
 18672, 99666,20151015,   20,    0
 18672, 99666,20151016,    4,    0
 18672, 99666,20151017,   13,    0
 18672, 99666,20151018,   33,    0
 18672, 99666,20151019,   31,    0
 18672, 99666,20151020,   34,    0
 18672, 99666,20151021,   45,    0
 18672, 99666,20151022,   81,    0
 18672, 99666,20151023,-9999,    9
 18672, 99666,20151024,-9999,    9
 18672, 99666,20151025,   66,    0
 18672, 99666,20151026,   55,    0
 18672, 99666,20151027,   36,    0
 18672, 99666,20151028,   42,    0
 18672, 99666,20151029,-9999,    9
 18672, 99666,20151030,-9999,    9
 18672, 99666,20151031,   57,    0
 18672, 99666,20151101,   63,    0
 18672, 99666,20151102,   89,    0
 18672, 99666,20151103,   55,    0
 18672, 99666,20151104,   23,    0
 18672, 99666,20151105,-9999,    9
 18672, 99666,20151106,-9999,    9
 18672, 99666,20151107,   76,    0
 18672, 99666,20151108,   51,    0
 18672, 99666,20151109,   49,    0
 18672, 99666,20151110,   48,    0
 18672, 99666,20151111,-9999,    9
 18672, 99666,20151112,   39,    0
 18672, 99666,20151113,   43,    0
 18672, 99666,20151114,   12,    0
 18672, 99666,20151115,   12,    0
 18672, 99666,20151116,   -4,    0
 18672, 99666,20151117,    0,    0
 18672, 99666,20151118,  -13,    0
 18672, 99666,20151119,  -25,    0
 18672, 99666,20151120,  -54,    0
 18672, 99666,20151121,-9999,    9
 18672, 99666,20151122,  -76,    0
 18672, 99666,20151123,  -65,    0
 18672, 99666,20151124,   -7,    0
 18672, 99666,20151125,  -13,    0
 18672, 99666,20151126,  -28,    0
 18672, 99666,20151127,-9999,    9
 18672, 99666,20151128,-9999,    9
 18672, 99666,20151129,    9,    0
 18672, 99666,20151130,    2,    0
 18672, 99666,20151201,   12,    0
 18672, 99666,20151202,   -3,    0
 18672, 99666,20151203,    4,    0
 18672, 99666,20151204,   11,    0
 18672, 99666,20151205,   61,    0
 18672, 99666,20151206,   58,    0
 18672, 99666,20151207,   23,    0
 18672, 99666,20151208,   30,    0
 18672, 99666,20151209,-9999,    9
 18672, 99666,20151210,   41,    0
 18672, 99666,20151211,  -11,    0
 18672, 99666,20151212,   -7,    0
 18672, 99666,20151213,  -35,    0
 18672, 99666,20151214,  -65,    0
 18672, 99666,20151215,-9999,    9
 18672, 99666,20151216,-9999,    9
 18672, 99666,20151217,-9999,    9
 18672, 99666,20151218,   13,    0
 18672, 99666,20151219,   41,    0
 18672, 99666,20151220,-9999,    9
 18672, 99666,20151221,-9999,    9
 18672, 99666,20151222,-9999,    9
 18672, 99666,20151223,   13,    0
 18672, 99666,20151224,   40,    0
 18672, 99666,20151225,   24,    0
 18672, 99666,20151226,  -29,    0
 18672, 99666,20151227,  -65,    0
 18672, 99666,20151228,  -47,    0
 18672, 99666,20151229,  -34,    0
 18672, 99666,20151230,   -9,    0
 18672, 99666,20151231,  -18,    0
 18672, 99666,20160101,-9999,    9
 18672, 99666,20160102,-9999,    9
 18672, 99666,20160103,-9999,    9
 18672, 99666,20160104,-9999,    9
 18672, 99666,20160105,-9999,    9
 18672, 99666,20160106,-9999,    9
 18672, 99666,20160107,-9999,    9
 18672, 99666,20160108,-9999,    9
 18672, 99666,20160109,-9999,    9
 18672, 99666,20160110,-9999,    9
 18672, 99666,20160111,-9999,    9
 18672, 99666,20160112,-9999,    9
 18672, 99666,20160113,-9999,    9
 18672, 99666,20160114,-9999,    9
 18672, 99666,20160115,-9999,    9
 18672, 99666,20160116,-9999,    9
 18672, 99666,20160117,-9999,    9
 18672, 99666,20160118,-9999,    9
 18672, 99666,20160119,-9999,    9
 18672, 99666,20160120,-9999,    9
 18672, 99666,20160121,-9999,    9
 18672, 99666,20160122,-9999,    9
 18672, 99666,20160123,-9999,    9
 18672, 99666,20160124,-9999,    9
 18672, 99666,20160125,-9999,    9
 18672, 99666,20160126,-9999,    9
 18672, 99666,20160127,-9999,    9
 18672, 99666,20160128,-9999,    9
 18672, 99666,20160129,-9999,    9
 18672, 99666,20160130,-9999,    9
 18672, 99666,20160131,-9999,    9
 18672, 99666,20160201,-9999,    9
 18672, 99666,20160202,-9999,    9
 18672, 99666,20160203,-9999,    9
 18672, 99666,20160204,-9999,    9
 18672, 99666,20160205,-9999,    9
 18672, 99666,20160206,-9999,    9
 18672, 99666,20160207,-9999,    9
 18672, 99666,20160208,-9999,    9
 18672, 99666,20160209,-9999,    9
 18672, 99666,20160210,-9999,    9
 18672, 99666,20160211,-9999,    9
 18672, 99666,20160212,-9999,    9
 18672, 99666,20160213,-9999,    9
 18672, 99666,20160214,-9999,    9
 18672, 99666,20160215,-9999,    9
 18672, 99666,20160216,-9999,    9
 18672, 99666,20160217,-9999,    9
 18672, 99666,20160218,-9999,    9
 18672, 99666,20160219,-9999,    9
 18672, 99666,20160220,-9999,    9
 18672, 99666,20160221,-9999,    9
 18672, 99666,20160222,-9999,    9
 18672, 99666,20160223,-9999,    9
 18672, 99666,20160224,-9999,    9
 18672, 99666,20160225,-9999,    9
 18672, 99666,20160226,-9999,    9
 18672, 99666,20160227,-9999,    9
 18672, 99666,20160228,-9999,    9
 18672, 99666,20160229,-9999,    9
 18672, 99666,20160301,-9999,    9
 18672, 99666,20160302,-9999,    9
 18672, 99666,20160303,-9999,    9
 18672, 99666,20160304,-9999,    9
 18672, 99666,20160305,-9999,    9
 18672, 99666,20160306,-9999,    9
 18672, 99666,20160307,-9999,    9
 18672, 99666,20160308,-9999,    9
 18672, 99666,20160309,-9999,    9
 18672, 99666,20160310,-9999,    9
 18672, 99666,20160311,-9999,    9
 18672, 99666,20160312,-9999,    9
 18672, 99666,20160313,-9999,    9
 18672, 99666,20160314,-9999,    9
 18672, 99666,20160315,-9999,    9
 18672, 99666,20160316,-9999,    9
 18672, 99666,20160317,-9999,    9
 18672, 99666,20160318,-9999,    9
 18672, 99666,20160319,-9999,    9
 18672, 99666,20160320,-9999,    9
 18672, 99666,20160321,-9999,    9
 18672, 99666,20160322,-9999,    9
 18672, 99666,20160323,-9999,    9
 18672, 99666,20160324,-9999,    9
 18672, 99666,20160325,-9999,    9
 18672, 99666,20160326,-9999,    9
 18672, 99666,20160327,-9999,    9
 18672, 99666,20160328,-9999,    9
 18672, 99666,20160329,-9999,    9
 18672, 99666,20160330,-9999,    9
 18672, 99666,20160331,-9999,    9
 18672, 99666,20160401,-9999,    9
 18672, 99666,20160402,-9999,    9
 18672, 99666,20160403,-9999,    9
 18672, 99666,20160404,-9999,    9
 18672, 99666,20160405,-9999,    9
 18672, 99666,20160406,-9999,    9
 18672, 99666,20160407,-9999,    9
 18672, 99666,20160408,-9999,    9
 18672, 99666,20160409,-9999,    9
 18672, 99666,20160410,-9999,    9
 18672, 99666,20160411,-9999,    9
 18672, 99666,20160412,-9999,    9
 18672, 99666,20160413,-9999,    9
 18672, 99666,20160414,-9999,    9
 18672, 99666,20160415,-9999,    9
 18672, 99666,20160416,-9999,    9
 18672, 99666,20160417,-9999,    9
 18672, 99666,20160418,-9999,    9
 18672, 99666,20160419,-9999,    9
 18672, 99666,20160420,-9999,    9
 18672, 99666,20160421,-9999,    9
 18672, 99666,20160422,-9999,    9
 18672, 99666,20160423,-9999,    9
 18672, 99666,20160424,-9999,    9
 18672, 99666,20160425,-9999,    9
 18672, 99666,20160426,-9999,    9
 18672, 99666,20160427,-9999,    9
 18672, 99666,20160428,-9999,    9
 18672, 99666,20160429,-9999,    9
 18672, 99666,20160430,-9999,    9
 18672, 99666,20160501,-9999,    9
 18672, 99666,20160502,-9999,    9
 18672, 99666,20160503,-9999,    9
 18672, 99666,20160504,-9999,    9
 18672, 99666,20160505,-9999,    9
 18672, 99666,20160506,-9999,    9
 18672, 99666,20160507,-9999,    9
 18672, 99666,20160508,-9999,    9
 18672, 99666,20160509,-9999,    9
 18672, 99666,20160510,-9999,    9
 18672, 99666,20160511,-9999,    9
 18672, 99666,20160512,-9999,    9
 18672, 99666,20160513,-9999,    9
 18672, 99666,20160514,-9999,    9
 18672, 99666,20160515,-9999,    9
 18672, 99666,20160516,-9999,    9
 18672, 99666,20160517,-9999,    9
 18672, 99666,20160518,-9999,    9
 18672, 99666,20160519,-9999,    9
 18672, 99666,20160520,-9999,    9
 18672, 99666,20160521,-9999,    9
 18672, 99666,20160522,-9999,    9
 18672, 99666,20160523,-9999,    9
 18672, 99666,20160524,-9999,    9
 18672, 99666,20160525,-9999,    9
 18672, 99666,20160526,-9999,    9
 18672, 99666,20160527,-9999,    9
 18672, 99666,20160528,-9999,    9
 18672, 99666,20160529,-9999,    9
 18672, 99666,20160530,-9999,    9
 18672, 99666,20160531,-9999,    9
 18672, 99666,20160601,-9999,    9
 18672, 99666,20160602,-9999,    9
 18672, 99666,20160603,-9999,    9
 18672, 99666,20160604,-9999,    9
 18672, 99666,20160605,-9999,    9
 18672, 99666,20160606,-9999,    9
 18672, 99666,20160607,-9999,    9
 18672, 99666,20160608,-9999,    9
 18672, 99666,20160609,-9999,    9
 18672, 99666,20160610,-9999,    9
 18672, 99666,20160611,-9999,    9
 18672, 99666,20160612,-9999,    9
 18672, 99666,20160613,-9999,    9
 18672, 99666,20160614,-9999,    9
 18672, 99666,20160615,-9999,    9
 18672, 99666,20160616,-9999,    9
 18672, 99666,20160617,-9999,    9
 18672, 99666,20160618,-9999,    9
 18672, 99666,20160619,-9999,    9
 18672, 99666,20160620,-9999,    9
 18672, 99666,20160621,-9999,    9
 18672, 99666,20160622,-9999,    9
 18672, 99666,20160623,-9999,    9
 18672, 99666,20160624,-9999,    9
 18672, 99666,20160625,-9999,    9
 18672, 99666,20160626,-9999,    9
 18672, 99666,20160627,-9999,    9
 18672, 99666,20160628,-9999,    9
 18672, 99666,20160629,-9999,    9
 18672, 99666,20160630,-9999,    9
 18672, 99666,20160701,-9999,    9
 18672, 99666,20160702,-9999,    9
 18672, 99666,20160703,-9999,    9
 18672, 99666,20160704,-9999,    9
 18672, 99666,20160705,-9999,    9
 18672, 99666,20160706,-9999,    9
 18672, 99666,20160707,-9999,    9
 18672, 99666,20160708,-9999,    9
 18672, 99666,20160709,-9999,    9
 18672, 99666,20160710,-9999,    9
 18672, 99666,20160711,-9999,    9
 18672, 99666,20160712,-9999,    9
 18672, 99666,20160713,-9999,    9
 18672, 99666,20160714,-9999,    9
 18672, 99666,20160715,-9999,    9
 18672, 99666,20160716,-9999,    9
 18672, 99666,20160717,-9999,    9
 18672, 99666,20160718,-9999,    9
 18672, 99666,20160719,-9999,    9
 18672, 99666,20160720,-9999,    9
 18672, 99666,20160721,-9999,    9
 18672, 99666,20160722,-9999,    9
 18672, 99666,20160723,-9999,    9
 18672, 99666,20160724,-9999,    9
 18672, 99666,20160725,-9999,    9
 18672, 99666,20160726,-9999,    9
 18672, 99666,20160727,-9999,    9
 18672, 99666,20160728,-9999,    9
 18672, 99666,20160729,-9999,    9
 18672, 99666,20160730,-9999,    9
 18672, 99666,20160731,-9999,    9
 18672, 99666,20160801,-9999,    9
 18672, 99666,20160802,-9999,    9
 18672, 99666,20160803,-9999,    9
 18672, 99666,20160804,-9999,    9
 18672, 99666,20160805,-9999,    9
 18672, 99666,20160806,-9999,    9
 18672, 99666,20160807,-9999,    9
 18672, 99666,20160808,-9999,    9
 18672, 99666,20160809,-9999,    9
 18672, 99666,20160810,-9999,    9
 18672, 99666,20160811,-9999,    9
 18672, 99666,20160812,-9999,    9
 18672, 99666,20160813,-9999,    9
 18672, 99666,20160814,-9999,    9
 18672, 99666,20160815,-9999,    9
 18672, 99666,20160816,-9999,    9
 18672, 99666,20160817,-9999,    9
 18672, 99666,20160818,-9999,    9
 18672, 99666,20160819,-9999,    9
 18672, 99666,20160820,-9999,    9
 18672, 99666,20160821,-9999,    9
 18672, 99666,20160822,-9999,    9
 18672, 99666,20160823,-9999,    9
 18672, 99666,20160824,-9999,    9
 18672, 99666,20160825,-9999,    9
 18672, 99666,20160826,-9999,    9
 18672, 99666,20160827,-9999,    9
 18672, 99666,20160828,-9999,    9
 18672, 99666,20160829,-9999,    9
 18672, 99666,20160830,-9999,    9
 18672, 99666,20160831,-9999,    9
 18672, 99666,20160901,-9999,    9
 18672, 99666,20160902,-9999,    9
 18672, 99666,20160903,-9999,    9
 18672, 99666,20160904,-9999,    9
 18672, 99666,20160905,-9999,    9
 18672, 99666,20160906,-9999,    9
 18672, 99666,20160907,-9999,    9
 18672, 99666,20160908,-9999,    9
 18672, 99666,20160909,-9999,    9
 18672, 99666,20160910,-9999,    9
 18672, 99666,20160911,-9999,    9
 18672, 99666,20160912,-9999,    9
 18672, 99666,20160913,-9999,    9
 18672, 99666,20160914,-9999,    9
 18672, 99666,20160915,-9999,    9
 18672, 99666,20160916,-9999,    9
 18672, 99666,20160917,-9999,    9
 18672, 99666,20160918,-9999,    9
 18672, 99666,20160919,-9999,    9
 18672, 99666,20160920,-9999,    9
 18672, 99666,20160921,-9999,    9
 18672, 99666,20160922,-9999,    9
 18672, 99666,20160923,-9999,    9
 18672, 99666,20160924,-9999,    9
 18672, 99666,20160925,-9999,    9
 18672, 99666,20160926,-9999,    9
 18672, 99666,20160927,-9999,    9
 18672, 99666,20160928,-9999,    9
 18672, 99666,20160929,-9999,    9
 18672, 99666,20160930,-9999,    9
 18672, 99666,20161001,-9999,    9
 18672, 99666,20161002,-9999,    9
 18672, 99666,20161003,-9999,    9
 18672, 99666,20161004,-9999,    9
 18672, 99666,20161005,-9999,    9
 18672, 99666,20161006,-9999,    9
 18672, 99666,20161007,-9999,    9
 18672, 99666,20161008,-9999,    9
 18672, 99666,20161009,-9999,    9
 18672, 99666,20161010,-9999,    9
 18672, 99666,20161011,-9999,    9
 18672, 99666,20161012,-9999,    9
 18672, 99666,20161013,-9999,    9
 18672, 99666,20161014,-9999,    9
 18672, 99666,20161015,-9999,    9
 18672, 99666,20161016,-9999,    9
 18672, 99666,20161017,-9999,    9
 18672, 99666,20161018,-9999,    9
 18672, 99666,20161019,-9999,    9
 18672, 99666,20161020,-9999,    9
 18672, 99666,20161021,-9999,    9
 18672, 99666,20161022,-9999,    9
 18672, 99666,20161023,-9999,    9
 18672, 99666,20161024,-9999,    9
 18672, 99666,20161025,-9999,    9
 18672, 99666,20161026,-9999,    9
 18672, 99666,20161027,-9999,    9
 18672, 99666,20161028,-9999,    9
 18672, 99666,20161029,-9999,    9
 18672, 99666,20161030,-9999,    9
 18672, 99666,20161031,-9999,    9
 18672, 99666,20161101,-9999,    9
 18672, 99666,20161102,-9999,    9
 18672, 99666,20161103,-9999,    9
 18672, 99666,20161104,-9999,    9
 18672, 99666,20161105,-9999,    9
 18672, 99666,20161106,-9999,    9
 18672, 99666,20161107,-9999,    9
 18672, 99666,20161108,-9999,    9
 18672, 99666,20161109,-9999,    9
 18672, 99666,20161110,-9999,    9
 18672, 99666,20161111,-9999,    9
 18672, 99666,20161112,-9999,    9
 18672, 99666,20161113,-9999,    9
 18672, 99666,20161114,-9999,    9
 18672, 99666,20161115,-9999,    9
 18672, 99666,20161116,-9999,    9
 18672, 99666,20161117,-9999,    9
 18672, 99666,20161118,-9999,    9
 18672, 99666,20161119,-9999,    9
 18672, 99666,20161120,-9999,    9
 18672, 99666,20161121,-9999,    9
 18672, 99666,20161122,-9999,    9
 18672, 99666,20161123,-9999,    9
 18672, 99666,20161124,-9999,    9
 18672, 99666,20161125,-9999,    9
 18672, 99666,20161126,-9999,    9
 18672, 99666,20161127,-9999,    9
 18672, 99666,20161128,-9999,    9
 18672, 99666,20161129,-9999,    9
 18672, 99666,20161130,-9999,    9
 18672, 99666,20161201,-9999,    9
 18672, 99666,20161202,-9999,    9
 18672, 99666,20161203,-9999,    9
 18672, 99666,20161204,-9999,    9
 18672, 99666,20161205,-9999,    9
 18672, 99666,20161206,-9999,    9
 18672, 99666,20161207,-9999,    9
 18672, 99666,20161208,-9999,    9
 18672, 99666,20161209,-9999,    9
 18672, 99666,20161210,-9999,    9
 18672, 99666,20161211,-9999,    9
 18672, 99666,20161212,-9999,    9
 18672, 99666,20161213,-9999,    9
 18672, 99666,20161214,-9999,    9
 18672, 99666,20161215,-9999,    9
 18672, 99666,20161216,-9999,    9
 18672, 99666,20161217,-9999,    9
 18672, 99666,20161218,-9999,    9
 18672, 99666,20161219,-9999,    9
 18672, 99666,20161220,-9999,    9
 18672, 99666,20161221,-9999,    9
 18672, 99666,20161222,-9999,    9
 18672, 99666,20161223,-9999,    9
 18672, 99666,20161224,-9999,    9
 18672, 99666,20161225,-9999,    9
 18672, 99666,20161226,-9999,    9
 18672, 99666,20161227,-9999,    9
 18672, 99666,20161228,-9999,    9
 18672, 99666,20161229,-9999,    9
 18672, 99666,20161230,-9999,    9
 18672, 99666,20161231,-9999,    9
 18672, 99666,20170101,-9999,    9
 18672, 99666,20170102,-9999,    9
 18672, 99666,20170103,-9999,    9
 18672, 99666,20170104,-9999,    9
 18672, 99666,20170105,-9999,    9
 18672, 99666,20170106,-9999,    9
 18672, 99666,20170107,-9999,    9
 18672, 99666,20170108,-9999,    9
 18672, 99666,20170109,-9999,    9
 18672, 99666,20170110,-9999,    9
 18672, 99666,20170111,-9999,    9
 18672, 99666,20170112,-9999,    9
 18672, 99666,20170113,-9999,    9
 18672, 99666,20170114,-9999,    9
 18672, 99666,20170115,-9999,    9
 18672, 99666,20170116,-9999,    9
 18672, 99666,20170117,-9999,    9
 18672, 99666,20170118,-9999,    9
 18672, 99666,20170119,-9999,    9
 18672, 99666,20170120,-9999,    9
 18672, 99666,20170121,-9999,    9
 18672, 99666,20170122,-9999,    9
 18672, 99666,20170123,-9999,    9
 18672, 99666,20170124,-9999,    9
 18672, 99666,20170125,-9999,    9
 18672, 99666,20170126,-9999,    9
 18672, 99666,20170127,-9999,    9
 18672, 99666,20170128,-9999,    9
 18672, 99666,20170129,-9999,    9
 18672, 99666,20170130,-9999,    9
 18672, 99666,20170131,-9999,    9
 18672, 99666,20170201,-9999,    9
 18672, 99666,20170202,-9999,    9
 18672, 99666,20170203,-9999,    9
 18672, 99666,20170204,-9999,    9
 18672, 99666,20170205,-9999,    9
 18672, 99666,20170206,-9999,    9
 18672, 99666,20170207,-9999,    9
 18672, 99666,20170208,-9999,    9
 18672, 99666,20170209,-9999,    9
 18672, 99666,20170210,-9999,    9
 18672, 99666,20170211,-9999,    9
 18672, 99666,20170212,-9999,    9
 18672, 99666,20170213,-9999,    9
 18672, 99666,20170214,-9999,    9
 18672, 99666,20170215,-9999,    9
 18672, 99666,20170216,-9999,    9
 18672, 99666,20170217,-9999,    9
 18672, 99666,20170218,-9999,    9
 18672, 99666,20170219,-9999,    9
 18672, 99666,20170220,-9999,    9
 18672, 99666,20170221,-9999,    9
 18672, 99666,20170222,-9999,    9
 18672, 99666,20170223,-9999,    9
 18672, 99666,20170224,-9999,    9
 18672, 99666,20170225,-9999,    9
 18672, 99666,20170226,-9999,    9
 18672, 99666,20170227,-9999,    9
 18672, 99666,20170228,-9999,    9
 18672, 99666,20170301,-9999,    9
 18672, 99666,20170302,-9999,    9
 18672, 99666,20170303,-9999,    9
 18672, 99666,20170304,-9999,    9
 18672, 99666,20170305,-9999,    9
 18672, 99666,20170306,-9999,    9
 18672, 99666,20170307,-9999,    9
 18672, 99666,20170308,-9999,    9
 18672, 99666,20170309,-9999,    9
 18672, 99666,20170310,-9999,    9
 18672, 99666,20170311,-9999,    9
 18672, 99666,20170312,-9999,    9
 18672, 99666,20170313,   -1,    0
 18672, 99666,20170314,-9999,    9
 18672, 99666,20170315,-9999,    9
 18672, 99666,20170316,-9999,    9
 18672, 99666,20170317,-9999,    9
 18672, 99666,20170318,-9999,    9
 18672, 99666,20170319,-9999,    9
 18672, 99666,20170320,-9999,    9
 18672, 99666,20170321,-9999,    9
 18672, 99666,20170322,-9999,    9
 18672, 99666,20170323,-9999,    9
 18672, 99666,20170324,-9999,    9
 18672, 99666,20170325,-9999,    9
 18672, 99666,20170326,-9999,    9
 18672, 99666,20170327,-9999,    9
 18672, 99666,20170328,-9999,    9
 18672, 99666,20170329,-9999,    9
 18672, 99666,20170330,-9999,    9
 18672, 99666,20170331,-9999,    9
 18672, 99666,20170401,-9999,    9
 18672, 99666,20170402,-9999,    9
 18672, 99666,20170403,   50,    0
 18672, 99666,20170404,   43,    0
 18672, 99666,20170405,   42,    0
 18672, 99666,20170406,   58,    0
 18672, 99666,20170407,   90,    0
 18672, 99666,20170408,   76,    0
 18672, 99666,20170409,   68,    0
 18672, 99666,20170410,   58,    0
 18672, 99666,20170411,   38,    0
 18672, 99666,20170412,   22,    0
 18672, 99666,20170413,    3,    0
 18672, 99666,20170414,  -13,    0
 18672, 99666,20170415,  -23,    0
 18672, 99666,20170416,  -12,    0
 18672, 99666,20170417,   -5,    0
 18672, 99666,20170418,    3,    0
 18672, 99666,20170419,   23,    0
 18672, 99666,20170420,   61,    0
 18672, 99666,20170421,   51,    0
 18672, 99666,20170422,   43,    0
 18672, 99666,20170423,   30,    0
 18672, 99666,20170424,  -10,    0
 18672, 99666,20170425,   -1,    0
 18672, 99666,20170426,   18,    0
 18672, 99666,20170427,-9999,    9
 18672, 99666,20170428,   10,    0
 18672, 99666,20170429,   30,    0
 18672, 99666,20170430,   42,    0
 18672, 99666,20170501,   58,    0
 18672, 99666,20170502,   87,    0
 18672, 99666,20170503,   86,    0
 18672, 99666,20170504,   89,    0
 18672, 99666,20170505,  120,    0
 18672, 99666,20170506,  134,    0
 18672, 99666,20170507,   71,    0
 18672, 99666,20170508,   39,    0
 18672, 99666,20170509,   33,    0
 18672, 99666,20170510,   -6,    0
 18672, 99666,20170511,   15,    0
 18672, 99666,20170512,   36,    0
 18672, 99666,20170513,   58,    0
 18672, 99666,20170514,   63,    0
 18672, 99666,20170515,   73,    0
 18672, 99666,20170516,   58,    0
 18672, 99666,20170517,   91,    0
 18672, 99666,20170518,  110,    0
 18672, 99666,20170519,  126,    0
 18672, 99666,20170520,-9999,    9
 18672, 99666,20170521,  120,    0
 18672, 99666,20170522,  103,    0
 18672, 99666,20170523,  113,    0
 18672, 99666,20170524,  133,    0
 18672, 99666,20170525,  137,    0
 18672, 99666,20170526,  160,    0
 18672, 99666,20170527,  168,    0
 18672, 99666,20170528,  133,    0
 18672, 99666,20170529,  149,    0
 18672, 99666,20170530,  111,    0
 18672, 99666,20170531,  113,    0
 18672, 99666,20170601,  102,    0
 18672, 99666,20170602,   79,    0
 18672, 99666,20170603,   88,    0
 18672, 99666,20170604,  104,    0
 18672, 99666,20170605,  118,    0
 18672, 99666,20170606,  128,    0
 18672, 99666,20170607,  110,    0
 18672, 99666,20170608,-9999,    9
 18672, 99666,20170609,-9999,    9
 18672, 99666,20170610,  120,    0
 18672, 99666,20170611,  116,    0
 18672, 99666,20170612,  129,    0
 18672, 99666,20170613,  142,    0
 18672, 99666,20170614,  147,    0
 18672, 99666,20170615,  143,    0
 18672, 99666,20170616,  128,    0
 18672, 99666,20170617,  151,    0
 18672, 99666,20170618,  167,    0
 18672, 99666,20170619,  131,    0
 18672, 99666,20170620,  121,    0
 18672, 99666,20170621,  123,    0
 18672, 99666,20170622,  134,    0
 18672, 99666,20170623,  123,    0
 18672, 99666,20170624,  130,    0
 18672, 99666,20170625,  119,    0
 18672, 99666,20170626,  123,    0
 18672, 99666,20170627,  119,    0
 18672, 99666,20170628,  144,    0
 18672, 99666,20170629,  154,    0
 18672, 99666,20170630,  170,    0
 18672, 99666,20170701,  172,    0
 18672, 99666,20170702,  157,    0
 18672, 99666,20170703,  136,    0
 18672, 99666,20170704,  129,    0
 18672, 99666,20170705,  133,    0
 18672, 99666,20170706,  140,    0
 18672, 99666,20170707,  138,    0
 18672, 99666,20170708,  140,    0
 18672, 99666,20170709,-9999,    9
 18672, 99666,20170710,-9999,    9
 18672, 99666,20170711,  133,    0
 18672, 99666,20170712,-9999,    9
 18672, 99666,20170713,-9999,    9
 18672, 99666,20170714,  134,    0
 18672, 99666,20170715,  147,    0
 18672, 99666,20170716,  138,    0
 18672, 99666,20170717,  127,    0
 18672, 99666,20170718,  152,    0
 18672, 99666,20170719,  146,    0
 18672, 99666,20170720,  170,    0
 18672, 99666,20170721,  141,    0
 18672, 99666,20170722,  160,    0
 18672, 99666,20170723,  174,    0
 18672, 99666,20170724,  151,    0
 18672, 99666,20170725,  158,    0
 18672, 99666,20170726,  154,    0
 18672, 99666,20170727,  145,    0
 18672, 99666,20170728,  142,    0
 18672, 99666,20170729,  133,    0
 18672, 99666,20170730,  134,    0
 18672, 99666,20170731,  137,    0
 18672, 99666,20170801,  139,    0
 18672, 99666,20170802,  140,    0
 18672, 99666,20170803,  135,    0
 18672, 99666,20170804,  133,    0
 18672, 99666,20170805,  134,    0
 18672, 99666,20170806,  125,    0
 18672, 99666,20170807,  123,    0
 18672, 99666,20170808,  140,    0
 18672, 99666,20170809,  123,    0
 18672, 99666,20170810,  149,    0
 18672, 99666,20170811,  147,    0
 18672, 99666,20170812,  136,    0
 18672, 99666,20170813,  123,    0
 18672, 99666,20170814,  122,    0
 18672, 99666,20170815,  122,    0
 18672, 99666,20170816,  148,    0
 18672, 99666,20170817,  135,    0
 18672, 99666,20170818,  137,    0
 18672, 99666,20170819,  132,    0
 18672, 99666,20170820,  122,    0
 18672, 99666,20170821,  125,    0
 18672, 99666,20170822,  110,    0
 18672, 99666,20170823,  120,    0
 18672, 99666,20170824,  104,    0
 18672, 99666,20170825,  119,    0
 18672, 99666,20170826,  112,    0
 18672, 99666,20170827,  113,    0
 18672, 99666,20170828,  129,    0
 18672, 99666,20170829,  139,    0
 18672, 99666,20170830,  115,    0
 18672, 99666,20170831,   97,    0
 18672, 99666,20170901,  100,    0
 18672, 99666,20170902,-9999,    9
 18672, 99666,20170903,  106,    0
 18672, 99666,20170904,   94,    0
 18672, 99666,20170905,  102,    0
 18672, 99666,20170906,  103,    0
 18672, 99666,20170907,   82,    0
 18672, 99666,20170908,   86,    0
 18672, 99666,20170909,   96,    0
 18672, 99666,20170910,  105,    0
 18672, 99666,20170911,  103,    0
 18672, 99666,20170912,  106,    0
 18672, 99666,20170913,   91,    0
 18672, 99666,20170914,   95,    0
 18672, 99666,20170915,   95,    0
 18672, 99666,20170916,   96,    0
 18672, 99666,20170917,   90,    0
 18672, 99666,20170918,  102,    0
 18672, 99666,20170919,-9999,    9
 18672, 99666,20170920,-9999,    9
 18672, 99666,20170921,   58,    0
 18672, 99666,20170922,   82,    0
 18672, 99666,20170923,   92,    0
 18672, 99666,20170924,  108,    0
 18672, 99666,20170925,  110,    0
 18672, 99666,20170926,  107,    0
 18672, 99666,20170927,  111,    0
 18672, 99666,20170928,  104,    0
 18672, 99666,20170929,   87,    0
 18672, 99666,20170930,   93,    0
 18672, 99666,20171001,   85,    0
 18672, 99666,20171002,   91,    0
 18672, 99666,20171003,   96,    0
 18672, 99666,20171004,-9999,    9
 18672, 99666,20171005,   50,    0
 18672, 99666,20171006,   73,    0
 18672, 99666,20171007,   63,    0
 18672, 99666,20171008,   52,    0
 18672, 99666,20171009,   36,    0
 18672, 99666,20171010,   16,    0
 18672, 99666,20171011,   26,    0
 18672, 99666,20171012,   63,    0
 18672, 99666,20171013,   52,    0
 18672, 99666,20171014,-9999,    9
 18672, 99666,20171015,   82,    0
 18672, 99666,20171016,   95,    0
 18672, 99666,20171017,-9999,    9
 18672, 99666,20171018,-9999,    9
 18672, 99666,20171019,-9999,    9
 18672, 99666,20171020,-9999,    9
 18672, 99666,20171021,-9999,    9
 18672, 99666,20171022,-9999,    9
 18672, 99666,20171023,-9999,    9
 18672, 99666,20171024,-9999,    9
 18672, 99666,20171025,   16,    0
 18672, 99666,20171026,   33,    0
 18672, 99666,20171027,   38,    0
 18672, 99666,20171028,   66,    0
 18672, 99666,20171029,   32,    0
 18672, 99666,20171030,    8,    0
 18672, 99666,20171031,   35,    0
 18672, 99666,20171101,-9999,    9
 18672, 99666,20171102,-9999,    9
 18672, 99666,20171103,   13,    0
 18672, 99666,20171104,   25,    0
 18672, 99666,20171105,   28,    0
 18672, 99666,20171106,    7,    0
 18672, 99666,20171107,    6,    0
 18672, 99666,20171108,   33,    0
 18672, 99666,20171109,   51,    0
 18672, 99666,20171110,   -1,    0
 18672, 99666,20171111,  -12,    0
 18672, 99666,20171112,  -18,    0
 18672, 99666,20171113,   -9,    0
 18672, 99666,20171114,  -26,    0
 18672, 99666,20171115,   17,    0
 18672, 99666,20171116,    2,    0
 18672, 99666,20171117,   20,    0
 18672, 99666,20171118,   -7,    0
 18672, 99666,20171119,  -29,    0
 18672, 99666,20171120,  -45,    0
 18672, 99666,20171121,  -62,    0
 18672, 99666,20171122,  -66,    0
 18672, 99666,20171123,   30,    0
 18672, 99666,20171124,  -11,    0
 18672, 99666,20171125,  -28,    0
 18672, 99666,20171126,   -9,    0
 18672, 99666,20171127,  -37,    0
 18672, 99666,20171128,-9999,    9
 18672, 99666,20171129,-9999,    9
 18672, 99666,20171130,  -39,    0
 18672, 99666,20171201,  -61,    0
 18672, 99666,20171202,  -57,    0
 18672, 99666,20171203,    0,    0
 18672, 99666,20171204,  -26,    0
 18672, 99666,20171205,   -1,    0
 18672, 99666,20171206,  -16,    0
 18672, 99666,20171207,   23,    0
 18672, 99666,20171208,   25,    0
 18672, 99666,20171209,    4,    0
 18672, 99666,20171210,  -76,    0
 18672, 99666,20171211,  -75,    0
 18672, 99666,20171212,  -86,    0
 18672, 99666,20171213,  -99,    0
 18672, 99666,20171214,  -63,    0
 18672, 99666,20171215,  -53,    0
 18672, 99666,20171216,  -67,    0
 18672, 99666,20171217, -102,    0
 18672, 99666,20171218,  -61,    0
 18672, 99666,20171219,  -51,    0
 18672, 99666,20171220,  -36,    0
 18672, 99666,20171221,  -17,    0
 18672, 99666,20171222,    4,    0
 18672, 99666,20171223,   18,    0
 18672, 99666,20171224,    3,    0
 18672, 99666,20171225,   -9,    0
 18672, 99666,20171226,  -11,    0
 18672, 99666,20171227,  -20,    0
 18672, 99666,20171228,  -19,    0
 18672, 99666,20171229,  -32,    0
 18672, 99666,20171230,  -86,    0
 18672, 99666,20171231,  -56,    0
 18672, 99666,20180101,   -6,    0
 18672, 99666,20180102,  -31,    0
 18672, 99666,20180103,  -29,    0
 18672, 99666,20180104,  -19,    0
 18672, 99666,20180105,  -43,    0
 18672, 99666,20180106,  -72,    0
 18672, 99666,20180107,  -59,    0
 18672, 99666,20180108,  -19,    0
 18672, 99666,20180109,  -99,    0
 18672, 99666,20180110,  -88,    0
 18672, 99666,20180111,  -46,    0
 18672, 99666,20180112,  -60,    0
 18672, 99666,20180113,  -55,    0
 18672, 99666,20180114,  -58,    0
 18672, 99666,20180115,  -44,    0
 18672, 99666,20180116,  -25,    0
 18672, 99666,20180117,  -36,    0
 18672, 99666,20180118,  -51,    0
 18672, 99666,20180119,  -55,    0
 18672, 99666,20180120,  -49,    0
 18672, 99666,20180121,  -58,    0
 18672, 99666,20180122,  -75,    0
 18672, 99666,20180123,  -36,    0
 18672, 99666,20180124,    3,    0
 18672, 99666,20180125,   22,    0
 18672, 99666,20180126,  -33,    0
 18672, 99666,20180127,  -64,    0
 18672, 99666,20180128,  -32,    0
 18672, 99666,20180129,  -47,    0
 18672, 99666,20180130,  -51,    0
 18672, 99666,20180131,  -14,    0
 18672, 99666,20180201,  -18,    0
 18672, 99666,20180202,  -96,    0
 18672, 99666,20180203, -110,    0
 18672, 99666,20180204, -126,    0
 18672, 99666,20180205, -100,    0
 18672, 99666,20180206,  -80,    0
 18672, 99666,20180207,  -76,    0
 18672, 99666,20180208,  -69,    0
 18672, 99666,20180209,  -25,    0
 18672, 99666,20180210,  -42,    0
 18672, 99666,20180211,  -47,    0
 18672, 99666,20180212,  -43,    0
 18672, 99666,20180213,  -67,    0
 18672, 99666,20180214,  -20,    0
 18672, 99666,20180215,  -34,    0
 18672, 99666,20180216,  -40,    0
 18672, 99666,20180217,  -55,    0
 18672, 99666,20180218,  -50,    0
 18672, 99666,20180219,  -51,    0
 18672, 99666,20180220,  -64,    0
 18672, 99666,20180221,  -59,    0
 18672, 99666,20180222,  -76,    0
 18672, 99666,20180223,  -66,    0
 18672, 99666,20180224,  -65,    0
 18672, 99666,20180225,  -91,    0
 18672, 99666,20180226, -126,    0
 18672, 99666,20180227, -125,    0
 18672, 99666,20180228, -145,    0
 18672, 99666,20180301, -152,    0
 18672, 99666,20180302, -130,    0
 18672, 99666,20180303,-9999,    9
 18672, 99666,20180304,  -76,    0
 18672, 99666,20180305,  -75,    0
 18672, 99666,20180306,  -79,    0
 18672, 99666,20180307,  -45,    0
 18672, 99666,20180308,  -42,    0
 18672, 99666,20180309,  -61,    0
 18672, 99666,20180310,-9999,    9
 18672, 99666,20180311,  -62,    0
 18672, 99666,20180312,  -45,    0
 18672, 99666,20180313,  -31,    0
 18672, 99666,20180314,  -50,    0
 18672, 99666,20180315,  -53,    0
 18672, 99666,20180316,  -90,    0
 18672, 99666,20180317,-9999,    9
 18672, 99666,20180318,  -85,    0
 18672, 99666,20180319,   -9,    0
 18672, 99666,20180320,   -7,    0
 18672, 99666,20180321,    4,    0
 18672, 99666,20180322,   -8,    0
 18672, 99666,20180323,  -20,    0
 18672, 99666,20180324,   10,    0
 18672, 99666,20180325,-9999,    9
 18672, 99666,20180326,  -25,    0
 18672, 99666,20180327,  -55,    0
 18672, 99666,20180328,  -62,    0
 18672, 99666,20180329,  -53,    0
 18672, 99666,20180330,  -52,    0
 18672, 99666,20180331,  -41,    0
 18672, 99666,20180401,  -42,    0
 18672, 99666,20180402,  -40,    0
 18672, 99666,20180403,  -33,    0
 18672, 99666,20180404,    4,    0
 18672, 99666,20180405,    6,    0
 18672, 99666,20180406,   20,    0
 18672, 99666,20180407,-9999,    9
 18672, 99666,20180408,    8,    0
 18672, 99666,20180409,    2,    0
 18672, 99666,20180410,   19,    0
 18672, 99666,20180411,   21,    0
 18672, 99666,20180412,   33,    0
 18672, 99666,20180413,   47,    0
 18672, 99666,20180414,   73,    0
 18672, 99666,20180415,   80,    0
 18672, 99666,20180416,   51,    0
 18672, 99666,20180417,   48,    0
 18672, 99666,20180418,   76,    0
 18672, 99666,20180419,   85,    0
 18672, 99666,20180420,   65,    0
 18672, 99666,20180421,   86,    0
 18672, 99666,20180422,   68,    0
 18672, 99666,20180423,   50,    0
 18672, 99666,20180424,   65,    0
 18672, 99666,20180425,   62,    0
 18672, 99666,20180426,   61,    0
 18672, 99666,20180427,   47,    0
 18672, 99666,20180428,   45,    0
 18672, 99666,20180429,   53,    0
 18672, 99666,20180430,   57,    0
 18672, 99666,20180501,   16,    0
 18672, 99666,20180502,   53,    0
 18672, 99666,20180503,   50,    0
 18672, 99666,20180504,   67,    0
 18672, 99666,20180505,-9999,    9
 18672, 99666,20180506,  108,    0
 18672, 99666,20180507,  113,    0
 18672, 99666,20180508,  131,    0
 18672, 99666,20180509,  157,    0
 18672, 99666,20180510,  159,    0
 18672, 99666,20180511,  106,    0
 18672, 99666,20180512,  113,    0
 18672, 99666,20180513,  131,    0
 18672, 99666,20180514,  174,    0
 18672, 99666,20180515,  181,    0
 18672, 99666,20180516,-9999,    9
 18672, 99666,20180517,  108,    0
 18672, 99666,20180518,  118,    0
 18672, 99666,20180519,-9999,    9
 18672, 99666,20180520,  144,    0
 18672, 99666,20180521,  154,    0
 18672, 99666,20180522,  147,    0
 18672, 99666,20180523,  166,    0
 18672, 99666,20180524,  186,    0
 18672, 99666,20180525,  193,    0
 18672, 99666,20180526,-9999,    9
 18672, 99666,20180527,  202,    0
 18672, 99666,20180528,  162,    0
 18672, 99666,20180529,  175,    0
 18672, 99666,20180530,-9999,    9
 18672, 99666,20180531,  211,    0
 18672, 99666,20180601,  204,    0
 18672, 99666,20180602,  209,    0
 18672, 99666,20180603,  221,    0
 18672, 99666,20180604,  182,    0
 18672, 99666,20180605,  112,    0
 18672, 99666,20180606,-9999,    9
 18672, 99666,20180607,  175,    0
 18672, 99666,20180608,  190,    0
 18672, 99666,20180609,  188,    0
 18672, 99666,20180610,  183,    0
 18672, 99666,20180611,  140,    0
 18672, 99666,20180612,  146,    0
 18672, 99666,20180613,  136,    0
 18672, 99666,20180614,  120,    0
 18672, 99666,20180615,  126,    0
 18672, 99666,20180616,  130,    0
 18672, 99666,20180617,  109,    0
 18672, 99666,20180618,  119,    0
 18672, 99666,20180619,  132,    0
 18672, 99666,20180620,   98,    0
 18672, 99666,20180621,   98,    0
 18672, 99666,20180622,  111,    0
 18672, 99666,20180623,  143,    0
 18672, 99666,20180624,  158,    0
 18672, 99666,20180625,  201,    0
 18672, 99666,20180626,  217,    0
 18672, 99666,20180627,  198,    0
 18672, 99666,20180628,  199,    0
 18672, 99666,20180629,  153,    0
 18672, 99666,20180630,  143,    0
 18672, 99666,20180701,  183,    0
 18672, 99666,20180702,  200,    0
 18672, 99666,20180703,  213,    0
 18672, 99666,20180704,  199,    0
 18672, 99666,20180705,  172,    0
 18672, 99666,20180706,  188,    0
 18672, 99666,20180707,  180,    0
 18672, 99666,20180708,  195,    0
 18672, 99666,20180709,  148,    0
 18672, 99666,20180710,  194,    0
 18672, 99666,20180711,  216,    0
 18672, 99666,20180712,  183,    0
 18672, 99666,20180713,  188,    0
 18672, 99666,20180714,  183,    0
 18672, 99666,20180715,  183,    0
 18672, 99666,20180716,  194,    0
 18672, 99666,20180717,  199,    0
 18672, 99666,20180718,  182,    0
 18672, 99666,20180719,  199,    0
 18672, 99666,20180720,  192,    0
 18672, 99666,20180721,  184,    0
 18672, 99666,20180722,  188,    0
 18672, 99666,20180723,  202,    0
 18672, 99666,20180724,  210,    0
 18672, 99666,20180725,  205,    0
 18672, 99666,20180726,  213,    0
 18672, 99666,20180727,  235,    0
 18672, 99666,20180728,  222,    0
 18672, 99666,20180729,  200,    0
 18672, 99666,20180730,  186,    0
 18672, 99666,20180731,  203,    0
 18672, 99666,20180801,  190,    0
 18672, 99666,20180802,  177,    0
 18672, 99666,20180803,  180,    0
 18672, 99666,20180804,  185,    0
 18672, 99666,20180805,  161,    0
 18672, 99666,20180806,  143,    0
 18672, 99666,20180807,  159,    0
 18672, 99666,20180808,  159,    0
 18672, 99666,20180809,  176,    0
 18672, 99666,20180810,  133,    0
 18672, 99666,20180811,  132,    0
 18672, 99666,20180812,  108,    0
 18672, 99666,20180813,  128,    0
 18672, 99666,20180814,  131,    0
 18672, 99666,20180815,  133,    0
 18672, 99666,20180816,  154,    0
 18672, 99666,20180817,  137,    0
 18672, 99666,20180818,  125,    0
 18672, 99666,20180819,  142,    0
 18672, 99666,20180820,  118,    0
 18672, 99666,20180821,  120,    0
 18672, 99666,20180822,  139,    0
 18672, 99666,20180823,  133,    0
 18672, 99666,20180824,  126,    0
 18672, 99666,20180825,  104,    0
 18672, 99666,20180826,  104,    0
 18672, 99666,20180827,  101,    0
 18672, 99666,20180828,  123,    0
 18672, 99666,20180829,  123,    0
 18672, 99666,20180830,  131,    0
 18672, 99666,20180831,  125,    0
 18672, 99666,20180901,  117,    0
 18672, 99666,20180902,  127,    0
 18672, 99666,20180903,  139,    0
 18672, 99666,20180904,  135,    0
 18672, 99666,20180905,  139,    0
 18672, 99666,20180906,  132,    0
 18672, 99666,20180907,  130,    0
 18672, 99666,20180908,  118,    0
 18672, 99666,20180909,  117,    0
 18672, 99666,20180910,  126,    0
 18672, 99666,20180911,   96,    0
 18672, 99666,20180912,  103,    0
 18672, 99666,20180913,   99,    0
 18672, 99666,20180914,  102,    0
 18672, 99666,20180915,   94,    0
 18672, 99666,20180916,   76,    0
 18672, 99666,20180917,  101,    0
 18672, 99666,20180918,  136,    0
 18672, 99666,20180919,  147,    0
 18672, 99666,20180920,  116,    0
 18672, 99666,20180921,   85,    0
 18672, 99666,20180922,   95,    0
 18672, 99666,20180923,   83,    0
 18672, 99666,20180924,   62,    0
 18672, 99666,20180925,   71,    0
 18672, 99666,20180926,-9999,    9
 18672, 99666,20180927,-9999,    9
 18672, 99666,20180928,-9999,    9
 18672, 99666,20180929,-9999,    9
 18672, 99666,20180930,-9999,    9
 18672, 99666,20181001,-9999,    9
 18672, 99666,20181002,-9999,    9
 18672, 99666,20181003,-9999,    9
 18672, 99666,20181004,   40,    0
 18672, 99666,20181005,   70,    0
 18672, 99666,20181006,   55,    0
 18672, 99666,20181007,   42,    0
 18672, 99666,20181008,   80,    0
 18672, 99666,20181009,  106,    0
 18672, 99666,20181010,  106,    0
 18672, 99666,20181011,-9999,    9
 18672, 99666,20181012,   88,    0
 18672, 99666,20181013,  135,    0
 18672, 99666,20181014,  113,    0
 18672, 99666,20181015,   86,    0
 18672, 99666,20181016,   48,    0
 18672, 99666,20181017,-9999,    9
 18672, 99666,20181018,-9999,    9
 18672, 99666,20181019,   40,    0
 18672, 99666,20181020,   44,    0
 18672, 99666,20181021,   74,    0
 18672, 99666,20181022,-9999,    9
 18672, 99666,20181023,   62,    0
 18672, 99666,20181024,   36,    0
 18672, 99666,20181025,   39,    0
 18672, 99666,20181026,    4,    0
 18672, 99666,20181027,  -12,    0
 18672, 99666,20181028,  -25,    0
 18672, 99666,20181029,  -26,    0
 18672, 99666,20181030,   -7,    0
 18672, 99666,20181031,   23,    0
 18672, 99666,20181101,   29,    0
 18672, 99666,20181102,   38,    0
 18672, 99666,20181103,   22,    0
 18672, 99666,20181104,   53,    0
 18672, 99666,20181105,   40,    0
 18672, 99666,20181106,   47,    0
 18672, 99666,20181107,   41,    0
 18672, 99666,20181108,   49,    0
 18672, 99666,20181109,   50,    0
 18672, 99666,20181110,   52,    0
 18672, 99666,20181111,   64,    0
 18672, 99666,20181112,   61,    0
 18672, 99666,20181113,   47,    0
 18672, 99666,20181114,   22,    0
 18672, 99666,20181115,   70,    0
 18672, 99666,20181116,   35,    0
 18672, 99666,20181117,   19,    0
 18672, 99666,20181118,    1,    0
 18672, 99666,20181119,  -23,    0
 18672, 99666,20181120,  -41,    0
 18672, 99666,20181121,  -11,    0
 18672, 99666,20181122,  -48,    0
 18672, 99666,20181123,  -70,    0
 18672, 99666,20181124,  -59,    0
 18672, 99666,20181125,  -53,    0
 18672, 99666,20181126,  -78,    0
 18672, 99666,20181127,  -74,    0
 18672, 99666,20181128,  -58,    0
 18672, 99666,20181129,   -8,    0
 18672, 99666,20181130,   44,    0
 18672, 99666,20181201,   19,    0
 18672, 99666,20181202,   15,    0
 18672, 99666,20181203,   22,    0
 18672, 99666,20181204,    4,    0
 18672, 99666,20181205,  -27,    0
 18672, 99666,20181206,  -41,    0
 18672, 99666,20181207,  -37,    0
 18672, 99666,20181208,  -34,    0
 18672, 99666,20181209,  -28,    0
 18672, 99666,20181210,    8,    0
 18672, 99666,20181211,   -7,    0
 18672, 99666,20181212,  -77,    0
 18672, 99666,20181213,  -94,    0
 18672, 99666,20181214, -118,    0
 18672, 99666,20181215,  -83,    0
 18672, 99666,20181216,  -34,    0
 18672, 99666,20181217,  -43,    0
 18672, 99666,20181218,  -63,    0
 18672, 99666,20181219,  -26,    0
 18672, 99666,20181220,  -14,    0
 18672, 99666,20181221,  -40,    0
 18672, 99666,20181222,  -61,    0
 18672, 99666,20181223,  -75,    0
 18672, 99666,20181224,  -72,    0
 18672, 99666,20181225,   14,    0
 18672, 99666,20181226,   21,    0
 18672, 99666,20181227,    1,    0
 18672, 99666,20181228,  -34,    0
 18672, 99666,20181229,  -30,    0
 18672, 99666,20181230,  -24,    0
 18672, 99666,20181231,   -8,    0
 18672, 99666,20190101,   29,    0
 18672, 99666,20190102,  -18,    0
 18672, 99666,20190103,   -4,    0
 18672, 99666,20190104,   42,    0
 18672, 99666,20190105,   11,    0
 18672, 99666,20190106,  -33,    0
 18672, 99666,20190107,  -30,    0
 18672, 99666,20190108,  -23,    0
 18672, 99666,20190109,  -29,    0
 18672, 99666,20190110,  -29,    0
 18672, 99666,20190111,    8,    0
 18672, 99666,20190112,  -53,    0
 18672, 99666,20190113,  -61,    0
 18672, 99666,20190114,  -27,    0
 18672, 99666,20190115,  -53,    0
 18672, 99666,20190116,  -76,    0
 18672, 99666,20190117,  -89,    0
 18672, 99666,20190118,-9999,    9
 18672, 99666,20190119,-9999,    9
 18672, 99666,20190120,  -84,    0
 18672, 99666,20190121,  -92,    0
 18672, 99666,20190122,  -95,    0
 18672, 99666,20190123,  -59,    0
 18672, 99666,20190124,  -50,    0
 18672, 99666,20190125,  -51,    0
 18672, 99666,20190126,  -72,    0
 18672, 99666,20190127,  -84,    0
 18672, 99666,20190128,  -87,    0
 18672, 99666,20190129, -125,    0
 18672, 99666,20190130,-9999,    9
 18672, 99666,20190131,  -81,    0
 18672, 99666,20190201,  -51,    0
 18672, 99666,20190202,  -64,    0
 18672, 99666,20190203,  -83,    0
 18672, 99666,20190204,  -96,    0
 18672, 99666,20190205,  -67,    0
 18672, 99666,20190206,  -77,    0
 18672, 99666,20190207,  -81,    0
 18672, 99666,20190208,  -45,    0
 18672, 99666,20190209,    2,    0
 18672, 99666,20190210,  -11,    0
 18672, 99666,20190211,  -29,    0
 18672, 99666,20190212,  -31,    0
 18672, 99666,20190213,-9999,    9
 18672, 99666,20190214,-9999,    9
 18672, 99666,20190215,-9999,    9
 18672, 99666,20190216,   -7,    0
 18672, 99666,20190217,   -5,    0
 18672, 99666,20190218,   13,    0
 18672, 99666,20190219,   22,    0
 18672, 99666,20190220,    0,    0
 18672, 99666,20190221,  -22,    0
 18672, 99666,20190222,  -18,    0
 18672, 99666,20190223,   -4,    0
 18672, 99666,20190224,   29,    0
 18672, 99666,20190225,   37,    0
 18672, 99666,20190226,   39,    0
 18672, 99666,20190227,   43,    0
 18672, 99666,20190228,   22,    0
 18672, 99666,20190301,   -7,    0
 18672, 99666,20190302,  -10,    0
 18672, 99666,20190303,   -2,    0
 18672, 99666,20190304,   -6,    0
 18672, 99666,20190305,  -38,    0
 18672, 99666,20190306,  -41,    0
 18672, 99666,20190307,  -23,    0
 18672, 99666,20190308,  -23,    0
 18672, 99666,20190309,  -48,    0
 18672, 99666,20190310,  -64,    0
 18672, 99666,20190311,  -57,    0
 18672, 99666,20190312,  -59,    0
 18672, 99666,20190313,  -13,    0
 18672, 99666,20190314,  -35,    0
 18672, 99666,20190315,  -22,    0
 18672, 99666,20190316,  -19,    0
 18672, 99666,20190317,  -10,    0
 18672, 99666,20190318,    1,    0
 18672, 99666,20190319,   -1,    0
 18672, 99666,20190320,   40,    0
 18672, 99666,20190321,   51,    0
 18672, 99666,20190322,   13,    0
 18672, 99666,20190323,   37,    0
 18672, 99666,20190324,   21,    0
 18672, 99666,20190325,   15,    0
 18672, 99666,20190326,   18,    0
 18672, 99666,20190327,   42,    0
 18672, 99666,20190328,   67,    0
 18672, 99666,20190329,   69,    0
 18672, 99666,20190330,   39,    0
 18672, 99666,20190331,    7,    0
 18672, 99666,20190401,    0,    0
 18672, 99666,20190402,   14,    0
 18672, 99666,20190403,    1,    0
 18672, 99666,20190404,   45,    0
 18672, 99666,20190405,   35,    0
 18672, 99666,20190406,   28,    0
 18672, 99666,20190407,   24,    0
 18672, 99666,20190408,   13,    0
 18672, 99666,20190409,-9999,    9
 18672, 99666,20190410,-9999,    9
 18672, 99666,20190411,-9999,    9
 18672, 99666,20190412,    3,    0
 18672, 99666,20190413,   19,    0
 18672, 99666,20190414,   23,    0
 18672, 99666,20190415,   33,    0
 18672, 99666,20190416,   37,    0
 18672, 99666,20190417,   58,    0
 18672, 99666,20190418,   70,    0
 18672, 99666,20190419,   79,    0
 18672, 99666,20190420,   98,    0
 18672, 99666,20190421,  109,    0
 18672, 99666,20190422,   94,    0
 18672, 99666,20190423,  111,    0
 18672, 99666,20190424,  122,    0
 18672, 99666,20190425,  102,    0
 18672, 99666,20190426,  102,    0
 18672, 99666,20190427,  109,    0
 18672, 99666,20190428,  100,    0
 18672, 99666,20190429,  134,    0
 18672, 99666,20190430,  133,    0
 18672, 99666,20190501,  104,    0
 18672, 99666,20190502,   45,    0
 18672, 99666,20190503,   14,    0
 18672, 99666,20190504,   23,    0
 18672, 99666,20190505,   36,    0
 18672, 99666,20190506,   -6,    0
 18672, 99666,20190507,   23,    0
 18672, 99666,20190508,   30,    0
 18672, 99666,20190509,   40,    0
 18672, 99666,20190510,   63,    0
 18672, 99666,20190511,   48,    0
 18672, 99666,20190512,   54,    0
 18672, 99666,20190513,   64,    0
 18672, 99666,20190514,   83,    0
 18672, 99666,20190515,  106,    0
 18672, 99666,20190516,  133,    0
 18672, 99666,20190517,  151,    0
 18672, 99666,20190518,   80,    0
 18672, 99666,20190519,  113,    0
 18672, 99666,20190520,  101,    0
 18672, 99666,20190521,  140,    0
 18672, 99666,20190522,  143,    0
 18672, 99666,20190523,   89,    0
 18672, 99666,20190524,   76,    0
 18672, 99666,20190525,  102,    0
 18672, 99666,20190526,   86,    0
 18672, 99666,20190527,   77,    0
 18672, 99666,20190528,   72,    0
 18672, 99666,20190529,-9999,    9
 18672, 99666,20190530,-9999,    9
 18672, 99666,20190531,-9999,    9
 18672, 99666,20190601,   98,    0
 18672, 99666,20190602,  109,    0
 18672, 99666,20190603,  114,    0
 18672, 99666,20190604,  122,    0
 18672, 99666,20190605,   98,    0
 18672, 99666,20190606,  140,    0
 18672, 99666,20190607,  133,    0
 18672, 99666,20190608,  115,    0
 18672, 99666,20190609,  113,    0
 18672, 99666,20190610,  124,    0
 18672, 99666,20190611,  132,    0
 18672, 99666,20190612,   80,    0
 18672, 99666,20190613,   95,    0
 18672, 99666,20190614,  127,    0
 18672, 99666,20190615,  163,    0
 18672, 99666,20190616,  146,    0
 18672, 99666,20190617,  151,    0
 18672, 99666,20190618,  135,    0
 18672, 99666,20190619,  127,    0
 18672, 99666,20190620,  124,    0
 18672, 99666,20190621,  128,    0
 18672, 99666,20190622,  127,    0
 18672, 99666,20190623,  132,    0
 18672, 99666,20190624,  148,    0
 18672, 99666,20190625,  121,    0
 18672, 99666,20190626,  141,    0
 18672, 99666,20190627,  154,    0
 18672, 99666,20190628,  165,    0
 18672, 99666,20190629,  191,    0
 18672, 99666,20190630,  176,    0
 18672, 99666,20190701,  154,    0
 18672, 99666,20190702,  114,    0
 18672, 99666,20190703,  101,    0
 18672, 99666,20190704,  104,    0
 18672, 99666,20190705,  125,    0
 18672, 99666,20190706,  111,    0
 18672, 99666,20190707,  111,    0
 18672, 99666,20190708,  138,    0
 18672, 99666,20190709,  146,    0
 18672, 99666,20190710,  176,    0
 18672, 99666,20190711,  176,    0
 18672, 99666,20190712,  177,    0
 18672, 99666,20190713,  176,    0
 18672, 99666,20190714,  156,    0
 18672, 99666,20190715,  142,    0
 18672, 99666,20190716,  141,    0
 18672, 99666,20190717,  162,    0
 18672, 99666,20190718,  143,    0
 18672, 99666,20190719,  140,    0
 18672, 99666,20190720,  145,    0
 18672, 99666,20190721,  140,    0
 18672, 99666,20190722,  140,    0
 18672, 99666,20190723,  181,    0
 18672, 99666,20190724,  185,    0
 18672, 99666,20190725,  196,    0
 18672, 99666,20190726,  224,    0
 18672, 99666,20190727,  230,    0
 18672, 99666,20190728,  222,    0
 18672, 99666,20190729,  223,    0
 18672, 99666,20190730,  118,    0
 18672, 99666,20190731,  108,    0
 18672, 99666,20190801,  148,    0
 18672, 99666,20190802,  180,    0
 18672, 99666,20190803,  176,    0
 18672, 99666,20190804,  150,    0
 18672, 99666,20190805,  139,    0
 18672, 99666,20190806,  138,    0
 18672, 99666,20190807,  140,    0
 18672, 99666,20190808,  151,    0
 18672, 99666,20190809,  157,    0
 18672, 99666,20190810,  137,    0
 18672, 99666,20190811,  151,    0
 18672, 99666,20190812,  152,    0
 18672, 99666,20190813,  142,    0
 18672, 99666,20190814,  121,    0
 18672, 99666,20190815,  119,    0
 18672, 99666,20190816,  131,    0
 18672, 99666,20190817,  128,    0
 18672, 99666,20190818,  129,    0
 18672, 99666,20190819,  128,    0
 18672, 99666,20190820,  135,    0
 18672, 99666,20190821,  129,    0
 18672, 99666,20190822,-9999,    9
 18672, 99666,20190823,  150,    0
 18672, 99666,20190824,  148,    0
 18672, 99666,20190825,  166,    0
 18672, 99666,20190826,  166,    0
 18672, 99666,20190827,-9999,    9
 18672, 99666,20190828,  163,    0
 18672, 99666,20190829,  158,    0
 18672, 99666,20190830,  139,    0
 18672, 99666,20190831,  150,    0
 18672, 99666,20190901,  141,    0
 18672, 99666,20190902,  108,    0
 18672, 99666,20190903,  106,    0
 18672, 99666,20190904,   84,    0
 18672, 99666,20190905,   87,    0
 18672, 99666,20190906,   85,    0
 18672, 99666,20190907,   84,    0
 18672, 99666,20190908,   80,    0
 18672, 99666,20190909,  100,    0
 18672, 99666,20190910,  112,    0
 18672, 99666,20190911,  116,    0
 18672, 99666,20190912,  109,    0
 18672, 99666,20190913,  103,    0
 18672, 99666,20190914,   84,    0
 18672, 99666,20190915,  108,    0
 18672, 99666,20190916,   90,    0
 18672, 99666,20190917,   76,    0
 18672, 99666,20190918,   83,    0
 18672, 99666,20190919,   64,    0
 18672, 99666,20190920,  115,    0
 18672, 99666,20190921,  139,    0
 18672, 99666,20190922,  115,    0
 18672, 99666,20190923,   74,    0
 18672, 99666,20190924,   79,    0
 18672, 99666,20190925,   84,    0
 18672, 99666,20190926,   81,    0
 18672, 99666,20190927,   75,    0
 18672, 99666,20190928,   81,    0
 18672, 99666,20190929,   83,    0
 18672, 99666,20190930,   52,    0
 18672, 99666,20191001,   70,    0
 18672, 99666,20191002,   55,    0
 18672, 99666,20191003,   25,    0
 18672, 99666,20191004,    8,    0
 18672, 99666,20191005,    7,    0
 18672, 99666,20191006,    1,    0
 18672, 99666,20191007,    1,    0
 18672, 99666,20191008,    9,    0
 18672, 99666,20191009,   19,    0
 18672, 99666,20191010,   40,    0
 18672, 99666,20191011,   40,    0
 18672, 99666,20191012,   51,    0
 18672, 99666,20191013,   55,    0
 18672, 99666,20191014,   52,    0
 18672, 99666,20191015,   40,    0
 18672, 99666,20191016,   33,    0
 18672, 99666,20191017,   45,    0
 18672, 99666,20191018,   47,    0
 18672, 99666,20191019,   41,    0
 18672, 99666,20191020,   24,    0
 18672, 99666,20191021,   15,    0
 18672, 99666,20191022,   45,    0
 18672, 99666,20191023,-9999,    9
 18672, 99666,20191024,-9999,    9
 18672, 99666,20191025,-9999,    9
 18672, 99666,20191026,-9999,    9
 18672, 99666,20191027,-9999,    9
 18672, 99666,20191028,    1,    0
 18672, 99666,20191029,   -3,    0
 18672, 99666,20191030,   -2,    0
 18672, 99666,20191031,   41,    0
 18672, 99666,20191101,   -7,    0
 18672, 99666,20191102,   -4,    0
 18672, 99666,20191103,  -12,    0
 18672, 99666,20191104,  -28,    0
 18672, 99666,20191105,  -60,    0
 18672, 99666,20191106,  -69,    0
 18672, 99666,20191107,  -60,    0
 18672, 99666,20191108,  -53,    0
 18672, 99666,20191109,  -35,    0
 18672, 99666,20191110,  -46,    0
 18672, 99666,20191111,  -53,    0
 18672, 99666,20191112,  -12,    0
 18672, 99666,20191113,    3,    0
 18672, 99666,20191114,    4,    0
 18672, 99666,20191115,   -3,    0
 18672, 99666,20191116,  -10,    0
 18672, 99666,20191117,   -3,    0
 18672, 99666,20191118,  -11,    0
 18672, 99666,20191119,    5,    0
 18672, 99666,20191120,  -26,    0
 18672, 99666,20191121,    2,    0
 18672, 99666,20191122,   25,    0
 18672, 99666,20191123,   21,    0
 18672, 99666,20191124,    7,    0
 18672, 99666,20191125,   -3,    0
 18672, 99666,20191126,   -8,    0
 18672, 99666,20191127,   -8,    0
 18672, 99666,20191128,  -19,    0
 18672, 99666,20191129,  -41,    0
 18672, 99666,20191130,  -60,    0
 18672, 99666,20191201,  -54,    0
 18672, 99666,20191202,  -74,    0
 18672, 99666,20191203,  -21,    0
 18672, 99666,20191204,    9,    0
 18672, 99666,20191205,   11,    0
 18672, 99666,20191206,   12,    0
 18672, 99666,20191207,-9999,    9
 18672, 99666,20191208,  -29,    0
 18672, 99666,20191209,  -17,    0
 18672, 99666,20191210,  -46,    0
 18672, 99666,20191211,   12,    0
 18672, 99666,20191212,    5,    0
 18672, 99666,20191213,   -4,    0
 18672, 99666,20191214,-9999,    9
 18672, 99666,20191215,   -6,    0
 18672, 99666,20191216,  -34,    0
 18672, 99666,20191217,  -60,    0
 18672, 99666,20191218,  -83,    0
 18672, 99666,20191219,  -56,    0
 18672, 99666,20191220,  -20,    0
 18672, 99666,20191221,-9999,    9
 18672, 99666,20191222,-9999,    9
 18672, 99666,20191223,-9999,    9
 18672, 99666,20191224,  -11,    0
 18672, 99666,20191225,  -24,    0
 18672, 99666,20191226,  -56,    0
 18672, 99666,20191227,  -64,    0
 18672, 99666,20191228,  -39,    0
 18672, 99666,20191229,   24,    0
 18672, 99666,20191230,   41,    0
 18672, 99666,20191231,   21,    0
 18672, 99666,20200101,   10,    0
 18672, 99666,20200102,   27,    0
 18672, 99666,20200103,   20,    0
 18672, 99666,20200104,   -2,    0
 18672, 99666,20200105,-9999,    9
 18672, 99666,20200106,-9999,    9
 18672, 99666,20200107,   14,    0
 18672, 99666,20200108,   34,    0
 18672, 99666,20200109,   -3,    0
 18672, 99666,20200110,  -47,    0
 18672, 99666,20200111,    3,    0
 18672, 99666,20200112,-9999,    9
 18672, 99666,20200113,-9999,    9
 18672, 99666,20200114,-9999,    9
 18672, 99666,20200115,-9999,    9
 18672, 99666,20200116,   25,    0
 18672, 99666,20200117,   28,    0
 18672, 99666,20200118,   18,    0
 18672, 99666,20200119,   15,    0
 18672, 99666,20200120,   52,    0
 18672, 99666,20200121,   54,    0
 18672, 99666,20200122,   16,    0
 18672, 99666,20200123,   31,    0
 18672, 99666,20200124,   29,    0
 18672, 99666,20200125,   16,    0
 18672, 99666,20200126,   14,    0
 18672, 99666,20200127,-9999,    9
 18672, 99666,20200128,-9999,    9
 18672, 99666,20200129,   -8,    0
 18672, 99666,20200130,  -29,    0
 18672, 99666,20200131,  -16,    0
 18672, 99666,20200201,   15,    0
 18672, 99666,20200202,    5,    0
 18672, 99666,20200203,  -41,    0
 18672, 99666,20200204,  -39,    0
 18672, 99666,20200205,   11,    0
 18672, 99666,20200206,   53,    0
 18672, 99666,20200207,  -10,    0
 18672, 99666,20200208,    6,    0
 18672, 99666,20200209,   22,    0
 18672, 99666,20200210,   29,    0
 18672, 99666,20200211,    5,    0
 18672, 99666,20200212,    8,    0
 18672, 99666,20200213,   -7,    0
 18672, 99666,20200214,  -34,    0
 18672, 99666,20200215,   22,    0
 18672, 99666,20200216,   32,    0
 18672, 99666,20200217,   35,    0
 18672, 99666,20200218,   27,    0
 18672, 99666,20200219,    1,    0
 18672, 99666,20200220,    0,    0
 18672, 99666,20200221,   21,    0
 18672, 99666,20200222,   33,    0
 18672, 99666,20200223,   16,    0
 18672, 99666,20200224,    2,    0
 18672, 99666,20200225,  -19,    0
 18672, 99666,20200226,  -54,    0
 18672, 99666,20200227,  -70,    0
 18672, 99666,20200228,  -43,    0
 18672, 99666,20200229,  -33,    0
 18672, 99666,20200301,  -13,    0
 18672, 99666,20200302,   10,    0
 18672, 99666,20200303,   -6,    0
 18672, 99666,20200304,  -15,    0
 18672, 99666,20200305,  -25,    0
 18672, 99666,20200306,  -43,    0
 18672, 99666,20200307,  -47,    0
 18672, 99666,20200308,   22,    0
 18672, 99666,20200309,   23,    0
 18672, 99666,20200310,    4,    0
 18672, 99666,20200311,   26,    0
 18672, 99666,20200312,    9,    0
 18672, 99666,20200313,  -11,    0
 18672, 99666,20200314,  -30,    0
 18672, 99666,20200315,   23,    0
 18672, 99666,20200316,   17,    0
 18672, 99666,20200317,   44,    0
 18672, 99666,20200318,   33,    0
 18672, 99666,20200319,   29,    0
 18672, 99666,20200320,-9999,    9
 18672, 99666,20200321,-9999,    9
 18672, 99666,20200322,-9999,    9
 18672, 99666,20200323,-9999,    9
 18672, 99666,20200324,-9999,    9
 18672, 99666,20200325,-9999,    9
 18672, 99666,20200326,-9999,    9
 18672, 99666,20200327,   23,    0
 18672, 99666,20200328,   11,    0
 18672, 99666,20200329,    2,    0
 18672, 99666,20200330,    3,    0
 18672, 99666,20200331,   34,    0
 18672, 99666,20200401,   55,    0
 18672, 99666,20200402,   10,    0
 18672, 99666,20200403,    7,    0
 18672, 99666,20200404,    6,    0
 18672, 99666,20200405,   19,    0
 18672, 99666,20200406,   47,    0
 18672, 99666,20200407,   65,    0
 18672, 99666,20200408,   62,    0
 18672, 99666,20200409,   38,    0
 18672, 99666,20200410,   34,    0
 18672, 99666,20200411,-9999,    9
 18672, 99666,20200412,-9999,    9
 18672, 99666,20200413,-9999,    9
 18672, 99666,20200414,-9999,    9
 18672, 99666,20200415,-9999,    9
 18672, 99666,20200416,-9999,    9
 18672, 99666,20200417,   32,    0
 18672, 99666,20200418,   40,    0
 18672, 99666,20200419,   72,    0
 18672, 99666,20200420,   99,    0
 18672, 99666,20200421,  111,    0
 18672, 99666,20200422,  117,    0
 18672, 99666,20200423,  106,    0
 18672, 99666,20200424,   66,    0
 18672, 99666,20200425,   65,    0
 18672, 99666,20200426,   69,    0
 18672, 99666,20200427,   23,    0
 18672, 99666,20200428,   15,    0
 18672, 99666,20200429,   29,    0
 18672, 99666,20200430,   25,    0
 18672, 99666,20200501,   21,    0
 18672, 99666,20200502,   59,    0
 18672, 99666,20200503,   61,    0
 18672, 99666,20200504,   38,    0
 18672, 99666,20200505,   56,    0
 18672, 99666,20200506,   81,    0
 18672, 99666,20200507,   77,    0
 18672, 99666,20200508,   81,    0
 18672, 99666,20200509,   78,    0
 18672, 99666,20200510,   15,    0
 18672, 99666,20200511,   25,    0
 18672, 99666,20200512,   19,    0
 18672, 99666,20200513,   32,    0
 18672, 99666,20200514,   37,    0
 18672, 99666,20200515,   52,    0
 18672, 99666,20200516,   42,    0
 18672, 99666,20200517,   66,    0
 18672, 99666,20200518,   73,    0
 18672, 99666,20200519,   74,    0
 18672, 99666,20200520,   84,    0
 18672, 99666,20200521,  103,    0
 18672, 99666,20200522,  101,    0
 18672, 99666,20200523,   83,    0
 18672, 99666,20200524,   88,    0
 18672, 99666,20200525,  122,    0
 18672, 99666,20200526,  114,    0
 18672, 99666,20200527,  109,    0
 18672, 99666,20200528,  107,    0
 18672, 99666,20200529,  133,    0
 18672, 99666,20200530,  158,    0
 18672, 99666,20200531,  167,    0
 18672, 99666,20200601,  180,    0
 18672, 99666,20200602,  160,    0
 18672, 99666,20200603,  152,    0
 18672, 99666,20200604,  127,    0
 18672, 99666,20200605,  103,    0
 18672, 99666,20200606,   79,    0
 18672, 99666,20200607,   88,    0
 18672, 99666,20200608,  101,    0
 18672, 99666,20200609,  121,    0
 18672, 99666,20200610,  136,    0
 18672, 99666,20200611,  170,    0
 18672, 99666,20200612,  197,    0
 18672, 99666,20200613,  187,    0
 18672, 99666,20200614,  182,    0
 18672, 99666,20200615,  194,    0
 18672, 99666,20200616,  188,    0
 18672, 99666,20200617,  186,    0
 18672, 99666,20200618,  195,    0
 18672, 99666,20200619,  219,    0
 18672, 99666,20200620,  193,    0
 18672, 99666,20200621,  155,    0
 18672, 99666,20200622,  143,    0
 18672, 99666,20200623,  173,    0
 18672, 99666,20200624,  196,    0
 18672, 99666,20200625,  197,    0
 18672, 99666,20200626,  206,    0
 18672, 99666,20200627,-9999,    9
 18672, 99666,20200628,  183,    0
 18672, 99666,20200629,  145,    0
 18672, 99666,20200630,-9999,    9
 18672, 99666,20200701,  103,    0
 18672, 99666,20200702,  111,    0
 18672, 99666,20200703,   94,    0
 18672, 99666,20200704,  109,    0
 18672, 99666,20200705,  115,    0
 18672, 99666,20200706,  108,    0
 18672, 99666,20200707,   84,    0
 18672, 99666,20200708,  100,    0
 18672, 99666,20200709,  116,    0
 18672, 99666,20200710,  113,    0
 18672, 99666,20200711,  127,    0
 18672, 99666,20200712,  126,    0
 18672, 99666,20200713,  131,    0
 18672, 99666,20200714,  116,    0
 18672, 99666,20200715,  147,    0
 18672, 99666,20200716,  145,    0
 18672, 99666,20200717,  144,    0
 18672, 99666,20200718,  139,    0
 18672, 99666,20200719,  140,    0
 18672, 99666,20200720,  133,    0
 18672, 99666,20200721,  111,    0
 18672, 99666,20200722,  119,    0
 18672, 99666,20200723,  117,    0
 18672, 99666,20200724,  125,    0
 18672, 99666,20200725,  139,    0
 18672, 99666,20200726,  131,    0
 18672, 99666,20200727,  144,    0
 18672, 99666,20200728,  119,    0
 18672, 99666,20200729,  121,    0
 18672, 99666,20200730,  153,    0
 18672, 99666,20200731,  173,    0
 18672, 99666,20200801,  176,    0
 18672, 99666,20200802,  141,    0
 18672, 99666,20200803,  136,    0
 18672, 99666,20200804,  129,    0
 18672, 99666,20200805,  124,    0
 18672, 99666,20200806,  159,    0
 18672, 99666,20200807,  177,    0
 18672, 99666,20200808,  177,    0
 18672, 99666,20200809,  162,    0
 18672, 99666,20200810,  161,    0
 18672, 99666,20200811,  177,    0
 18672, 99666,20200812,  185,    0
 18672, 99666,20200813,  176,    0
 18672, 99666,20200814,  170,    0
 18672, 99666,20200815,  171,    0
 18672, 99666,20200816,  166,    0
 18672, 99666,20200817,  178,    0
 18672, 99666,20200818,  188,    0
 18672, 99666,20200819,  169,    0
 18672, 99666,20200820,  172,    0
 18672, 99666,20200821,  153,    0
 18672, 99666,20200822,  157,    0
 18672, 99666,20200823,  136,    0
 18672, 99666,20200824,-9999,    9
 18672, 99666,20200825,-9999,    9
 18672, 99666,20200826,  102,    0
 18672, 99666,20200827,  109,    0
 18672, 99666,20200828,  117,    0
 18672, 99666,20200829,  110,    0
 18672, 99666,20200830,  105,    0
 18672, 99666,20200831,   91,    0
 18672, 99666,20200901,  110,    0
 18672, 99666,20200902,  122,    0
 18672, 99666,20200903,  115,    0
 18672, 99666,20200904,  129,    0
 18672, 99666,20200905,  104,    0
 18672, 99666,20200906,   95,    0
 18672, 99666,20200907,   95,    0
 18672, 99666,20200908,  132,    0
 18672, 99666,20200909,  106,    0
 18672, 99666,20200910,   91,    0
 18672, 99666,20200911,   87,    0
 18672, 99666,20200912,  102,    0
 18672, 99666,20200913,  101,    0
 18672, 99666,20200914,  148,    0
 18672, 99666,20200915,  135,    0
 18672, 99666,20200916,  107,    0
 18672, 99666,20200917,   79,    0
 18672, 99666,20200918,  130,    0
 18672, 99666,20200919,  106,    0
 18672, 99666,20200920,  109,    0
 18672, 99666,20200921,  137,    0
 18672, 99666,20200922,  109,    0
 18672, 99666,20200923,  128,    0
 18672, 99666,20200924,  109,    0
 18672, 99666,20200925,   69,    0
 18672, 99666,20200926,   52,    0
 18672, 99666,20200927,   74,    0
 18672, 99666,20200928,  100,    0
 18672, 99666,20200929,  103,    0
 18672, 99666,20200930,   99,    0
 18672, 99666,20201001,   91,    0
 18672, 99666,20201002,  102,    0
 18672, 99666,20201003,  102,    0
 18672, 99666,20201004,  110,    0
 18672, 99666,20201005,  104,    0
 18672, 99666,20201006,   90,    0
 18672, 99666,20201007,   90,    0
 18672, 99666,20201008,   87,    0
 18672, 99666,20201009,   72,    0
 18672, 99666,20201010,   55,    0
 18672, 99666,20201011,   64,    0
 18672, 99666,20201012,   47,    0
 18672, 99666,20201013,   42,    0
 18672, 99666,20201014,   30,    0
 18672, 99666,20201015,   34,    0
 18672, 99666,20201016,   45,    0
 18672, 99666,20201017,   34,    0
 18672, 99666,20201018,   40,    0
 18672, 99666,20201019,   21,    0
 18672, 99666,20201020,   -2,    0
 18672, 99666,20201021,   24,    0
 18672, 99666,20201022,   35,    0
 18672, 99666,20201023,   24,    0
 18672, 99666,20201024,   27,    0
 18672, 99666,20201025,-9999,    9
 18672, 99666,20201026,-9999,    9
 18672, 99666,20201027,   58,    0
 18672, 99666,20201028,   60,    0
 18672, 99666,20201029,   41,    0
 18672, 99666,20201030,   21,    0
 18672, 99666,20201031,   43,    0
 18672, 99666,20201101,   78,    0
 18672, 99666,20201102,   89,    0
 18672, 99666,20201103,   56,    0
 18672, 99666,20201104,   44,    0
 18672, 99666,20201105,   89,    0
 18672, 99666,20201106,  103,    0
 18672, 99666,20201107,   25,    0
 18672, 99666,20201108,    2,    0
 18672, 99666,20201109,   -1,    0
 18672, 99666,20201110,   16,    0
 18672, 99666,20201111,   35,    0
 18672, 99666,20201112,   30,    0
 18672, 99666,20201113,   31,    0
 18672, 99666,20201114,   42,    0
 18672, 99666,20201115,   68,    0
 18672, 99666,20201116,   64,    0
 18672, 99666,20201117,   52,    0
 18672, 99666,20201118,   83,    0
 18672, 99666,20201119,   15,    0
 18672, 99666,20201120,   -7,    0
 18672, 99666,20201121,   26,    0
 18672, 99666,20201122,   34,    0
 18672, 99666,20201123,   30,    0
 18672, 99666,20201124,   36,    0
 18672, 99666,20201125,   68,    0
 18672, 99666,20201126,   -2,    0
 18672, 99666,20201127,  -40,    0
 18672, 99666,20201128,  -42,    0
 18672, 99666,20201129,  -55,    0
 18672, 99666,20201130,  -20,    0
 18672, 99666,20201201,  -14,    0
 18672, 99666,20201202,  -12,    0
 18672, 99666,20201203,-9999,    9
 18672, 99666,20201204,  -13,    0
 18672, 99666,20201205,   -8,    0
 18672, 99666,20201206,    1,    0
 18672, 99666,20201207,-9999,    9
 18672, 99666,20201208,-9999,    9
 18672, 99666,20201209,   -1,    0
 18672, 99666,20201210,   -4,    0
 18672, 99666,20201211,  -11,    0
 18672, 99666,20201212,  -11,    0
 18672, 99666,20201213,   -5,    0
 18672, 99666,20201214,-9999,    9
 18672, 99666,20201215,   -4,    0
 18672, 99666,20201216,  -22,    0
 18672, 99666,20201217,    3,    0
 18672, 99666,20201218,   -2,    0
 18672, 99666,20201219,   46,    0
 18672, 99666,20201220,   48,    0
 18672, 99666,20201221,   22,    0
 18672, 99666,20201222,-9999,    9
 18672, 99666,20201223,  -14,    0
 18672, 99666,20201224,  -36,    0
 18672, 99666,20201225,  -39,    0
 18672, 99666,20201226,  -25,    0
 18672, 99666,20201227,-9999,    9
 18672, 99666,20201228,  -10,    0
 18672, 99666,20201229,   -2,    0
 18672, 99666,20201230,   -4,    0
 18672, 99666,20201231,  -24,    0
 18672, 99666,20210101,  -34,    0
 18672, 99666,20210102,  -26,    0
 18672, 99666,20210103,  -48,    0
 18672, 99666,20210104,  -89,    0
 18672, 99666,20210105,  -95,    0
 18672, 99666,20210106, -122,    0
 18672, 99666,20210107, -106,    0
 18672, 99666,20210108, -102,    0
 18672, 99666,20210109, -114,    0
 18672, 99666,20210110,  -72,    0
 18672, 99666,20210111,  -93,    0
 18672, 99666,20210112,  -80,    0
 18672, 99666,20210113,  -72,    0
 18672, 99666,20210114, -102,    0
 18672, 99666,20210115, -132,    0
 18672, 99666,20210116, -136,    0
 18672, 99666,20210117,  -99,    0
 18672, 99666,20210118,  -80,    0
 18672, 99666,20210119,  -57,    0
 18672, 99666,20210120,  -19,    0
 18672, 99666,20210121,   -2,    0
 18672, 99666,20210122,    1,    0
 18672, 99666,20210123,  -10,    0
 18672, 99666,20210124,  -54,    0
 18672, 99666,20210125, -106,    0
 18672, 99666,20210126, -121,    0
 18672, 99666,20210127, -115,    0
 18672, 99666,20210128, -126,    0
 18672, 99666,20210129, -144,    0
 18672, 99666,20210130, -147,    0
 18672, 99666,20210131, -119,    0
 18672, 99666,20210201, -132,    0
 18672, 99666,20210202, -133,    0
 18672, 99666,20210203, -108,    0
 18672, 99666,20210204, -136,    0
 18672, 99666,20210205, -135,    0
 18672, 99666,20210206, -122,    0
 18672, 99666,20210207, -120,    0
 18672, 99666,20210208,  -98,    0
 18672, 99666,20210209,  -98,    0
 18672, 99666,20210210, -122,    0
 18672, 99666,20210211, -136,    0
 18672, 99666,20210212, -135,    0
 18672, 99666,20210213, -137,    0
 18672, 99666,20210214, -141,    0
 18672, 99666,20210215,  -92,    0
 18672, 99666,20210216,  -59,    0
 18672, 99666,20210217,  -49,    0
 18672, 99666,20210218,  -43,    0
 18672, 99666,20210219,  -24,    0
 18672, 99666,20210220,   -3,    0
 18672, 99666,20210221,-9999,    9
 18672, 99666,20210222,   10,    0
 18672, 99666,20210223,   -1,    0
 18672, 99666,20210224,   17,    0
 18672, 99666,20210225,   16,    0
 18672, 99666,20210226,   47,    0
 18672, 99666,20210227,   37,    0
 18672, 99666,20210228,   59,    0
 18672, 99666,20210301,   37,    0
 18672, 99666,20210302,   48,    0
 18672, 99666,20210303,    5,    0
 18672, 99666,20210304,-9999,    9
 18672, 99666,20210305,  -17,    0
 18672, 99666,20210306,   25,    0
 18672, 99666,20210307,   -8,    0
 18672, 99666,20210308,  -27,    0
 18672, 99666,20210309,   -4,    0
 18672, 99666,20210310,  -46,    0
 18672, 99666,20210311,  -17,    0
 18672, 99666,20210312,    0,    0
 18672, 99666,20210313,  -15,    0
 18672, 99666,20210314,   -2,    0
 18672, 99666,20210315,   12,    0
 18672, 99666,20210316,    1,    0
 18672, 99666,20210317,  -22,    0
 18672, 99666,20210318,   -1,    0
 18672, 99666,20210319,  -13,    0
 18672, 99666,20210320,   23,    0
 18672, 99666,20210321,-9999,    9
 18672, 99666,20210322,   46,    0
 18672, 99666,20210323,   52,    0
 18672, 99666,20210324,   40,    0
 18672, 99666,20210325,   36,    0
 18672, 99666,20210326,   14,    0
 18672, 99666,20210327,   20,    0
 18672, 99666,20210328,   19,    0
 18672, 99666,20210329,   54,    0
 18672, 99666,20210330,   94,    0
 18672, 99666,20210331,   43,    0
 18672, 99666,20210401,   26,    0
 18672, 99666,20210402,   33,    0
 18672, 99666,20210403,   20,    0
 18672, 99666,20210404,   46,    0
 18672, 99666,20210405,   -3,    0
 18672, 99666,20210406,   11,    0
 18672, 99666,20210407,   14,    0
 18672, 99666,20210408,    4,    0
 18672, 99666,20210409,   22,    0
 18672, 99666,20210410,   19,    0
 18672, 99666,20210411,    1,    0
 18672, 99666,20210412,   -9,    0
 18672, 99666,20210413,    0,    0
 18672, 99666,20210414,   18,    0
 18672, 99666,20210415,   42,    0
 18672, 99666,20210416,   37,    0
 18672, 99666,20210417,-9999,    9
 18672, 99666,20210418,   79,    0
 18672, 99666,20210419,   85,    0
 18672, 99666,20210420,   86,    0
 18672, 99666,20210421,   45,    0
 18672, 99666,20210422,   36,    0
 18672, 99666,20210423,   29,    0
 18672, 99666,20210424,   17,    0
 18672, 99666,20210425,   22,    0
 18672, 99666,20210426,   26,    0
 18672, 99666,20210427,   28,    0
 18672, 99666,20210428,   33,    0
 18672, 99666,20210429,   33,    0
 18672, 99666,20210430,   41,    0
 18672, 99666,20210501,   49,    0
 18672, 99666,20210502,   57,    0
 18672, 99666,20210503,   34,    0
 18672, 99666,20210504,   29,    0
 18672, 99666,20210505,    8,    0
 18672, 99666,20210506,   35,    0
 18672, 99666,20210507,   40,    0
 18672, 99666,20210508,   51,    0
 18672, 99666,20210509,   33,    0
 18672, 99666,20210510,-9999,    9
 18672, 99666,20210511,-9999,    9
 18672, 99666,20210512,   62,    0
 18672, 99666,20210513,  106,    0
 18672, 99666,20210514,  107,    0
 18672, 99666,20210515,   85,    0
 18672, 99666,20210516,-9999,    9
 18672, 99666,20210517,   57,    0
 18672, 99666,20210518,   73,    0
 18672, 99666,20210519,   85,    0
 18672, 99666,20210520,   86,    0
 18672, 99666,20210521,   82,    0
 18672, 99666,20210522,   83,    0
 18672, 99666,20210523,   84,    0
 18672, 99666,20210524,   78,    0
 18672, 99666,20210525,   88,    0
 18672, 99666,20210526,   85,    0
 18672, 99666,20210527,  106,    0
 18672, 99666,20210528,  133,    0
 18672, 99666,20210529,  159,    0
 18672, 99666,20210530,  172,    0
 18672, 99666,20210531,  181,    0
 18672, 99666,20210601,  178,    0
 18672, 99666,20210602,  160,    0
 18672, 99666,20210603,  163,    0
 18672, 99666,20210604,  167,    0
 18672, 99666,20210605,  177,    0
 18672, 99666,20210606,  162,    0
 18672, 99666,20210607,  147,    0
 18672, 99666,20210608,  150,    0
 18672, 99666,20210609,  154,    0
 18672, 99666,20210610,  161,    0
 18672, 99666,20210611,  157,    0
 18672, 99666,20210612,  138,    0
 18672, 99666,20210613,  136,    0
 18672, 99666,20210614,-9999,    9
 18672, 99666,20210615,  130,    0
 18672, 99666,20210616,  127,    0
 18672, 99666,20210617,  157,    0
 18672, 99666,20210618,  171,    0
 18672, 99666,20210619,  127,    0
 18672, 99666,20210620,  128,    0
 18672, 99666,20210621,  128,    0
 18672, 99666,20210622,  126,    0
 18672, 99666,20210623,  152,    0
 18672, 99666,20210624,  151,    0
 18672, 99666,20210625,  142,    0
 18672, 99666,20210626,  170,    0
 18672, 99666,20210627,  145,    0
 18672, 99666,20210628,  148,    0
 18672, 99666,20210629,  147,    0
 18672, 99666,20210630,  146,    0
 18672, 99666,20210701,  173,    0
 18672, 99666,20210702,  192,    0
 18672, 99666,20210703,  205,    0
 18672, 99666,20210704,  188,    0
 18672, 99666,20210705,  176,    0
 18672, 99666,20210706,  163,    0
 18672, 99666,20210707,  151,    0
 18672, 99666,20210708,  163,    0
 18672, 99666,20210709,  157,    0
 18672, 99666,20210710,  134,    0
 18672, 99666,20210711,  158,    0
 18672, 99666,20210712,  165,    0
 18672, 99666,20210713,  186,    0
 18672, 99666,20210714,  193,    0
 18672, 99666,20210715,  208,    0
 18672, 99666,20210716,  186,    0
 18672, 99666,20210717,  195,    0
 18672, 99666,20210718,  159,    0
 18672, 99666,20210719,  157,    0
 18672, 99666,20210720,  169,    0
 18672, 99666,20210721,  160,    0
 18672, 99666,20210722,  186,    0
 18672, 99666,20210723,  187,    0
 18672, 99666,20210724,  198,    0
 18672, 99666,20210725,  207,    0
 18672, 99666,20210726,  191,    0
 18672, 99666,20210727,  160,    0
 18672, 99666,20210728,  158,    0
 18672, 99666,20210729,-9999,    9
 18672, 99666,20210730,  183,    0
 18672, 99666,20210731,-9999,    9
 18672, 99666,20210801,  114,    0
 18672, 99666,20210802,  118,    0
 18672, 99666,20210803,  125,    0
 18672, 99666,20210804,  136,    0
 18672, 99666,20210805,  136,    0
 18672, 99666,20210806,  142,    0
 18672, 99666,20210807,  146,    0
 18672, 99666,20210808,  143,    0
 18672, 99666,20210809,  146,    0
 18672, 99666,20210810,  150,    0
 18672, 99666,20210811,  146,    0
 18672, 99666,20210812,-9999,    9
 18672, 99666,20210813,  147,    0
 18672, 99666,20210814,  128,    0
 18672, 99666,20210815,  128,    0
 18672, 99666,20210816,  116,    0
 18672, 99666,20210817,  141,    0
 18672, 99666,20210818,  123,    0
 18672, 99666,20210819,  129,    0
 18672, 99666,20210820,  121,    0
 18672, 99666,20210821,  120,    0
 18672, 99666,20210822,  126,    0
 18672, 99666,20210823,  140,    0
 18672, 99666,20210824,  144,    0
 18672, 99666,20210825,  159,    0
 18672, 99666,20210826,  119,    0
 18672, 99666,20210827,  126,    0
 18672, 99666,20210828,  143,    0
 18672, 99666,20210829,  152,    0
 18672, 99666,20210830,  155,    0
 18672, 99666,20210831,-9999,    9
 18672, 99666,20210901,  149,    0
 18672, 99666,20210902,  157,    0
 18672, 99666,20210903,  137,    0
 18672, 99666,20210904,  107,    0
 18672, 99666,20210905,  139,    0
 18672, 99666,20210906,  141,    0
 18672, 99666,20210907,  160,    0
 18672, 99666,20210908,-9999,    9
 18672, 99666,20210909,  157,    0
 18672, 99666,20210910,  150,    0
 18672, 99666,20210911,  139,    0
 18672, 99666,20210912,  137,    0
 18672, 99666,20210913,  103,    0
 18672, 99666,20210914,  100,    0
 18672, 99666,20210915,  109,    0
 18672, 99666,20210916,   86,    0
 18672, 99666,20210917,   77,    0
 18672, 99666,20210918,   78,    0
 18672, 99666,20210919,   77,    0
 18672, 99666,20210920,   66,    0
 18672, 99666,20210921,   94,    0
 18672, 99666,20210922,  109,    0
 18672, 99666,20210923,   97,    0
 18672, 99666,20210924,   83,    0
 18672, 99666,20210925,  105,    0
 18672, 99666,20210926,   92,    0
 18672, 99666,20210927,  102,    0
 18672, 99666,20210928,  106,    0
 18672, 99666,20210929,   86,    0
 18672, 99666,20210930,   85,    0
 18672, 99666,20211001,   97,    0
 18672, 99666,20211002,   96,    0
 18672, 99666,20211003,   98,    0
 18672, 99666,20211004,  101,    0
 18672, 99666,20211005,   95,    0
 18672, 99666,20211006,   81,    0
 18672, 99666,20211007,   79,    0
 18672, 99666,20211008,  107,    0
 18672, 99666,20211009,  107,    0
 18672, 99666,20211010,   78,    0
 18672, 99666,20211011,   57,    0
 18672, 99666,20211012,   37,    0
 18672, 99666,20211013,   24,    0
 18672, 99666,20211014,   74,    0
 18672, 99666,20211015,-9999,    9
 18672, 99666,20211016,   53,    0
 18672, 99666,20211017,   19,    0
 18672, 99666,20211018,    3,    0
 18672, 99666,20211019,    2,    0
 18672, 99666,20211020,   51,    0
 18672, 99666,20211021,   47,    0
 18672, 99666,20211022,   46,    0
 18672, 99666,20211023,   43,    0
 18672, 99666,20211024,   61,    0
 18672, 99666,20211025,   77,    0
 18672, 99666,20211026,   58,    0
 18672, 99666,20211027,   80,    0
 18672, 99666,20211028,   97,    0
 18672, 99666,20211029,   88,    0
 18672, 99666,20211030,   85,    0
 18672, 99666,20211031,-9999,    9
 18672, 99666,20211101,-9999,    9
 18672, 99666,20211102,   66,    0
 18672, 99666,20211103,   46,    0
 18672, 99666,20211104,    7,    0
 18672, 99666,20211105,   11,    0
 18672, 99666,20211106,   30,    0
 18672, 99666,20211107,-9999,    9
 18672, 99666,20211108,-9999,    9
 18672, 99666,20211109,   49,    0
 18672, 99666,20211110,   45,    0
 18672, 99666,20211111,   40,    0
 18672, 99666,20211112,   21,    0
 18672, 99666,20211113,    8,    0
 18672, 99666,20211114,  -18,    0
 18672, 99666,20211115,   13,    0
 18672, 99666,20211116,   51,    0
 18672, 99666,20211117,   44,    0
 18672, 99666,20211118,   11,    0
 18672, 99666,20211119,   72,    0
 18672, 99666,20211120,   42,    0
 18672, 99666,20211121,   -3,    0
 18672, 99666,20211122,    5,    0
 18672, 99666,20211123,   36,    0
 18672, 99666,20211124,   53,    0
 18672, 99666,20211125,   -7,    0
 18672, 99666,20211126,  -40,    0
 18672, 99666,20211127,  -51,    0
 18672, 99666,20211128,  -66,    0
 18672, 99666,20211129,  -89,    0
 18672, 99666,20211130,-9999,    9
 18672, 99666,20211201, -101,    0
 18672, 99666,20211202,  -92,    0
 18672, 99666,20211203, -108,    0
 18672, 99666,20211204,  -82,    0
 18672, 99666,20211205,  -87,    0
 18672, 99666,20211206, -121,    0
 18672, 99666,20211207, -105,    0
 18672, 99666,20211208,  -65,    0
 18672, 99666,20211209,  -33,    0
 18672, 99666,20211210,  -35,    0
 18672, 99666,20211211,  -22,    0
 18672, 99666,20211212,  -14,    0
 18672, 99666,20211213,   -2,    0
 18672, 99666,20211214,  -13,    0
 18672, 99666,20211215,   26,    0
 18672, 99666,20211216,   39,    0
 18672, 99666,20211217,   17,    0
 18672, 99666,20211218,   66,    0
 18672, 99666,20211219,   25,    0
 18672, 99666,20211220,  -17,    0
 18672, 99666,20211221,  -59,    0
 18672, 99666,20211222,  -40,    0
 18672, 99666,20211223,  -64,    0
 18672, 99666,20211224,  -94,    0
 18672, 99666,20211225,  -71,    0
 18672, 99666,20211226,  -67,    0
 18672, 99666,20211227,  -94,    0
 18672, 99666,20211228,  -84,    0
 18672, 99666,20211229,  -84,    0
 18672, 99666,20211230,  -40,    0
 18672, 99666,20211231,  -38,    0
 18672, 99666,20220101,  -35,    0
 18672, 99666,20220102,  -23,    0
 18672, 99666,20220103,  -21,    0
 18672, 99666,20220104,  -43,    0
 18672, 99666,20220105,  -65,    0
 18672, 99666,20220106,  -93,    0
 18672, 99666,20220107,  -95,    0
 18672, 99666,20220108,  -69,    0
 18672, 99666,20220109,  -43,    0
 18672, 99666,20220110,  -38,    0
 18672, 99666,20220111,  -10,    0
 18672, 99666,20220112,   -2,    0
 18672, 99666,20220113,   65,    0
 18672, 99666,20220114,   18,    0
 18672, 99666,20220115,  -28,    0
 18672, 99666,20220116,    9,    0
 18672, 99666,20220117,   -8,    0
 18672, 99666,20220118,-9999,    9
 18672, 99666,20220119,    1,    0
 18672, 99666,20220120,  -29,    0
 18672, 99666,20220121,   -6,    0
 18672, 99666,20220122,  -27,    0
 18672, 99666,20220123,    4,    0
 18672, 99666,20220124,   13,    0
 18672, 99666,20220125,    9,    0
 18672, 99666,20220126,   19,    0
 18672, 99666,20220127,   18,    0
 18672, 99666,20220128,   -7,    0
 18672, 99666,20220129,   19,    0
 18672, 99666,20220130,    5,    0
 18672, 99666,20220131,  -63,    0
 18672, 99666,20220201,-9999,    9
 18672, 99666,20220202,-9999,    9
 18672, 99666,20220203,  -65,    0
 18672, 99666,20220204,  -10,    0
 18672, 99666,20220205,   -7,    0
 18672, 99666,20220206,  -12,    0
 18672, 99666,20220207,   15,    0
 18672, 99666,20220208,   16,    0
 18672, 99666,20220209,   -3,    0
 18672, 99666,20220210,   -4,    0
 18672, 99666,20220211,  -28,    0
 18672, 99666,20220212,    7,    0
 18672, 99666,20220213,   23,    0
 18672, 99666,20220214,   -3,    0
 18672, 99666,20220215,  -12,    0
 18672, 99666,20220216,  -13,    0
 18672, 99666,20220217,  -17,    0
 18672, 99666,20220218,   -5,    0
 18672, 99666,20220219,  -33,    0
 18672, 99666,20220220,  -39,    0
 18672, 99666,20220221,  -25,    0
 18672, 99666,20220222,  -41,    0
 18672, 99666,20220223,  -15,    0
 18672, 99666,20220224,   -5,    0
 18672, 99666,20220225,  -18,    0
 18672, 99666,20220226,  -23,    0
 18672, 99666,20220227,    8,    0
 18672, 99666,20220228,   -5,    0
 18672, 99666,20220301,   25,    0
 18672, 99666,20220302,   31,    0
 18672, 99666,20220303,-9999,    9
 18672, 99666,20220304,  -30,    0
 18672, 99666,20220305,  -31,    0
 18672, 99666,20220306,   -8,    0
 18672, 99666,20220307,   17,    0
 18672, 99666,20220308,  -24,    0
 18672, 99666,20220309,  -51,    0
 18672, 99666,20220310,  -20,    0
 18672, 99666,20220311,  -12,    0
 18672, 99666,20220312,  -28,    0
 18672, 99666,20220313,   -8,    0
 18672, 99666,20220314,    5,    0
 18672, 99666,20220315,   -7,    0
 18672, 99666,20220316,   -8,    0
 18672, 99666,20220317,   -2,    0
 18672, 99666,20220318,   14,    0
 18672, 99666,20220319,   27,    0
 18672, 99666,20220320,   22,    0
 18672, 99666,20220321,   17,    0
 18672, 99666,20220322,   25,    0
 18672, 99666,20220323,   21,    0
 18672, 99666,20220324,   65,    0
 18672, 99666,20220325,   83,    0
 18672, 99666,20220326,   49,    0
 18672, 99666,20220327,-9999,    9
 18672, 99666,20220328,   55,    0
 18672, 99666,20220329,  -14,    0
 18672, 99666,20220330,  -29,    0
 18672, 99666,20220331,  -18,    0
 18672, 99666,20220401,  -26,    0
 18672, 99666,20220402,   -8,    0
 18672, 99666,20220403,   20,    0
 18672, 99666,20220404,   -3,    0
 18672, 99666,20220405,-9999,    9
 18672, 99666,20220406,  -10,    0
 18672, 99666,20220407,   -7,    0
 18672, 99666,20220408,   -5,    0
 18672, 99666,20220409,   23,    0
 18672, 99666,20220410,   44,    0
 18672, 99666,20220411,   30,    0
 18672, 99666,20220412,   27,    0
 18672, 99666,20220413,   15,    0
 18672, 99666,20220414,   20,    0
 18672, 99666,20220415,   52,    0
 18672, 99666,20220416,   51,    0
 18672, 99666,20220417,   44,    0
 18672, 99666,20220418,   44,    0
 18672, 99666,20220419,   79,    0
 18672, 99666,20220420,  102,    0
 18672, 99666,20220421,  112,    0
 18672, 99666,20220422,  114,    0
 18672, 99666,20220423,   78,    0
 18672, 99666,20220424,   63,    0
 18672, 99666,20220425,   79,    0
 18672, 99666,20220426,   51,    0
 18672, 99666,20220427,   30,    0
 18672, 99666,20220428,   65,    0
 18672, 99666,20220429,   61,    0
 18672, 99666,20220430,   64,    0
 18672, 99666,20220501,-9999,    9
 18672, 99666,20220502,-9999,    9
 18672, 99666,20220503,-9999,    9
 18672, 99666,20220504,-9999,    9
 18672, 99666,20220505,-9999,    9
 18672, 99666,20220506,-9999,    9
 18672, 99666,20220507,-9999,    9
 18672, 99666,20220508,-9999,    9
 18672, 99666,20220509,-9999,    9
 18672, 99666,20220510,-9999,    9
 18672, 99666,20220511,-9999,    9
 18672, 99666,20220512,-9999,    9
 18672, 99666,20220513,-9999,    9
 18672, 99666,20220514,-9999,    9
 18672, 99666,20220515,  106,    0
 18672, 99666,20220516,   89,    0
 18672, 99666,20220517,   99,    0
 18672, 99666,20220518,   90,    0
 18672, 99666,20220519,-9999,    9
 18672, 99666,20220520,-9999,    9
 18672, 99666,20220521,   84,    0
 18672, 99666,20220522,  102,    0
 18672, 99666,20220523,  107,    0
 18672, 99666,20220524,  101,    0
 18672, 99666,20220525,  102,    0
 18672, 99666,20220526,   95,    0
 18672, 99666,20220527,   69,    0
 18672, 99666,20220528,  111,    0
 18672, 99666,20220529,   68,    0
 18672, 99666,20220530,   94,    0
 18672, 99666,20220531,   97,    0
 18672, 99666,20220601,   96,    0
 18672, 99666,20220602,   94,    0
 18672, 99666,20220603,  106,    0
 18672, 99666,20220604,  138,    0
 18672, 99666,20220605,  140,    0
 18672, 99666,20220606,  162,    0
 18672, 99666,20220607,  144,    0
 18672, 99666,20220608,  122,    0
 18672, 99666,20220609,  126,    0
 18672, 99666,20220610,  134,    0
 18672, 99666,20220611,  128,    0
 18672, 99666,20220612,-9999,    9
 18672, 99666,20220613,-9999,    9
 18672, 99666,20220614,  144,    0
 18672, 99666,20220615,  141,    0
 18672, 99666,20220616,  157,    0
 18672, 99666,20220617,  144,    0
 18672, 99666,20220618,  131,    0
 18672, 99666,20220619,  114,    0
 18672, 99666,20220620,  149,    0
 18672, 99666,20220621,  140,    0
 18672, 99666,20220622,  155,    0
 18672, 99666,20220623,  172,    0
 18672, 99666,20220624,  184,    0
 18672, 99666,20220625,  203,    0
 18672, 99666,20220626,  178,    0
 18672, 99666,20220627,  154,    0
 18672, 99666,20220628,  163,    0
 18672, 99666,20220629,  164,    0
 18672, 99666,20220630,  186,    0
 18672, 99666,20220701,  185,    0
 18672, 99666,20220702,  159,    0
 18672, 99666,20220703,  138,    0
 18672, 99666,20220704,  126,    0
 18672, 99666,20220705,  131,    0
 18672, 99666,20220706,  117,    0
 18672, 99666,20220707,  144,    0
 18672, 99666,20220708,  149,    0
 18672, 99666,20220709,  137,    0
 18672, 99666,20220710,  144,    0
 18672, 99666,20220711,  153,    0
 18672, 99666,20220712,  159,    0
 18672, 99666,20220713,  150,    0
 18672, 99666,20220714,  129,    0
 18672, 99666,20220715,  129,    0
 18672, 99666,20220716,  142,    0
 18672, 99666,20220717,  140,    0
 18672, 99666,20220718,  161,    0
 18672, 99666,20220719,  173,    0
 18672, 99666,20220720,  188,    0
 18672, 99666,20220721,  194,    0
 18672, 99666,20220722,  152,    0
 18672, 99666,20220723,  147,    0
 18672, 99666,20220724,  137,    0
 18672, 99666,20220725,  145,    0
 18672, 99666,20220726,  150,    0
 18672, 99666,20220727,  155,    0
 18672, 99666,20220728,  148,    0
 18672, 99666,20220729,  165,    0
 18672, 99666,20220730,  158,    0
 18672, 99666,20220731,  146,    0
 18672, 99666,20220801,  145,    0
 18672, 99666,20220802,  115,    0
 18672, 99666,20220803,  166,    0
 18672, 99666,20220804,  140,    0
 18672, 99666,20220805,  135,    0
 18672, 99666,20220806,  130,    0
 18672, 99666,20220807,  121,    0
 18672, 99666,20220808,  144,    0
 18672, 99666,20220809,-9999,    9
 18672, 99666,20220810,  185,    0
 18672, 99666,20220811,  192,    0
 18672, 99666,20220812,  182,    0
 18672, 99666,20220813,  175,    0
 18672, 99666,20220814,  188,    0
 18672, 99666,20220815,-9999,    9
 18672, 99666,20220816,  175,    0
 18672, 99666,20220817,-9999,    9
 18672, 99666,20220818,  135,    0
 18672, 99666,20220819,  154,    0
 18672, 99666,20220820,  157,    0
 18672, 99666,20220821,  127,    0
 18672, 99666,20220822,  125,    0
 18672, 99666,20220823,  128,    0
 18672, 99666,20220824,  147,    0
 18672, 99666,20220825,  171,    0
 18672, 99666,20220826,  153,    0
 18672, 99666,20220827,  158,    0
 18672, 99666,20220828,  137,    0
 18672, 99666,20220829,  125,    0
 18672, 99666,20220830,  112,    0
 18672, 99666,20220831,  113,    0
 18672, 99666,20220901,  118,    0
 18672, 99666,20220902,  109,    0
 18672, 99666,20220903,  108,    0
 18672, 99666,20220904,  100,    0
 18672, 99666,20220905,  121,    0
 18672, 99666,20220906,  118,    0
 18672, 99666,20220907,  114,    0
 18672, 99666,20220908,  107,    0
 18672, 99666,20220909,  104,    0
 18672, 99666,20220910,   95,    0
 18672, 99666,20220911,  113,    0
 18672, 99666,20220912,  114,    0
 18672, 99666,20220913,  103,    0
 18672, 99666,20220914,  100,    0
 18672, 99666,20220915,  100,    0
 18672, 99666,20220916,  110,    0
 18672, 99666,20220917,  108,    0
 18672, 99666,20220918,   97,    0
 18672, 99666,20220919,   85,    0
 18672, 99666,20220920,   66,    0
 18672, 99666,20220921,   65,    0
 18672, 99666,20220922,   86,    0
 18672, 99666,20220923,  100,    0
 18672, 99666,20220924,   87,    0
 18672, 99666,20220925,   76,    0
 18672, 99666,20220926,   73,    0
 18672, 99666,20220927,   84,    0
 18672, 99666,20220928,   93,    0
 18672, 99666,20220929,   64,    0
 18672, 99666,20220930,   65,    0
 18672, 99666,20221001,   78,    0
 18672, 99666,20221002,   73,    0
 18672, 99666,20221003,   75,    0
 18672, 99666,20221004,   69,    0
 18672, 99666,20221005,  111,    0
 18672, 99666,20221006,   86,    0
 18672, 99666,20221007,   90,    0
 18672, 99666,20221008,   71,    0
 18672, 99666,20221009,   77,    0
 18672, 99666,20221010,   76,    0
 18672, 99666,20221011,   58,    0
 18672, 99666,20221012,   57,    0
 18672, 99666,20221013,   80,    0
 18672, 99666,20221014,   63,    0
 18672, 99666,20221015,   72,    0
 18672, 99666,20221016,   42,    0
 18672, 99666,20221017,   41,    0
 18672, 99666,20221018,   45,    0
 18672, 99666,20221019,   11,    0
 18672, 99666,20221020,    5,    0
 18672, 99666,20221021,    7,    0
 18672, 99666,20221022,   13,    0
 18672, 99666,20221023,   15,    0
 18672, 99666,20221024,   39,    0
 18672, 99666,20221025,   46,    0
 18672, 99666,20221026,   37,    0
 18672, 99666,20221027,   74,    0
 18672, 99666,20221028,   87,    0
 18672, 99666,20221029,   85,    0
 18672, 99666,20221030,-9999,    9
 18672, 99666,20221031,   69,    0
