EUROPEAN CLIMATE ASSESSMENT & DATASET (ECA&D), file created on: 16-11-2022
THESE DATA CAN BE USED FOR NON-COMMERCIAL RESEARCH AND EDUCATION PROVIDED THAT THE FOLLOWING SOURCE IS ACKNOWLEDGED: 

Klein Tank, A.M.G. and Coauthors, 2002. Daily dataset of 20th-century surface
air temperature and precipitation series for the European Climate Assessment.
Int. J. of Climatol., 22, 1441-1453.
Data and metadata available at http://www.ecad.eu

FILE FORMAT (MISSING VALUE CODE = -9999):

01-06 STAID: Station identifier
08-13 SOUID: Source identifier
15-22 DATE : Date YYYYMMDD
24-28 TG   : Mean temperature in 0.1 &#176;C
30-34 Q_TG : quality code for TG (0='valid'; 1='suspect'; 9='missing')

This is the blended series of station SKARDSBOEFJELLET, NORWAY (STAID: 20063)
Blended and updated with sources:106019 
See files sources.txt and stations.txt for more info.

STAID, SOUID,    DATE,   TG, Q_TG
 20063,106019,20190901,-9999,    9
 20063,106019,20190902,-9999,    9
 20063,106019,20190903,-9999,    9
 20063,106019,20190904,-9999,    9
 20063,106019,20190905,-9999,    9
 20063,106019,20190906,-9999,    9
 20063,106019,20190907,-9999,    9
 20063,106019,20190908,-9999,    9
 20063,106019,20190909,-9999,    9
 20063,106019,20190910,-9999,    9
 20063,106019,20190911,-9999,    9
 20063,106019,20190912,-9999,    9
 20063,106019,20190913,-9999,    9
 20063,106019,20190914,-9999,    9
 20063,106019,20190915,-9999,    9
 20063,106019,20190916,-9999,    9
 20063,106019,20190917,-9999,    9
 20063,106019,20190918,-9999,    9
 20063,106019,20190919,-9999,    9
 20063,106019,20190920,-9999,    9
 20063,106019,20190921,-9999,    9
 20063,106019,20190922,-9999,    9
 20063,106019,20190923,-9999,    9
 20063,106019,20190924,-9999,    9
 20063,106019,20190925,-9999,    9
 20063,106019,20190926,-9999,    9
 20063,106019,20190927,-9999,    9
 20063,106019,20190928,-9999,    9
 20063,106019,20190929,   71,    0
 20063,106019,20190930,-9999,    9
 20063,106019,20191001,-9999,    9
 20063,106019,20191002,-9999,    9
 20063,106019,20191003,-9999,    9
 20063,106019,20191004,-9999,    9
 20063,106019,20191005,-9999,    9
 20063,106019,20191006,-9999,    9
 20063,106019,20191007,-9999,    9
 20063,106019,20191008,-9999,    9
 20063,106019,20191009,-9999,    9
 20063,106019,20191010,-9999,    9
 20063,106019,20191011,   18,    0
 20063,106019,20191012,   26,    0
 20063,106019,20191013,   22,    0
 20063,106019,20191014,   17,    0
 20063,106019,20191015,-9999,    9
 20063,106019,20191016,-9999,    9
 20063,106019,20191017,   42,    0
 20063,106019,20191018,   34,    0
 20063,106019,20191019,   27,    0
 20063,106019,20191020,   23,    0
 20063,106019,20191021,   17,    0
 20063,106019,20191022,   38,    0
 20063,106019,20191023,-9999,    9
 20063,106019,20191024,-9999,    9
 20063,106019,20191025,   12,    0
 20063,106019,20191026,    0,    0
 20063,106019,20191027,   -5,    0
 20063,106019,20191028,  -12,    0
 20063,106019,20191029,  -10,    0
 20063,106019,20191030,   -1,    0
 20063,106019,20191031,    5,    0
 20063,106019,20191101,   -5,    0
 20063,106019,20191102,  -10,    0
 20063,106019,20191103,  -27,    0
 20063,106019,20191104,  -29,    0
 20063,106019,20191105,  -21,    0
 20063,106019,20191106,-9999,    9
 20063,106019,20191107,-9999,    9
 20063,106019,20191108,-9999,    9
 20063,106019,20191109,-9999,    9
 20063,106019,20191110,-9999,    9
 20063,106019,20191111,-9999,    9
 20063,106019,20191112,-9999,    9
 20063,106019,20191113,-9999,    9
 20063,106019,20191114,-9999,    9
 20063,106019,20191115,-9999,    9
 20063,106019,20191116,-9999,    9
 20063,106019,20191117,-9999,    9
 20063,106019,20191118,-9999,    9
 20063,106019,20191119,-9999,    9
 20063,106019,20191120,-9999,    9
 20063,106019,20191121,-9999,    9
 20063,106019,20191122,-9999,    9
 20063,106019,20191123,-9999,    9
 20063,106019,20191124,-9999,    9
 20063,106019,20191125,-9999,    9
 20063,106019,20191126,-9999,    9
 20063,106019,20191127,-9999,    9
 20063,106019,20191128,-9999,    9
 20063,106019,20191129,-9999,    9
 20063,106019,20191130,-9999,    9
 20063,106019,20191201,-9999,    9
 20063,106019,20191202,-9999,    9
 20063,106019,20191203,-9999,    9
 20063,106019,20191204,-9999,    9
 20063,106019,20191205,-9999,    9
 20063,106019,20191206,-9999,    9
 20063,106019,20191207,-9999,    9
 20063,106019,20191208,-9999,    9
 20063,106019,20191209,-9999,    9
 20063,106019,20191210,-9999,    9
 20063,106019,20191211,-9999,    9
 20063,106019,20191212,-9999,    9
 20063,106019,20191213,-9999,    9
 20063,106019,20191214,-9999,    9
 20063,106019,20191215,-9999,    9
 20063,106019,20191216,-9999,    9
 20063,106019,20191217,-9999,    9
 20063,106019,20191218,-9999,    9
 20063,106019,20191219,-9999,    9
 20063,106019,20191220,-9999,    9
 20063,106019,20191221,-9999,    9
 20063,106019,20191222,-9999,    9
 20063,106019,20191223,-9999,    9
 20063,106019,20191224,-9999,    9
 20063,106019,20191225,-9999,    9
 20063,106019,20191226,-9999,    9
 20063,106019,20191227,-9999,    9
 20063,106019,20191228,-9999,    9
 20063,106019,20191229,-9999,    9
 20063,106019,20191230,-9999,    9
 20063,106019,20191231,-9999,    9
 20063,106019,20200101,-9999,    9
 20063,106019,20200102,-9999,    9
 20063,106019,20200103,-9999,    9
 20063,106019,20200104,-9999,    9
 20063,106019,20200105,-9999,    9
 20063,106019,20200106,-9999,    9
 20063,106019,20200107,-9999,    9
 20063,106019,20200108,-9999,    9
 20063,106019,20200109,-9999,    9
 20063,106019,20200110,-9999,    9
 20063,106019,20200111,-9999,    9
 20063,106019,20200112,-9999,    9
 20063,106019,20200113,-9999,    9
 20063,106019,20200114,-9999,    9
 20063,106019,20200115,-9999,    9
 20063,106019,20200116,-9999,    9
 20063,106019,20200117,-9999,    9
 20063,106019,20200118,-9999,    9
 20063,106019,20200119,-9999,    9
 20063,106019,20200120,-9999,    9
 20063,106019,20200121,-9999,    9
 20063,106019,20200122,-9999,    9
 20063,106019,20200123,-9999,    9
 20063,106019,20200124,-9999,    9
 20063,106019,20200125,-9999,    9
 20063,106019,20200126,-9999,    9
 20063,106019,20200127,-9999,    9
 20063,106019,20200128,-9999,    9
 20063,106019,20200129,-9999,    9
 20063,106019,20200130,-9999,    9
 20063,106019,20200131,-9999,    9
 20063,106019,20200201,-9999,    9
 20063,106019,20200202,-9999,    9
 20063,106019,20200203,-9999,    9
 20063,106019,20200204,-9999,    9
 20063,106019,20200205,-9999,    9
 20063,106019,20200206,-9999,    9
 20063,106019,20200207,-9999,    9
 20063,106019,20200208,-9999,    9
 20063,106019,20200209,-9999,    9
 20063,106019,20200210,-9999,    9
 20063,106019,20200211,-9999,    9
 20063,106019,20200212,-9999,    9
 20063,106019,20200213,-9999,    9
 20063,106019,20200214,-9999,    9
 20063,106019,20200215,-9999,    9
 20063,106019,20200216,-9999,    9
 20063,106019,20200217,-9999,    9
 20063,106019,20200218,-9999,    9
 20063,106019,20200219,-9999,    9
 20063,106019,20200220,-9999,    9
 20063,106019,20200221,-9999,    9
 20063,106019,20200222,-9999,    9
 20063,106019,20200223,-9999,    9
 20063,106019,20200224,-9999,    9
 20063,106019,20200225,-9999,    9
 20063,106019,20200226,-9999,    9
 20063,106019,20200227,-9999,    9
 20063,106019,20200228,-9999,    9
 20063,106019,20200229,-9999,    9
 20063,106019,20200301,-9999,    9
 20063,106019,20200302,-9999,    9
 20063,106019,20200303,-9999,    9
 20063,106019,20200304,-9999,    9
 20063,106019,20200305,-9999,    9
 20063,106019,20200306,-9999,    9
 20063,106019,20200307,-9999,    9
 20063,106019,20200308,-9999,    9
 20063,106019,20200309,-9999,    9
 20063,106019,20200310,-9999,    9
 20063,106019,20200311,-9999,    9
 20063,106019,20200312,-9999,    9
 20063,106019,20200313,-9999,    9
 20063,106019,20200314,-9999,    9
 20063,106019,20200315,-9999,    9
 20063,106019,20200316,-9999,    9
 20063,106019,20200317,-9999,    9
 20063,106019,20200318,-9999,    9
 20063,106019,20200319,-9999,    9
 20063,106019,20200320,-9999,    9
 20063,106019,20200321,-9999,    9
 20063,106019,20200322,-9999,    9
 20063,106019,20200323,-9999,    9
 20063,106019,20200324,-9999,    9
 20063,106019,20200325,-9999,    9
 20063,106019,20200326,-9999,    9
 20063,106019,20200327,-9999,    9
 20063,106019,20200328,-9999,    9
 20063,106019,20200329,-9999,    9
 20063,106019,20200330,-9999,    9
 20063,106019,20200331,-9999,    9
 20063,106019,20200401,-9999,    9
 20063,106019,20200402,-9999,    9
 20063,106019,20200403,-9999,    9
 20063,106019,20200404,-9999,    9
 20063,106019,20200405,-9999,    9
 20063,106019,20200406,-9999,    9
 20063,106019,20200407,-9999,    9
 20063,106019,20200408,-9999,    9
 20063,106019,20200409,-9999,    9
 20063,106019,20200410,-9999,    9
 20063,106019,20200411,-9999,    9
 20063,106019,20200412,-9999,    9
 20063,106019,20200413,-9999,    9
 20063,106019,20200414,-9999,    9
 20063,106019,20200415,-9999,    9
 20063,106019,20200416,-9999,    9
 20063,106019,20200417,-9999,    9
 20063,106019,20200418,-9999,    9
 20063,106019,20200419,-9999,    9
 20063,106019,20200420,-9999,    9
 20063,106019,20200421,-9999,    9
 20063,106019,20200422,-9999,    9
 20063,106019,20200423,-9999,    9
 20063,106019,20200424,-9999,    9
 20063,106019,20200425,-9999,    9
 20063,106019,20200426,-9999,    9
 20063,106019,20200427,-9999,    9
 20063,106019,20200428,-9999,    9
 20063,106019,20200429,-9999,    9
 20063,106019,20200430,-9999,    9
 20063,106019,20200501,-9999,    9
 20063,106019,20200502,-9999,    9
 20063,106019,20200503,-9999,    9
 20063,106019,20200504,-9999,    9
 20063,106019,20200505,-9999,    9
 20063,106019,20200506,-9999,    9
 20063,106019,20200507,-9999,    9
 20063,106019,20200508,-9999,    9
 20063,106019,20200509,-9999,    9
 20063,106019,20200510,-9999,    9
 20063,106019,20200511,-9999,    9
 20063,106019,20200512,-9999,    9
 20063,106019,20200513,-9999,    9
 20063,106019,20200514,-9999,    9
 20063,106019,20200515,-9999,    9
 20063,106019,20200516,-9999,    9
 20063,106019,20200517,-9999,    9
 20063,106019,20200518,-9999,    9
 20063,106019,20200519,-9999,    9
 20063,106019,20200520,-9999,    9
 20063,106019,20200521,-9999,    9
 20063,106019,20200522,-9999,    9
 20063,106019,20200523,-9999,    9
 20063,106019,20200524,-9999,    9
 20063,106019,20200525,-9999,    9
 20063,106019,20200526,-9999,    9
 20063,106019,20200527,-9999,    9
 20063,106019,20200528,-9999,    9
 20063,106019,20200529,-9999,    9
 20063,106019,20200530,-9999,    9
 20063,106019,20200531,-9999,    9
 20063,106019,20200601,-9999,    9
 20063,106019,20200602,-9999,    9
 20063,106019,20200603,-9999,    9
 20063,106019,20200604,-9999,    9
 20063,106019,20200605,-9999,    9
 20063,106019,20200606,-9999,    9
 20063,106019,20200607,-9999,    9
 20063,106019,20200608,-9999,    9
 20063,106019,20200609,-9999,    9
 20063,106019,20200610,-9999,    9
 20063,106019,20200611,-9999,    9
 20063,106019,20200612,-9999,    9
 20063,106019,20200613,-9999,    9
 20063,106019,20200614,-9999,    9
 20063,106019,20200615,-9999,    9
 20063,106019,20200616,-9999,    9
 20063,106019,20200617,-9999,    9
 20063,106019,20200618,-9999,    9
 20063,106019,20200619,-9999,    9
 20063,106019,20200620,-9999,    9
 20063,106019,20200621,-9999,    9
 20063,106019,20200622,-9999,    9
 20063,106019,20200623,-9999,    9
 20063,106019,20200624,-9999,    9
 20063,106019,20200625,-9999,    9
 20063,106019,20200626,-9999,    9
 20063,106019,20200627,-9999,    9
 20063,106019,20200628,-9999,    9
 20063,106019,20200629,-9999,    9
 20063,106019,20200630,-9999,    9
 20063,106019,20200701,-9999,    9
 20063,106019,20200702,-9999,    9
 20063,106019,20200703,-9999,    9
 20063,106019,20200704,-9999,    9
 20063,106019,20200705,-9999,    9
 20063,106019,20200706,-9999,    9
 20063,106019,20200707,-9999,    9
 20063,106019,20200708,-9999,    9
 20063,106019,20200709,-9999,    9
 20063,106019,20200710,-9999,    9
 20063,106019,20200711,-9999,    9
 20063,106019,20200712,-9999,    9
 20063,106019,20200713,-9999,    9
 20063,106019,20200714,-9999,    9
 20063,106019,20200715,-9999,    9
 20063,106019,20200716,-9999,    9
 20063,106019,20200717,-9999,    9
 20063,106019,20200718,-9999,    9
 20063,106019,20200719,-9999,    9
 20063,106019,20200720,-9999,    9
 20063,106019,20200721,-9999,    9
 20063,106019,20200722,-9999,    9
 20063,106019,20200723,-9999,    9
 20063,106019,20200724,-9999,    9
 20063,106019,20200725,-9999,    9
 20063,106019,20200726,-9999,    9
 20063,106019,20200727,-9999,    9
 20063,106019,20200728,-9999,    9
 20063,106019,20200729,-9999,    9
 20063,106019,20200730,-9999,    9
 20063,106019,20200731,-9999,    9
 20063,106019,20200801,-9999,    9
 20063,106019,20200802,-9999,    9
 20063,106019,20200803,-9999,    9
 20063,106019,20200804,-9999,    9
 20063,106019,20200805,-9999,    9
 20063,106019,20200806,-9999,    9
 20063,106019,20200807,-9999,    9
 20063,106019,20200808,-9999,    9
 20063,106019,20200809,-9999,    9
 20063,106019,20200810,-9999,    9
 20063,106019,20200811,-9999,    9
 20063,106019,20200812,-9999,    9
 20063,106019,20200813,-9999,    9
 20063,106019,20200814,-9999,    9
 20063,106019,20200815,-9999,    9
 20063,106019,20200816,-9999,    9
 20063,106019,20200817,-9999,    9
 20063,106019,20200818,-9999,    9
 20063,106019,20200819,-9999,    9
 20063,106019,20200820,-9999,    9
 20063,106019,20200821,-9999,    9
 20063,106019,20200822,-9999,    9
 20063,106019,20200823,-9999,    9
 20063,106019,20200824,-9999,    9
 20063,106019,20200825,-9999,    9
 20063,106019,20200826,-9999,    9
 20063,106019,20200827,-9999,    9
 20063,106019,20200828,-9999,    9
 20063,106019,20200829,-9999,    9
 20063,106019,20200830,-9999,    9
 20063,106019,20200831,-9999,    9
 20063,106019,20200901,-9999,    9
 20063,106019,20200902,-9999,    9
 20063,106019,20200903,-9999,    9
 20063,106019,20200904,-9999,    9
 20063,106019,20200905,-9999,    9
 20063,106019,20200906,-9999,    9
 20063,106019,20200907,-9999,    9
 20063,106019,20200908,-9999,    9
 20063,106019,20200909,-9999,    9
 20063,106019,20200910,-9999,    9
 20063,106019,20200911,-9999,    9
 20063,106019,20200912,-9999,    9
 20063,106019,20200913,-9999,    9
 20063,106019,20200914,-9999,    9
 20063,106019,20200915,-9999,    9
 20063,106019,20200916,-9999,    9
 20063,106019,20200917,-9999,    9
 20063,106019,20200918,-9999,    9
 20063,106019,20200919,-9999,    9
 20063,106019,20200920,-9999,    9
 20063,106019,20200921,-9999,    9
 20063,106019,20200922,-9999,    9
 20063,106019,20200923,-9999,    9
 20063,106019,20200924,-9999,    9
 20063,106019,20200925,-9999,    9
 20063,106019,20200926,-9999,    9
 20063,106019,20200927,-9999,    9
 20063,106019,20200928,-9999,    9
 20063,106019,20200929,-9999,    9
 20063,106019,20200930,-9999,    9
 20063,106019,20201001,-9999,    9
 20063,106019,20201002,-9999,    9
 20063,106019,20201003,-9999,    9
 20063,106019,20201004,-9999,    9
 20063,106019,20201005,-9999,    9
 20063,106019,20201006,-9999,    9
 20063,106019,20201007,-9999,    9
 20063,106019,20201008,-9999,    9
 20063,106019,20201009,-9999,    9
 20063,106019,20201010,-9999,    9
 20063,106019,20201011,-9999,    9
 20063,106019,20201012,-9999,    9
 20063,106019,20201013,-9999,    9
 20063,106019,20201014,-9999,    9
 20063,106019,20201015,-9999,    9
 20063,106019,20201016,-9999,    9
 20063,106019,20201017,-9999,    9
 20063,106019,20201018,-9999,    9
 20063,106019,20201019,-9999,    9
 20063,106019,20201020,-9999,    9
 20063,106019,20201021,-9999,    9
 20063,106019,20201022,-9999,    9
 20063,106019,20201023,-9999,    9
 20063,106019,20201024,-9999,    9
 20063,106019,20201025,-9999,    9
 20063,106019,20201026,-9999,    9
 20063,106019,20201027,-9999,    9
 20063,106019,20201028,-9999,    9
 20063,106019,20201029,-9999,    9
 20063,106019,20201030,-9999,    9
 20063,106019,20201031,-9999,    9
 20063,106019,20201101,-9999,    9
 20063,106019,20201102,-9999,    9
 20063,106019,20201103,-9999,    9
 20063,106019,20201104,-9999,    9
 20063,106019,20201105,-9999,    9
 20063,106019,20201106,-9999,    9
 20063,106019,20201107,-9999,    9
 20063,106019,20201108,-9999,    9
 20063,106019,20201109,-9999,    9
 20063,106019,20201110,-9999,    9
 20063,106019,20201111,-9999,    9
 20063,106019,20201112,-9999,    9
 20063,106019,20201113,-9999,    9
 20063,106019,20201114,-9999,    9
 20063,106019,20201115,-9999,    9
 20063,106019,20201116,-9999,    9
 20063,106019,20201117,-9999,    9
 20063,106019,20201118,-9999,    9
 20063,106019,20201119,-9999,    9
 20063,106019,20201120,-9999,    9
 20063,106019,20201121,-9999,    9
 20063,106019,20201122,-9999,    9
 20063,106019,20201123,-9999,    9
 20063,106019,20201124,-9999,    9
 20063,106019,20201125,-9999,    9
 20063,106019,20201126,-9999,    9
 20063,106019,20201127,-9999,    9
 20063,106019,20201128,-9999,    9
 20063,106019,20201129,-9999,    9
 20063,106019,20201130,-9999,    9
 20063,106019,20201201,-9999,    9
 20063,106019,20201202,-9999,    9
 20063,106019,20201203,-9999,    9
 20063,106019,20201204,-9999,    9
 20063,106019,20201205,-9999,    9
 20063,106019,20201206,-9999,    9
 20063,106019,20201207,-9999,    9
 20063,106019,20201208,-9999,    9
 20063,106019,20201209,-9999,    9
 20063,106019,20201210,-9999,    9
 20063,106019,20201211,-9999,    9
 20063,106019,20201212,-9999,    9
 20063,106019,20201213,-9999,    9
 20063,106019,20201214,-9999,    9
 20063,106019,20201215,-9999,    9
 20063,106019,20201216,-9999,    9
 20063,106019,20201217,-9999,    9
 20063,106019,20201218,-9999,    9
 20063,106019,20201219,-9999,    9
 20063,106019,20201220,-9999,    9
 20063,106019,20201221,-9999,    9
 20063,106019,20201222,-9999,    9
 20063,106019,20201223,-9999,    9
 20063,106019,20201224,-9999,    9
 20063,106019,20201225,-9999,    9
 20063,106019,20201226,-9999,    9
 20063,106019,20201227,-9999,    9
 20063,106019,20201228,-9999,    9
 20063,106019,20201229,-9999,    9
 20063,106019,20201230,-9999,    9
 20063,106019,20201231,-9999,    9
 20063,106019,20210101,-9999,    9
 20063,106019,20210102,-9999,    9
 20063,106019,20210103,-9999,    9
 20063,106019,20210104,-9999,    9
 20063,106019,20210105,-9999,    9
 20063,106019,20210106,-9999,    9
 20063,106019,20210107,-9999,    9
 20063,106019,20210108,-9999,    9
 20063,106019,20210109,-9999,    9
 20063,106019,20210110,-9999,    9
 20063,106019,20210111,-9999,    9
 20063,106019,20210112,-9999,    9
 20063,106019,20210113,-9999,    9
 20063,106019,20210114,-9999,    9
 20063,106019,20210115,-9999,    9
 20063,106019,20210116,-9999,    9
 20063,106019,20210117,-9999,    9
 20063,106019,20210118,-9999,    9
 20063,106019,20210119,-9999,    9
 20063,106019,20210120,-9999,    9
 20063,106019,20210121,-9999,    9
 20063,106019,20210122,-9999,    9
 20063,106019,20210123,-9999,    9
 20063,106019,20210124,-9999,    9
 20063,106019,20210125,-9999,    9
 20063,106019,20210126,-9999,    9
 20063,106019,20210127,-9999,    9
 20063,106019,20210128,-9999,    9
 20063,106019,20210129,-9999,    9
 20063,106019,20210130,-9999,    9
 20063,106019,20210131,-9999,    9
 20063,106019,20210201,-9999,    9
 20063,106019,20210202,-9999,    9
 20063,106019,20210203,-9999,    9
 20063,106019,20210204,-9999,    9
 20063,106019,20210205,-9999,    9
 20063,106019,20210206,-9999,    9
 20063,106019,20210207,-9999,    9
 20063,106019,20210208,-9999,    9
 20063,106019,20210209,-9999,    9
 20063,106019,20210210,-9999,    9
 20063,106019,20210211,-9999,    9
 20063,106019,20210212,-9999,    9
 20063,106019,20210213,-9999,    9
 20063,106019,20210214,-9999,    9
 20063,106019,20210215,-9999,    9
 20063,106019,20210216,-9999,    9
 20063,106019,20210217,-9999,    9
 20063,106019,20210218,-9999,    9
 20063,106019,20210219,-9999,    9
 20063,106019,20210220,-9999,    9
 20063,106019,20210221,-9999,    9
 20063,106019,20210222,-9999,    9
 20063,106019,20210223,-9999,    9
 20063,106019,20210224,-9999,    9
 20063,106019,20210225,-9999,    9
 20063,106019,20210226,-9999,    9
 20063,106019,20210227,-9999,    9
 20063,106019,20210228,-9999,    9
 20063,106019,20210301,-9999,    9
 20063,106019,20210302,-9999,    9
 20063,106019,20210303,-9999,    9
 20063,106019,20210304,-9999,    9
 20063,106019,20210305,-9999,    9
 20063,106019,20210306,-9999,    9
 20063,106019,20210307,-9999,    9
 20063,106019,20210308,-9999,    9
 20063,106019,20210309,-9999,    9
 20063,106019,20210310,-9999,    9
 20063,106019,20210311,-9999,    9
 20063,106019,20210312,-9999,    9
 20063,106019,20210313,-9999,    9
 20063,106019,20210314,-9999,    9
 20063,106019,20210315,-9999,    9
 20063,106019,20210316,-9999,    9
 20063,106019,20210317,-9999,    9
 20063,106019,20210318,-9999,    9
 20063,106019,20210319,-9999,    9
 20063,106019,20210320,-9999,    9
 20063,106019,20210321,-9999,    9
 20063,106019,20210322,-9999,    9
 20063,106019,20210323,-9999,    9
 20063,106019,20210324,-9999,    9
 20063,106019,20210325,-9999,    9
 20063,106019,20210326,-9999,    9
 20063,106019,20210327,-9999,    9
 20063,106019,20210328,-9999,    9
 20063,106019,20210329,-9999,    9
 20063,106019,20210330,-9999,    9
 20063,106019,20210331,-9999,    9
 20063,106019,20210401,-9999,    9
 20063,106019,20210402,-9999,    9
 20063,106019,20210403,-9999,    9
 20063,106019,20210404,-9999,    9
 20063,106019,20210405,-9999,    9
 20063,106019,20210406,-9999,    9
 20063,106019,20210407,-9999,    9
 20063,106019,20210408,-9999,    9
 20063,106019,20210409,-9999,    9
 20063,106019,20210410,-9999,    9
 20063,106019,20210411,-9999,    9
 20063,106019,20210412,-9999,    9
 20063,106019,20210413,-9999,    9
 20063,106019,20210414,-9999,    9
 20063,106019,20210415,-9999,    9
 20063,106019,20210416,-9999,    9
 20063,106019,20210417,-9999,    9
 20063,106019,20210418,-9999,    9
 20063,106019,20210419,-9999,    9
 20063,106019,20210420,-9999,    9
 20063,106019,20210421,-9999,    9
 20063,106019,20210422,-9999,    9
 20063,106019,20210423,-9999,    9
 20063,106019,20210424,-9999,    9
 20063,106019,20210425,-9999,    9
 20063,106019,20210426,-9999,    9
 20063,106019,20210427,-9999,    9
 20063,106019,20210428,-9999,    9
 20063,106019,20210429,-9999,    9
 20063,106019,20210430,-9999,    9
 20063,106019,20210501,-9999,    9
 20063,106019,20210502,-9999,    9
 20063,106019,20210503,-9999,    9
 20063,106019,20210504,-9999,    9
 20063,106019,20210505,-9999,    9
 20063,106019,20210506,-9999,    9
 20063,106019,20210507,-9999,    9
 20063,106019,20210508,-9999,    9
 20063,106019,20210509,-9999,    9
 20063,106019,20210510,-9999,    9
 20063,106019,20210511,-9999,    9
 20063,106019,20210512,-9999,    9
 20063,106019,20210513,-9999,    9
 20063,106019,20210514,-9999,    9
 20063,106019,20210515,-9999,    9
 20063,106019,20210516,-9999,    9
 20063,106019,20210517,-9999,    9
 20063,106019,20210518,-9999,    9
 20063,106019,20210519,-9999,    9
 20063,106019,20210520,-9999,    9
 20063,106019,20210521,-9999,    9
 20063,106019,20210522,-9999,    9
 20063,106019,20210523,-9999,    9
 20063,106019,20210524,-9999,    9
 20063,106019,20210525,-9999,    9
 20063,106019,20210526,-9999,    9
 20063,106019,20210527,-9999,    9
 20063,106019,20210528,-9999,    9
 20063,106019,20210529,-9999,    9
 20063,106019,20210530,-9999,    9
 20063,106019,20210531,-9999,    9
 20063,106019,20210601,-9999,    9
 20063,106019,20210602,-9999,    9
 20063,106019,20210603,-9999,    9
 20063,106019,20210604,-9999,    9
 20063,106019,20210605,-9999,    9
 20063,106019,20210606,-9999,    9
 20063,106019,20210607,-9999,    9
 20063,106019,20210608,-9999,    9
 20063,106019,20210609,-9999,    9
 20063,106019,20210610,-9999,    9
 20063,106019,20210611,-9999,    9
 20063,106019,20210612,-9999,    9
 20063,106019,20210613,-9999,    9
 20063,106019,20210614,-9999,    9
 20063,106019,20210615,-9999,    9
 20063,106019,20210616,-9999,    9
 20063,106019,20210617,-9999,    9
 20063,106019,20210618,-9999,    9
 20063,106019,20210619,-9999,    9
 20063,106019,20210620,-9999,    9
 20063,106019,20210621,-9999,    9
 20063,106019,20210622,-9999,    9
 20063,106019,20210623,-9999,    9
 20063,106019,20210624,-9999,    9
 20063,106019,20210625,-9999,    9
 20063,106019,20210626,-9999,    9
 20063,106019,20210627,-9999,    9
 20063,106019,20210628,-9999,    9
 20063,106019,20210629,-9999,    9
 20063,106019,20210630,-9999,    9
 20063,106019,20210701,-9999,    9
 20063,106019,20210702,-9999,    9
 20063,106019,20210703,-9999,    9
 20063,106019,20210704,-9999,    9
 20063,106019,20210705,-9999,    9
 20063,106019,20210706,-9999,    9
 20063,106019,20210707,-9999,    9
 20063,106019,20210708,-9999,    9
 20063,106019,20210709,-9999,    9
 20063,106019,20210710,-9999,    9
 20063,106019,20210711,-9999,    9
 20063,106019,20210712,-9999,    9
 20063,106019,20210713,-9999,    9
 20063,106019,20210714,-9999,    9
 20063,106019,20210715,-9999,    9
 20063,106019,20210716,-9999,    9
 20063,106019,20210717,-9999,    9
 20063,106019,20210718,-9999,    9
 20063,106019,20210719,-9999,    9
 20063,106019,20210720,-9999,    9
 20063,106019,20210721,-9999,    9
 20063,106019,20210722,-9999,    9
 20063,106019,20210723,-9999,    9
 20063,106019,20210724,-9999,    9
 20063,106019,20210725,-9999,    9
 20063,106019,20210726,-9999,    9
 20063,106019,20210727,-9999,    9
 20063,106019,20210728,-9999,    9
 20063,106019,20210729,-9999,    9
 20063,106019,20210730,-9999,    9
 20063,106019,20210731,-9999,    9
 20063,106019,20210801,-9999,    9
 20063,106019,20210802,-9999,    9
 20063,106019,20210803,-9999,    9
 20063,106019,20210804,-9999,    9
 20063,106019,20210805,-9999,    9
 20063,106019,20210806,-9999,    9
 20063,106019,20210807,-9999,    9
 20063,106019,20210808,-9999,    9
 20063,106019,20210809,-9999,    9
 20063,106019,20210810,-9999,    9
 20063,106019,20210811,-9999,    9
 20063,106019,20210812,-9999,    9
 20063,106019,20210813,-9999,    9
 20063,106019,20210814,-9999,    9
 20063,106019,20210815,-9999,    9
 20063,106019,20210816,-9999,    9
 20063,106019,20210817,-9999,    9
 20063,106019,20210818,-9999,    9
 20063,106019,20210819,-9999,    9
 20063,106019,20210820,-9999,    9
 20063,106019,20210821,-9999,    9
 20063,106019,20210822,-9999,    9
 20063,106019,20210823,-9999,    9
 20063,106019,20210824,-9999,    9
 20063,106019,20210825,-9999,    9
 20063,106019,20210826,-9999,    9
 20063,106019,20210827,-9999,    9
 20063,106019,20210828,-9999,    9
 20063,106019,20210829,-9999,    9
 20063,106019,20210830,-9999,    9
 20063,106019,20210831,-9999,    9
 20063,106019,20210901,-9999,    9
 20063,106019,20210902,-9999,    9
 20063,106019,20210903,-9999,    9
 20063,106019,20210904,-9999,    9
 20063,106019,20210905,-9999,    9
 20063,106019,20210906,-9999,    9
 20063,106019,20210907,-9999,    9
 20063,106019,20210908,-9999,    9
 20063,106019,20210909,-9999,    9
 20063,106019,20210910,-9999,    9
 20063,106019,20210911,-9999,    9
 20063,106019,20210912,-9999,    9
 20063,106019,20210913,-9999,    9
 20063,106019,20210914,-9999,    9
 20063,106019,20210915,-9999,    9
 20063,106019,20210916,-9999,    9
 20063,106019,20210917,-9999,    9
 20063,106019,20210918,-9999,    9
 20063,106019,20210919,-9999,    9
 20063,106019,20210920,-9999,    9
 20063,106019,20210921,-9999,    9
 20063,106019,20210922,-9999,    9
 20063,106019,20210923,-9999,    9
 20063,106019,20210924,-9999,    9
 20063,106019,20210925,-9999,    9
 20063,106019,20210926,-9999,    9
 20063,106019,20210927,-9999,    9
 20063,106019,20210928,-9999,    9
 20063,106019,20210929,-9999,    9
 20063,106019,20210930,-9999,    9
 20063,106019,20211001,-9999,    9
 20063,106019,20211002,-9999,    9
 20063,106019,20211003,-9999,    9
 20063,106019,20211004,-9999,    9
 20063,106019,20211005,-9999,    9
 20063,106019,20211006,-9999,    9
 20063,106019,20211007,-9999,    9
 20063,106019,20211008,-9999,    9
 20063,106019,20211009,-9999,    9
 20063,106019,20211010,-9999,    9
 20063,106019,20211011,-9999,    9
 20063,106019,20211012,-9999,    9
 20063,106019,20211013,-9999,    9
 20063,106019,20211014,-9999,    9
 20063,106019,20211015,-9999,    9
 20063,106019,20211016,-9999,    9
 20063,106019,20211017,-9999,    9
 20063,106019,20211018,-9999,    9
 20063,106019,20211019,-9999,    9
 20063,106019,20211020,-9999,    9
 20063,106019,20211021,-9999,    9
 20063,106019,20211022,-9999,    9
 20063,106019,20211023,-9999,    9
 20063,106019,20211024,-9999,    9
 20063,106019,20211025,-9999,    9
 20063,106019,20211026,-9999,    9
 20063,106019,20211027,-9999,    9
 20063,106019,20211028,-9999,    9
 20063,106019,20211029,-9999,    9
 20063,106019,20211030,-9999,    9
 20063,106019,20211031,-9999,    9
 20063,106019,20211101,-9999,    9
 20063,106019,20211102,-9999,    9
 20063,106019,20211103,-9999,    9
 20063,106019,20211104,-9999,    9
 20063,106019,20211105,-9999,    9
 20063,106019,20211106,-9999,    9
 20063,106019,20211107,-9999,    9
 20063,106019,20211108,-9999,    9
 20063,106019,20211109,-9999,    9
 20063,106019,20211110,-9999,    9
 20063,106019,20211111,-9999,    9
 20063,106019,20211112,-9999,    9
 20063,106019,20211113,-9999,    9
 20063,106019,20211114,-9999,    9
 20063,106019,20211115,-9999,    9
 20063,106019,20211116,-9999,    9
 20063,106019,20211117,-9999,    9
 20063,106019,20211118,-9999,    9
 20063,106019,20211119,-9999,    9
 20063,106019,20211120,-9999,    9
 20063,106019,20211121,-9999,    9
 20063,106019,20211122,-9999,    9
 20063,106019,20211123,-9999,    9
 20063,106019,20211124,-9999,    9
 20063,106019,20211125,-9999,    9
 20063,106019,20211126,-9999,    9
 20063,106019,20211127,-9999,    9
 20063,106019,20211128,-9999,    9
 20063,106019,20211129,-9999,    9
 20063,106019,20211130,-9999,    9
 20063,106019,20211201,-9999,    9
 20063,106019,20211202,-9999,    9
 20063,106019,20211203,-9999,    9
 20063,106019,20211204,-9999,    9
 20063,106019,20211205,-9999,    9
 20063,106019,20211206,-9999,    9
 20063,106019,20211207,-9999,    9
 20063,106019,20211208,-9999,    9
 20063,106019,20211209,-9999,    9
 20063,106019,20211210,-9999,    9
 20063,106019,20211211,-9999,    9
 20063,106019,20211212,-9999,    9
 20063,106019,20211213,-9999,    9
 20063,106019,20211214,-9999,    9
 20063,106019,20211215,-9999,    9
 20063,106019,20211216,-9999,    9
 20063,106019,20211217,-9999,    9
 20063,106019,20211218,-9999,    9
 20063,106019,20211219,-9999,    9
 20063,106019,20211220,-9999,    9
 20063,106019,20211221,-9999,    9
 20063,106019,20211222,-9999,    9
 20063,106019,20211223,-9999,    9
 20063,106019,20211224,-9999,    9
 20063,106019,20211225,-9999,    9
 20063,106019,20211226,-9999,    9
 20063,106019,20211227,-9999,    9
 20063,106019,20211228,-9999,    9
 20063,106019,20211229,-9999,    9
 20063,106019,20211230,-9999,    9
 20063,106019,20211231,-9999,    9
 20063,106019,20220101,-9999,    9
 20063,106019,20220102,-9999,    9
 20063,106019,20220103,-9999,    9
 20063,106019,20220104,-9999,    9
 20063,106019,20220105,-9999,    9
 20063,106019,20220106,-9999,    9
 20063,106019,20220107,-9999,    9
 20063,106019,20220108,-9999,    9
 20063,106019,20220109,-9999,    9
 20063,106019,20220110,-9999,    9
 20063,106019,20220111,-9999,    9
 20063,106019,20220112,-9999,    9
 20063,106019,20220113,-9999,    9
 20063,106019,20220114,-9999,    9
 20063,106019,20220115,-9999,    9
 20063,106019,20220116,-9999,    9
 20063,106019,20220117,-9999,    9
 20063,106019,20220118,-9999,    9
 20063,106019,20220119,-9999,    9
 20063,106019,20220120,-9999,    9
 20063,106019,20220121,-9999,    9
 20063,106019,20220122,-9999,    9
 20063,106019,20220123,-9999,    9
 20063,106019,20220124,-9999,    9
 20063,106019,20220125,-9999,    9
 20063,106019,20220126,-9999,    9
 20063,106019,20220127,-9999,    9
 20063,106019,20220128,-9999,    9
 20063,106019,20220129,-9999,    9
 20063,106019,20220130,-9999,    9
 20063,106019,20220131,-9999,    9
 20063,106019,20220201,-9999,    9
 20063,106019,20220202,-9999,    9
 20063,106019,20220203,-9999,    9
 20063,106019,20220204,-9999,    9
 20063,106019,20220205,-9999,    9
 20063,106019,20220206,-9999,    9
 20063,106019,20220207,-9999,    9
 20063,106019,20220208,-9999,    9
 20063,106019,20220209,-9999,    9
 20063,106019,20220210,-9999,    9
 20063,106019,20220211,-9999,    9
 20063,106019,20220212,-9999,    9
 20063,106019,20220213,-9999,    9
 20063,106019,20220214,-9999,    9
 20063,106019,20220215,-9999,    9
 20063,106019,20220216,-9999,    9
 20063,106019,20220217,-9999,    9
 20063,106019,20220218,-9999,    9
 20063,106019,20220219,-9999,    9
 20063,106019,20220220,-9999,    9
 20063,106019,20220221,-9999,    9
 20063,106019,20220222,-9999,    9
 20063,106019,20220223,-9999,    9
 20063,106019,20220224,-9999,    9
 20063,106019,20220225,-9999,    9
 20063,106019,20220226,-9999,    9
 20063,106019,20220227,-9999,    9
 20063,106019,20220228,-9999,    9
 20063,106019,20220301,-9999,    9
 20063,106019,20220302,-9999,    9
 20063,106019,20220303,-9999,    9
 20063,106019,20220304,-9999,    9
 20063,106019,20220305,-9999,    9
 20063,106019,20220306,-9999,    9
 20063,106019,20220307,-9999,    9
 20063,106019,20220308,-9999,    9
 20063,106019,20220309,-9999,    9
 20063,106019,20220310,-9999,    9
 20063,106019,20220311,-9999,    9
 20063,106019,20220312,-9999,    9
 20063,106019,20220313,-9999,    9
 20063,106019,20220314,-9999,    9
 20063,106019,20220315,-9999,    9
 20063,106019,20220316,-9999,    9
 20063,106019,20220317,-9999,    9
 20063,106019,20220318,-9999,    9
 20063,106019,20220319,-9999,    9
 20063,106019,20220320,-9999,    9
 20063,106019,20220321,-9999,    9
 20063,106019,20220322,-9999,    9
 20063,106019,20220323,-9999,    9
 20063,106019,20220324,-9999,    9
 20063,106019,20220325,-9999,    9
 20063,106019,20220326,-9999,    9
 20063,106019,20220327,-9999,    9
 20063,106019,20220328,-9999,    9
 20063,106019,20220329,-9999,    9
 20063,106019,20220330,-9999,    9
 20063,106019,20220331,-9999,    9
 20063,106019,20220401,-9999,    9
 20063,106019,20220402,-9999,    9
 20063,106019,20220403,-9999,    9
 20063,106019,20220404,-9999,    9
 20063,106019,20220405,-9999,    9
 20063,106019,20220406,-9999,    9
 20063,106019,20220407,-9999,    9
 20063,106019,20220408,-9999,    9
 20063,106019,20220409,-9999,    9
 20063,106019,20220410,-9999,    9
 20063,106019,20220411,-9999,    9
 20063,106019,20220412,-9999,    9
 20063,106019,20220413,-9999,    9
 20063,106019,20220414,-9999,    9
 20063,106019,20220415,-9999,    9
 20063,106019,20220416,-9999,    9
 20063,106019,20220417,-9999,    9
 20063,106019,20220418,-9999,    9
 20063,106019,20220419,-9999,    9
 20063,106019,20220420,-9999,    9
 20063,106019,20220421,-9999,    9
 20063,106019,20220422,-9999,    9
 20063,106019,20220423,-9999,    9
 20063,106019,20220424,-9999,    9
 20063,106019,20220425,-9999,    9
 20063,106019,20220426,-9999,    9
 20063,106019,20220427,-9999,    9
 20063,106019,20220428,-9999,    9
 20063,106019,20220429,-9999,    9
 20063,106019,20220430,-9999,    9
 20063,106019,20220501,-9999,    9
 20063,106019,20220502,-9999,    9
 20063,106019,20220503,-9999,    9
 20063,106019,20220504,-9999,    9
 20063,106019,20220505,-9999,    9
 20063,106019,20220506,-9999,    9
 20063,106019,20220507,-9999,    9
 20063,106019,20220508,-9999,    9
 20063,106019,20220509,-9999,    9
 20063,106019,20220510,-9999,    9
 20063,106019,20220511,-9999,    9
 20063,106019,20220512,-9999,    9
 20063,106019,20220513,-9999,    9
 20063,106019,20220514,-9999,    9
 20063,106019,20220515,-9999,    9
 20063,106019,20220516,-9999,    9
 20063,106019,20220517,-9999,    9
 20063,106019,20220518,-9999,    9
 20063,106019,20220519,-9999,    9
 20063,106019,20220520,-9999,    9
 20063,106019,20220521,-9999,    9
 20063,106019,20220522,-9999,    9
 20063,106019,20220523,-9999,    9
 20063,106019,20220524,-9999,    9
 20063,106019,20220525,-9999,    9
 20063,106019,20220526,-9999,    9
 20063,106019,20220527,-9999,    9
 20063,106019,20220528,-9999,    9
 20063,106019,20220529,-9999,    9
 20063,106019,20220530,-9999,    9
 20063,106019,20220531,-9999,    9
 20063,106019,20220601,-9999,    9
 20063,106019,20220602,-9999,    9
 20063,106019,20220603,-9999,    9
 20063,106019,20220604,-9999,    9
 20063,106019,20220605,-9999,    9
 20063,106019,20220606,-9999,    9
 20063,106019,20220607,-9999,    9
 20063,106019,20220608,-9999,    9
 20063,106019,20220609,-9999,    9
 20063,106019,20220610,-9999,    9
 20063,106019,20220611,-9999,    9
 20063,106019,20220612,-9999,    9
 20063,106019,20220613,-9999,    9
 20063,106019,20220614,-9999,    9
 20063,106019,20220615,-9999,    9
 20063,106019,20220616,-9999,    9
 20063,106019,20220617,-9999,    9
 20063,106019,20220618,-9999,    9
 20063,106019,20220619,-9999,    9
 20063,106019,20220620,-9999,    9
 20063,106019,20220621,-9999,    9
 20063,106019,20220622,-9999,    9
 20063,106019,20220623,-9999,    9
 20063,106019,20220624,-9999,    9
 20063,106019,20220625,-9999,    9
 20063,106019,20220626,-9999,    9
 20063,106019,20220627,-9999,    9
 20063,106019,20220628,-9999,    9
 20063,106019,20220629,-9999,    9
 20063,106019,20220630,-9999,    9
 20063,106019,20220701,-9999,    9
 20063,106019,20220702,-9999,    9
 20063,106019,20220703,-9999,    9
 20063,106019,20220704,-9999,    9
 20063,106019,20220705,-9999,    9
 20063,106019,20220706,-9999,    9
 20063,106019,20220707,-9999,    9
 20063,106019,20220708,-9999,    9
 20063,106019,20220709,-9999,    9
 20063,106019,20220710,-9999,    9
 20063,106019,20220711,-9999,    9
 20063,106019,20220712,-9999,    9
 20063,106019,20220713,-9999,    9
 20063,106019,20220714,-9999,    9
 20063,106019,20220715,-9999,    9
 20063,106019,20220716,-9999,    9
 20063,106019,20220717,-9999,    9
 20063,106019,20220718,-9999,    9
 20063,106019,20220719,-9999,    9
 20063,106019,20220720,-9999,    9
 20063,106019,20220721,-9999,    9
 20063,106019,20220722,-9999,    9
 20063,106019,20220723,-9999,    9
 20063,106019,20220724,-9999,    9
 20063,106019,20220725,-9999,    9
 20063,106019,20220726,-9999,    9
 20063,106019,20220727,-9999,    9
 20063,106019,20220728,-9999,    9
 20063,106019,20220729,-9999,    9
 20063,106019,20220730,-9999,    9
 20063,106019,20220731,-9999,    9
 20063,106019,20220801,-9999,    9
 20063,106019,20220802,-9999,    9
 20063,106019,20220803,-9999,    9
 20063,106019,20220804,-9999,    9
 20063,106019,20220805,-9999,    9
 20063,106019,20220806,-9999,    9
 20063,106019,20220807,-9999,    9
 20063,106019,20220808,-9999,    9
 20063,106019,20220809,-9999,    9
 20063,106019,20220810,-9999,    9
 20063,106019,20220811,-9999,    9
 20063,106019,20220812,-9999,    9
 20063,106019,20220813,-9999,    9
 20063,106019,20220814,-9999,    9
 20063,106019,20220815,-9999,    9
 20063,106019,20220816,-9999,    9
 20063,106019,20220817,-9999,    9
 20063,106019,20220818,-9999,    9
 20063,106019,20220819,-9999,    9
 20063,106019,20220820,-9999,    9
 20063,106019,20220821,-9999,    9
 20063,106019,20220822,-9999,    9
 20063,106019,20220823,-9999,    9
 20063,106019,20220824,-9999,    9
 20063,106019,20220825,-9999,    9
 20063,106019,20220826,-9999,    9
 20063,106019,20220827,-9999,    9
 20063,106019,20220828,-9999,    9
 20063,106019,20220829,-9999,    9
 20063,106019,20220830,-9999,    9
 20063,106019,20220831,-9999,    9
 20063,106019,20220901,-9999,    9
 20063,106019,20220902,-9999,    9
 20063,106019,20220903,-9999,    9
 20063,106019,20220904,-9999,    9
 20063,106019,20220905,-9999,    9
 20063,106019,20220906,-9999,    9
 20063,106019,20220907,-9999,    9
 20063,106019,20220908,-9999,    9
 20063,106019,20220909,-9999,    9
 20063,106019,20220910,-9999,    9
 20063,106019,20220911,-9999,    9
 20063,106019,20220912,-9999,    9
 20063,106019,20220913,-9999,    9
 20063,106019,20220914,-9999,    9
 20063,106019,20220915,-9999,    9
 20063,106019,20220916,-9999,    9
 20063,106019,20220917,-9999,    9
 20063,106019,20220918,-9999,    9
 20063,106019,20220919,-9999,    9
 20063,106019,20220920,-9999,    9
 20063,106019,20220921,-9999,    9
 20063,106019,20220922,-9999,    9
 20063,106019,20220923,-9999,    9
 20063,106019,20220924,-9999,    9
 20063,106019,20220925,-9999,    9
 20063,106019,20220926,-9999,    9
 20063,106019,20220927,-9999,    9
 20063,106019,20220928,-9999,    9
 20063,106019,20220929,-9999,    9
 20063,106019,20220930,-9999,    9
 20063,106019,20221001,-9999,    9
 20063,106019,20221002,-9999,    9
 20063,106019,20221003,-9999,    9
 20063,106019,20221004,-9999,    9
 20063,106019,20221005,-9999,    9
 20063,106019,20221006,-9999,    9
 20063,106019,20221007,-9999,    9
 20063,106019,20221008,-9999,    9
 20063,106019,20221009,-9999,    9
 20063,106019,20221010,-9999,    9
 20063,106019,20221011,-9999,    9
 20063,106019,20221012,-9999,    9
 20063,106019,20221013,-9999,    9
 20063,106019,20221014,-9999,    9
 20063,106019,20221015,-9999,    9
 20063,106019,20221016,-9999,    9
 20063,106019,20221017,-9999,    9
 20063,106019,20221018,-9999,    9
 20063,106019,20221019,-9999,    9
 20063,106019,20221020,-9999,    9
 20063,106019,20221021,-9999,    9
 20063,106019,20221022,-9999,    9
 20063,106019,20221023,-9999,    9
 20063,106019,20221024,-9999,    9
 20063,106019,20221025,-9999,    9
 20063,106019,20221026,-9999,    9
 20063,106019,20221027,-9999,    9
 20063,106019,20221028,-9999,    9
 20063,106019,20221029,-9999,    9
 20063,106019,20221030,-9999,    9
 20063,106019,20221031,-9999,    9
