EUROPEAN CLIMATE ASSESSMENT & DATASET (ECA&D), file created on: 16-11-2022
THESE DATA CAN BE USED FOR NON-COMMERCIAL RESEARCH AND EDUCATION PROVIDED THAT THE FOLLOWING SOURCE IS ACKNOWLEDGED: 

Klein Tank, A.M.G. and Coauthors, 2002. Daily dataset of 20th-century surface
air temperature and precipitation series for the European Climate Assessment.
Int. J. of Climatol., 22, 1441-1453.
Data and metadata available at http://www.ecad.eu

FILE FORMAT (MISSING VALUE CODE = -9999):

01-06 STAID: Station identifier
08-13 SOUID: Source identifier
15-22 DATE : Date YYYYMMDD
24-28 TG   : Mean temperature in 0.1 &#176;C
30-34 Q_TG : quality code for TG (0='valid'; 1='suspect'; 9='missing')

This is the blended series of station FV614 GRYTADALEN, NORWAY (STAID: 18486)
Blended and updated with sources:99319 
See files sources.txt and stations.txt for more info.

STAID, SOUID,    DATE,   TG, Q_TG
 18486, 99319,20151101,-9999,    9
 18486, 99319,20151102,-9999,    9
 18486, 99319,20151103,-9999,    9
 18486, 99319,20151104,-9999,    9
 18486, 99319,20151105,-9999,    9
 18486, 99319,20151106,-9999,    9
 18486, 99319,20151107,-9999,    9
 18486, 99319,20151108,-9999,    9
 18486, 99319,20151109,-9999,    9
 18486, 99319,20151110,-9999,    9
 18486, 99319,20151111,-9999,    9
 18486, 99319,20151112,-9999,    9
 18486, 99319,20151113,-9999,    9
 18486, 99319,20151114,-9999,    9
 18486, 99319,20151115,-9999,    9
 18486, 99319,20151116,-9999,    9
 18486, 99319,20151117,-9999,    9
 18486, 99319,20151118,   30,    0
 18486, 99319,20151119,   12,    0
 18486, 99319,20151120,  -11,    0
 18486, 99319,20151121,-9999,    9
 18486, 99319,20151122,  -26,    0
 18486, 99319,20151123,    9,    0
 18486, 99319,20151124,   24,    0
 18486, 99319,20151125,    6,    0
 18486, 99319,20151126,   22,    0
 18486, 99319,20151127,   54,    0
 18486, 99319,20151128,    5,    0
 18486, 99319,20151129,    0,    0
 18486, 99319,20151130,    5,    0
 18486, 99319,20151201,    5,    0
 18486, 99319,20151202,   33,    0
 18486, 99319,20151203,   23,    0
 18486, 99319,20151204,   14,    0
 18486, 99319,20151205,   37,    0
 18486, 99319,20151206,   29,    0
 18486, 99319,20151207,   12,    0
 18486, 99319,20151208,   64,    0
 18486, 99319,20151209,   36,    0
 18486, 99319,20151210,   30,    0
 18486, 99319,20151211,   15,    0
 18486, 99319,20151212,    2,    0
 18486, 99319,20151213,  -18,    0
 18486, 99319,20151214,  -10,    0
 18486, 99319,20151215,   -4,    0
 18486, 99319,20151216,   21,    0
 18486, 99319,20151217,   61,    0
 18486, 99319,20151218,   60,    0
 18486, 99319,20151219,   76,    0
 18486, 99319,20151220,-9999,    9
 18486, 99319,20151221,-9999,    9
 18486, 99319,20151222,-9999,    9
 18486, 99319,20151223,   41,    0
 18486, 99319,20151224,   43,    0
 18486, 99319,20151225,   11,    0
 18486, 99319,20151226,  -46,    0
 18486, 99319,20151227,  -20,    0
 18486, 99319,20151228,   26,    0
 18486, 99319,20151229,   58,    0
 18486, 99319,20151230,   73,    0
 18486, 99319,20151231,   37,    0
 18486, 99319,20160101,   22,    0
 18486, 99319,20160102,   23,    0
 18486, 99319,20160103,  -36,    0
 18486, 99319,20160104,  -60,    0
 18486, 99319,20160105,  -49,    0
 18486, 99319,20160106,  -53,    0
 18486, 99319,20160107,  -59,    0
 18486, 99319,20160108,  -74,    0
 18486, 99319,20160109,  -68,    0
 18486, 99319,20160110,  -21,    0
 18486, 99319,20160111,   -3,    0
 18486, 99319,20160112,  -20,    0
 18486, 99319,20160113,  -25,    0
 18486, 99319,20160114,  -11,    0
 18486, 99319,20160115,  -42,    0
 18486, 99319,20160116,  -52,    0
 18486, 99319,20160117,  -40,    0
 18486, 99319,20160118,  -44,    0
 18486, 99319,20160119,  -51,    0
 18486, 99319,20160120,  -61,    0
 18486, 99319,20160121,  -30,    0
 18486, 99319,20160122,    9,    0
 18486, 99319,20160123,   23,    0
 18486, 99319,20160124,   38,    0
 18486, 99319,20160125,-9999,    9
 18486, 99319,20160126,   24,    0
 18486, 99319,20160127,-9999,    9
 18486, 99319,20160128,-9999,    9
 18486, 99319,20160129,-9999,    9
 18486, 99319,20160130,-9999,    9
 18486, 99319,20160131,-9999,    9
 18486, 99319,20160201,-9999,    9
 18486, 99319,20160202,    7,    0
 18486, 99319,20160203,  -10,    0
 18486, 99319,20160204,  -17,    0
 18486, 99319,20160205,    5,    0
 18486, 99319,20160206,   13,    0
 18486, 99319,20160207,   25,    0
 18486, 99319,20160208,   20,    0
 18486, 99319,20160209,   19,    0
 18486, 99319,20160210,-9999,    9
 18486, 99319,20160211,-9999,    9
 18486, 99319,20160212,-9999,    9
 18486, 99319,20160213,  -54,    0
 18486, 99319,20160214,  -56,    0
 18486, 99319,20160215,  -36,    0
 18486, 99319,20160216,   -7,    0
 18486, 99319,20160217,    3,    0
 18486, 99319,20160218,  -25,    0
 18486, 99319,20160219,   -2,    0
 18486, 99319,20160220,   -4,    0
 18486, 99319,20160221,   -6,    0
 18486, 99319,20160222,   -5,    0
 18486, 99319,20160223,   -6,    0
 18486, 99319,20160224,   -7,    0
 18486, 99319,20160225,   -8,    0
 18486, 99319,20160226,   -6,    0
 18486, 99319,20160227,   -6,    0
 18486, 99319,20160228,  -11,    0
 18486, 99319,20160229,   -5,    0
 18486, 99319,20160301,   -5,    0
 18486, 99319,20160302,-9999,    9
 18486, 99319,20160303,-9999,    9
 18486, 99319,20160304,-9999,    9
 18486, 99319,20160305,   -4,    0
 18486, 99319,20160306,  -15,    0
 18486, 99319,20160307,  -17,    0
 18486, 99319,20160308,  -26,    0
 18486, 99319,20160309,   12,    0
 18486, 99319,20160310,   20,    0
 18486, 99319,20160311,   13,    0
 18486, 99319,20160312,   14,    0
 18486, 99319,20160313,   30,    0
 18486, 99319,20160314,   34,    0
 18486, 99319,20160315,   50,    0
 18486, 99319,20160316,   53,    0
 18486, 99319,20160317,   40,    0
 18486, 99319,20160318,   15,    0
 18486, 99319,20160319,   16,    0
 18486, 99319,20160320,   16,    0
 18486, 99319,20160321,   14,    0
 18486, 99319,20160322,    7,    0
 18486, 99319,20160323,   -1,    0
 18486, 99319,20160324,    8,    0
 18486, 99319,20160325,   17,    0
 18486, 99319,20160326,   32,    0
 18486, 99319,20160327,   40,    0
 18486, 99319,20160328,   41,    0
 18486, 99319,20160329,-9999,    9
 18486, 99319,20160330,-9999,    9
 18486, 99319,20160331,-9999,    9
 18486, 99319,20160401,    4,    0
 18486, 99319,20160402,   25,    0
 18486, 99319,20160403,   45,    0
 18486, 99319,20160404,-9999,    9
 18486, 99319,20160405,   55,    0
 18486, 99319,20160406,   32,    0
 18486, 99319,20160407,-9999,    9
 18486, 99319,20160408,-9999,    9
 18486, 99319,20160409,   12,    0
 18486, 99319,20160410,   32,    0
 18486, 99319,20160411,   36,    0
 18486, 99319,20160412,   46,    0
 18486, 99319,20160413,   36,    0
 18486, 99319,20160414,   20,    0
 18486, 99319,20160415,   -4,    0
 18486, 99319,20160416,    8,    0
 18486, 99319,20160417,   13,    0
 18486, 99319,20160418,   14,    0
 18486, 99319,20160419,   19,    0
 18486, 99319,20160420,   17,    0
 18486, 99319,20160421,   19,    0
 18486, 99319,20160422,   -4,    0
 18486, 99319,20160423,  -13,    0
 18486, 99319,20160424,  -14,    0
 18486, 99319,20160425,    9,    0
 18486, 99319,20160426,   14,    0
 18486, 99319,20160427,   19,    0
 18486, 99319,20160428,   42,    0
 18486, 99319,20160429,   20,    0
 18486, 99319,20160430,   52,    0
 18486, 99319,20160501,   38,    0
 18486, 99319,20160502,-9999,    9
 18486, 99319,20160503,-9999,    9
 18486, 99319,20160504,   55,    0
 18486, 99319,20160505,   82,    0
 18486, 99319,20160506,   84,    0
 18486, 99319,20160507,  105,    0
 18486, 99319,20160508,  157,    0
 18486, 99319,20160509,  153,    0
 18486, 99319,20160510,  130,    0
 18486, 99319,20160511,  125,    0
 18486, 99319,20160512,   46,    0
 18486, 99319,20160513,-9999,    9
 18486, 99319,20160514,   22,    0
 18486, 99319,20160515,-9999,    9
 18486, 99319,20160516,   38,    0
 18486, 99319,20160517,   38,    0
 18486, 99319,20160518,   31,    0
 18486, 99319,20160519,-9999,    9
 18486, 99319,20160520,-9999,    9
 18486, 99319,20160521,   89,    0
 18486, 99319,20160522,   83,    0
 18486, 99319,20160523,   58,    0
 18486, 99319,20160524,   70,    0
 18486, 99319,20160525,  103,    0
 18486, 99319,20160526,  117,    0
 18486, 99319,20160527,  139,    0
 18486, 99319,20160528,  114,    0
 18486, 99319,20160529,  140,    0
 18486, 99319,20160530,  141,    0
 18486, 99319,20160531,  129,    0
 18486, 99319,20160601,  129,    0
 18486, 99319,20160602,  179,    0
 18486, 99319,20160603,  158,    0
 18486, 99319,20160604,-9999,    9
 18486, 99319,20160605,-9999,    9
 18486, 99319,20160606,-9999,    9
 18486, 99319,20160607,  123,    0
 18486, 99319,20160608,   78,    0
 18486, 99319,20160609,   66,    0
 18486, 99319,20160610,   87,    0
 18486, 99319,20160611,  110,    0
 18486, 99319,20160612,  121,    0
 18486, 99319,20160613,  134,    0
 18486, 99319,20160614,  137,    0
 18486, 99319,20160615,  159,    0
 18486, 99319,20160616,  148,    0
 18486, 99319,20160617,-9999,    9
 18486, 99319,20160618,-9999,    9
 18486, 99319,20160619,-9999,    9
 18486, 99319,20160620,-9999,    9
 18486, 99319,20160621,   95,    0
 18486, 99319,20160622,  121,    0
 18486, 99319,20160623,  115,    0
 18486, 99319,20160624,  145,    0
 18486, 99319,20160625,  110,    0
 18486, 99319,20160626,  141,    0
 18486, 99319,20160627,   92,    0
 18486, 99319,20160628,   85,    0
 18486, 99319,20160629,  106,    0
 18486, 99319,20160630,  106,    0
 18486, 99319,20160701,  103,    0
 18486, 99319,20160702,   91,    0
 18486, 99319,20160703,   86,    0
 18486, 99319,20160704,   92,    0
 18486, 99319,20160705,   97,    0
 18486, 99319,20160706,   78,    0
 18486, 99319,20160707,   86,    0
 18486, 99319,20160708,  114,    0
 18486, 99319,20160709,   94,    0
 18486, 99319,20160710,  112,    0
 18486, 99319,20160711,  126,    0
 18486, 99319,20160712,  128,    0
 18486, 99319,20160713,  124,    0
 18486, 99319,20160714,  104,    0
 18486, 99319,20160715,  107,    0
 18486, 99319,20160716,   89,    0
 18486, 99319,20160717,   85,    0
 18486, 99319,20160718,-9999,    9
 18486, 99319,20160719,-9999,    9
 18486, 99319,20160720,-9999,    9
 18486, 99319,20160721,-9999,    9
 18486, 99319,20160722,-9999,    9
 18486, 99319,20160723,  150,    0
 18486, 99319,20160724,  165,    0
 18486, 99319,20160725,  156,    0
 18486, 99319,20160726,  111,    0
 18486, 99319,20160727,  112,    0
 18486, 99319,20160728,  100,    0
 18486, 99319,20160729,  101,    0
 18486, 99319,20160730,   98,    0
 18486, 99319,20160731,  100,    0
 18486, 99319,20160801,   94,    0
 18486, 99319,20160802,  103,    0
 18486, 99319,20160803,  128,    0
 18486, 99319,20160804,  142,    0
 18486, 99319,20160805,  123,    0
 18486, 99319,20160806,  112,    0
 18486, 99319,20160807,  107,    0
 18486, 99319,20160808,  102,    0
 18486, 99319,20160809,   76,    0
 18486, 99319,20160810,   53,    0
 18486, 99319,20160811,   68,    0
 18486, 99319,20160812,   95,    0
 18486, 99319,20160813,   95,    0
 18486, 99319,20160814,   93,    0
 18486, 99319,20160815,-9999,    9
 18486, 99319,20160816,-9999,    9
 18486, 99319,20160817,  137,    0
 18486, 99319,20160818,  106,    0
 18486, 99319,20160819,  110,    0
 18486, 99319,20160820,  148,    0
 18486, 99319,20160821,  155,    0
 18486, 99319,20160822,  158,    0
 18486, 99319,20160823,  140,    0
 18486, 99319,20160824,  125,    0
 18486, 99319,20160825,  128,    0
 18486, 99319,20160826,  114,    0
 18486, 99319,20160827,  101,    0
 18486, 99319,20160828,  119,    0
 18486, 99319,20160829,  103,    0
 18486, 99319,20160830,  106,    0
 18486, 99319,20160831,  119,    0
 18486, 99319,20160901,   95,    0
 18486, 99319,20160902,   98,    0
 18486, 99319,20160903,   92,    0
 18486, 99319,20160904,  105,    0
 18486, 99319,20160905,  123,    0
 18486, 99319,20160906,  121,    0
 18486, 99319,20160907,  102,    0
 18486, 99319,20160908,  159,    0
 18486, 99319,20160909,  128,    0
 18486, 99319,20160910,  116,    0
 18486, 99319,20160911,  101,    0
 18486, 99319,20160912,  140,    0
 18486, 99319,20160913,  176,    0
 18486, 99319,20160914,  156,    0
 18486, 99319,20160915,  188,    0
 18486, 99319,20160916,-9999,    9
 18486, 99319,20160917,-9999,    9
 18486, 99319,20160918,-9999,    9
 18486, 99319,20160919,  116,    0
 18486, 99319,20160920,  111,    0
 18486, 99319,20160921,  128,    0
 18486, 99319,20160922,  130,    0
 18486, 99319,20160923,   96,    0
 18486, 99319,20160924,  112,    0
 18486, 99319,20160925,  156,    0
 18486, 99319,20160926,   98,    0
 18486, 99319,20160927,   92,    0
 18486, 99319,20160928,   74,    0
 18486, 99319,20160929,   72,    0
 18486, 99319,20160930,   59,    0
 18486, 99319,20161001,   54,    0
 18486, 99319,20161002,   63,    0
 18486, 99319,20161003,   84,    0
 18486, 99319,20161004,   94,    0
 18486, 99319,20161005,   78,    0
 18486, 99319,20161006,   96,    0
 18486, 99319,20161007,  112,    0
 18486, 99319,20161008,   85,    0
 18486, 99319,20161009,   71,    0
 18486, 99319,20161010,   78,    0
 18486, 99319,20161011,   73,    0
 18486, 99319,20161012,   57,    0
 18486, 99319,20161013,   51,    0
 18486, 99319,20161014,   89,    0
 18486, 99319,20161015,  126,    0
 18486, 99319,20161016,   97,    0
 18486, 99319,20161017,   97,    0
 18486, 99319,20161018,   97,    0
 18486, 99319,20161019,   79,    0
 18486, 99319,20161020,-9999,    9
 18486, 99319,20161021,-9999,    9
 18486, 99319,20161022,-9999,    9
 18486, 99319,20161023,-9999,    9
 18486, 99319,20161024,-9999,    9
 18486, 99319,20161025,-9999,    9
 18486, 99319,20161026,-9999,    9
 18486, 99319,20161027,   68,    0
 18486, 99319,20161028,   40,    0
 18486, 99319,20161029,   36,    0
 18486, 99319,20161030,   49,    0
 18486, 99319,20161031,   61,    0
 18486, 99319,20161101,   26,    0
 18486, 99319,20161102,   24,    0
 18486, 99319,20161103,   18,    0
 18486, 99319,20161104,    9,    0
 18486, 99319,20161105,    4,    0
 18486, 99319,20161106,   -9,    0
 18486, 99319,20161107,  -50,    0
 18486, 99319,20161108,  -48,    0
 18486, 99319,20161109,  -37,    0
 18486, 99319,20161110,  -24,    0
 18486, 99319,20161111,    9,    0
 18486, 99319,20161112,   27,    0
 18486, 99319,20161113,   37,    0
 18486, 99319,20161114,   58,    0
 18486, 99319,20161115,   57,    0
 18486, 99319,20161116,   31,    0
 18486, 99319,20161117,    7,    0
 18486, 99319,20161118,   14,    0
 18486, 99319,20161119,    9,    0
 18486, 99319,20161120,   16,    0
 18486, 99319,20161121,    4,    0
 18486, 99319,20161122,   11,    0
 18486, 99319,20161123,    9,    0
 18486, 99319,20161124,   19,    0
 18486, 99319,20161125,   62,    0
 18486, 99319,20161126,   26,    0
 18486, 99319,20161127,    2,    0
 18486, 99319,20161128,   -6,    0
 18486, 99319,20161129,   12,    0
 18486, 99319,20161130,    5,    0
 18486, 99319,20161201,-9999,    9
 18486, 99319,20161202,    7,    0
 18486, 99319,20161203,   16,    0
 18486, 99319,20161204,   45,    0
 18486, 99319,20161205,   28,    0
 18486, 99319,20161206,    7,    0
 18486, 99319,20161207,   54,    0
 18486, 99319,20161208,   66,    0
 18486, 99319,20161209,   52,    0
 18486, 99319,20161210,   52,    0
 18486, 99319,20161211,   26,    0
 18486, 99319,20161212,   18,    0
 18486, 99319,20161213,   27,    0
 18486, 99319,20161214,   39,    0
 18486, 99319,20161215,   57,    0
 18486, 99319,20161216,   49,    0
 18486, 99319,20161217,   32,    0
 18486, 99319,20161218,   49,    0
 18486, 99319,20161219,   60,    0
 18486, 99319,20161220,   46,    0
 18486, 99319,20161221,   24,    0
 18486, 99319,20161222,   13,    0
 18486, 99319,20161223,   19,    0
 18486, 99319,20161224,   14,    0
 18486, 99319,20161225,   32,    0
 18486, 99319,20161226,-9999,    9
 18486, 99319,20161227,-9999,    9
 18486, 99319,20161228,-9999,    9
 18486, 99319,20161229,-9999,    9
 18486, 99319,20161230,-9999,    9
 18486, 99319,20161231,-9999,    9
 18486, 99319,20170101,-9999,    9
 18486, 99319,20170102,-9999,    9
 18486, 99319,20170103,-9999,    9
 18486, 99319,20170104,-9999,    9
 18486, 99319,20170105,-9999,    9
 18486, 99319,20170106,-9999,    9
 18486, 99319,20170107,-9999,    9
 18486, 99319,20170108,-9999,    9
 18486, 99319,20170109,-9999,    9
 18486, 99319,20170110,-9999,    9
 18486, 99319,20170111,-9999,    9
 18486, 99319,20170112,-9999,    9
 18486, 99319,20170113,-9999,    9
 18486, 99319,20170114,-9999,    9
 18486, 99319,20170115,-9999,    9
 18486, 99319,20170116,-9999,    9
 18486, 99319,20170117,-9999,    9
 18486, 99319,20170118,-9999,    9
 18486, 99319,20170119,-9999,    9
 18486, 99319,20170120,-9999,    9
 18486, 99319,20170121,-9999,    9
 18486, 99319,20170122,-9999,    9
 18486, 99319,20170123,-9999,    9
 18486, 99319,20170124,-9999,    9
 18486, 99319,20170125,-9999,    9
 18486, 99319,20170126,-9999,    9
 18486, 99319,20170127,-9999,    9
 18486, 99319,20170128,-9999,    9
 18486, 99319,20170129,-9999,    9
 18486, 99319,20170130,-9999,    9
 18486, 99319,20170131,-9999,    9
 18486, 99319,20170201,-9999,    9
 18486, 99319,20170202,   39,    0
 18486, 99319,20170203,   71,    0
 18486, 99319,20170204,   56,    0
 18486, 99319,20170205,   35,    0
 18486, 99319,20170206,   18,    0
 18486, 99319,20170207,  -21,    0
 18486, 99319,20170208,  -45,    0
 18486, 99319,20170209,  -36,    0
 18486, 99319,20170210,  -34,    0
 18486, 99319,20170211,  -23,    0
 18486, 99319,20170212,   -7,    0
 18486, 99319,20170213,    5,    0
 18486, 99319,20170214,   16,    0
 18486, 99319,20170215,   32,    0
 18486, 99319,20170216,   32,    0
 18486, 99319,20170217,   21,    0
 18486, 99319,20170218,   27,    0
 18486, 99319,20170219,   37,    0
 18486, 99319,20170220,   32,    0
 18486, 99319,20170221,    8,    0
 18486, 99319,20170222,   -2,    0
 18486, 99319,20170223,  -39,    0
 18486, 99319,20170224,  -46,    0
 18486, 99319,20170225,  -14,    0
 18486, 99319,20170226,   17,    0
 18486, 99319,20170227,   16,    0
 18486, 99319,20170228,   15,    0
 18486, 99319,20170301,-9999,    9
 18486, 99319,20170302,-9999,    9
 18486, 99319,20170303,-9999,    9
 18486, 99319,20170304,-9999,    9
 18486, 99319,20170305,-9999,    9
 18486, 99319,20170306,-9999,    9
 18486, 99319,20170307,-9999,    9
 18486, 99319,20170308,-9999,    9
 18486, 99319,20170309,-9999,    9
 18486, 99319,20170310,-9999,    9
 18486, 99319,20170311,-9999,    9
 18486, 99319,20170312,-9999,    9
 18486, 99319,20170313,   22,    0
 18486, 99319,20170314,-9999,    9
 18486, 99319,20170315,-9999,    9
 18486, 99319,20170316,-9999,    9
 18486, 99319,20170317,-9999,    9
 18486, 99319,20170318,-9999,    9
 18486, 99319,20170319,-9999,    9
 18486, 99319,20170320,-9999,    9
 18486, 99319,20170321,-9999,    9
 18486, 99319,20170322,-9999,    9
 18486, 99319,20170323,-9999,    9
 18486, 99319,20170324,-9999,    9
 18486, 99319,20170325,-9999,    9
 18486, 99319,20170326,-9999,    9
 18486, 99319,20170327,-9999,    9
 18486, 99319,20170328,-9999,    9
 18486, 99319,20170329,-9999,    9
 18486, 99319,20170330,-9999,    9
 18486, 99319,20170331,-9999,    9
 18486, 99319,20170401,-9999,    9
 18486, 99319,20170402,-9999,    9
 18486, 99319,20170403,   55,    0
 18486, 99319,20170404,   33,    0
 18486, 99319,20170405,   19,    0
 18486, 99319,20170406,   34,    0
 18486, 99319,20170407,   36,    0
 18486, 99319,20170408,   42,    0
 18486, 99319,20170409,   37,    0
 18486, 99319,20170410,    8,    0
 18486, 99319,20170411,    0,    0
 18486, 99319,20170412,   23,    0
 18486, 99319,20170413,   12,    0
 18486, 99319,20170414,   17,    0
 18486, 99319,20170415,    1,    0
 18486, 99319,20170416,    5,    0
 18486, 99319,20170417,    2,    0
 18486, 99319,20170418,   11,    0
 18486, 99319,20170419,   16,    0
 18486, 99319,20170420,   35,    0
 18486, 99319,20170421,    6,    0
 18486, 99319,20170422,    2,    0
 18486, 99319,20170423,  -11,    0
 18486, 99319,20170424,  -15,    0
 18486, 99319,20170425,    3,    0
 18486, 99319,20170426,   -3,    0
 18486, 99319,20170427,-9999,    9
 18486, 99319,20170428,   34,    0
 18486, 99319,20170429,   44,    0
 18486, 99319,20170430,   45,    0
 18486, 99319,20170501,   70,    0
 18486, 99319,20170502,   87,    0
 18486, 99319,20170503,   98,    0
 18486, 99319,20170504,  110,    0
 18486, 99319,20170505,  125,    0
 18486, 99319,20170506,  118,    0
 18486, 99319,20170507,   56,    0
 18486, 99319,20170508,   33,    0
 18486, 99319,20170509,   20,    0
 18486, 99319,20170510,   31,    0
 18486, 99319,20170511,   46,    0
 18486, 99319,20170512,   67,    0
 18486, 99319,20170513,  102,    0
 18486, 99319,20170514,   88,    0
 18486, 99319,20170515,   92,    0
 18486, 99319,20170516,   99,    0
 18486, 99319,20170517,   98,    0
 18486, 99319,20170518,   89,    0
 18486, 99319,20170519,  107,    0
 18486, 99319,20170520,-9999,    9
 18486, 99319,20170521,   82,    0
 18486, 99319,20170522,   77,    0
 18486, 99319,20170523,  104,    0
 18486, 99319,20170524,   71,    0
 18486, 99319,20170525,   77,    0
 18486, 99319,20170526,  102,    0
 18486, 99319,20170527,  153,    0
 18486, 99319,20170528,  145,    0
 18486, 99319,20170529,  121,    0
 18486, 99319,20170530,   86,    0
 18486, 99319,20170531,   63,    0
 18486, 99319,20170601,   64,    0
 18486, 99319,20170602,   96,    0
 18486, 99319,20170603,   97,    0
 18486, 99319,20170604,   91,    0
 18486, 99319,20170605,   72,    0
 18486, 99319,20170606,  105,    0
 18486, 99319,20170607,  143,    0
 18486, 99319,20170608,   95,    0
 18486, 99319,20170609,-9999,    9
 18486, 99319,20170610,  111,    0
 18486, 99319,20170611,  106,    0
 18486, 99319,20170612,   99,    0
 18486, 99319,20170613,   86,    0
 18486, 99319,20170614,   99,    0
 18486, 99319,20170615,  123,    0
 18486, 99319,20170616,   94,    0
 18486, 99319,20170617,   97,    0
 18486, 99319,20170618,   89,    0
 18486, 99319,20170619,   77,    0
 18486, 99319,20170620,   68,    0
 18486, 99319,20170621,   71,    0
 18486, 99319,20170622,   97,    0
 18486, 99319,20170623,   89,    0
 18486, 99319,20170624,   74,    0
 18486, 99319,20170625,   85,    0
 18486, 99319,20170626,   65,    0
 18486, 99319,20170627,   77,    0
 18486, 99319,20170628,  121,    0
 18486, 99319,20170629,  170,    0
 18486, 99319,20170630,  182,    0
 18486, 99319,20170701,  102,    0
 18486, 99319,20170702,   88,    0
 18486, 99319,20170703,   79,    0
 18486, 99319,20170704,   88,    0
 18486, 99319,20170705,   96,    0
 18486, 99319,20170706,   97,    0
 18486, 99319,20170707,  106,    0
 18486, 99319,20170708,   92,    0
 18486, 99319,20170709,   85,    0
 18486, 99319,20170710,   89,    0
 18486, 99319,20170711,   92,    0
 18486, 99319,20170712,   82,    0
 18486, 99319,20170713,   87,    0
 18486, 99319,20170714,  103,    0
 18486, 99319,20170715,  108,    0
 18486, 99319,20170716,   92,    0
 18486, 99319,20170717,   80,    0
 18486, 99319,20170718,   94,    0
 18486, 99319,20170719,  134,    0
 18486, 99319,20170720,  180,    0
 18486, 99319,20170721,  159,    0
 18486, 99319,20170722,  171,    0
 18486, 99319,20170723,  174,    0
 18486, 99319,20170724,  146,    0
 18486, 99319,20170725,  151,    0
 18486, 99319,20170726,  159,    0
 18486, 99319,20170727,  137,    0
 18486, 99319,20170728,  114,    0
 18486, 99319,20170729,  126,    0
 18486, 99319,20170730,  132,    0
 18486, 99319,20170731,  112,    0
 18486, 99319,20170801,  111,    0
 18486, 99319,20170802,  105,    0
 18486, 99319,20170803,  139,    0
 18486, 99319,20170804,  123,    0
 18486, 99319,20170805,  123,    0
 18486, 99319,20170806,  120,    0
 18486, 99319,20170807,  107,    0
 18486, 99319,20170808,  109,    0
 18486, 99319,20170809,  141,    0
 18486, 99319,20170810,  104,    0
 18486, 99319,20170811,  106,    0
 18486, 99319,20170812,  100,    0
 18486, 99319,20170813,   81,    0
 18486, 99319,20170814,   93,    0
 18486, 99319,20170815,  115,    0
 18486, 99319,20170816,  107,    0
 18486, 99319,20170817,  129,    0
 18486, 99319,20170818,  132,    0
 18486, 99319,20170819,  116,    0
 18486, 99319,20170820,  100,    0
 18486, 99319,20170821,  108,    0
 18486, 99319,20170822,  114,    0
 18486, 99319,20170823,   98,    0
 18486, 99319,20170824,  108,    0
 18486, 99319,20170825,  107,    0
 18486, 99319,20170826,  107,    0
 18486, 99319,20170827,  110,    0
 18486, 99319,20170828,  120,    0
 18486, 99319,20170829,   97,    0
 18486, 99319,20170830,   91,    0
 18486, 99319,20170831,   93,    0
 18486, 99319,20170901,   85,    0
 18486, 99319,20170902,   92,    0
 18486, 99319,20170903,  120,    0
 18486, 99319,20170904,  137,    0
 18486, 99319,20170905,  110,    0
 18486, 99319,20170906,  102,    0
 18486, 99319,20170907,  100,    0
 18486, 99319,20170908,  119,    0
 18486, 99319,20170909,  105,    0
 18486, 99319,20170910,   92,    0
 18486, 99319,20170911,  109,    0
 18486, 99319,20170912,  108,    0
 18486, 99319,20170913,   95,    0
 18486, 99319,20170914,   90,    0
 18486, 99319,20170915,   91,    0
 18486, 99319,20170916,  100,    0
 18486, 99319,20170917,   97,    0
 18486, 99319,20170918,   95,    0
 18486, 99319,20170919,   97,    0
 18486, 99319,20170920,   90,    0
 18486, 99319,20170921,   99,    0
 18486, 99319,20170922,  111,    0
 18486, 99319,20170923,  117,    0
 18486, 99319,20170924,  138,    0
 18486, 99319,20170925,  155,    0
 18486, 99319,20170926,  142,    0
 18486, 99319,20170927,  151,    0
 18486, 99319,20170928,  146,    0
 18486, 99319,20170929,  140,    0
 18486, 99319,20170930,  114,    0
 18486, 99319,20171001,  112,    0
 18486, 99319,20171002,   89,    0
 18486, 99319,20171003,   71,    0
 18486, 99319,20171004,-9999,    9
 18486, 99319,20171005,   51,    0
 18486, 99319,20171006,   60,    0
 18486, 99319,20171007,   44,    0
 18486, 99319,20171008,   52,    0
 18486, 99319,20171009,   61,    0
 18486, 99319,20171010,   60,    0
 18486, 99319,20171011,   69,    0
 18486, 99319,20171012,   54,    0
 18486, 99319,20171013,   81,    0
 18486, 99319,20171014,-9999,    9
 18486, 99319,20171015,   87,    0
 18486, 99319,20171016,   60,    0
 18486, 99319,20171017,-9999,    9
 18486, 99319,20171018,-9999,    9
 18486, 99319,20171019,-9999,    9
 18486, 99319,20171020,-9999,    9
 18486, 99319,20171021,-9999,    9
 18486, 99319,20171022,-9999,    9
 18486, 99319,20171023,-9999,    9
 18486, 99319,20171024,-9999,    9
 18486, 99319,20171025,   67,    0
 18486, 99319,20171026,   60,    0
 18486, 99319,20171027,   55,    0
 18486, 99319,20171028,   41,    0
 18486, 99319,20171029,   12,    0
 18486, 99319,20171030,    1,    0
 18486, 99319,20171031,   40,    0
 18486, 99319,20171101,-9999,    9
 18486, 99319,20171102,-9999,    9
 18486, 99319,20171103,   37,    0
 18486, 99319,20171104,   48,    0
 18486, 99319,20171105,   23,    0
 18486, 99319,20171106,   22,    0
 18486, 99319,20171107,   60,    0
 18486, 99319,20171108,   39,    0
 18486, 99319,20171109,   37,    0
 18486, 99319,20171110,   10,    0
 18486, 99319,20171111,   11,    0
 18486, 99319,20171112,   11,    0
 18486, 99319,20171113,   -9,    0
 18486, 99319,20171114,   14,    0
 18486, 99319,20171115,   23,    0
 18486, 99319,20171116,   24,    0
 18486, 99319,20171117,   19,    0
 18486, 99319,20171118,   18,    0
 18486, 99319,20171119,    6,    0
 18486, 99319,20171120,   -9,    0
 18486, 99319,20171121,  -48,    0
 18486, 99319,20171122,   -8,    0
 18486, 99319,20171123,   12,    0
 18486, 99319,20171124,   14,    0
 18486, 99319,20171125,   -2,    0
 18486, 99319,20171126,    9,    0
 18486, 99319,20171127,   -6,    0
 18486, 99319,20171128,-9999,    9
 18486, 99319,20171129,-9999,    9
 18486, 99319,20171130,  -36,    0
 18486, 99319,20171201,  -27,    0
 18486, 99319,20171202,   19,    0
 18486, 99319,20171203,    7,    0
 18486, 99319,20171204,   -5,    0
 18486, 99319,20171205,   27,    0
 18486, 99319,20171206,   31,    0
 18486, 99319,20171207,   36,    0
 18486, 99319,20171208,    6,    0
 18486, 99319,20171209,   -8,    0
 18486, 99319,20171210,  -25,    0
 18486, 99319,20171211,  -23,    0
 18486, 99319,20171212,  -49,    0
 18486, 99319,20171213,   -3,    0
 18486, 99319,20171214,    2,    0
 18486, 99319,20171215,  -29,    0
 18486, 99319,20171216,  -25,    0
 18486, 99319,20171217,   -8,    0
 18486, 99319,20171218,   10,    0
 18486, 99319,20171219,   47,    0
 18486, 99319,20171220,   39,    0
 18486, 99319,20171221,   22,    0
 18486, 99319,20171222,   27,    0
 18486, 99319,20171223,   28,    0
 18486, 99319,20171224,   17,    0
 18486, 99319,20171225,    1,    0
 18486, 99319,20171226,   -3,    0
 18486, 99319,20171227,  -28,    0
 18486, 99319,20171228,  -45,    0
 18486, 99319,20171229,  -27,    0
 18486, 99319,20171230,  -10,    0
 18486, 99319,20171231,    3,    0
 18486, 99319,20180101,    3,    0
 18486, 99319,20180102,   -8,    0
 18486, 99319,20180103,   12,    0
 18486, 99319,20180104,    2,    0
 18486, 99319,20180105,  -31,    0
 18486, 99319,20180106,  -46,    0
 18486, 99319,20180107,  -15,    0
 18486, 99319,20180108,    9,    0
 18486, 99319,20180109,   43,    0
 18486, 99319,20180110,   62,    0
 18486, 99319,20180111,   26,    0
 18486, 99319,20180112,   10,    0
 18486, 99319,20180113,  -18,    0
 18486, 99319,20180114,    3,    0
 18486, 99319,20180115,   -2,    0
 18486, 99319,20180116,  -10,    0
 18486, 99319,20180117,  -14,    0
 18486, 99319,20180118,  -25,    0
 18486, 99319,20180119,  -17,    0
 18486, 99319,20180120,  -10,    0
 18486, 99319,20180121,  -14,    0
 18486, 99319,20180122,  -14,    0
 18486, 99319,20180123,   12,    0
 18486, 99319,20180124,   19,    0
 18486, 99319,20180125,   16,    0
 18486, 99319,20180126,  -14,    0
 18486, 99319,20180127,   -7,    0
 18486, 99319,20180128,   16,    0
 18486, 99319,20180129,   -1,    0
 18486, 99319,20180130,   -1,    0
 18486, 99319,20180131,    0,    0
 18486, 99319,20180201,  -23,    0
 18486, 99319,20180202,  -34,    0
 18486, 99319,20180203,  -30,    0
 18486, 99319,20180204,  -22,    0
 18486, 99319,20180205,  -16,    0
 18486, 99319,20180206,  -29,    0
 18486, 99319,20180207,  -29,    0
 18486, 99319,20180208,   -4,    0
 18486, 99319,20180209,    6,    0
 18486, 99319,20180210,   -9,    0
 18486, 99319,20180211,  -15,    0
 18486, 99319,20180212,  -34,    0
 18486, 99319,20180213,   -6,    0
 18486, 99319,20180214,   -1,    0
 18486, 99319,20180215,   -9,    0
 18486, 99319,20180216,   -4,    0
 18486, 99319,20180217,   13,    0
 18486, 99319,20180218,   -1,    0
 18486, 99319,20180219,  -17,    0
 18486, 99319,20180220,  -19,    0
 18486, 99319,20180221,  -26,    0
 18486, 99319,20180222,  -41,    0
 18486, 99319,20180223,  -12,    0
 18486, 99319,20180224,   -5,    0
 18486, 99319,20180225,  -15,    0
 18486, 99319,20180226,  -29,    0
 18486, 99319,20180227,  -70,    0
 18486, 99319,20180228, -114,    0
 18486, 99319,20180301, -123,    0
 18486, 99319,20180302,  -85,    0
 18486, 99319,20180303,-9999,    9
 18486, 99319,20180304,  -66,    0
 18486, 99319,20180305,  -67,    0
 18486, 99319,20180306,  -84,    0
 18486, 99319,20180307,  -19,    0
 18486, 99319,20180308,    5,    0
 18486, 99319,20180309,  -15,    0
 18486, 99319,20180310,-9999,    9
 18486, 99319,20180311,  -11,    0
 18486, 99319,20180312,   -8,    0
 18486, 99319,20180313,  -20,    0
 18486, 99319,20180314,  -18,    0
 18486, 99319,20180315,  -11,    0
 18486, 99319,20180316,  -42,    0
 18486, 99319,20180317,-9999,    9
 18486, 99319,20180318,  -37,    0
 18486, 99319,20180319,   -3,    0
 18486, 99319,20180320,  -11,    0
 18486, 99319,20180321,   -4,    0
 18486, 99319,20180322,    4,    0
 18486, 99319,20180323,   29,    0
 18486, 99319,20180324,   16,    0
 18486, 99319,20180325,    5,    0
 18486, 99319,20180326,    0,    0
 18486, 99319,20180327,  -12,    0
 18486, 99319,20180328,  -17,    0
 18486, 99319,20180329,  -41,    0
 18486, 99319,20180330,  -43,    0
 18486, 99319,20180331,  -47,    0
 18486, 99319,20180401,  -35,    0
 18486, 99319,20180402,  -34,    0
 18486, 99319,20180403,  -27,    0
 18486, 99319,20180404,  -20,    0
 18486, 99319,20180405,  -12,    0
 18486, 99319,20180406,   -2,    0
 18486, 99319,20180407,-9999,    9
 18486, 99319,20180408,   39,    0
 18486, 99319,20180409,   24,    0
 18486, 99319,20180410,   44,    0
 18486, 99319,20180411,   42,    0
 18486, 99319,20180412,   72,    0
 18486, 99319,20180413,   98,    0
 18486, 99319,20180414,   84,    0
 18486, 99319,20180415,   81,    0
 18486, 99319,20180416,   59,    0
 18486, 99319,20180417,   71,    0
 18486, 99319,20180418,   68,    0
 18486, 99319,20180419,   91,    0
 18486, 99319,20180420,   48,    0
 18486, 99319,20180421,   40,    0
 18486, 99319,20180422,   63,    0
 18486, 99319,20180423,   42,    0
 18486, 99319,20180424,   27,    0
 18486, 99319,20180425,   23,    0
 18486, 99319,20180426,   27,    0
 18486, 99319,20180427,   24,    0
 18486, 99319,20180428,   22,    0
 18486, 99319,20180429,   28,    0
 18486, 99319,20180430,   57,    0
 18486, 99319,20180501,   56,    0
 18486, 99319,20180502,   60,    0
 18486, 99319,20180503,   36,    0
 18486, 99319,20180504,   47,    0
 18486, 99319,20180505,-9999,    9
 18486, 99319,20180506,   69,    0
 18486, 99319,20180507,   79,    0
 18486, 99319,20180508,  149,    0
 18486, 99319,20180509,  124,    0
 18486, 99319,20180510,   79,    0
 18486, 99319,20180511,   85,    0
 18486, 99319,20180512,  102,    0
 18486, 99319,20180513,  141,    0
 18486, 99319,20180514,  126,    0
 18486, 99319,20180515,  143,    0
 18486, 99319,20180516,-9999,    9
 18486, 99319,20180517,   66,    0
 18486, 99319,20180518,   89,    0
 18486, 99319,20180519,-9999,    9
 18486, 99319,20180520,  123,    0
 18486, 99319,20180521,  130,    0
 18486, 99319,20180522,  100,    0
 18486, 99319,20180523,  124,    0
 18486, 99319,20180524,  102,    0
 18486, 99319,20180525,  144,    0
 18486, 99319,20180526,-9999,    9
 18486, 99319,20180527,  195,    0
 18486, 99319,20180528,  189,    0
 18486, 99319,20180529,  185,    0
 18486, 99319,20180530,-9999,    9
 18486, 99319,20180531,  215,    0
 18486, 99319,20180601,  197,    0
 18486, 99319,20180602,  196,    0
 18486, 99319,20180603,  161,    0
 18486, 99319,20180604,   93,    0
 18486, 99319,20180605,   87,    0
 18486, 99319,20180606,-9999,    9
 18486, 99319,20180607,  136,    0
 18486, 99319,20180608,  141,    0
 18486, 99319,20180609,  170,    0
 18486, 99319,20180610,  122,    0
 18486, 99319,20180611,   97,    0
 18486, 99319,20180612,   86,    0
 18486, 99319,20180613,   86,    0
 18486, 99319,20180614,   93,    0
 18486, 99319,20180615,   72,    0
 18486, 99319,20180616,   89,    0
 18486, 99319,20180617,  108,    0
 18486, 99319,20180618,   84,    0
 18486, 99319,20180619,   64,    0
 18486, 99319,20180620,   65,    0
 18486, 99319,20180621,   59,    0
 18486, 99319,20180622,   69,    0
 18486, 99319,20180623,   78,    0
 18486, 99319,20180624,   83,    0
 18486, 99319,20180625,   86,    0
 18486, 99319,20180626,   83,    0
 18486, 99319,20180627,  112,    0
 18486, 99319,20180628,  108,    0
 18486, 99319,20180629,  109,    0
 18486, 99319,20180630,  141,    0
 18486, 99319,20180701,  154,    0
 18486, 99319,20180702,  120,    0
 18486, 99319,20180703,  122,    0
 18486, 99319,20180704,  172,    0
 18486, 99319,20180705,  105,    0
 18486, 99319,20180706,   89,    0
 18486, 99319,20180707,  113,    0
 18486, 99319,20180708,   97,    0
 18486, 99319,20180709,  106,    0
 18486, 99319,20180710,  177,    0
 18486, 99319,20180711,  167,    0
 18486, 99319,20180712,  133,    0
 18486, 99319,20180713,  111,    0
 18486, 99319,20180714,  108,    0
 18486, 99319,20180715,  151,    0
 18486, 99319,20180716,  176,    0
 18486, 99319,20180717,  182,    0
 18486, 99319,20180718,  136,    0
 18486, 99319,20180719,  124,    0
 18486, 99319,20180720,  137,    0
 18486, 99319,20180721,  141,    0
 18486, 99319,20180722,  119,    0
 18486, 99319,20180723,  128,    0
 18486, 99319,20180724,  136,    0
 18486, 99319,20180725,  129,    0
 18486, 99319,20180726,  162,    0
 18486, 99319,20180727,  233,    0
 18486, 99319,20180728,  243,    0
 18486, 99319,20180729,  160,    0
 18486, 99319,20180730,  169,    0
 18486, 99319,20180731,  174,    0
 18486, 99319,20180801,  144,    0
 18486, 99319,20180802,  135,    0
 18486, 99319,20180803,  139,    0
 18486, 99319,20180804,  117,    0
 18486, 99319,20180805,   94,    0
 18486, 99319,20180806,  108,    0
 18486, 99319,20180807,  138,    0
 18486, 99319,20180808,  141,    0
 18486, 99319,20180809,  113,    0
 18486, 99319,20180810,-9999,    9
 18486, 99319,20180811,-9999,    9
 18486, 99319,20180812,-9999,    9
 18486, 99319,20180813,-9999,    9
 18486, 99319,20180814,-9999,    9
 18486, 99319,20180815,-9999,    9
 18486, 99319,20180816,-9999,    9
 18486, 99319,20180817,-9999,    9
 18486, 99319,20180818,-9999,    9
 18486, 99319,20180819,-9999,    9
 18486, 99319,20180820,-9999,    9
 18486, 99319,20180821,-9999,    9
 18486, 99319,20180822,-9999,    9
 18486, 99319,20180823,-9999,    9
 18486, 99319,20180824,-9999,    9
 18486, 99319,20180825,-9999,    9
 18486, 99319,20180826,-9999,    9
 18486, 99319,20180827,-9999,    9
 18486, 99319,20180828,-9999,    9
 18486, 99319,20180829,-9999,    9
 18486, 99319,20180830,-9999,    9
 18486, 99319,20180831,-9999,    9
 18486, 99319,20180901,   87,    0
 18486, 99319,20180902,-9999,    9
 18486, 99319,20180903,   96,    0
 18486, 99319,20180904,-9999,    9
 18486, 99319,20180905,-9999,    9
 18486, 99319,20180906,-9999,    9
 18486, 99319,20180907,  170,    0
 18486, 99319,20180908,  140,    0
 18486, 99319,20180909,  113,    0
 18486, 99319,20180910,   94,    0
 18486, 99319,20180911,   86,    0
 18486, 99319,20180912,   73,    0
 18486, 99319,20180913,   72,    0
 18486, 99319,20180914,   67,    0
 18486, 99319,20180915,   66,    0
 18486, 99319,20180916,   76,    0
 18486, 99319,20180917,   83,    0
 18486, 99319,20180918,  129,    0
 18486, 99319,20180919,  108,    0
 18486, 99319,20180920,   73,    0
 18486, 99319,20180921,   63,    0
 18486, 99319,20180922,   64,    0
 18486, 99319,20180923,   39,    0
 18486, 99319,20180924,   30,    0
 18486, 99319,20180925,   67,    0
 18486, 99319,20180926,-9999,    9
 18486, 99319,20180927,-9999,    9
 18486, 99319,20180928,-9999,    9
 18486, 99319,20180929,-9999,    9
 18486, 99319,20180930,-9999,    9
 18486, 99319,20181001,-9999,    9
 18486, 99319,20181002,-9999,    9
 18486, 99319,20181003,-9999,    9
 18486, 99319,20181004,   54,    0
 18486, 99319,20181005,   48,    0
 18486, 99319,20181006,   27,    0
 18486, 99319,20181007,   25,    0
 18486, 99319,20181008,   55,    0
 18486, 99319,20181009,   77,    0
 18486, 99319,20181010,   97,    0
 18486, 99319,20181011,-9999,    9
 18486, 99319,20181012,  149,    0
 18486, 99319,20181013,-9999,    9
 18486, 99319,20181014,-9999,    9
 18486, 99319,20181015,-9999,    9
 18486, 99319,20181016,-9999,    9
 18486, 99319,20181017,-9999,    9
 18486, 99319,20181018,-9999,    9
 18486, 99319,20181019,-9999,    9
 18486, 99319,20181020,-9999,    9
 18486, 99319,20181021,-9999,    9
 18486, 99319,20181022,-9999,    9
 18486, 99319,20181023,   27,    0
 18486, 99319,20181024,   20,    0
 18486, 99319,20181025,   25,    0
 18486, 99319,20181026,   15,    0
 18486, 99319,20181027,    0,    0
 18486, 99319,20181028,   -8,    0
 18486, 99319,20181029,  -11,    0
 18486, 99319,20181030,   13,    0
 18486, 99319,20181031,   44,    0
 18486, 99319,20181101,   65,    0
 18486, 99319,20181102,   41,    0
 18486, 99319,20181103,   49,    0
 18486, 99319,20181104,   77,    0
 18486, 99319,20181105,   74,    0
 18486, 99319,20181106,   88,    0
 18486, 99319,20181107,  138,    0
 18486, 99319,20181108,   87,    0
 18486, 99319,20181109,   76,    0
 18486, 99319,20181110,   91,    0
 18486, 99319,20181111,   91,    0
 18486, 99319,20181112,   66,    0
 18486, 99319,20181113,   60,    0
 18486, 99319,20181114,   69,    0
 18486, 99319,20181115,   91,    0
 18486, 99319,20181116,   79,    0
 18486, 99319,20181117,   64,    0
 18486, 99319,20181118,   43,    0
 18486, 99319,20181119,   28,    0
 18486, 99319,20181120,   24,    0
 18486, 99319,20181121,   51,    0
 18486, 99319,20181122,   16,    0
 18486, 99319,20181123,  -12,    0
 18486, 99319,20181124,   -8,    0
 18486, 99319,20181125,  -23,    0
 18486, 99319,20181126,  -11,    0
 18486, 99319,20181127,   -9,    0
 18486, 99319,20181128,   22,    0
 18486, 99319,20181129,   62,    0
 18486, 99319,20181130,   51,    0
 18486, 99319,20181201,   28,    0
 18486, 99319,20181202,   26,    0
 18486, 99319,20181203,   18,    0
 18486, 99319,20181204,  -13,    0
 18486, 99319,20181205,   -8,    0
 18486, 99319,20181206,   -6,    0
 18486, 99319,20181207,   31,    0
 18486, 99319,20181208,   21,    0
 18486, 99319,20181209,    8,    0
 18486, 99319,20181210,    8,    0
 18486, 99319,20181211,   -5,    0
 18486, 99319,20181212,    2,    0
 18486, 99319,20181213,   -7,    0
 18486, 99319,20181214,  -15,    0
 18486, 99319,20181215,   -9,    0
 18486, 99319,20181216,    8,    0
 18486, 99319,20181217,    0,    0
 18486, 99319,20181218,   25,    0
 18486, 99319,20181219,   40,    0
 18486, 99319,20181220,   36,    0
 18486, 99319,20181221,   27,    0
 18486, 99319,20181222,   -5,    0
 18486, 99319,20181223,   -6,    0
 18486, 99319,20181224,    9,    0
 18486, 99319,20181225,   28,    0
 18486, 99319,20181226,   33,    0
 18486, 99319,20181227,   38,    0
 18486, 99319,20181228,   32,    0
 18486, 99319,20181229,   19,    0
 18486, 99319,20181230,    8,    0
 18486, 99319,20181231,   44,    0
 18486, 99319,20190101,    5,    0
 18486, 99319,20190102,   -8,    0
 18486, 99319,20190103,   14,    0
 18486, 99319,20190104,   50,    0
 18486, 99319,20190105,   48,    0
 18486, 99319,20190106,   30,    0
 18486, 99319,20190107,    9,    0
 18486, 99319,20190108,   -1,    0
 18486, 99319,20190109,  -13,    0
 18486, 99319,20190110,   20,    0
 18486, 99319,20190111,    0,    0
 18486, 99319,20190112,   -1,    0
 18486, 99319,20190113,  -18,    0
 18486, 99319,20190114,  -37,    0
 18486, 99319,20190115,  -13,    0
 18486, 99319,20190116,  -21,    0
 18486, 99319,20190117,  -40,    0
 18486, 99319,20190118,-9999,    9
 18486, 99319,20190119,-9999,    9
 18486, 99319,20190120,  -27,    0
 18486, 99319,20190121,   -6,    0
 18486, 99319,20190122,    2,    0
 18486, 99319,20190123,   -7,    0
 18486, 99319,20190124,  -13,    0
 18486, 99319,20190125,  -19,    0
 18486, 99319,20190126,  -17,    0
 18486, 99319,20190127,  -47,    0
 18486, 99319,20190128,  -49,    0
 18486, 99319,20190129,  -26,    0
 18486, 99319,20190130,-9999,    9
 18486, 99319,20190131,  -11,    0
 18486, 99319,20190201,  -13,    0
 18486, 99319,20190202,  -36,    0
 18486, 99319,20190203,  -33,    0
 18486, 99319,20190204,  -11,    0
 18486, 99319,20190205,  -27,    0
 18486, 99319,20190206,    2,    0
 18486, 99319,20190207,   18,    0
 18486, 99319,20190208,-9999,    9
 18486, 99319,20190209,-9999,    9
 18486, 99319,20190210,-9999,    9
 18486, 99319,20190211,-9999,    9
 18486, 99319,20190212,    3,    0
 18486, 99319,20190213,-9999,    9
 18486, 99319,20190214,-9999,    9
 18486, 99319,20190215,-9999,    9
 18486, 99319,20190216,   18,    0
 18486, 99319,20190217,   53,    0
 18486, 99319,20190218,   39,    0
 18486, 99319,20190219,   16,    0
 18486, 99319,20190220,    8,    0
 18486, 99319,20190221,   39,    0
 18486, 99319,20190222,   53,    0
 18486, 99319,20190223,   74,    0
 18486, 99319,20190224,   43,    0
 18486, 99319,20190225,   44,    0
 18486, 99319,20190226,   62,    0
 18486, 99319,20190227,   31,    0
 18486, 99319,20190228,    2,    0
 18486, 99319,20190301,   -5,    0
 18486, 99319,20190302,    1,    0
 18486, 99319,20190303,   30,    0
 18486, 99319,20190304,   31,    0
 18486, 99319,20190305,    7,    0
 18486, 99319,20190306,   13,    0
 18486, 99319,20190307,    2,    0
 18486, 99319,20190308,  -27,    0
 18486, 99319,20190309,  -29,    0
 18486, 99319,20190310,-9999,    9
 18486, 99319,20190311,  -27,    0
 18486, 99319,20190312,   -1,    0
 18486, 99319,20190313,    7,    0
 18486, 99319,20190314,    4,    0
 18486, 99319,20190315,    6,    0
 18486, 99319,20190316,    9,    0
 18486, 99319,20190317,    8,    0
 18486, 99319,20190318,  -55,    0
 18486, 99319,20190319, -146,    0
 18486, 99319,20190320,-9999,    9
 18486, 99319,20190321, -182,    0
 18486, 99319,20190322, -130,    0
 18486, 99319,20190323,  -24,    0
 18486, 99319,20190324, -194,    0
 18486, 99319,20190325,  -44,    0
 18486, 99319,20190326,  -97,    0
 18486, 99319,20190327,-9999,    9
 18486, 99319,20190328,   -6,    0
 18486, 99319,20190329,  -31,    0
 18486, 99319,20190330, -280,    0
 18486, 99319,20190331,  -51,    0
 18486, 99319,20190401,  -66,    0
 18486, 99319,20190402,    1,    0
 18486, 99319,20190403,   51,    0
 18486, 99319,20190404,   70,    0
 18486, 99319,20190405,  100,    0
 18486, 99319,20190406,   45,    0
 18486, 99319,20190407,   33,    0
 18486, 99319,20190408,   24,    0
 18486, 99319,20190409,-9999,    9
 18486, 99319,20190410,-9999,    9
 18486, 99319,20190411,-9999,    9
 18486, 99319,20190412,   26,    0
 18486, 99319,20190413,   40,    0
 18486, 99319,20190414,   59,    0
 18486, 99319,20190415,   54,    0
 18486, 99319,20190416,   84,    0
 18486, 99319,20190417,   72,    0
 18486, 99319,20190418,   95,    0
 18486, 99319,20190419,  113,    0
 18486, 99319,20190420,   96,    0
 18486, 99319,20190421,   81,    0
 18486, 99319,20190422,  120,    0
 18486, 99319,20190423,  142,    0
 18486, 99319,20190424,  136,    0
 18486, 99319,20190425,  132,    0
 18486, 99319,20190426,  138,    0
 18486, 99319,20190427,  134,    0
 18486, 99319,20190428,  135,    0
 18486, 99319,20190429,  148,    0
 18486, 99319,20190430,  123,    0
 18486, 99319,20190501,   53,    0
 18486, 99319,20190502,    3,    0
 18486, 99319,20190503,   -6,    0
 18486, 99319,20190504,   10,    0
 18486, 99319,20190505,    8,    0
 18486, 99319,20190506,   14,    0
 18486, 99319,20190507,   13,    0
 18486, 99319,20190508,    6,    0
 18486, 99319,20190509,   38,    0
 18486, 99319,20190510,   32,    0
 18486, 99319,20190511,   36,    0
 18486, 99319,20190512,   22,    0
 18486, 99319,20190513,   34,    0
 18486, 99319,20190514,   69,    0
 18486, 99319,20190515,  109,    0
 18486, 99319,20190516,  132,    0
 18486, 99319,20190517,  172,    0
 18486, 99319,20190518,  136,    0
 18486, 99319,20190519,  135,    0
 18486, 99319,20190520,  164,    0
 18486, 99319,20190521,  170,    0
 18486, 99319,20190522,  117,    0
 18486, 99319,20190523,   89,    0
 18486, 99319,20190524,   97,    0
 18486, 99319,20190525,   67,    0
 18486, 99319,20190526,   59,    0
 18486, 99319,20190527,   41,    0
 18486, 99319,20190528,   28,    0
 18486, 99319,20190529,-9999,    9
 18486, 99319,20190530,-9999,    9
 18486, 99319,20190531,-9999,    9
 18486, 99319,20190601,   67,    0
 18486, 99319,20190602,   87,    0
 18486, 99319,20190603,  109,    0
 18486, 99319,20190604,   88,    0
 18486, 99319,20190605,  110,    0
 18486, 99319,20190606,  155,    0
 18486, 99319,20190607,  112,    0
 18486, 99319,20190608,  126,    0
 18486, 99319,20190609,   90,    0
 18486, 99319,20190610,   67,    0
 18486, 99319,20190611,  125,    0
 18486, 99319,20190612,  144,    0
 18486, 99319,20190613,  112,    0
 18486, 99319,20190614,  142,    0
 18486, 99319,20190615,  154,    0
 18486, 99319,20190616,  129,    0
 18486, 99319,20190617,  109,    0
 18486, 99319,20190618,  102,    0
 18486, 99319,20190619,  114,    0
 18486, 99319,20190620,  100,    0
 18486, 99319,20190621,   80,    0
 18486, 99319,20190622,   77,    0
 18486, 99319,20190623,   85,    0
 18486, 99319,20190624,  122,    0
 18486, 99319,20190625,-9999,    9
 18486, 99319,20190626,  101,    0
 18486, 99319,20190627,   91,    0
 18486, 99319,20190628,   88,    0
 18486, 99319,20190629,  111,    0
 18486, 99319,20190630,  115,    0
 18486, 99319,20190701,   80,    0
 18486, 99319,20190702,   49,    0
 18486, 99319,20190703,   48,    0
 18486, 99319,20190704,   74,    0
 18486, 99319,20190705,   89,    0
 18486, 99319,20190706,  100,    0
 18486, 99319,20190707,  106,    0
 18486, 99319,20190708,  117,    0
 18486, 99319,20190709,  122,    0
 18486, 99319,20190710,  133,    0
 18486, 99319,20190711,  158,    0
 18486, 99319,20190712,  174,    0
 18486, 99319,20190713,  127,    0
 18486, 99319,20190714,  107,    0
 18486, 99319,20190715,  103,    0
 18486, 99319,20190716,  130,    0
 18486, 99319,20190717,  132,    0
 18486, 99319,20190718,  143,    0
 18486, 99319,20190719,  128,    0
 18486, 99319,20190720,  144,    0
 18486, 99319,20190721,  118,    0
 18486, 99319,20190722,  127,    0
 18486, 99319,20190723,  146,    0
 18486, 99319,20190724,  195,    0
 18486, 99319,20190725,  193,    0
 18486, 99319,20190726,  240,    0
 18486, 99319,20190727,  246,    0
 18486, 99319,20190728,  240,    0
 18486, 99319,20190729,  214,    0
 18486, 99319,20190730,  194,    0
 18486, 99319,20190731,  136,    0
 18486, 99319,20190801,  150,    0
 18486, 99319,20190802,  164,    0
 18486, 99319,20190803,  148,    0
 18486, 99319,20190804,  141,    0
 18486, 99319,20190805,  134,    0
 18486, 99319,20190806,  144,    0
 18486, 99319,20190807,  137,    0
 18486, 99319,20190808,  123,    0
 18486, 99319,20190809,  149,    0
 18486, 99319,20190810,  151,    0
 18486, 99319,20190811,  139,    0
 18486, 99319,20190812,  102,    0
 18486, 99319,20190813,   86,    0
 18486, 99319,20190814,   86,    0
 18486, 99319,20190815,  119,    0
 18486, 99319,20190816,  105,    0
 18486, 99319,20190817,  121,    0
 18486, 99319,20190818,  115,    0
 18486, 99319,20190819,  109,    0
 18486, 99319,20190820,   98,    0
 18486, 99319,20190821,   97,    0
 18486, 99319,20190822,-9999,    9
 18486, 99319,20190823,  104,    0
 18486, 99319,20190824,  138,    0
 18486, 99319,20190825,  147,    0
 18486, 99319,20190826,-9999,    9
 18486, 99319,20190827,  192,    0
 18486, 99319,20190828,  186,    0
 18486, 99319,20190829,  118,    0
 18486, 99319,20190830,  119,    0
 18486, 99319,20190831,  143,    0
 18486, 99319,20190901,   82,    0
 18486, 99319,20190902,   71,    0
 18486, 99319,20190903,   77,    0
 18486, 99319,20190904,   84,    0
 18486, 99319,20190905,   65,    0
 18486, 99319,20190906,   71,    0
 18486, 99319,20190907,   83,    0
 18486, 99319,20190908,   96,    0
 18486, 99319,20190909,  121,    0
 18486, 99319,20190910,-9999,    9
 18486, 99319,20190911,  100,    0
 18486, 99319,20190912,   85,    0
 18486, 99319,20190913,   73,    0
 18486, 99319,20190914,   81,    0
 18486, 99319,20190915,   70,    0
 18486, 99319,20190916,   51,    0
 18486, 99319,20190917,   42,    0
 18486, 99319,20190918,   56,    0
 18486, 99319,20190919,   47,    0
 18486, 99319,20190920,   81,    0
 18486, 99319,20190921,  121,    0
 18486, 99319,20190922,  150,    0
 18486, 99319,20190923,  135,    0
 18486, 99319,20190924,  107,    0
 18486, 99319,20190925,  109,    0
 18486, 99319,20190926,  117,    0
 18486, 99319,20190927,  127,    0
 18486, 99319,20190928,  120,    0
 18486, 99319,20190929,   81,    0
 18486, 99319,20190930,   37,    0
 18486, 99319,20191001,   40,    0
 18486, 99319,20191002,   72,    0
 18486, 99319,20191003,   59,    0
 18486, 99319,20191004,   56,    0
 18486, 99319,20191005,   43,    0
 18486, 99319,20191006,   40,    0
 18486, 99319,20191007,   45,    0
 18486, 99319,20191008,   50,    0
 18486, 99319,20191009,   70,    0
 18486, 99319,20191010,   70,    0
 18486, 99319,20191011,   59,    0
 18486, 99319,20191012,   56,    0
 18486, 99319,20191013,   47,    0
 18486, 99319,20191014,   57,    0
 18486, 99319,20191015,   82,    0
 18486, 99319,20191016,   89,    0
 18486, 99319,20191017,   84,    0
 18486, 99319,20191018,   65,    0
 18486, 99319,20191019,   54,    0
 18486, 99319,20191020,   53,    0
 18486, 99319,20191021,   36,    0
 18486, 99319,20191022,   45,    0
 18486, 99319,20191023,-9999,    9
 18486, 99319,20191024,-9999,    9
 18486, 99319,20191025,-9999,    9
 18486, 99319,20191026,-9999,    9
 18486, 99319,20191027,   30,    0
 18486, 99319,20191028,   18,    0
 18486, 99319,20191029,   21,    0
 18486, 99319,20191030,   30,    0
 18486, 99319,20191031,   38,    0
 18486, 99319,20191101,-9999,    9
 18486, 99319,20191102,   23,    0
 18486, 99319,20191103,   14,    0
 18486, 99319,20191104,   10,    0
 18486, 99319,20191105,   -6,    0
 18486, 99319,20191106,   -5,    0
 18486, 99319,20191107,  -21,    0
 18486, 99319,20191108,  -28,    0
 18486, 99319,20191109,  -30,    0
 18486, 99319,20191110,  -45,    0
 18486, 99319,20191111,  -40,    0
 18486, 99319,20191112,    6,    0
 18486, 99319,20191113,    9,    0
 18486, 99319,20191114,    7,    0
 18486, 99319,20191115,    2,    0
 18486, 99319,20191116,    5,    0
 18486, 99319,20191117,   -4,    0
 18486, 99319,20191118,    8,    0
 18486, 99319,20191119,    3,    0
 18486, 99319,20191120,   22,    0
 18486, 99319,20191121,   55,    0
 18486, 99319,20191122,   65,    0
 18486, 99319,20191123,   55,    0
 18486, 99319,20191124,   75,    0
 18486, 99319,20191125,   47,    0
 18486, 99319,20191126,   23,    0
 18486, 99319,20191127,   28,    0
 18486, 99319,20191128,    0,    0
 18486, 99319,20191129,  -11,    0
 18486, 99319,20191130,  -20,    0
 18486, 99319,20191201,   -4,    0
 18486, 99319,20191202,  -13,    0
 18486, 99319,20191203,   40,    0
 18486, 99319,20191204,   46,    0
 18486, 99319,20191205,   26,    0
 18486, 99319,20191206,   14,    0
 18486, 99319,20191207,-9999,    9
 18486, 99319,20191208,   16,    0
 18486, 99319,20191209,  -11,    0
 18486, 99319,20191210,   -4,    0
 18486, 99319,20191211,   30,    0
 18486, 99319,20191212,   15,    0
 18486, 99319,20191213,   16,    0
 18486, 99319,20191214,-9999,    9
 18486, 99319,20191215,   15,    0
 18486, 99319,20191216,    9,    0
 18486, 99319,20191217,    7,    0
 18486, 99319,20191218,    5,    0
 18486, 99319,20191219,   26,    0
 18486, 99319,20191220,   69,    0
 18486, 99319,20191221,-9999,    9
 18486, 99319,20191222,-9999,    9
 18486, 99319,20191223,-9999,    9
 18486, 99319,20191224,   12,    0
 18486, 99319,20191225,   12,    0
 18486, 99319,20191226,   -2,    0
 18486, 99319,20191227,    0,    0
 18486, 99319,20191228,   26,    0
 18486, 99319,20191229,   61,    0
 18486, 99319,20191230,   40,    0
 18486, 99319,20191231,   18,    0
 18486, 99319,20200101,   37,    0
 18486, 99319,20200102,   49,    0
 18486, 99319,20200103,   -5,    0
 18486, 99319,20200104,   -8,    0
 18486, 99319,20200105,-9999,    9
 18486, 99319,20200106,-9999,    9
 18486, 99319,20200107,   41,    0
 18486, 99319,20200108,   22,    0
 18486, 99319,20200109,    6,    0
 18486, 99319,20200110,   12,    0
 18486, 99319,20200111,   31,    0
 18486, 99319,20200112,-9999,    9
 18486, 99319,20200113,-9999,    9
 18486, 99319,20200114,-9999,    9
 18486, 99319,20200115,-9999,    9
 18486, 99319,20200116,   39,    0
 18486, 99319,20200117,   46,    0
 18486, 99319,20200118,   23,    0
 18486, 99319,20200119,   10,    0
 18486, 99319,20200120,   52,    0
 18486, 99319,20200121,   20,    0
 18486, 99319,20200122,    9,    0
 18486, 99319,20200123,   38,    0
 18486, 99319,20200124,   13,    0
 18486, 99319,20200125,   25,    0
 18486, 99319,20200126,   34,    0
 18486, 99319,20200127,-9999,    9
 18486, 99319,20200128,-9999,    9
 18486, 99319,20200129,    6,    0
 18486, 99319,20200130,    8,    0
 18486, 99319,20200131,   23,    0
 18486, 99319,20200201,   11,    0
 18486, 99319,20200202,   -6,    0
 18486, 99319,20200203,   -9,    0
 18486, 99319,20200204,   -9,    0
 18486, 99319,20200205,   26,    0
 18486, 99319,20200206,   40,    0
 18486, 99319,20200207,   39,    0
 18486, 99319,20200208,   42,    0
 18486, 99319,20200209,   16,    0
 18486, 99319,20200210,    8,    0
 18486, 99319,20200211,    1,    0
 18486, 99319,20200212,   -9,    0
 18486, 99319,20200213,  -11,    0
 18486, 99319,20200214,   -2,    0
 18486, 99319,20200215,   31,    0
 18486, 99319,20200216,   24,    0
 18486, 99319,20200217,   28,    0
 18486, 99319,20200218,   19,    0
 18486, 99319,20200219,    7,    0
 18486, 99319,20200220,    9,    0
 18486, 99319,20200221,   24,    0
 18486, 99319,20200222,   12,    0
 18486, 99319,20200223,    3,    0
 18486, 99319,20200224,  -13,    0
 18486, 99319,20200225,  -22,    0
 18486, 99319,20200226,  -23,    0
 18486, 99319,20200227,  -23,    0
 18486, 99319,20200228,  -23,    0
 18486, 99319,20200229,   -7,    0
 18486, 99319,20200301,    8,    0
 18486, 99319,20200302,   20,    0
 18486, 99319,20200303,   28,    0
 18486, 99319,20200304,   14,    0
 18486, 99319,20200305,    1,    0
 18486, 99319,20200306,   -1,    0
 18486, 99319,20200307,    5,    0
 18486, 99319,20200308,   36,    0
 18486, 99319,20200309,   23,    0
 18486, 99319,20200310,   22,    0
 18486, 99319,20200311,   14,    0
 18486, 99319,20200312,   -1,    0
 18486, 99319,20200313,  -44,    0
 18486, 99319,20200314,  -23,    0
 18486, 99319,20200315,   17,    0
 18486, 99319,20200316,    3,    0
 18486, 99319,20200317,   19,    0
 18486, 99319,20200318,   11,    0
 18486, 99319,20200319,    7,    0
 18486, 99319,20200320,-9999,    9
 18486, 99319,20200321,-9999,    9
 18486, 99319,20200322,-9999,    9
 18486, 99319,20200323,-9999,    9
 18486, 99319,20200324,-9999,    9
 18486, 99319,20200325,-9999,    9
 18486, 99319,20200326,-9999,    9
 18486, 99319,20200327,   17,    0
 18486, 99319,20200328,  -23,    0
 18486, 99319,20200329,  -11,    0
 18486, 99319,20200330,   -1,    0
 18486, 99319,20200331,   20,    0
 18486, 99319,20200401,   20,    0
 18486, 99319,20200402,  -14,    0
 18486, 99319,20200403,  -25,    0
 18486, 99319,20200404,  -18,    0
 18486, 99319,20200405,   52,    0
 18486, 99319,20200406,   76,    0
 18486, 99319,20200407,   44,    0
 18486, 99319,20200408,   28,    0
 18486, 99319,20200409,   -2,    0
 18486, 99319,20200410,   12,    0
 18486, 99319,20200411,-9999,    9
 18486, 99319,20200412,-9999,    9
 18486, 99319,20200413,-9999,    9
 18486, 99319,20200414,-9999,    9
 18486, 99319,20200415,-9999,    9
 18486, 99319,20200416,-9999,    9
 18486, 99319,20200417,   18,    0
 18486, 99319,20200418,   36,    0
 18486, 99319,20200419,   58,    0
 18486, 99319,20200420,   79,    0
 18486, 99319,20200421,  102,    0
 18486, 99319,20200422,   94,    0
 18486, 99319,20200423,   57,    0
 18486, 99319,20200424,   42,    0
 18486, 99319,20200425,   47,    0
 18486, 99319,20200426,   37,    0
 18486, 99319,20200427,   51,    0
 18486, 99319,20200428,   58,    0
 18486, 99319,20200429,   30,    0
 18486, 99319,20200430,   56,    0
 18486, 99319,20200501,   30,    0
 18486, 99319,20200502,   34,    0
 18486, 99319,20200503,   28,    0
 18486, 99319,20200504,   11,    0
 18486, 99319,20200505,   20,    0
 18486, 99319,20200506,   46,    0
 18486, 99319,20200507,   35,    0
 18486, 99319,20200508,   35,    0
 18486, 99319,20200509,   21,    0
 18486, 99319,20200510,   -7,    0
 18486, 99319,20200511,   -3,    0
 18486, 99319,20200512,   -7,    0
 18486, 99319,20200513,   -9,    0
 18486, 99319,20200514,    7,    0
 18486, 99319,20200515,    4,    0
 18486, 99319,20200516,    5,    0
 18486, 99319,20200517,   25,    0
 18486, 99319,20200518,   38,    0
 18486, 99319,20200519,   40,    0
 18486, 99319,20200520,   66,    0
 18486, 99319,20200521,  109,    0
 18486, 99319,20200522,  112,    0
 18486, 99319,20200523,   79,    0
 18486, 99319,20200524,   79,    0
 18486, 99319,20200525,   74,    0
 18486, 99319,20200526,   72,    0
 18486, 99319,20200527,   61,    0
 18486, 99319,20200528,   71,    0
 18486, 99319,20200529,  107,    0
 18486, 99319,20200530,  155,    0
 18486, 99319,20200531,  164,    0
 18486, 99319,20200601,  142,    0
 18486, 99319,20200602,-9999,    9
 18486, 99319,20200603,  108,    0
 18486, 99319,20200604,   97,    0
 18486, 99319,20200605,  131,    0
 18486, 99319,20200606,  105,    0
 18486, 99319,20200607,   63,    0
 18486, 99319,20200608,   60,    0
 18486, 99319,20200609,   97,    0
 18486, 99319,20200610,  115,    0
 18486, 99319,20200611,  173,    0
 18486, 99319,20200612,  203,    0
 18486, 99319,20200613,  194,    0
 18486, 99319,20200614,  167,    0
 18486, 99319,20200615,  178,    0
 18486, 99319,20200616,  198,    0
 18486, 99319,20200617,  191,    0
 18486, 99319,20200618,  195,    0
 18486, 99319,20200619,  237,    0
 18486, 99319,20200620,  190,    0
 18486, 99319,20200621,  144,    0
 18486, 99319,20200622,  131,    0
 18486, 99319,20200623,  133,    0
 18486, 99319,20200624,  164,    0
 18486, 99319,20200625,  179,    0
 18486, 99319,20200626,  199,    0
 18486, 99319,20200627,-9999,    9
 18486, 99319,20200628,  162,    0
 18486, 99319,20200629,  137,    0
 18486, 99319,20200630,-9999,    9
 18486, 99319,20200701,   87,    0
 18486, 99319,20200702,   65,    0
 18486, 99319,20200703,   60,    0
 18486, 99319,20200704,   96,    0
 18486, 99319,20200705,  105,    0
 18486, 99319,20200706,   78,    0
 18486, 99319,20200707,   75,    0
 18486, 99319,20200708,   74,    0
 18486, 99319,20200709,   75,    0
 18486, 99319,20200710,   83,    0
 18486, 99319,20200711,   74,    0
 18486, 99319,20200712,   84,    0
 18486, 99319,20200713,   94,    0
 18486, 99319,20200714,  112,    0
 18486, 99319,20200715,  126,    0
 18486, 99319,20200716,  120,    0
 18486, 99319,20200717,  107,    0
 18486, 99319,20200718,  105,    0
 18486, 99319,20200719,   97,    0
 18486, 99319,20200720,   86,    0
 18486, 99319,20200721,   83,    0
 18486, 99319,20200722,   79,    0
 18486, 99319,20200723,  103,    0
 18486, 99319,20200724,  114,    0
 18486, 99319,20200725,  120,    0
 18486, 99319,20200726,  143,    0
 18486, 99319,20200727,  123,    0
 18486, 99319,20200728,  147,    0
 18486, 99319,20200729,  115,    0
 18486, 99319,20200730,  129,    0
 18486, 99319,20200731,  151,    0
 18486, 99319,20200801,  179,    0
 18486, 99319,20200802,  120,    0
 18486, 99319,20200803,   95,    0
 18486, 99319,20200804,   97,    0
 18486, 99319,20200805,  119,    0
 18486, 99319,20200806,  142,    0
 18486, 99319,20200807,  159,    0
 18486, 99319,20200808,  125,    0
 18486, 99319,20200809,  120,    0
 18486, 99319,20200810,  156,    0
 18486, 99319,20200811,  170,    0
 18486, 99319,20200812,  195,    0
 18486, 99319,20200813,  150,    0
 18486, 99319,20200814,  120,    0
 18486, 99319,20200815,  137,    0
 18486, 99319,20200816,  166,    0
 18486, 99319,20200817,  182,    0
 18486, 99319,20200818,  189,    0
 18486, 99319,20200819,  141,    0
 18486, 99319,20200820,-9999,    9
 18486, 99319,20200821,  152,    0
 18486, 99319,20200822,  126,    0
 18486, 99319,20200823,   74,    0
 18486, 99319,20200824,   62,    0
 18486, 99319,20200825,   67,    0
 18486, 99319,20200826,   81,    0
 18486, 99319,20200827,   89,    0
 18486, 99319,20200828,  102,    0
 18486, 99319,20200829,   89,    0
 18486, 99319,20200830,   70,    0
 18486, 99319,20200831,   85,    0
 18486, 99319,20200901,   97,    0
 18486, 99319,20200902,  117,    0
 18486, 99319,20200903,  104,    0
 18486, 99319,20200904,   99,    0
 18486, 99319,20200905,   73,    0
 18486, 99319,20200906,   78,    0
 18486, 99319,20200907,   78,    0
 18486, 99319,20200908,   91,    0
 18486, 99319,20200909,   72,    0
 18486, 99319,20200910,   47,    0
 18486, 99319,20200911,   80,    0
 18486, 99319,20200912,   72,    0
 18486, 99319,20200913,   78,    0
 18486, 99319,20200914,-9999,    9
 18486, 99319,20200915,-9999,    9
 18486, 99319,20200916,   56,    0
 18486, 99319,20200917,   77,    0
 18486, 99319,20200918,   88,    0
 18486, 99319,20200919,   71,    0
 18486, 99319,20200920,   92,    0
 18486, 99319,20200921,   91,    0
 18486, 99319,20200922,   91,    0
 18486, 99319,20200923,   64,    0
 18486, 99319,20200924,   63,    0
 18486, 99319,20200925,   54,    0
 18486, 99319,20200926,   56,    0
 18486, 99319,20200927,  124,    0
 18486, 99319,20200928,  132,    0
 18486, 99319,20200929,  103,    0
 18486, 99319,20200930,  102,    0
 18486, 99319,20201001,  117,    0
 18486, 99319,20201002,  128,    0
 18486, 99319,20201003,  128,    0
 18486, 99319,20201004,  134,    0
 18486, 99319,20201005,  106,    0
 18486, 99319,20201006,  105,    0
 18486, 99319,20201007,   95,    0
 18486, 99319,20201008,   73,    0
 18486, 99319,20201009,   44,    0
 18486, 99319,20201010,   51,    0
 18486, 99319,20201011,   48,    0
 18486, 99319,20201012,   41,    0
 18486, 99319,20201013,   45,    0
 18486, 99319,20201014,   46,    0
 18486, 99319,20201015,   67,    0
 18486, 99319,20201016,   54,    0
 18486, 99319,20201017,   33,    0
 18486, 99319,20201018,   11,    0
 18486, 99319,20201019,   11,    0
 18486, 99319,20201020,   33,    0
 18486, 99319,20201021,   46,    0
 18486, 99319,20201022,   22,    0
 18486, 99319,20201023,   19,    0
 18486, 99319,20201024,   40,    0
 18486, 99319,20201025,   55,    0
 18486, 99319,20201026,   52,    0
 18486, 99319,20201027,-9999,    9
 18486, 99319,20201028,   50,    0
 18486, 99319,20201029,   51,    0
 18486, 99319,20201030,   53,    0
 18486, 99319,20201031,   59,    0
 18486, 99319,20201101,   60,    0
 18486, 99319,20201102,   53,    0
 18486, 99319,20201103,   44,    0
 18486, 99319,20201104,   32,    0
 18486, 99319,20201105,   77,    0
 18486, 99319,20201106,   68,    0
 18486, 99319,20201107,   59,    0
 18486, 99319,20201108,   47,    0
 18486, 99319,20201109,   72,    0
 18486, 99319,20201110,   71,    0
 18486, 99319,20201111,   68,    0
 18486, 99319,20201112,   69,    0
 18486, 99319,20201113,   64,    0
 18486, 99319,20201114,   51,    0
 18486, 99319,20201115,   75,    0
 18486, 99319,20201116,   55,    0
 18486, 99319,20201117,   55,    0
 18486, 99319,20201118,   39,    0
 18486, 99319,20201119,  -12,    0
 18486, 99319,20201120,  -16,    0
 18486, 99319,20201121,   42,    0
 18486, 99319,20201122,   24,    0
 18486, 99319,20201123,   16,    0
 18486, 99319,20201124,   47,    0
 18486, 99319,20201125,   41,    0
 18486, 99319,20201126,-9999,    9
 18486, 99319,20201127,   22,    0
 18486, 99319,20201128,   32,    0
 18486, 99319,20201129,   34,    0
 18486, 99319,20201130,   28,    0
 18486, 99319,20201201,   18,    0
 18486, 99319,20201202,   30,    0
 18486, 99319,20201203,   20,    0
 18486, 99319,20201204,   15,    0
 18486, 99319,20201205,    1,    0
 18486, 99319,20201206,   25,    0
 18486, 99319,20201207,-9999,    9
 18486, 99319,20201208,-9999,    9
 18486, 99319,20201209,   28,    0
 18486, 99319,20201210,   37,    0
 18486, 99319,20201211,   30,    0
 18486, 99319,20201212,   18,    0
 18486, 99319,20201213,   25,    0
 18486, 99319,20201214,-9999,    9
 18486, 99319,20201215,   40,    0
 18486, 99319,20201216,   46,    0
 18486, 99319,20201217,   51,    0
 18486, 99319,20201218,   59,    0
 18486, 99319,20201219,   71,    0
 18486, 99319,20201220,   41,    0
 18486, 99319,20201221,   26,    0
 18486, 99319,20201222,-9999,    9
 18486, 99319,20201223,    8,    0
 18486, 99319,20201224,  -12,    0
 18486, 99319,20201225,  -14,    0
 18486, 99319,20201226,   16,    0
 18486, 99319,20201227,-9999,    9
 18486, 99319,20201228,   27,    0
 18486, 99319,20201229,   18,    0
 18486, 99319,20201230,   21,    0
 18486, 99319,20201231,   10,    0
 18486, 99319,20210101,   -9,    0
 18486, 99319,20210102,  -20,    0
 18486, 99319,20210103,  -32,    0
 18486, 99319,20210104,  -29,    0
 18486, 99319,20210105,  -37,    0
 18486, 99319,20210106,  -38,    0
 18486, 99319,20210107,   -9,    0
 18486, 99319,20210108,  -19,    0
 18486, 99319,20210109,   -8,    0
 18486, 99319,20210110,  -21,    0
 18486, 99319,20210111,  -55,    0
 18486, 99319,20210112,  -25,    0
 18486, 99319,20210113,  -54,    0
 18486, 99319,20210114,  -57,    0
 18486, 99319,20210115,  -49,    0
 18486, 99319,20210116,  -30,    0
 18486, 99319,20210117,    1,    0
 18486, 99319,20210118,    8,    0
 18486, 99319,20210119,    0,    0
 18486, 99319,20210120,    4,    0
 18486, 99319,20210121,   27,    0
 18486, 99319,20210122,   12,    0
 18486, 99319,20210123,   -4,    0
 18486, 99319,20210124,  -11,    0
 18486, 99319,20210125,  -29,    0
 18486, 99319,20210126,  -46,    0
 18486, 99319,20210127,  -75,    0
 18486, 99319,20210128,  -54,    0
 18486, 99319,20210129,  -39,    0
 18486, 99319,20210130,  -30,    0
 18486, 99319,20210131,  -43,    0
 18486, 99319,20210201,  -57,    0
 18486, 99319,20210202,  -78,    0
 18486, 99319,20210203, -107,    0
 18486, 99319,20210204, -100,    0
 18486, 99319,20210205,  -76,    0
 18486, 99319,20210206,  -91,    0
 18486, 99319,20210207,  -91,    0
 18486, 99319,20210208,  -84,    0
 18486, 99319,20210209,  -99,    0
 18486, 99319,20210210,  -62,    0
 18486, 99319,20210211,  -72,    0
 18486, 99319,20210212,  -79,    0
 18486, 99319,20210213,  -55,    0
 18486, 99319,20210214,  -22,    0
 18486, 99319,20210215,    1,    0
 18486, 99319,20210216,   21,    0
 18486, 99319,20210217,   10,    0
 18486, 99319,20210218,   30,    0
 18486, 99319,20210219,   35,    0
 18486, 99319,20210220,   48,    0
 18486, 99319,20210221,   56,    0
 18486, 99319,20210222,   45,    0
 18486, 99319,20210223,   42,    0
 18486, 99319,20210224,   50,    0
 18486, 99319,20210225,   37,    0
 18486, 99319,20210226,   29,    0
 18486, 99319,20210227,   39,    0
 18486, 99319,20210228,   33,    0
 18486, 99319,20210301,   33,    0
 18486, 99319,20210302,   33,    0
 18486, 99319,20210303,   12,    0
 18486, 99319,20210304,  -23,    0
 18486, 99319,20210305,  -12,    0
 18486, 99319,20210306,    8,    0
 18486, 99319,20210307,  -21,    0
 18486, 99319,20210308,  -14,    0
 18486, 99319,20210309,    7,    0
 18486, 99319,20210310,    9,    0
 18486, 99319,20210311,   23,    0
 18486, 99319,20210312,   11,    0
 18486, 99319,20210313,    4,    0
 18486, 99319,20210314,   16,    0
 18486, 99319,20210315,    1,    0
 18486, 99319,20210316,  -15,    0
 18486, 99319,20210317,    2,    0
 18486, 99319,20210318,   13,    0
 18486, 99319,20210319,   20,    0
 18486, 99319,20210320,   21,    0
 18486, 99319,20210321,-9999,    9
 18486, 99319,20210322,   30,    0
 18486, 99319,20210323,   43,    0
 18486, 99319,20210324,   24,    0
 18486, 99319,20210325,   24,    0
 18486, 99319,20210326,   38,    0
 18486, 99319,20210327,    8,    0
 18486, 99319,20210328,   24,    0
 18486, 99319,20210329,   43,    0
 18486, 99319,20210330,   25,    0
 18486, 99319,20210331,   14,    0
 18486, 99319,20210401,    4,    0
 18486, 99319,20210402,   12,    0
 18486, 99319,20210403,    8,    0
 18486, 99319,20210404,    6,    0
 18486, 99319,20210405,  -25,    0
 18486, 99319,20210406,   -9,    0
 18486, 99319,20210407,  -21,    0
 18486, 99319,20210408,  -20,    0
 18486, 99319,20210409,   -8,    0
 18486, 99319,20210410,  -12,    0
 18486, 99319,20210411,  -14,    0
 18486, 99319,20210412,   -1,    0
 18486, 99319,20210413,   -7,    0
 18486, 99319,20210414,   13,    0
 18486, 99319,20210415,   30,    0
 18486, 99319,20210416,   42,    0
 18486, 99319,20210417,-9999,    9
 18486, 99319,20210418,   79,    0
 18486, 99319,20210419,   94,    0
 18486, 99319,20210420,   49,    0
 18486, 99319,20210421,    8,    0
 18486, 99319,20210422,    4,    0
 18486, 99319,20210423,    0,    0
 18486, 99319,20210424,   -1,    0
 18486, 99319,20210425,   13,    0
 18486, 99319,20210426,   18,    0
 18486, 99319,20210427,   31,    0
 18486, 99319,20210428,   23,    0
 18486, 99319,20210429,   29,    0
 18486, 99319,20210430,   29,    0
 18486, 99319,20210501,   31,    0
 18486, 99319,20210502,   33,    0
 18486, 99319,20210503,   13,    0
 18486, 99319,20210504,   34,    0
 18486, 99319,20210505,   59,    0
 18486, 99319,20210506,   39,    0
 18486, 99319,20210507,   33,    0
 18486, 99319,20210508,   18,    0
 18486, 99319,20210509,   50,    0
 18486, 99319,20210510,-9999,    9
 18486, 99319,20210511,-9999,    9
 18486, 99319,20210512,   84,    0
 18486, 99319,20210513,  103,    0
 18486, 99319,20210514,  115,    0
 18486, 99319,20210515,  124,    0
 18486, 99319,20210516,   67,    0
 18486, 99319,20210517,   75,    0
 18486, 99319,20210518,   51,    0
 18486, 99319,20210519,   53,    0
 18486, 99319,20210520,   37,    0
 18486, 99319,20210521,   67,    0
 18486, 99319,20210522,  115,    0
 18486, 99319,20210523,   99,    0
 18486, 99319,20210524,   90,    0
 18486, 99319,20210525,  115,    0
 18486, 99319,20210526,  133,    0
 18486, 99319,20210527,  129,    0
 18486, 99319,20210528,  139,    0
 18486, 99319,20210529,  135,    0
 18486, 99319,20210530,  111,    0
 18486, 99319,20210531,  141,    0
 18486, 99319,20210601,  163,    0
 18486, 99319,20210602,  156,    0
 18486, 99319,20210603,  184,    0
 18486, 99319,20210604,  150,    0
 18486, 99319,20210605,  140,    0
 18486, 99319,20210606,  118,    0
 18486, 99319,20210607,  128,    0
 18486, 99319,20210608,  124,    0
 18486, 99319,20210609,  132,    0
 18486, 99319,20210610,  129,    0
 18486, 99319,20210611,  112,    0
 18486, 99319,20210612,   72,    0
 18486, 99319,20210613,   73,    0
 18486, 99319,20210614,   75,    0
 18486, 99319,20210615,   63,    0
 18486, 99319,20210616,   87,    0
 18486, 99319,20210617,  100,    0
 18486, 99319,20210618,   85,    0
 18486, 99319,20210619,   99,    0
 18486, 99319,20210620,  118,    0
 18486, 99319,20210621,   92,    0
 18486, 99319,20210622,  105,    0
 18486, 99319,20210623,   94,    0
 18486, 99319,20210624,  113,    0
 18486, 99319,20210625,  119,    0
 18486, 99319,20210626,  119,    0
 18486, 99319,20210627,   94,    0
 18486, 99319,20210628,  103,    0
 18486, 99319,20210629,  110,    0
 18486, 99319,20210630,  163,    0
 18486, 99319,20210701,  184,    0
 18486, 99319,20210702,  212,    0
 18486, 99319,20210703,  156,    0
 18486, 99319,20210704,  178,    0
 18486, 99319,20210705,  184,    0
 18486, 99319,20210706,  151,    0
 18486, 99319,20210707,  148,    0
 18486, 99319,20210708,  134,    0
 18486, 99319,20210709,  133,    0
 18486, 99319,20210710,  150,    0
 18486, 99319,20210711,  122,    0
 18486, 99319,20210712,  146,    0
 18486, 99319,20210713,  184,    0
 18486, 99319,20210714,  170,    0
 18486, 99319,20210715,  116,    0
 18486, 99319,20210716,  113,    0
 18486, 99319,20210717,  107,    0
 18486, 99319,20210718,   87,    0
 18486, 99319,20210719,   90,    0
 18486, 99319,20210720,   97,    0
 18486, 99319,20210721,  105,    0
 18486, 99319,20210722,  108,    0
 18486, 99319,20210723,  167,    0
 18486, 99319,20210724,  146,    0
 18486, 99319,20210725,  186,    0
 18486, 99319,20210726,  218,    0
 18486, 99319,20210727,  176,    0
 18486, 99319,20210728,  162,    0
 18486, 99319,20210729,  168,    0
 18486, 99319,20210730,  142,    0
 18486, 99319,20210731,  105,    0
 18486, 99319,20210801,  102,    0
 18486, 99319,20210802,  101,    0
 18486, 99319,20210803,  101,    0
 18486, 99319,20210804,  106,    0
 18486, 99319,20210805,  131,    0
 18486, 99319,20210806,  158,    0
 18486, 99319,20210807,  178,    0
 18486, 99319,20210808,  155,    0
 18486, 99319,20210809,  151,    0
 18486, 99319,20210810,  139,    0
 18486, 99319,20210811,  143,    0
 18486, 99319,20210812,-9999,    9
 18486, 99319,20210813,  131,    0
 18486, 99319,20210814,  115,    0
 18486, 99319,20210815,   96,    0
 18486, 99319,20210816,  119,    0
 18486, 99319,20210817,  119,    0
 18486, 99319,20210818,   94,    0
 18486, 99319,20210819,   94,    0
 18486, 99319,20210820,   93,    0
 18486, 99319,20210821,  110,    0
 18486, 99319,20210822,  124,    0
 18486, 99319,20210823,  123,    0
 18486, 99319,20210824,  110,    0
 18486, 99319,20210825,  101,    0
 18486, 99319,20210826,  118,    0
 18486, 99319,20210827,  140,    0
 18486, 99319,20210828,  129,    0
 18486, 99319,20210829,  129,    0
 18486, 99319,20210830,  111,    0
 18486, 99319,20210831,-9999,    9
 18486, 99319,20210901,  107,    0
 18486, 99319,20210902,   97,    0
 18486, 99319,20210903,   98,    0
 18486, 99319,20210904,   88,    0
 18486, 99319,20210905,   97,    0
 18486, 99319,20210906,  102,    0
 18486, 99319,20210907,  119,    0
 18486, 99319,20210908,  126,    0
 18486, 99319,20210909,  130,    0
 18486, 99319,20210910,  137,    0
 18486, 99319,20210911,  134,    0
 18486, 99319,20210912,   94,    0
 18486, 99319,20210913,   85,    0
 18486, 99319,20210914,   89,    0
 18486, 99319,20210915,  107,    0
 18486, 99319,20210916,  108,    0
 18486, 99319,20210917,  112,    0
 18486, 99319,20210918,  108,    0
 18486, 99319,20210919,  115,    0
 18486, 99319,20210920,   90,    0
 18486, 99319,20210921,   84,    0
 18486, 99319,20210922,   95,    0
 18486, 99319,20210923,   64,    0
 18486, 99319,20210924,   70,    0
 18486, 99319,20210925,   73,    0
 18486, 99319,20210926,  135,    0
 18486, 99319,20210927,  156,    0
 18486, 99319,20210928,  108,    0
 18486, 99319,20210929,  126,    0
 18486, 99319,20210930,  115,    0
 18486, 99319,20211001,  102,    0
 18486, 99319,20211002,   87,    0
 18486, 99319,20211003,  103,    0
 18486, 99319,20211004,   84,    0
 18486, 99319,20211005,   88,    0
 18486, 99319,20211006,   90,    0
 18486, 99319,20211007,   85,    0
 18486, 99319,20211008,  119,    0
 18486, 99319,20211009,  109,    0
 18486, 99319,20211010,   75,    0
 18486, 99319,20211011,   34,    0
 18486, 99319,20211012,   38,    0
 18486, 99319,20211013,   41,    0
 18486, 99319,20211014,   79,    0
 18486, 99319,20211015,   36,    0
 18486, 99319,20211016,   29,    0
 18486, 99319,20211017,   16,    0
 18486, 99319,20211018,   35,    0
 18486, 99319,20211019,   77,    0
 18486, 99319,20211020,   65,    0
 18486, 99319,20211021,-9999,    9
 18486, 99319,20211022,   21,    0
 18486, 99319,20211023,   23,    0
 18486, 99319,20211024,   69,    0
 18486, 99319,20211025,-9999,    9
 18486, 99319,20211026,   59,    0
 18486, 99319,20211027,   83,    0
 18486, 99319,20211028,   94,    0
 18486, 99319,20211029,  102,    0
 18486, 99319,20211030,   88,    0
 18486, 99319,20211031,   73,    0
 18486, 99319,20211101,-9999,    9
 18486, 99319,20211102,   72,    0
 18486, 99319,20211103,   52,    0
 18486, 99319,20211104,   42,    0
 18486, 99319,20211105,   38,    0
 18486, 99319,20211106,   26,    0
 18486, 99319,20211107,-9999,    9
 18486, 99319,20211108,-9999,    9
 18486, 99319,20211109,   60,    0
 18486, 99319,20211110,   51,    0
 18486, 99319,20211111,   35,    0
 18486, 99319,20211112,   43,    0
 18486, 99319,20211113,   61,    0
 18486, 99319,20211114,   48,    0
 18486, 99319,20211115,   58,    0
 18486, 99319,20211116,   62,    0
 18486, 99319,20211117,   31,    0
 18486, 99319,20211118,   35,    0
 18486, 99319,20211119,   49,    0
 18486, 99319,20211120,   31,    0
 18486, 99319,20211121,    5,    0
 18486, 99319,20211122,   22,    0
 18486, 99319,20211123,   45,    0
 18486, 99319,20211124,   35,    0
 18486, 99319,20211125,  -15,    0
 18486, 99319,20211126,  -33,    0
 18486, 99319,20211127,  -46,    0
 18486, 99319,20211128,  -67,    0
 18486, 99319,20211129,  -40,    0
 18486, 99319,20211130,-9999,    9
 18486, 99319,20211201,  -38,    0
 18486, 99319,20211202,  -28,    0
 18486, 99319,20211203,  -46,    0
 18486, 99319,20211204,  -17,    0
 18486, 99319,20211205,  -20,    0
 18486, 99319,20211206,  -26,    0
 18486, 99319,20211207,  -11,    0
 18486, 99319,20211208,   -9,    0
 18486, 99319,20211209,    7,    0
 18486, 99319,20211210,    5,    0
 18486, 99319,20211211,   -5,    0
 18486, 99319,20211212,   22,    0
 18486, 99319,20211213,   41,    0
 18486, 99319,20211214,   29,    0
 18486, 99319,20211215,   50,    0
 18486, 99319,20211216,   44,    0
 18486, 99319,20211217,   51,    0
 18486, 99319,20211218,   50,    0
 18486, 99319,20211219,    3,    0
 18486, 99319,20211220,   -8,    0
 18486, 99319,20211221,  -10,    0
 18486, 99319,20211222,   -5,    0
 18486, 99319,20211223,  -16,    0
 18486, 99319,20211224,  -51,    0
 18486, 99319,20211225,  -34,    0
 18486, 99319,20211226,  -18,    0
 18486, 99319,20211227,  -16,    0
 18486, 99319,20211228,   -4,    0
 18486, 99319,20211229,   15,    0
 18486, 99319,20211230,   12,    0
 18486, 99319,20211231,   29,    0
 18486, 99319,20220101,   26,    0
 18486, 99319,20220102,   46,    0
 18486, 99319,20220103,    5,    0
 18486, 99319,20220104,   -8,    0
 18486, 99319,20220105,  -16,    0
 18486, 99319,20220106,  -32,    0
 18486, 99319,20220107,    8,    0
 18486, 99319,20220108,   -2,    0
 18486, 99319,20220109,   -6,    0
 18486, 99319,20220110,   12,    0
 18486, 99319,20220111,   24,    0
 18486, 99319,20220112,   51,    0
 18486, 99319,20220113,   51,    0
 18486, 99319,20220114,    3,    0
 18486, 99319,20220115,    3,    0
 18486, 99319,20220116,    5,    0
 18486, 99319,20220117,  -12,    0
 18486, 99319,20220118,   28,    0
 18486, 99319,20220119,   -7,    0
 18486, 99319,20220120,  -34,    0
 18486, 99319,20220121,   16,    0
 18486, 99319,20220122,   35,    0
 18486, 99319,20220123,   43,    0
 18486, 99319,20220124,   25,    0
 18486, 99319,20220125,   10,    0
 18486, 99319,20220126,   16,    0
 18486, 99319,20220127,   10,    0
 18486, 99319,20220128,   -8,    0
 18486, 99319,20220129,   21,    0
 18486, 99319,20220130,  -16,    0
 18486, 99319,20220131,  -31,    0
 18486, 99319,20220201,  -17,    0
 18486, 99319,20220202,  -24,    0
 18486, 99319,20220203,   11,    0
 18486, 99319,20220204,   -5,    0
 18486, 99319,20220205,   -9,    0
 18486, 99319,20220206,  -10,    0
 18486, 99319,20220207,    1,    0
 18486, 99319,20220208,   12,    0
 18486, 99319,20220209,    5,    0
 18486, 99319,20220210,  -22,    0
 18486, 99319,20220211,  -29,    0
 18486, 99319,20220212,   10,    0
 18486, 99319,20220213,   23,    0
 18486, 99319,20220214,    4,    0
 18486, 99319,20220215,    0,    0
 18486, 99319,20220216,    2,    0
 18486, 99319,20220217,  -11,    0
 18486, 99319,20220218,  -16,    0
 18486, 99319,20220219,  -21,    0
 18486, 99319,20220220,  -16,    0
 18486, 99319,20220221,  -13,    0
 18486, 99319,20220222,  -25,    0
 18486, 99319,20220223,   11,    0
 18486, 99319,20220224,   -3,    0
 18486, 99319,20220225,  -11,    0
 18486, 99319,20220226,   16,    0
 18486, 99319,20220227,   36,    0
 18486, 99319,20220228,   24,    0
 18486, 99319,20220301,   15,    0
 18486, 99319,20220302,   18,    0
 18486, 99319,20220303,-9999,    9
 18486, 99319,20220304,   17,    0
 18486, 99319,20220305,   -3,    0
 18486, 99319,20220306,   -1,    0
 18486, 99319,20220307,   17,    0
 18486, 99319,20220308,   37,    0
 18486, 99319,20220309,   53,    0
 18486, 99319,20220310,   54,    0
 18486, 99319,20220311,   65,    0
 18486, 99319,20220312,   69,    0
 18486, 99319,20220313,   59,    0
 18486, 99319,20220314,-9999,    9
 18486, 99319,20220315,   37,    0
 18486, 99319,20220316,   36,    0
 18486, 99319,20220317,   26,    0
 18486, 99319,20220318,   20,    0
 18486, 99319,20220319,   51,    0
 18486, 99319,20220320,   53,    0
 18486, 99319,20220321,   46,    0
 18486, 99319,20220322,   25,    0
 18486, 99319,20220323,   45,    0
 18486, 99319,20220324,   43,    0
 18486, 99319,20220325,   36,    0
 18486, 99319,20220326,   15,    0
 18486, 99319,20220327,   35,    0
 18486, 99319,20220328,    9,    0
 18486, 99319,20220329,  -22,    0
 18486, 99319,20220330,  -27,    0
 18486, 99319,20220331,  -15,    0
 18486, 99319,20220401,  -10,    0
 18486, 99319,20220402,   -9,    0
 18486, 99319,20220403,   -2,    0
 18486, 99319,20220404,  -18,    0
 18486, 99319,20220405,  -27,    0
 18486, 99319,20220406,  -26,    0
 18486, 99319,20220407,  -28,    0
 18486, 99319,20220408,  -17,    0
 18486, 99319,20220409,   -4,    0
 18486, 99319,20220410,    4,    0
 18486, 99319,20220411,    0,    0
 18486, 99319,20220412,   18,    0
 18486, 99319,20220413,   40,    0
 18486, 99319,20220414,   41,    0
 18486, 99319,20220415,   52,    0
 18486, 99319,20220416,   42,    0
 18486, 99319,20220417,   67,    0
 18486, 99319,20220418,   81,    0
 18486, 99319,20220419,   75,    0
 18486, 99319,20220420,   73,    0
 18486, 99319,20220421,  105,    0
 18486, 99319,20220422,  103,    0
 18486, 99319,20220423,  103,    0
 18486, 99319,20220424,   74,    0
 18486, 99319,20220425,   47,    0
 18486, 99319,20220426,   27,    0
 18486, 99319,20220427,   16,    0
 18486, 99319,20220428,   30,    0
 18486, 99319,20220429,   30,    0
 18486, 99319,20220430,   33,    0
 18486, 99319,20220501,-9999,    9
 18486, 99319,20220502,-9999,    9
 18486, 99319,20220503,-9999,    9
 18486, 99319,20220504,-9999,    9
 18486, 99319,20220505,-9999,    9
 18486, 99319,20220506,-9999,    9
 18486, 99319,20220507,-9999,    9
 18486, 99319,20220508,-9999,    9
 18486, 99319,20220509,-9999,    9
 18486, 99319,20220510,-9999,    9
 18486, 99319,20220511,-9999,    9
 18486, 99319,20220512,-9999,    9
 18486, 99319,20220513,-9999,    9
 18486, 99319,20220514,-9999,    9
 18486, 99319,20220515,   62,    0
 18486, 99319,20220516,   91,    0
 18486, 99319,20220517,  122,    0
 18486, 99319,20220518,  112,    0
 18486, 99319,20220519,-9999,    9
 18486, 99319,20220520,-9999,    9
 18486, 99319,20220521,   84,    0
 18486, 99319,20220522,   89,    0
 18486, 99319,20220523,   86,    0
 18486, 99319,20220524,   91,    0
 18486, 99319,20220525,   69,    0
 18486, 99319,20220526,   63,    0
 18486, 99319,20220527,   56,    0
 18486, 99319,20220528,   47,    0
 18486, 99319,20220529,   46,    0
 18486, 99319,20220530,   87,    0
 18486, 99319,20220531,  115,    0
 18486, 99319,20220601,  107,    0
 18486, 99319,20220602,   86,    0
 18486, 99319,20220603,   71,    0
 18486, 99319,20220604,   60,    0
 18486, 99319,20220605,   85,    0
 18486, 99319,20220606,  118,    0
 18486, 99319,20220607,  149,    0
 18486, 99319,20220608,  131,    0
 18486, 99319,20220609,  108,    0
 18486, 99319,20220610,  109,    0
 18486, 99319,20220611,  110,    0
 18486, 99319,20220612,   81,    0
 18486, 99319,20220613,   79,    0
 18486, 99319,20220614,   83,    0
 18486, 99319,20220615,   87,    0
 18486, 99319,20220616,-9999,    9
 18486, 99319,20220617,  105,    0
 18486, 99319,20220618,   72,    0
 18486, 99319,20220619,  104,    0
 18486, 99319,20220620,  102,    0
 18486, 99319,20220621,   85,    0
 18486, 99319,20220622,   78,    0
 18486, 99319,20220623,  108,    0
 18486, 99319,20220624,  175,    0
 18486, 99319,20220625,  172,    0
 18486, 99319,20220626,  166,    0
 18486, 99319,20220627,  133,    0
 18486, 99319,20220628,  131,    0
 18486, 99319,20220629,  148,    0
 18486, 99319,20220630,  175,    0
 18486, 99319,20220701,  195,    0
 18486, 99319,20220702,  122,    0
 18486, 99319,20220703,   98,    0
 18486, 99319,20220704,   94,    0
 18486, 99319,20220705,   80,    0
 18486, 99319,20220706,   83,    0
 18486, 99319,20220707,   80,    0
 18486, 99319,20220708,   83,    0
 18486, 99319,20220709,   73,    0
 18486, 99319,20220710,   83,    0
 18486, 99319,20220711,  126,    0
 18486, 99319,20220712,  128,    0
 18486, 99319,20220713,   88,    0
 18486, 99319,20220714,   81,    0
 18486, 99319,20220715,   80,    0
 18486, 99319,20220716,   80,    0
 18486, 99319,20220717,   94,    0
 18486, 99319,20220718,  104,    0
 18486, 99319,20220719,  164,    0
 18486, 99319,20220720,  149,    0
 18486, 99319,20220721,  101,    0
 18486, 99319,20220722,  110,    0
 18486, 99319,20220723,  121,    0
 18486, 99319,20220724,  120,    0
 18486, 99319,20220725,  116,    0
 18486, 99319,20220726,   86,    0
 18486, 99319,20220727,   79,    0
 18486, 99319,20220728,  111,    0
 18486, 99319,20220729,  121,    0
 18486, 99319,20220730,  127,    0
 18486, 99319,20220731,  104,    0
 18486, 99319,20220801,   93,    0
 18486, 99319,20220802,  110,    0
 18486, 99319,20220803,  123,    0
 18486, 99319,20220804,   91,    0
 18486, 99319,20220805,   80,    0
 18486, 99319,20220806,   79,    0
 18486, 99319,20220807,   95,    0
 18486, 99319,20220808,  102,    0
 18486, 99319,20220809,-9999,    9
 18486, 99319,20220810,  136,    0
 18486, 99319,20220811,  119,    0
 18486, 99319,20220812,  116,    0
 18486, 99319,20220813,  132,    0
 18486, 99319,20220814,  178,    0
 18486, 99319,20220815,-9999,    9
 18486, 99319,20220816,-9999,    9
 18486, 99319,20220817,-9999,    9
 18486, 99319,20220818,  104,    0
 18486, 99319,20220819,  130,    0
 18486, 99319,20220820,  122,    0
 18486, 99319,20220821,  104,    0
 18486, 99319,20220822,  100,    0
 18486, 99319,20220823,  150,    0
 18486, 99319,20220824,  172,    0
 18486, 99319,20220825,  142,    0
 18486, 99319,20220826,  115,    0
 18486, 99319,20220827,   97,    0
 18486, 99319,20220828,   97,    0
 18486, 99319,20220829,  119,    0
 18486, 99319,20220830,  124,    0
 18486, 99319,20220831,  124,    0
 18486, 99319,20220901,  115,    0
 18486, 99319,20220902,  113,    0
 18486, 99319,20220903,  112,    0
 18486, 99319,20220904,  122,    0
 18486, 99319,20220905,  144,    0
 18486, 99319,20220906,  144,    0
 18486, 99319,20220907,  143,    0
 18486, 99319,20220908,  146,    0
 18486, 99319,20220909,  120,    0
 18486, 99319,20220910,  115,    0
 18486, 99319,20220911,  102,    0
 18486, 99319,20220912,  108,    0
 18486, 99319,20220913,   93,    0
 18486, 99319,20220914,   81,    0
 18486, 99319,20220915,   76,    0
 18486, 99319,20220916,   69,    0
 18486, 99319,20220917,   61,    0
 18486, 99319,20220918,   70,    0
 18486, 99319,20220919,   64,    0
 18486, 99319,20220920,   71,    0
 18486, 99319,20220921,   95,    0
 18486, 99319,20220922,  106,    0
 18486, 99319,20220923,   86,    0
 18486, 99319,20220924,   73,    0
 18486, 99319,20220925,   64,    0
 18486, 99319,20220926,   63,    0
 18486, 99319,20220927,   95,    0
 18486, 99319,20220928,  125,    0
 18486, 99319,20220929,  104,    0
 18486, 99319,20220930,  100,    0
 18486, 99319,20221001,   94,    0
 18486, 99319,20221002,   78,    0
 18486, 99319,20221003,   80,    0
 18486, 99319,20221004,   88,    0
 18486, 99319,20221005,   76,    0
 18486, 99319,20221006,   73,    0
 18486, 99319,20221007,   73,    0
 18486, 99319,20221008,   45,    0
 18486, 99319,20221009,   80,    0
 18486, 99319,20221010,   61,    0
 18486, 99319,20221011,   39,    0
 18486, 99319,20221012,   68,    0
 18486, 99319,20221013,   58,    0
 18486, 99319,20221014,   58,    0
 18486, 99319,20221015,   49,    0
 18486, 99319,20221016,   62,    0
 18486, 99319,20221017,   63,    0
 18486, 99319,20221018,   45,    0
 18486, 99319,20221019,   30,    0
 18486, 99319,20221020,   33,    0
 18486, 99319,20221021,   85,    0
 18486, 99319,20221022,   68,    0
 18486, 99319,20221023,   75,    0
 18486, 99319,20221024,   91,    0
 18486, 99319,20221025,   83,    0
 18486, 99319,20221026,   86,    0
 18486, 99319,20221027,   94,    0
 18486, 99319,20221028,  104,    0
 18486, 99319,20221029,   81,    0
 18486, 99319,20221030,   96,    0
 18486, 99319,20221031,   92,    0
