EUROPEAN CLIMATE ASSESSMENT & DATASET (ECA&D), file created on: 16-11-2022
THESE DATA CAN BE USED FOR NON-COMMERCIAL RESEARCH AND EDUCATION PROVIDED THAT THE FOLLOWING SOURCE IS ACKNOWLEDGED: 

Klein Tank, A.M.G. and Coauthors, 2002. Daily dataset of 20th-century surface
air temperature and precipitation series for the European Climate Assessment.
Int. J. of Climatol., 22, 1441-1453.
Data and metadata available at http://www.ecad.eu

FILE FORMAT (MISSING VALUE CODE = -9999):

01-06 STAID: Station identifier
08-13 SOUID: Source identifier
15-22 DATE : Date YYYYMMDD
24-28 TG   : Mean temperature in 0.1 &#176;C
30-34 Q_TG : quality code for TG (0='valid'; 1='suspect'; 9='missing')

This is the blended series of station FV347 ARNOEYA, NORWAY (STAID: 18713)
Blended and updated with sources:99728 
See files sources.txt and stations.txt for more info.

STAID, SOUID,    DATE,   TG, Q_TG
 18713, 99728,20150501,-9999,    9
 18713, 99728,20150502,-9999,    9
 18713, 99728,20150503,-9999,    9
 18713, 99728,20150504,-9999,    9
 18713, 99728,20150505,-9999,    9
 18713, 99728,20150506,-9999,    9
 18713, 99728,20150507,-9999,    9
 18713, 99728,20150508,-9999,    9
 18713, 99728,20150509,-9999,    9
 18713, 99728,20150510,-9999,    9
 18713, 99728,20150511,-9999,    9
 18713, 99728,20150512,-9999,    9
 18713, 99728,20150513,  109,    0
 18713, 99728,20150514,   44,    0
 18713, 99728,20150515,-9999,    9
 18713, 99728,20150516,   77,    0
 18713, 99728,20150517,-9999,    9
 18713, 99728,20150518,   75,    0
 18713, 99728,20150519,   65,    0
 18713, 99728,20150520,   67,    0
 18713, 99728,20150521,   57,    0
 18713, 99728,20150522,   85,    0
 18713, 99728,20150523,   44,    0
 18713, 99728,20150524,   51,    0
 18713, 99728,20150525,   63,    0
 18713, 99728,20150526,-9999,    9
 18713, 99728,20150527,-9999,    9
 18713, 99728,20150528,  102,    0
 18713, 99728,20150529,   85,    0
 18713, 99728,20150530,  108,    0
 18713, 99728,20150531,  130,    0
 18713, 99728,20150601,  134,    0
 18713, 99728,20150602,-9999,    9
 18713, 99728,20150603,   71,    0
 18713, 99728,20150604,   52,    0
 18713, 99728,20150605,   60,    0
 18713, 99728,20150606,   72,    0
 18713, 99728,20150607,   82,    0
 18713, 99728,20150608,   74,    0
 18713, 99728,20150609,   95,    0
 18713, 99728,20150610,   85,    0
 18713, 99728,20150611,   69,    0
 18713, 99728,20150612,   69,    0
 18713, 99728,20150613,   73,    0
 18713, 99728,20150614,   94,    0
 18713, 99728,20150615,   85,    0
 18713, 99728,20150616,-9999,    9
 18713, 99728,20150617,-9999,    9
 18713, 99728,20150618,   96,    0
 18713, 99728,20150619,   78,    0
 18713, 99728,20150620,   93,    0
 18713, 99728,20150621,-9999,    9
 18713, 99728,20150622,-9999,    9
 18713, 99728,20150623,-9999,    9
 18713, 99728,20150624,-9999,    9
 18713, 99728,20150625,-9999,    9
 18713, 99728,20150626,   98,    0
 18713, 99728,20150627,   98,    0
 18713, 99728,20150628,  104,    0
 18713, 99728,20150629,   85,    0
 18713, 99728,20150630,   97,    0
 18713, 99728,20150701,   96,    0
 18713, 99728,20150702,  117,    0
 18713, 99728,20150703,  122,    0
 18713, 99728,20150704,  101,    0
 18713, 99728,20150705,-9999,    9
 18713, 99728,20150706,-9999,    9
 18713, 99728,20150707,-9999,    9
 18713, 99728,20150708,-9999,    9
 18713, 99728,20150709,-9999,    9
 18713, 99728,20150710,-9999,    9
 18713, 99728,20150711,-9999,    9
 18713, 99728,20150712,-9999,    9
 18713, 99728,20150713,-9999,    9
 18713, 99728,20150714,-9999,    9
 18713, 99728,20150715,-9999,    9
 18713, 99728,20150716,-9999,    9
 18713, 99728,20150717,-9999,    9
 18713, 99728,20150718,-9999,    9
 18713, 99728,20150719,-9999,    9
 18713, 99728,20150720,-9999,    9
 18713, 99728,20150721,-9999,    9
 18713, 99728,20150722,-9999,    9
 18713, 99728,20150723,-9999,    9
 18713, 99728,20150724,-9999,    9
 18713, 99728,20150725,-9999,    9
 18713, 99728,20150726,-9999,    9
 18713, 99728,20150727,-9999,    9
 18713, 99728,20150728,-9999,    9
 18713, 99728,20150729,-9999,    9
 18713, 99728,20150730,-9999,    9
 18713, 99728,20150731,-9999,    9
 18713, 99728,20150801,-9999,    9
 18713, 99728,20150802,-9999,    9
 18713, 99728,20150803,-9999,    9
 18713, 99728,20150804,  187,    0
 18713, 99728,20150805,-9999,    9
 18713, 99728,20150806,-9999,    9
 18713, 99728,20150807,-9999,    9
 18713, 99728,20150808,  130,    0
 18713, 99728,20150809,-9999,    9
 18713, 99728,20150810,-9999,    9
 18713, 99728,20150811,-9999,    9
 18713, 99728,20150812,  128,    0
 18713, 99728,20150813,  101,    0
 18713, 99728,20150814,  103,    0
 18713, 99728,20150815,-9999,    9
 18713, 99728,20150816,-9999,    9
 18713, 99728,20150817,-9999,    9
 18713, 99728,20150818,-9999,    9
 18713, 99728,20150819,  116,    0
 18713, 99728,20150820,-9999,    9
 18713, 99728,20150821,-9999,    9
 18713, 99728,20150822,-9999,    9
 18713, 99728,20150823,  151,    0
 18713, 99728,20150824,  125,    0
 18713, 99728,20150825,-9999,    9
 18713, 99728,20150826,  136,    0
 18713, 99728,20150827,-9999,    9
 18713, 99728,20150828,-9999,    9
 18713, 99728,20150829,  145,    0
 18713, 99728,20150830,  136,    0
 18713, 99728,20150831,-9999,    9
 18713, 99728,20150901,-9999,    9
 18713, 99728,20150902,-9999,    9
 18713, 99728,20150903,-9999,    9
 18713, 99728,20150904,-9999,    9
 18713, 99728,20150905,   96,    0
 18713, 99728,20150906,-9999,    9
 18713, 99728,20150907,-9999,    9
 18713, 99728,20150908,   89,    0
 18713, 99728,20150909,  113,    0
 18713, 99728,20150910,  117,    0
 18713, 99728,20150911,  122,    0
 18713, 99728,20150912,-9999,    9
 18713, 99728,20150913,-9999,    9
 18713, 99728,20150914,  124,    0
 18713, 99728,20150915,-9999,    9
 18713, 99728,20150916,-9999,    9
 18713, 99728,20150917,  136,    0
 18713, 99728,20150918,  128,    0
 18713, 99728,20150919,-9999,    9
 18713, 99728,20150920,-9999,    9
 18713, 99728,20150921,-9999,    9
 18713, 99728,20150922,-9999,    9
 18713, 99728,20150923,-9999,    9
 18713, 99728,20150924,-9999,    9
 18713, 99728,20150925,-9999,    9
 18713, 99728,20150926,-9999,    9
 18713, 99728,20150927,-9999,    9
 18713, 99728,20150928,-9999,    9
 18713, 99728,20150929,-9999,    9
 18713, 99728,20150930,-9999,    9
 18713, 99728,20151001,-9999,    9
 18713, 99728,20151002,-9999,    9
 18713, 99728,20151003,-9999,    9
 18713, 99728,20151004,-9999,    9
 18713, 99728,20151005,-9999,    9
 18713, 99728,20151006,-9999,    9
 18713, 99728,20151007,-9999,    9
 18713, 99728,20151008,-9999,    9
 18713, 99728,20151009,   49,    0
 18713, 99728,20151010,   49,    0
 18713, 99728,20151011,   77,    0
 18713, 99728,20151012,   72,    0
 18713, 99728,20151013,   83,    0
 18713, 99728,20151014,   86,    0
 18713, 99728,20151015,   85,    0
 18713, 99728,20151016,   57,    0
 18713, 99728,20151017,   77,    0
 18713, 99728,20151018,   86,    0
 18713, 99728,20151019,   87,    0
 18713, 99728,20151020,   84,    0
 18713, 99728,20151021,   78,    0
 18713, 99728,20151022,   49,    0
 18713, 99728,20151023,-9999,    9
 18713, 99728,20151024,-9999,    9
 18713, 99728,20151025,   67,    0
 18713, 99728,20151026,   28,    0
 18713, 99728,20151027,   21,    0
 18713, 99728,20151028,   45,    0
 18713, 99728,20151029,-9999,    9
 18713, 99728,20151030,-9999,    9
 18713, 99728,20151031,-9999,    9
 18713, 99728,20151101,-9999,    9
 18713, 99728,20151102,-9999,    9
 18713, 99728,20151103,-9999,    9
 18713, 99728,20151104,-9999,    9
 18713, 99728,20151105,-9999,    9
 18713, 99728,20151106,-9999,    9
 18713, 99728,20151107,-9999,    9
 18713, 99728,20151108,-9999,    9
 18713, 99728,20151109,-9999,    9
 18713, 99728,20151110,-9999,    9
 18713, 99728,20151111,-9999,    9
 18713, 99728,20151112,   14,    0
 18713, 99728,20151113,   18,    0
 18713, 99728,20151114,   42,    0
 18713, 99728,20151115,   43,    0
 18713, 99728,20151116,   26,    0
 18713, 99728,20151117,   18,    0
 18713, 99728,20151118,   23,    0
 18713, 99728,20151119,   28,    0
 18713, 99728,20151120,   33,    0
 18713, 99728,20151121,-9999,    9
 18713, 99728,20151122,    9,    0
 18713, 99728,20151123,   34,    0
 18713, 99728,20151124,   39,    0
 18713, 99728,20151125,   26,    0
 18713, 99728,20151126,   45,    0
 18713, 99728,20151127,   50,    0
 18713, 99728,20151128,   31,    0
 18713, 99728,20151129,   21,    0
 18713, 99728,20151130,   30,    0
 18713, 99728,20151201,   30,    0
 18713, 99728,20151202,   41,    0
 18713, 99728,20151203,   56,    0
 18713, 99728,20151204,   51,    0
 18713, 99728,20151205,   33,    0
 18713, 99728,20151206,   46,    0
 18713, 99728,20151207,   37,    0
 18713, 99728,20151208,   29,    0
 18713, 99728,20151209,   10,    0
 18713, 99728,20151210,-9999,    9
 18713, 99728,20151211,-9999,    9
 18713, 99728,20151212,   -1,    0
 18713, 99728,20151213,   -1,    0
 18713, 99728,20151214,  -15,    0
 18713, 99728,20151215,  -17,    0
 18713, 99728,20151216,  -13,    0
 18713, 99728,20151217,  -22,    0
 18713, 99728,20151218,   27,    0
 18713, 99728,20151219,   45,    0
 18713, 99728,20151220,-9999,    9
 18713, 99728,20151221,-9999,    9
 18713, 99728,20151222,-9999,    9
 18713, 99728,20151223,   13,    0
 18713, 99728,20151224,   41,    0
 18713, 99728,20151225,   29,    0
 18713, 99728,20151226,  -19,    0
 18713, 99728,20151227,  -21,    0
 18713, 99728,20151228,    8,    0
 18713, 99728,20151229,   -2,    0
 18713, 99728,20151230,   12,    0
 18713, 99728,20151231,   40,    0
 18713, 99728,20160101,   45,    0
 18713, 99728,20160102,   27,    0
 18713, 99728,20160103,  -16,    0
 18713, 99728,20160104,  -50,    0
 18713, 99728,20160105,  -61,    0
 18713, 99728,20160106,  -82,    0
 18713, 99728,20160107, -123,    0
 18713, 99728,20160108,  -43,    0
 18713, 99728,20160109,    0,    0
 18713, 99728,20160110,    5,    0
 18713, 99728,20160111,  -41,    0
 18713, 99728,20160112,  -66,    0
 18713, 99728,20160113,  -84,    0
 18713, 99728,20160114,  -53,    0
 18713, 99728,20160115,   -6,    0
 18713, 99728,20160116,    9,    0
 18713, 99728,20160117,  -34,    0
 18713, 99728,20160118,  -87,    0
 18713, 99728,20160119,  -92,    0
 18713, 99728,20160120,-9999,    9
 18713, 99728,20160121,-9999,    9
 18713, 99728,20160122,-9999,    9
 18713, 99728,20160123,   20,    0
 18713, 99728,20160124,  -31,    0
 18713, 99728,20160125,-9999,    9
 18713, 99728,20160126,   -5,    0
 18713, 99728,20160127,-9999,    9
 18713, 99728,20160128,-9999,    9
 18713, 99728,20160129,   17,    0
 18713, 99728,20160130,   -4,    0
 18713, 99728,20160131,    7,    0
 18713, 99728,20160201,   10,    0
 18713, 99728,20160202,  -16,    0
 18713, 99728,20160203,   -2,    0
 18713, 99728,20160204,  -17,    0
 18713, 99728,20160205,   -1,    0
 18713, 99728,20160206,  -17,    0
 18713, 99728,20160207,  -13,    0
 18713, 99728,20160208,    9,    0
 18713, 99728,20160209,   18,    0
 18713, 99728,20160210,-9999,    9
 18713, 99728,20160211,-9999,    9
 18713, 99728,20160212,-9999,    9
 18713, 99728,20160213,  -14,    0
 18713, 99728,20160214,   -6,    0
 18713, 99728,20160215,   -7,    0
 18713, 99728,20160216,    8,    0
 18713, 99728,20160217,   26,    0
 18713, 99728,20160218,   28,    0
 18713, 99728,20160219,    6,    0
 18713, 99728,20160220,   -3,    0
 18713, 99728,20160221,   19,    0
 18713, 99728,20160222,   11,    0
 18713, 99728,20160223,   -3,    0
 18713, 99728,20160224,  -29,    0
 18713, 99728,20160225,  -26,    0
 18713, 99728,20160226,  -34,    0
 18713, 99728,20160227,  -21,    0
 18713, 99728,20160228,    4,    0
 18713, 99728,20160229,   20,    0
 18713, 99728,20160301,    9,    0
 18713, 99728,20160302,-9999,    9
 18713, 99728,20160303,-9999,    9
 18713, 99728,20160304,-9999,    9
 18713, 99728,20160305,    6,    0
 18713, 99728,20160306,    8,    0
 18713, 99728,20160307,   15,    0
 18713, 99728,20160308,   11,    0
 18713, 99728,20160309,-9999,    9
 18713, 99728,20160310,-9999,    9
 18713, 99728,20160311,   24,    0
 18713, 99728,20160312,   60,    0
 18713, 99728,20160313,   54,    0
 18713, 99728,20160314,   56,    0
 18713, 99728,20160315,   83,    0
 18713, 99728,20160316,   30,    0
 18713, 99728,20160317,  -30,    0
 18713, 99728,20160318,  -32,    0
 18713, 99728,20160319,  -18,    0
 18713, 99728,20160320,  -27,    0
 18713, 99728,20160321,  -34,    0
 18713, 99728,20160322,  -27,    0
 18713, 99728,20160323,  -11,    0
 18713, 99728,20160324,   -8,    0
 18713, 99728,20160325,  -13,    0
 18713, 99728,20160326,   47,    0
 18713, 99728,20160327,   69,    0
 18713, 99728,20160328,   79,    0
 18713, 99728,20160329,-9999,    9
 18713, 99728,20160330,-9999,    9
 18713, 99728,20160331,-9999,    9
 18713, 99728,20160401,   43,    0
 18713, 99728,20160402,   33,    0
 18713, 99728,20160403,   44,    0
 18713, 99728,20160404,   55,    0
 18713, 99728,20160405,   31,    0
 18713, 99728,20160406,   34,    0
 18713, 99728,20160407,-9999,    9
 18713, 99728,20160408,-9999,    9
 18713, 99728,20160409,   59,    0
 18713, 99728,20160410,   45,    0
 18713, 99728,20160411,   47,    0
 18713, 99728,20160412,   17,    0
 18713, 99728,20160413,    9,    0
 18713, 99728,20160414,   28,    0
 18713, 99728,20160415,   33,    0
 18713, 99728,20160416,   49,    0
 18713, 99728,20160417,   44,    0
 18713, 99728,20160418,   52,    0
 18713, 99728,20160419,   43,    0
 18713, 99728,20160420,   43,    0
 18713, 99728,20160421,   41,    0
 18713, 99728,20160422,   52,    0
 18713, 99728,20160423,   40,    0
 18713, 99728,20160424,   40,    0
 18713, 99728,20160425,   43,    0
 18713, 99728,20160426,   62,    0
 18713, 99728,20160427,  104,    0
 18713, 99728,20160428,   94,    0
 18713, 99728,20160429,  108,    0
 18713, 99728,20160430,-9999,    9
 18713, 99728,20160501,-9999,    9
 18713, 99728,20160502,-9999,    9
 18713, 99728,20160503,-9999,    9
 18713, 99728,20160504,-9999,    9
 18713, 99728,20160505,-9999,    9
 18713, 99728,20160506,  103,    0
 18713, 99728,20160507,  102,    0
 18713, 99728,20160508,   73,    0
 18713, 99728,20160509,   63,    0
 18713, 99728,20160510,   54,    0
 18713, 99728,20160511,   69,    0
 18713, 99728,20160512,   70,    0
 18713, 99728,20160513,-9999,    9
 18713, 99728,20160514,   80,    0
 18713, 99728,20160515,-9999,    9
 18713, 99728,20160516,-9999,    9
 18713, 99728,20160517,-9999,    9
 18713, 99728,20160518,-9999,    9
 18713, 99728,20160519,-9999,    9
 18713, 99728,20160520,-9999,    9
 18713, 99728,20160521,-9999,    9
 18713, 99728,20160522,-9999,    9
 18713, 99728,20160523,  112,    0
 18713, 99728,20160524,-9999,    9
 18713, 99728,20160525,-9999,    9
 18713, 99728,20160526,-9999,    9
 18713, 99728,20160527,-9999,    9
 18713, 99728,20160528,-9999,    9
 18713, 99728,20160529,-9999,    9
 18713, 99728,20160530,-9999,    9
 18713, 99728,20160531,-9999,    9
 18713, 99728,20160601,-9999,    9
 18713, 99728,20160602,-9999,    9
 18713, 99728,20160603,-9999,    9
 18713, 99728,20160604,-9999,    9
 18713, 99728,20160605,-9999,    9
 18713, 99728,20160606,-9999,    9
 18713, 99728,20160607,-9999,    9
 18713, 99728,20160608,-9999,    9
 18713, 99728,20160609,-9999,    9
 18713, 99728,20160610,-9999,    9
 18713, 99728,20160611,-9999,    9
 18713, 99728,20160612,-9999,    9
 18713, 99728,20160613,-9999,    9
 18713, 99728,20160614,-9999,    9
 18713, 99728,20160615,-9999,    9
 18713, 99728,20160616,-9999,    9
 18713, 99728,20160617,-9999,    9
 18713, 99728,20160618,-9999,    9
 18713, 99728,20160619,-9999,    9
 18713, 99728,20160620,-9999,    9
 18713, 99728,20160621,-9999,    9
 18713, 99728,20160622,-9999,    9
 18713, 99728,20160623,-9999,    9
 18713, 99728,20160624,-9999,    9
 18713, 99728,20160625,-9999,    9
 18713, 99728,20160626,-9999,    9
 18713, 99728,20160627,-9999,    9
 18713, 99728,20160628,-9999,    9
 18713, 99728,20160629,-9999,    9
 18713, 99728,20160630,-9999,    9
 18713, 99728,20160701,-9999,    9
 18713, 99728,20160702,-9999,    9
 18713, 99728,20160703,-9999,    9
 18713, 99728,20160704,-9999,    9
 18713, 99728,20160705,-9999,    9
 18713, 99728,20160706,-9999,    9
 18713, 99728,20160707,-9999,    9
 18713, 99728,20160708,-9999,    9
 18713, 99728,20160709,-9999,    9
 18713, 99728,20160710,-9999,    9
 18713, 99728,20160711,-9999,    9
 18713, 99728,20160712,-9999,    9
 18713, 99728,20160713,-9999,    9
 18713, 99728,20160714,-9999,    9
 18713, 99728,20160715,-9999,    9
 18713, 99728,20160716,-9999,    9
 18713, 99728,20160717,-9999,    9
 18713, 99728,20160718,-9999,    9
 18713, 99728,20160719,-9999,    9
 18713, 99728,20160720,-9999,    9
 18713, 99728,20160721,-9999,    9
 18713, 99728,20160722,-9999,    9
 18713, 99728,20160723,-9999,    9
 18713, 99728,20160724,-9999,    9
 18713, 99728,20160725,-9999,    9
 18713, 99728,20160726,-9999,    9
 18713, 99728,20160727,-9999,    9
 18713, 99728,20160728,-9999,    9
 18713, 99728,20160729,-9999,    9
 18713, 99728,20160730,-9999,    9
 18713, 99728,20160731,-9999,    9
 18713, 99728,20160801,-9999,    9
 18713, 99728,20160802,-9999,    9
 18713, 99728,20160803,-9999,    9
 18713, 99728,20160804,-9999,    9
 18713, 99728,20160805,-9999,    9
 18713, 99728,20160806,-9999,    9
 18713, 99728,20160807,-9999,    9
 18713, 99728,20160808,-9999,    9
 18713, 99728,20160809,-9999,    9
 18713, 99728,20160810,-9999,    9
 18713, 99728,20160811,-9999,    9
 18713, 99728,20160812,-9999,    9
 18713, 99728,20160813,-9999,    9
 18713, 99728,20160814,-9999,    9
 18713, 99728,20160815,-9999,    9
 18713, 99728,20160816,-9999,    9
 18713, 99728,20160817,-9999,    9
 18713, 99728,20160818,-9999,    9
 18713, 99728,20160819,-9999,    9
 18713, 99728,20160820,-9999,    9
 18713, 99728,20160821,-9999,    9
 18713, 99728,20160822,-9999,    9
 18713, 99728,20160823,-9999,    9
 18713, 99728,20160824,-9999,    9
 18713, 99728,20160825,-9999,    9
 18713, 99728,20160826,-9999,    9
 18713, 99728,20160827,-9999,    9
 18713, 99728,20160828,-9999,    9
 18713, 99728,20160829,-9999,    9
 18713, 99728,20160830,-9999,    9
 18713, 99728,20160831,-9999,    9
 18713, 99728,20160901,-9999,    9
 18713, 99728,20160902,-9999,    9
 18713, 99728,20160903,-9999,    9
 18713, 99728,20160904,-9999,    9
 18713, 99728,20160905,-9999,    9
 18713, 99728,20160906,-9999,    9
 18713, 99728,20160907,-9999,    9
 18713, 99728,20160908,-9999,    9
 18713, 99728,20160909,-9999,    9
 18713, 99728,20160910,-9999,    9
 18713, 99728,20160911,-9999,    9
 18713, 99728,20160912,-9999,    9
 18713, 99728,20160913,-9999,    9
 18713, 99728,20160914,-9999,    9
 18713, 99728,20160915,-9999,    9
 18713, 99728,20160916,-9999,    9
 18713, 99728,20160917,-9999,    9
 18713, 99728,20160918,-9999,    9
 18713, 99728,20160919,-9999,    9
 18713, 99728,20160920,-9999,    9
 18713, 99728,20160921,-9999,    9
 18713, 99728,20160922,-9999,    9
 18713, 99728,20160923,-9999,    9
 18713, 99728,20160924,-9999,    9
 18713, 99728,20160925,-9999,    9
 18713, 99728,20160926,-9999,    9
 18713, 99728,20160927,-9999,    9
 18713, 99728,20160928,-9999,    9
 18713, 99728,20160929,-9999,    9
 18713, 99728,20160930,-9999,    9
 18713, 99728,20161001,-9999,    9
 18713, 99728,20161002,-9999,    9
 18713, 99728,20161003,-9999,    9
 18713, 99728,20161004,-9999,    9
 18713, 99728,20161005,-9999,    9
 18713, 99728,20161006,-9999,    9
 18713, 99728,20161007,-9999,    9
 18713, 99728,20161008,-9999,    9
 18713, 99728,20161009,-9999,    9
 18713, 99728,20161010,-9999,    9
 18713, 99728,20161011,-9999,    9
 18713, 99728,20161012,-9999,    9
 18713, 99728,20161013,-9999,    9
 18713, 99728,20161014,-9999,    9
 18713, 99728,20161015,-9999,    9
 18713, 99728,20161016,-9999,    9
 18713, 99728,20161017,-9999,    9
 18713, 99728,20161018,   36,    0
 18713, 99728,20161019,   65,    0
 18713, 99728,20161020,-9999,    9
 18713, 99728,20161021,-9999,    9
 18713, 99728,20161022,-9999,    9
 18713, 99728,20161023,-9999,    9
 18713, 99728,20161024,-9999,    9
 18713, 99728,20161025,-9999,    9
 18713, 99728,20161026,-9999,    9
 18713, 99728,20161027,   37,    0
 18713, 99728,20161028,-9999,    9
 18713, 99728,20161029,   55,    0
 18713, 99728,20161030,   41,    0
 18713, 99728,20161031,   41,    0
 18713, 99728,20161101,   21,    0
 18713, 99728,20161102,   16,    0
 18713, 99728,20161103,    5,    0
 18713, 99728,20161104,  -19,    0
 18713, 99728,20161105,  -12,    0
 18713, 99728,20161106,    1,    0
 18713, 99728,20161107,   -2,    0
 18713, 99728,20161108,    5,    0
 18713, 99728,20161109,    4,    0
 18713, 99728,20161110,    5,    0
 18713, 99728,20161111,   -7,    0
 18713, 99728,20161112,   25,    0
 18713, 99728,20161113,   64,    0
 18713, 99728,20161114,   52,    0
 18713, 99728,20161115,   59,    0
 18713, 99728,20161116,   59,    0
 18713, 99728,20161117,   33,    0
 18713, 99728,20161118,   40,    0
 18713, 99728,20161119,   32,    0
 18713, 99728,20161120,   37,    0
 18713, 99728,20161121,    4,    0
 18713, 99728,20161122,   15,    0
 18713, 99728,20161123,   36,    0
 18713, 99728,20161124,   37,    0
 18713, 99728,20161125,-9999,    9
 18713, 99728,20161126,  -14,    0
 18713, 99728,20161127,    2,    0
 18713, 99728,20161128,    7,    0
 18713, 99728,20161129,   38,    0
 18713, 99728,20161130,   46,    0
 18713, 99728,20161201,-9999,    9
 18713, 99728,20161202,  -12,    0
 18713, 99728,20161203,  -22,    0
 18713, 99728,20161204,  -18,    0
 18713, 99728,20161205,  -23,    0
 18713, 99728,20161206,   17,    0
 18713, 99728,20161207,   31,    0
 18713, 99728,20161208,   19,    0
 18713, 99728,20161209,  -15,    0
 18713, 99728,20161210,  -10,    0
 18713, 99728,20161211,  -18,    0
 18713, 99728,20161212,    9,    0
 18713, 99728,20161213,   23,    0
 18713, 99728,20161214,   37,    0
 18713, 99728,20161215,   57,    0
 18713, 99728,20161216,   62,    0
 18713, 99728,20161217,   57,    0
 18713, 99728,20161218,   37,    0
 18713, 99728,20161219,   69,    0
 18713, 99728,20161220,   48,    0
 18713, 99728,20161221,   64,    0
 18713, 99728,20161222,   45,    0
 18713, 99728,20161223,   13,    0
 18713, 99728,20161224,   -1,    0
 18713, 99728,20161225,   -5,    0
 18713, 99728,20161226,   -4,    0
 18713, 99728,20161227,   14,    0
 18713, 99728,20161228,   31,    0
 18713, 99728,20161229,   34,    0
 18713, 99728,20161230,   31,    0
 18713, 99728,20161231,   20,    0
 18713, 99728,20170101,-9999,    9
 18713, 99728,20170102,-9999,    9
 18713, 99728,20170103,-9999,    9
 18713, 99728,20170104,-9999,    9
 18713, 99728,20170105,-9999,    9
 18713, 99728,20170106,-9999,    9
 18713, 99728,20170107,-9999,    9
 18713, 99728,20170108,-9999,    9
 18713, 99728,20170109,-9999,    9
 18713, 99728,20170110,-9999,    9
 18713, 99728,20170111,-9999,    9
 18713, 99728,20170112,-9999,    9
 18713, 99728,20170113,-9999,    9
 18713, 99728,20170114,-9999,    9
 18713, 99728,20170115,-9999,    9
 18713, 99728,20170116,-9999,    9
 18713, 99728,20170117,-9999,    9
 18713, 99728,20170118,-9999,    9
 18713, 99728,20170119,-9999,    9
 18713, 99728,20170120,-9999,    9
 18713, 99728,20170121,-9999,    9
 18713, 99728,20170122,-9999,    9
 18713, 99728,20170123,-9999,    9
 18713, 99728,20170124,-9999,    9
 18713, 99728,20170125,-9999,    9
 18713, 99728,20170126,-9999,    9
 18713, 99728,20170127,-9999,    9
 18713, 99728,20170128,-9999,    9
 18713, 99728,20170129,-9999,    9
 18713, 99728,20170130,-9999,    9
 18713, 99728,20170131,-9999,    9
 18713, 99728,20170201,-9999,    9
 18713, 99728,20170202,-9999,    9
 18713, 99728,20170203,-9999,    9
 18713, 99728,20170204,-9999,    9
 18713, 99728,20170205,-9999,    9
 18713, 99728,20170206,-9999,    9
 18713, 99728,20170207,-9999,    9
 18713, 99728,20170208,-9999,    9
 18713, 99728,20170209,-9999,    9
 18713, 99728,20170210,-9999,    9
 18713, 99728,20170211,-9999,    9
 18713, 99728,20170212,-9999,    9
 18713, 99728,20170213,-9999,    9
 18713, 99728,20170214,-9999,    9
 18713, 99728,20170215,-9999,    9
 18713, 99728,20170216,-9999,    9
 18713, 99728,20170217,-9999,    9
 18713, 99728,20170218,-9999,    9
 18713, 99728,20170219,-9999,    9
 18713, 99728,20170220,-9999,    9
 18713, 99728,20170221,-9999,    9
 18713, 99728,20170222,-9999,    9
 18713, 99728,20170223,-9999,    9
 18713, 99728,20170224,-9999,    9
 18713, 99728,20170225,-9999,    9
 18713, 99728,20170226,-9999,    9
 18713, 99728,20170227,-9999,    9
 18713, 99728,20170228,-9999,    9
 18713, 99728,20170301,-9999,    9
 18713, 99728,20170302,-9999,    9
 18713, 99728,20170303,-9999,    9
 18713, 99728,20170304,-9999,    9
 18713, 99728,20170305,-9999,    9
 18713, 99728,20170306,-9999,    9
 18713, 99728,20170307,-9999,    9
 18713, 99728,20170308,-9999,    9
 18713, 99728,20170309,-9999,    9
 18713, 99728,20170310,-9999,    9
 18713, 99728,20170311,-9999,    9
 18713, 99728,20170312,-9999,    9
 18713, 99728,20170313,    2,    0
 18713, 99728,20170314,-9999,    9
 18713, 99728,20170315,-9999,    9
 18713, 99728,20170316,-9999,    9
 18713, 99728,20170317,-9999,    9
 18713, 99728,20170318,-9999,    9
 18713, 99728,20170319,-9999,    9
 18713, 99728,20170320,-9999,    9
 18713, 99728,20170321,-9999,    9
 18713, 99728,20170322,-9999,    9
 18713, 99728,20170323,-9999,    9
 18713, 99728,20170324,-9999,    9
 18713, 99728,20170325,-9999,    9
 18713, 99728,20170326,-9999,    9
 18713, 99728,20170327,-9999,    9
 18713, 99728,20170328,-9999,    9
 18713, 99728,20170329,-9999,    9
 18713, 99728,20170330,-9999,    9
 18713, 99728,20170331,-9999,    9
 18713, 99728,20170401,-9999,    9
 18713, 99728,20170402,-9999,    9
 18713, 99728,20170403,-9999,    9
 18713, 99728,20170404,-9999,    9
 18713, 99728,20170405,-9999,    9
 18713, 99728,20170406,-9999,    9
 18713, 99728,20170407,-9999,    9
 18713, 99728,20170408,-9999,    9
 18713, 99728,20170409,-9999,    9
 18713, 99728,20170410,-9999,    9
 18713, 99728,20170411,-9999,    9
 18713, 99728,20170412,-9999,    9
 18713, 99728,20170413,-9999,    9
 18713, 99728,20170414,-9999,    9
 18713, 99728,20170415,-9999,    9
 18713, 99728,20170416,-9999,    9
 18713, 99728,20170417,-9999,    9
 18713, 99728,20170418,-9999,    9
 18713, 99728,20170419,-9999,    9
 18713, 99728,20170420,-9999,    9
 18713, 99728,20170421,-9999,    9
 18713, 99728,20170422,-9999,    9
 18713, 99728,20170423,-9999,    9
 18713, 99728,20170424,-9999,    9
 18713, 99728,20170425,-9999,    9
 18713, 99728,20170426,-9999,    9
 18713, 99728,20170427,-9999,    9
 18713, 99728,20170428,-9999,    9
 18713, 99728,20170429,-9999,    9
 18713, 99728,20170430,-9999,    9
 18713, 99728,20170501,-9999,    9
 18713, 99728,20170502,-9999,    9
 18713, 99728,20170503,-9999,    9
 18713, 99728,20170504,-9999,    9
 18713, 99728,20170505,-9999,    9
 18713, 99728,20170506,-9999,    9
 18713, 99728,20170507,-9999,    9
 18713, 99728,20170508,-9999,    9
 18713, 99728,20170509,-9999,    9
 18713, 99728,20170510,-9999,    9
 18713, 99728,20170511,-9999,    9
 18713, 99728,20170512,-9999,    9
 18713, 99728,20170513,-9999,    9
 18713, 99728,20170514,-9999,    9
 18713, 99728,20170515,-9999,    9
 18713, 99728,20170516,-9999,    9
 18713, 99728,20170517,-9999,    9
 18713, 99728,20170518,-9999,    9
 18713, 99728,20170519,-9999,    9
 18713, 99728,20170520,-9999,    9
 18713, 99728,20170521,-9999,    9
 18713, 99728,20170522,-9999,    9
 18713, 99728,20170523,-9999,    9
 18713, 99728,20170524,-9999,    9
 18713, 99728,20170525,-9999,    9
 18713, 99728,20170526,-9999,    9
 18713, 99728,20170527,-9999,    9
 18713, 99728,20170528,-9999,    9
 18713, 99728,20170529,-9999,    9
 18713, 99728,20170530,-9999,    9
 18713, 99728,20170531,-9999,    9
 18713, 99728,20170601,-9999,    9
 18713, 99728,20170602,-9999,    9
 18713, 99728,20170603,-9999,    9
 18713, 99728,20170604,-9999,    9
 18713, 99728,20170605,-9999,    9
 18713, 99728,20170606,-9999,    9
 18713, 99728,20170607,-9999,    9
 18713, 99728,20170608,-9999,    9
 18713, 99728,20170609,-9999,    9
 18713, 99728,20170610,-9999,    9
 18713, 99728,20170611,-9999,    9
 18713, 99728,20170612,-9999,    9
 18713, 99728,20170613,-9999,    9
 18713, 99728,20170614,-9999,    9
 18713, 99728,20170615,-9999,    9
 18713, 99728,20170616,-9999,    9
 18713, 99728,20170617,-9999,    9
 18713, 99728,20170618,-9999,    9
 18713, 99728,20170619,-9999,    9
 18713, 99728,20170620,-9999,    9
 18713, 99728,20170621,-9999,    9
 18713, 99728,20170622,-9999,    9
 18713, 99728,20170623,-9999,    9
 18713, 99728,20170624,-9999,    9
 18713, 99728,20170625,-9999,    9
 18713, 99728,20170626,-9999,    9
 18713, 99728,20170627,-9999,    9
 18713, 99728,20170628,-9999,    9
 18713, 99728,20170629,-9999,    9
 18713, 99728,20170630,-9999,    9
 18713, 99728,20170701,-9999,    9
 18713, 99728,20170702,-9999,    9
 18713, 99728,20170703,-9999,    9
 18713, 99728,20170704,-9999,    9
 18713, 99728,20170705,-9999,    9
 18713, 99728,20170706,-9999,    9
 18713, 99728,20170707,-9999,    9
 18713, 99728,20170708,-9999,    9
 18713, 99728,20170709,-9999,    9
 18713, 99728,20170710,-9999,    9
 18713, 99728,20170711,-9999,    9
 18713, 99728,20170712,-9999,    9
 18713, 99728,20170713,-9999,    9
 18713, 99728,20170714,-9999,    9
 18713, 99728,20170715,-9999,    9
 18713, 99728,20170716,-9999,    9
 18713, 99728,20170717,-9999,    9
 18713, 99728,20170718,-9999,    9
 18713, 99728,20170719,-9999,    9
 18713, 99728,20170720,-9999,    9
 18713, 99728,20170721,-9999,    9
 18713, 99728,20170722,-9999,    9
 18713, 99728,20170723,-9999,    9
 18713, 99728,20170724,-9999,    9
 18713, 99728,20170725,-9999,    9
 18713, 99728,20170726,-9999,    9
 18713, 99728,20170727,-9999,    9
 18713, 99728,20170728,-9999,    9
 18713, 99728,20170729,-9999,    9
 18713, 99728,20170730,-9999,    9
 18713, 99728,20170731,-9999,    9
 18713, 99728,20170801,-9999,    9
 18713, 99728,20170802,-9999,    9
 18713, 99728,20170803,-9999,    9
 18713, 99728,20170804,-9999,    9
 18713, 99728,20170805,-9999,    9
 18713, 99728,20170806,-9999,    9
 18713, 99728,20170807,-9999,    9
 18713, 99728,20170808,-9999,    9
 18713, 99728,20170809,-9999,    9
 18713, 99728,20170810,-9999,    9
 18713, 99728,20170811,-9999,    9
 18713, 99728,20170812,-9999,    9
 18713, 99728,20170813,-9999,    9
 18713, 99728,20170814,-9999,    9
 18713, 99728,20170815,-9999,    9
 18713, 99728,20170816,-9999,    9
 18713, 99728,20170817,-9999,    9
 18713, 99728,20170818,-9999,    9
 18713, 99728,20170819,-9999,    9
 18713, 99728,20170820,-9999,    9
 18713, 99728,20170821,-9999,    9
 18713, 99728,20170822,-9999,    9
 18713, 99728,20170823,-9999,    9
 18713, 99728,20170824,-9999,    9
 18713, 99728,20170825,-9999,    9
 18713, 99728,20170826,-9999,    9
 18713, 99728,20170827,-9999,    9
 18713, 99728,20170828,-9999,    9
 18713, 99728,20170829,-9999,    9
 18713, 99728,20170830,-9999,    9
 18713, 99728,20170831,-9999,    9
 18713, 99728,20170901,-9999,    9
 18713, 99728,20170902,-9999,    9
 18713, 99728,20170903,-9999,    9
 18713, 99728,20170904,-9999,    9
 18713, 99728,20170905,-9999,    9
 18713, 99728,20170906,-9999,    9
 18713, 99728,20170907,-9999,    9
 18713, 99728,20170908,-9999,    9
 18713, 99728,20170909,-9999,    9
 18713, 99728,20170910,-9999,    9
 18713, 99728,20170911,-9999,    9
 18713, 99728,20170912,-9999,    9
 18713, 99728,20170913,-9999,    9
 18713, 99728,20170914,-9999,    9
 18713, 99728,20170915,-9999,    9
 18713, 99728,20170916,-9999,    9
 18713, 99728,20170917,-9999,    9
 18713, 99728,20170918,-9999,    9
 18713, 99728,20170919,-9999,    9
 18713, 99728,20170920,-9999,    9
 18713, 99728,20170921,-9999,    9
 18713, 99728,20170922,-9999,    9
 18713, 99728,20170923,-9999,    9
 18713, 99728,20170924,-9999,    9
 18713, 99728,20170925,-9999,    9
 18713, 99728,20170926,-9999,    9
 18713, 99728,20170927,-9999,    9
 18713, 99728,20170928,-9999,    9
 18713, 99728,20170929,-9999,    9
 18713, 99728,20170930,-9999,    9
 18713, 99728,20171001,-9999,    9
 18713, 99728,20171002,-9999,    9
 18713, 99728,20171003,-9999,    9
 18713, 99728,20171004,-9999,    9
 18713, 99728,20171005,-9999,    9
 18713, 99728,20171006,   72,    0
 18713, 99728,20171007,   79,    0
 18713, 99728,20171008,   67,    0
 18713, 99728,20171009,   67,    0
 18713, 99728,20171010,   57,    0
 18713, 99728,20171011,   61,    0
 18713, 99728,20171012,   72,    0
 18713, 99728,20171013,   59,    0
 18713, 99728,20171014,-9999,    9
 18713, 99728,20171015,   71,    0
 18713, 99728,20171016,   56,    0
 18713, 99728,20171017,-9999,    9
 18713, 99728,20171018,-9999,    9
 18713, 99728,20171019,-9999,    9
 18713, 99728,20171020,-9999,    9
 18713, 99728,20171021,-9999,    9
 18713, 99728,20171022,-9999,    9
 18713, 99728,20171023,-9999,    9
 18713, 99728,20171024,-9999,    9
 18713, 99728,20171025,   50,    0
 18713, 99728,20171026,   54,    0
 18713, 99728,20171027,   58,    0
 18713, 99728,20171028,   25,    0
 18713, 99728,20171029,    7,    0
 18713, 99728,20171030,    6,    0
 18713, 99728,20171031,   17,    0
 18713, 99728,20171101,-9999,    9
 18713, 99728,20171102,-9999,    9
 18713, 99728,20171103,   56,    0
 18713, 99728,20171104,   51,    0
 18713, 99728,20171105,   46,    0
 18713, 99728,20171106,   25,    0
 18713, 99728,20171107,   38,    0
 18713, 99728,20171108,   56,    0
 18713, 99728,20171109,   38,    0
 18713, 99728,20171110,   47,    0
 18713, 99728,20171111,-9999,    9
 18713, 99728,20171112,-9999,    9
 18713, 99728,20171113,   14,    0
 18713, 99728,20171114,   37,    0
 18713, 99728,20171115,   20,    0
 18713, 99728,20171116,    8,    0
 18713, 99728,20171117,   -9,    0
 18713, 99728,20171118,   -9,    0
 18713, 99728,20171119,    1,    0
 18713, 99728,20171120,  -21,    0
 18713, 99728,20171121,   -8,    0
 18713, 99728,20171122,  -21,    0
 18713, 99728,20171123,  -28,    0
 18713, 99728,20171124,  -12,    0
 18713, 99728,20171125,   18,    0
 18713, 99728,20171126,   23,    0
 18713, 99728,20171127,    9,    0
 18713, 99728,20171128,-9999,    9
 18713, 99728,20171129,    1,    0
 18713, 99728,20171130,   -2,    0
 18713, 99728,20171201,    9,    0
 18713, 99728,20171202,   25,    0
 18713, 99728,20171203,    8,    0
 18713, 99728,20171204,    8,    0
 18713, 99728,20171205,    0,    0
 18713, 99728,20171206,    5,    0
 18713, 99728,20171207,   -8,    0
 18713, 99728,20171208,  -33,    0
 18713, 99728,20171209,   -2,    0
 18713, 99728,20171210,   22,    0
 18713, 99728,20171211,   17,    0
 18713, 99728,20171212,    1,    0
 18713, 99728,20171213,   -5,    0
 18713, 99728,20171214,   26,    0
 18713, 99728,20171215,   -5,    0
 18713, 99728,20171216,   -4,    0
 18713, 99728,20171217,   12,    0
 18713, 99728,20171218,   21,    0
 18713, 99728,20171219,   38,    0
 18713, 99728,20171220,   48,    0
 18713, 99728,20171221,   38,    0
 18713, 99728,20171222,    9,    0
 18713, 99728,20171223,    2,    0
 18713, 99728,20171224,   -4,    0
 18713, 99728,20171225,  -34,    0
 18713, 99728,20171226,  -15,    0
 18713, 99728,20171227,  -21,    0
 18713, 99728,20171228,  -20,    0
 18713, 99728,20171229,  -32,    0
 18713, 99728,20171230,  -16,    0
 18713, 99728,20171231,   15,    0
 18713, 99728,20180101,  -19,    0
 18713, 99728,20180102,  -19,    0
 18713, 99728,20180103,  -19,    0
 18713, 99728,20180104,    1,    0
 18713, 99728,20180105,  -22,    0
 18713, 99728,20180106,  -19,    0
 18713, 99728,20180107,  -16,    0
 18713, 99728,20180108,   11,    0
 18713, 99728,20180109,   17,    0
 18713, 99728,20180110,   43,    0
 18713, 99728,20180111,    9,    0
 18713, 99728,20180112,   48,    0
 18713, 99728,20180113,   41,    0
 18713, 99728,20180114,  -13,    0
 18713, 99728,20180115,   -7,    0
 18713, 99728,20180116,   -6,    0
 18713, 99728,20180117,  -23,    0
 18713, 99728,20180118,  -69,    0
 18713, 99728,20180119,  -53,    0
 18713, 99728,20180120,  -59,    0
 18713, 99728,20180121,  -65,    0
 18713, 99728,20180122,  -77,    0
 18713, 99728,20180123,  -62,    0
 18713, 99728,20180124,  -80,    0
 18713, 99728,20180125,  -55,    0
 18713, 99728,20180126,   -8,    0
 18713, 99728,20180127,  -17,    0
 18713, 99728,20180128,  -37,    0
 18713, 99728,20180129,  -48,    0
 18713, 99728,20180130,  -36,    0
 18713, 99728,20180131,  -45,    0
 18713, 99728,20180201,  -50,    0
 18713, 99728,20180202,  -51,    0
 18713, 99728,20180203,  -52,    0
 18713, 99728,20180204,  -31,    0
 18713, 99728,20180205,   29,    0
 18713, 99728,20180206,    6,    0
 18713, 99728,20180207,  -41,    0
 18713, 99728,20180208,   -5,    0
 18713, 99728,20180209,  -11,    0
 18713, 99728,20180210,   18,    0
 18713, 99728,20180211,    0,    0
 18713, 99728,20180212,  -26,    0
 18713, 99728,20180213,  -19,    0
 18713, 99728,20180214,   -1,    0
 18713, 99728,20180215,  -20,    0
 18713, 99728,20180216,  -20,    0
 18713, 99728,20180217,  -41,    0
 18713, 99728,20180218,  -62,    0
 18713, 99728,20180219,  -51,    0
 18713, 99728,20180220,  -57,    0
 18713, 99728,20180221,  -36,    0
 18713, 99728,20180222,  -35,    0
 18713, 99728,20180223,  -54,    0
 18713, 99728,20180224,  -67,    0
 18713, 99728,20180225,  -65,    0
 18713, 99728,20180226,  -44,    0
 18713, 99728,20180227,  -19,    0
 18713, 99728,20180228,    8,    0
 18713, 99728,20180301,   12,    0
 18713, 99728,20180302,  -21,    0
 18713, 99728,20180303,-9999,    9
 18713, 99728,20180304,  -62,    0
 18713, 99728,20180305,  -62,    0
 18713, 99728,20180306,  -64,    0
 18713, 99728,20180307,  -74,    0
 18713, 99728,20180308,  -86,    0
 18713, 99728,20180309,  -77,    0
 18713, 99728,20180310,-9999,    9
 18713, 99728,20180311,  -40,    0
 18713, 99728,20180312,  -28,    0
 18713, 99728,20180313,  -31,    0
 18713, 99728,20180314,  -51,    0
 18713, 99728,20180315,  -39,    0
 18713, 99728,20180316,  -24,    0
 18713, 99728,20180317,-9999,    9
 18713, 99728,20180318,  -18,    0
 18713, 99728,20180319,  -27,    0
 18713, 99728,20180320,  -34,    0
 18713, 99728,20180321,  -14,    0
 18713, 99728,20180322,  -24,    0
 18713, 99728,20180323,  -29,    0
 18713, 99728,20180324,  -48,    0
 18713, 99728,20180325,  -50,    0
 18713, 99728,20180326,  -41,    0
 18713, 99728,20180327,-9999,    9
 18713, 99728,20180328,-9999,    9
 18713, 99728,20180329,-9999,    9
 18713, 99728,20180330,-9999,    9
 18713, 99728,20180331,-9999,    9
 18713, 99728,20180401,-9999,    9
 18713, 99728,20180402,-9999,    9
 18713, 99728,20180403,-9999,    9
 18713, 99728,20180404,-9999,    9
 18713, 99728,20180405,-9999,    9
 18713, 99728,20180406,   14,    0
 18713, 99728,20180407,-9999,    9
 18713, 99728,20180408,    5,    0
 18713, 99728,20180409,   -2,    0
 18713, 99728,20180410,   16,    0
 18713, 99728,20180411,   24,    0
 18713, 99728,20180412,   29,    0
 18713, 99728,20180413,   49,    0
 18713, 99728,20180414,   37,    0
 18713, 99728,20180415,   30,    0
 18713, 99728,20180416,   26,    0
 18713, 99728,20180417,   33,    0
 18713, 99728,20180418,   32,    0
 18713, 99728,20180419,   26,    0
 18713, 99728,20180420,   27,    0
 18713, 99728,20180421,   34,    0
 18713, 99728,20180422,   21,    0
 18713, 99728,20180423,   41,    0
 18713, 99728,20180424,   44,    0
 18713, 99728,20180425,   32,    0
 18713, 99728,20180426,   26,    0
 18713, 99728,20180427,   23,    0
 18713, 99728,20180428,   15,    0
 18713, 99728,20180429,   20,    0
 18713, 99728,20180430,   25,    0
 18713, 99728,20180501,   37,    0
 18713, 99728,20180502,   57,    0
 18713, 99728,20180503,   57,    0
 18713, 99728,20180504,   71,    0
 18713, 99728,20180505,-9999,    9
 18713, 99728,20180506,   69,    0
 18713, 99728,20180507,   46,    0
 18713, 99728,20180508,   72,    0
 18713, 99728,20180509,  114,    0
 18713, 99728,20180510,  151,    0
 18713, 99728,20180511,  107,    0
 18713, 99728,20180512,  107,    0
 18713, 99728,20180513,  103,    0
 18713, 99728,20180514,  118,    0
 18713, 99728,20180515,   96,    0
 18713, 99728,20180516,-9999,    9
 18713, 99728,20180517,   75,    0
 18713, 99728,20180518,   64,    0
 18713, 99728,20180519,-9999,    9
 18713, 99728,20180520,   78,    0
 18713, 99728,20180521,   76,    0
 18713, 99728,20180522,   64,    0
 18713, 99728,20180523,   52,    0
 18713, 99728,20180524,   69,    0
 18713, 99728,20180525,  101,    0
 18713, 99728,20180526,-9999,    9
 18713, 99728,20180527,   67,    0
 18713, 99728,20180528,  113,    0
 18713, 99728,20180529,   73,    0
 18713, 99728,20180530,   54,    0
 18713, 99728,20180531,   98,    0
 18713, 99728,20180601,   75,    0
 18713, 99728,20180602,   66,    0
 18713, 99728,20180603,   60,    0
 18713, 99728,20180604,   44,    0
 18713, 99728,20180605,   37,    0
 18713, 99728,20180606,-9999,    9
 18713, 99728,20180607,   38,    0
 18713, 99728,20180608,   45,    0
 18713, 99728,20180609,   64,    0
 18713, 99728,20180610,   73,    0
 18713, 99728,20180611,   59,    0
 18713, 99728,20180612,   47,    0
 18713, 99728,20180613,   55,    0
 18713, 99728,20180614,  109,    0
 18713, 99728,20180615,  121,    0
 18713, 99728,20180616,  112,    0
 18713, 99728,20180617,   96,    0
 18713, 99728,20180618,  135,    0
 18713, 99728,20180619,  121,    0
 18713, 99728,20180620,   86,    0
 18713, 99728,20180621,   82,    0
 18713, 99728,20180622,   81,    0
 18713, 99728,20180623,   70,    0
 18713, 99728,20180624,   72,    0
 18713, 99728,20180625,  104,    0
 18713, 99728,20180626,   99,    0
 18713, 99728,20180627,   73,    0
 18713, 99728,20180628,   71,    0
 18713, 99728,20180629,   64,    0
 18713, 99728,20180630,   74,    0
 18713, 99728,20180701,  118,    0
 18713, 99728,20180702,  141,    0
 18713, 99728,20180703,  113,    0
 18713, 99728,20180704,   93,    0
 18713, 99728,20180705,  118,    0
 18713, 99728,20180706,  136,    0
 18713, 99728,20180707,  100,    0
 18713, 99728,20180708,  124,    0
 18713, 99728,20180709,  127,    0
 18713, 99728,20180710,  124,    0
 18713, 99728,20180711,  125,    0
 18713, 99728,20180712,  115,    0
 18713, 99728,20180713,  102,    0
 18713, 99728,20180714,  101,    0
 18713, 99728,20180715,  128,    0
 18713, 99728,20180716,  144,    0
 18713, 99728,20180717,  165,    0
 18713, 99728,20180718,  169,    0
 18713, 99728,20180719,  181,    0
 18713, 99728,20180720,  133,    0
 18713, 99728,20180721,  141,    0
 18713, 99728,20180722,  135,    0
 18713, 99728,20180723,  136,    0
 18713, 99728,20180724,  203,    0
 18713, 99728,20180725,-9999,    9
 18713, 99728,20180726,-9999,    9
 18713, 99728,20180727,-9999,    9
 18713, 99728,20180728,-9999,    9
 18713, 99728,20180729,-9999,    9
 18713, 99728,20180730,-9999,    9
 18713, 99728,20180731,-9999,    9
 18713, 99728,20180801,-9999,    9
 18713, 99728,20180802,-9999,    9
 18713, 99728,20180803,-9999,    9
 18713, 99728,20180804,-9999,    9
 18713, 99728,20180805,-9999,    9
 18713, 99728,20180806,-9999,    9
 18713, 99728,20180807,-9999,    9
 18713, 99728,20180808,-9999,    9
 18713, 99728,20180809,-9999,    9
 18713, 99728,20180810,-9999,    9
 18713, 99728,20180811,-9999,    9
 18713, 99728,20180812,-9999,    9
 18713, 99728,20180813,-9999,    9
 18713, 99728,20180814,-9999,    9
 18713, 99728,20180815,-9999,    9
 18713, 99728,20180816,-9999,    9
 18713, 99728,20180817,-9999,    9
 18713, 99728,20180818,-9999,    9
 18713, 99728,20180819,-9999,    9
 18713, 99728,20180820,-9999,    9
 18713, 99728,20180821,-9999,    9
 18713, 99728,20180822,-9999,    9
 18713, 99728,20180823,-9999,    9
 18713, 99728,20180824,-9999,    9
 18713, 99728,20180825,-9999,    9
 18713, 99728,20180826,-9999,    9
 18713, 99728,20180827,-9999,    9
 18713, 99728,20180828,-9999,    9
 18713, 99728,20180829,-9999,    9
 18713, 99728,20180830,-9999,    9
 18713, 99728,20180831,-9999,    9
 18713, 99728,20180901,-9999,    9
 18713, 99728,20180902,-9999,    9
 18713, 99728,20180903,-9999,    9
 18713, 99728,20180904,-9999,    9
 18713, 99728,20180905,-9999,    9
 18713, 99728,20180906,-9999,    9
 18713, 99728,20180907,-9999,    9
 18713, 99728,20180908,-9999,    9
 18713, 99728,20180909,-9999,    9
 18713, 99728,20180910,-9999,    9
 18713, 99728,20180911,-9999,    9
 18713, 99728,20180912,-9999,    9
 18713, 99728,20180913,  104,    0
 18713, 99728,20180914,  101,    0
 18713, 99728,20180915,  109,    0
 18713, 99728,20180916,   93,    0
 18713, 99728,20180917,   76,    0
 18713, 99728,20180918,   84,    0
 18713, 99728,20180919,   93,    0
 18713, 99728,20180920,   98,    0
 18713, 99728,20180921,  113,    0
 18713, 99728,20180922,  112,    0
 18713, 99728,20180923,   90,    0
 18713, 99728,20180924,   53,    0
 18713, 99728,20180925,   58,    0
 18713, 99728,20180926,-9999,    9
 18713, 99728,20180927,-9999,    9
 18713, 99728,20180928,-9999,    9
 18713, 99728,20180929,-9999,    9
 18713, 99728,20180930,-9999,    9
 18713, 99728,20181001,-9999,    9
 18713, 99728,20181002,-9999,    9
 18713, 99728,20181003,-9999,    9
 18713, 99728,20181004,   33,    0
 18713, 99728,20181005,   23,    0
 18713, 99728,20181006,   27,    0
 18713, 99728,20181007,   36,    0
 18713, 99728,20181008,   50,    0
 18713, 99728,20181009,   70,    0
 18713, 99728,20181010,   50,    0
 18713, 99728,20181011,-9999,    9
 18713, 99728,20181012,   81,    0
 18713, 99728,20181013,   90,    0
 18713, 99728,20181014,  112,    0
 18713, 99728,20181015,   81,    0
 18713, 99728,20181016,   80,    0
 18713, 99728,20181017,-9999,    9
 18713, 99728,20181018,-9999,    9
 18713, 99728,20181019,   71,    0
 18713, 99728,20181020,   66,    0
 18713, 99728,20181021,   75,    0
 18713, 99728,20181022,-9999,    9
 18713, 99728,20181023,   49,    0
 18713, 99728,20181024,   22,    0
 18713, 99728,20181025,   22,    0
 18713, 99728,20181026,   24,    0
 18713, 99728,20181027,    4,    0
 18713, 99728,20181028,   14,    0
 18713, 99728,20181029,   51,    0
 18713, 99728,20181030,   15,    0
 18713, 99728,20181031,   10,    0
 18713, 99728,20181101,   38,    0
 18713, 99728,20181102,   69,    0
 18713, 99728,20181103,   61,    0
 18713, 99728,20181104,   63,    0
 18713, 99728,20181105,   94,    0
 18713, 99728,20181106,   75,    0
 18713, 99728,20181107,   40,    0
 18713, 99728,20181108,   30,    0
 18713, 99728,20181109,   46,    0
 18713, 99728,20181110,   64,    0
 18713, 99728,20181111,   67,    0
 18713, 99728,20181112,   68,    0
 18713, 99728,20181113,   54,    0
 18713, 99728,20181114,   74,    0
 18713, 99728,20181115,   80,    0
 18713, 99728,20181116,   90,    0
 18713, 99728,20181117,   55,    0
 18713, 99728,20181118,   53,    0
 18713, 99728,20181119,   76,    0
 18713, 99728,20181120,   38,    0
 18713, 99728,20181121,   52,    0
 18713, 99728,20181122,   56,    0
 18713, 99728,20181123,   35,    0
 18713, 99728,20181124,   27,    0
 18713, 99728,20181125,   -4,    0
 18713, 99728,20181126,   -7,    0
 18713, 99728,20181127,   16,    0
 18713, 99728,20181128,   19,    0
 18713, 99728,20181129,   11,    0
 18713, 99728,20181130,   41,    0
 18713, 99728,20181201,   52,    0
 18713, 99728,20181202,   50,    0
 18713, 99728,20181203,   50,    0
 18713, 99728,20181204,   28,    0
 18713, 99728,20181205,   27,    0
 18713, 99728,20181206,   26,    0
 18713, 99728,20181207,    5,    0
 18713, 99728,20181208,  -19,    0
 18713, 99728,20181209,  -12,    0
 18713, 99728,20181210,    1,    0
 18713, 99728,20181211,   13,    0
 18713, 99728,20181212,   44,    0
 18713, 99728,20181213,   61,    0
 18713, 99728,20181214,   59,    0
 18713, 99728,20181215,   47,    0
 18713, 99728,20181216,  -19,    0
 18713, 99728,20181217,  -18,    0
 18713, 99728,20181218,   -6,    0
 18713, 99728,20181219,  -14,    0
 18713, 99728,20181220,   -4,    0
 18713, 99728,20181221,    6,    0
 18713, 99728,20181222,   -4,    0
 18713, 99728,20181223,    5,    0
 18713, 99728,20181224,   -6,    0
 18713, 99728,20181225,   15,    0
 18713, 99728,20181226,    5,    0
 18713, 99728,20181227,   -5,    0
 18713, 99728,20181228,   15,    0
 18713, 99728,20181229,   19,    0
 18713, 99728,20181230,  -14,    0
 18713, 99728,20181231,   -4,    0
 18713, 99728,20190101,  -27,    0
 18713, 99728,20190102,  -30,    0
 18713, 99728,20190103,   12,    0
 18713, 99728,20190104,   26,    0
 18713, 99728,20190105,   37,    0
 18713, 99728,20190106,   51,    0
 18713, 99728,20190107,   16,    0
 18713, 99728,20190108,   10,    0
 18713, 99728,20190109,   19,    0
 18713, 99728,20190110,   18,    0
 18713, 99728,20190111,   12,    0
 18713, 99728,20190112,    5,    0
 18713, 99728,20190113,  -18,    0
 18713, 99728,20190114,  -25,    0
 18713, 99728,20190115,  -19,    0
 18713, 99728,20190116,  -21,    0
 18713, 99728,20190117,  -48,    0
 18713, 99728,20190118,-9999,    9
 18713, 99728,20190119,-9999,    9
 18713, 99728,20190120,  -28,    0
 18713, 99728,20190121,  -27,    0
 18713, 99728,20190122,  -35,    0
 18713, 99728,20190123,  -66,    0
 18713, 99728,20190124,  -57,    0
 18713, 99728,20190125,  -48,    0
 18713, 99728,20190126,  -68,    0
 18713, 99728,20190127, -109,    0
 18713, 99728,20190128, -105,    0
 18713, 99728,20190129,  -78,    0
 18713, 99728,20190130,-9999,    9
 18713, 99728,20190131,  -60,    0
 18713, 99728,20190201,  -58,    0
 18713, 99728,20190202,  -56,    0
 18713, 99728,20190203,-9999,    9
 18713, 99728,20190204,  -67,    0
 18713, 99728,20190205,  -73,    0
 18713, 99728,20190206,  -20,    0
 18713, 99728,20190207,  -17,    0
 18713, 99728,20190208,  -38,    0
 18713, 99728,20190209,  -48,    0
 18713, 99728,20190210,  -33,    0
 18713, 99728,20190211,   -4,    0
 18713, 99728,20190212,    9,    0
 18713, 99728,20190213,-9999,    9
 18713, 99728,20190214,-9999,    9
 18713, 99728,20190215,-9999,    9
 18713, 99728,20190216,    5,    0
 18713, 99728,20190217,  -18,    0
 18713, 99728,20190218,  -34,    0
 18713, 99728,20190219,  -63,    0
 18713, 99728,20190220,  -59,    0
 18713, 99728,20190221,  -29,    0
 18713, 99728,20190222,   22,    0
 18713, 99728,20190223,   52,    0
 18713, 99728,20190224,   50,    0
 18713, 99728,20190225,   26,    0
 18713, 99728,20190226,   13,    0
 18713, 99728,20190227,    9,    0
 18713, 99728,20190228,  -31,    0
 18713, 99728,20190301,  -30,    0
 18713, 99728,20190302,  -60,    0
 18713, 99728,20190303,  -34,    0
 18713, 99728,20190304,  -72,    0
 18713, 99728,20190305,  -49,    0
 18713, 99728,20190306,  -38,    0
 18713, 99728,20190307,  -46,    0
 18713, 99728,20190308,  -61,    0
 18713, 99728,20190309,  -37,    0
 18713, 99728,20190310,  -39,    0
 18713, 99728,20190311,  -27,    0
 18713, 99728,20190312,   -9,    0
 18713, 99728,20190313,  -21,    0
 18713, 99728,20190314,  -18,    0
 18713, 99728,20190315,  -13,    0
 18713, 99728,20190316,   -9,    0
 18713, 99728,20190317,  -15,    0
 18713, 99728,20190318,  -27,    0
 18713, 99728,20190319,    2,    0
 18713, 99728,20190320,   23,    0
 18713, 99728,20190321,   25,    0
 18713, 99728,20190322,   19,    0
 18713, 99728,20190323,   38,    0
 18713, 99728,20190324,   14,    0
 18713, 99728,20190325,  -10,    0
 18713, 99728,20190326,   -7,    0
 18713, 99728,20190327,   18,    0
 18713, 99728,20190328,   32,    0
 18713, 99728,20190329,   12,    0
 18713, 99728,20190330,   10,    0
 18713, 99728,20190331,   -5,    0
 18713, 99728,20190401,    8,    0
 18713, 99728,20190402,    2,    0
 18713, 99728,20190403,   24,    0
 18713, 99728,20190404,  -10,    0
 18713, 99728,20190405,    4,    0
 18713, 99728,20190406,   10,    0
 18713, 99728,20190407,   -9,    0
 18713, 99728,20190408,   -4,    0
 18713, 99728,20190409,-9999,    9
 18713, 99728,20190410,-9999,    9
 18713, 99728,20190411,-9999,    9
 18713, 99728,20190412,   25,    0
 18713, 99728,20190413,   33,    0
 18713, 99728,20190414,   44,    0
 18713, 99728,20190415,   40,    0
 18713, 99728,20190416,   32,    0
 18713, 99728,20190417,   28,    0
 18713, 99728,20190418,   44,    0
 18713, 99728,20190419,   52,    0
 18713, 99728,20190420,   84,    0
 18713, 99728,20190421,   52,    0
 18713, 99728,20190422,   50,    0
 18713, 99728,20190423,   59,    0
 18713, 99728,20190424,   58,    0
 18713, 99728,20190425,   86,    0
 18713, 99728,20190426,   68,    0
 18713, 99728,20190427,   59,    0
 18713, 99728,20190428,   63,    0
 18713, 99728,20190429,   42,    0
 18713, 99728,20190430,   30,    0
 18713, 99728,20190501,    4,    0
 18713, 99728,20190502,   -2,    0
 18713, 99728,20190503,  -10,    0
 18713, 99728,20190504,  -15,    0
 18713, 99728,20190505,   10,    0
 18713, 99728,20190506,   11,    0
 18713, 99728,20190507,   61,    0
 18713, 99728,20190508,   36,    0
 18713, 99728,20190509,   45,    0
 18713, 99728,20190510,   92,    0
 18713, 99728,20190511,   85,    0
 18713, 99728,20190512,   62,    0
 18713, 99728,20190513,   43,    0
 18713, 99728,20190514,   39,    0
 18713, 99728,20190515,   47,    0
 18713, 99728,20190516,   54,    0
 18713, 99728,20190517,   65,    0
 18713, 99728,20190518,   69,    0
 18713, 99728,20190519,   91,    0
 18713, 99728,20190520,  111,    0
 18713, 99728,20190521,   89,    0
 18713, 99728,20190522,   49,    0
 18713, 99728,20190523,   58,    0
 18713, 99728,20190524,   56,    0
 18713, 99728,20190525,   43,    0
 18713, 99728,20190526,   51,    0
 18713, 99728,20190527,   76,    0
 18713, 99728,20190528,  115,    0
 18713, 99728,20190529,-9999,    9
 18713, 99728,20190530,-9999,    9
 18713, 99728,20190531,-9999,    9
 18713, 99728,20190601,   57,    0
 18713, 99728,20190602,   46,    0
 18713, 99728,20190603,   69,    0
 18713, 99728,20190604,  104,    0
 18713, 99728,20190605,   90,    0
 18713, 99728,20190606,   94,    0
 18713, 99728,20190607,  103,    0
 18713, 99728,20190608,   92,    0
 18713, 99728,20190609,   90,    0
 18713, 99728,20190610,   48,    0
 18713, 99728,20190611,   53,    0
 18713, 99728,20190612,   78,    0
 18713, 99728,20190613,   93,    0
 18713, 99728,20190614,   78,    0
 18713, 99728,20190615,   84,    0
 18713, 99728,20190616,   82,    0
 18713, 99728,20190617,   90,    0
 18713, 99728,20190618,   93,    0
 18713, 99728,20190619,   70,    0
 18713, 99728,20190620,  103,    0
 18713, 99728,20190621,  138,    0
 18713, 99728,20190622,  101,    0
 18713, 99728,20190623,   97,    0
 18713, 99728,20190624,  100,    0
 18713, 99728,20190625,   91,    0
 18713, 99728,20190626,   90,    0
 18713, 99728,20190627,   69,    0
 18713, 99728,20190628,   77,    0
 18713, 99728,20190629,   52,    0
 18713, 99728,20190630,   76,    0
 18713, 99728,20190701,  104,    0
 18713, 99728,20190702,   85,    0
 18713, 99728,20190703,   85,    0
 18713, 99728,20190704,   82,    0
 18713, 99728,20190705,  107,    0
 18713, 99728,20190706,   94,    0
 18713, 99728,20190707,  172,    0
 18713, 99728,20190708,  154,    0
 18713, 99728,20190709,  119,    0
 18713, 99728,20190710,  113,    0
 18713, 99728,20190711,  118,    0
 18713, 99728,20190712,  103,    0
 18713, 99728,20190713,  110,    0
 18713, 99728,20190714,   90,    0
 18713, 99728,20190715,   94,    0
 18713, 99728,20190716,  101,    0
 18713, 99728,20190717,  102,    0
 18713, 99728,20190718,  118,    0
 18713, 99728,20190719,  175,    0
 18713, 99728,20190720,  167,    0
 18713, 99728,20190721,  172,    0
 18713, 99728,20190722,  177,    0
 18713, 99728,20190723,  162,    0
 18713, 99728,20190724,  147,    0
 18713, 99728,20190725,  148,    0
 18713, 99728,20190726,  149,    0
 18713, 99728,20190727,  127,    0
 18713, 99728,20190728,  132,    0
 18713, 99728,20190729,  105,    0
 18713, 99728,20190730,  101,    0
 18713, 99728,20190731,  109,    0
 18713, 99728,20190801,  111,    0
 18713, 99728,20190802,  108,    0
 18713, 99728,20190803,  117,    0
 18713, 99728,20190804,  106,    0
 18713, 99728,20190805,   96,    0
 18713, 99728,20190806,  104,    0
 18713, 99728,20190807,  123,    0
 18713, 99728,20190808,  128,    0
 18713, 99728,20190809,  123,    0
 18713, 99728,20190810,  131,    0
 18713, 99728,20190811,  162,    0
 18713, 99728,20190812,  145,    0
 18713, 99728,20190813,  137,    0
 18713, 99728,20190814,  129,    0
 18713, 99728,20190815,  107,    0
 18713, 99728,20190816,   98,    0
 18713, 99728,20190817,  126,    0
 18713, 99728,20190818,  170,    0
 18713, 99728,20190819,  139,    0
 18713, 99728,20190820,  115,    0
 18713, 99728,20190821,  124,    0
 18713, 99728,20190822,-9999,    9
 18713, 99728,20190823,  109,    0
 18713, 99728,20190824,   82,    0
 18713, 99728,20190825,  108,    0
 18713, 99728,20190826,  114,    0
 18713, 99728,20190827,  132,    0
 18713, 99728,20190828,  136,    0
 18713, 99728,20190829,  205,    0
 18713, 99728,20190830,  136,    0
 18713, 99728,20190831,  133,    0
 18713, 99728,20190901,  167,    0
 18713, 99728,20190902,  120,    0
 18713, 99728,20190903,  117,    0
 18713, 99728,20190904,  116,    0
 18713, 99728,20190905,  107,    0
 18713, 99728,20190906,   88,    0
 18713, 99728,20190907,   78,    0
 18713, 99728,20190908,   86,    0
 18713, 99728,20190909,  127,    0
 18713, 99728,20190910,-9999,    9
 18713, 99728,20190911,  149,    0
 18713, 99728,20190912,  125,    0
 18713, 99728,20190913,   85,    0
 18713, 99728,20190914,   71,    0
 18713, 99728,20190915,   84,    0
 18713, 99728,20190916,   78,    0
 18713, 99728,20190917,   81,    0
 18713, 99728,20190918,   50,    0
 18713, 99728,20190919,   46,    0
 18713, 99728,20190920,   53,    0
 18713, 99728,20190921,   46,    0
 18713, 99728,20190922,   49,    0
 18713, 99728,20190923,   48,    0
 18713, 99728,20190924,   51,    0
 18713, 99728,20190925,   86,    0
 18713, 99728,20190926,   94,    0
 18713, 99728,20190927,   78,    0
 18713, 99728,20190928,   63,    0
 18713, 99728,20190929,   42,    0
 18713, 99728,20190930,   50,    0
 18713, 99728,20191001,   63,    0
 18713, 99728,20191002,   44,    0
 18713, 99728,20191003,   26,    0
 18713, 99728,20191004,   35,    0
 18713, 99728,20191005,   58,    0
 18713, 99728,20191006,   63,    0
 18713, 99728,20191007,   52,    0
 18713, 99728,20191008,   42,    0
 18713, 99728,20191009,   45,    0
 18713, 99728,20191010,   37,    0
 18713, 99728,20191011,   31,    0
 18713, 99728,20191012,   17,    0
 18713, 99728,20191013,   22,    0
 18713, 99728,20191014,   16,    0
 18713, 99728,20191015,   18,    0
 18713, 99728,20191016,   12,    0
 18713, 99728,20191017,    5,    0
 18713, 99728,20191018,   22,    0
 18713, 99728,20191019,   -7,    0
 18713, 99728,20191020,   16,    0
 18713, 99728,20191021,   12,    0
 18713, 99728,20191022,   13,    0
 18713, 99728,20191023,-9999,    9
 18713, 99728,20191024,-9999,    9
 18713, 99728,20191025,-9999,    9
 18713, 99728,20191026,-9999,    9
 18713, 99728,20191027,  -20,    0
 18713, 99728,20191028,   -2,    0
 18713, 99728,20191029,   -9,    0
 18713, 99728,20191030,  -13,    0
 18713, 99728,20191031,  -12,    0
 18713, 99728,20191101,   10,    0
 18713, 99728,20191102,    8,    0
 18713, 99728,20191103,    4,    0
 18713, 99728,20191104,    1,    0
 18713, 99728,20191105,   16,    0
 18713, 99728,20191106,   -3,    0
 18713, 99728,20191107,  -33,    0
 18713, 99728,20191108,  -37,    0
 18713, 99728,20191109,  -44,    0
 18713, 99728,20191110,  -25,    0
 18713, 99728,20191111,  -22,    0
 18713, 99728,20191112,  -18,    0
 18713, 99728,20191113,    4,    0
 18713, 99728,20191114,   13,    0
 18713, 99728,20191115,   38,    0
 18713, 99728,20191116,    5,    0
 18713, 99728,20191117,    5,    0
 18713, 99728,20191118,   -3,    0
 18713, 99728,20191119,   29,    0
 18713, 99728,20191120,   55,    0
 18713, 99728,20191121,   65,    0
 18713, 99728,20191122,   29,    0
 18713, 99728,20191123,   25,    0
 18713, 99728,20191124,   39,    0
 18713, 99728,20191125,   35,    0
 18713, 99728,20191126,    7,    0
 18713, 99728,20191127,  -11,    0
 18713, 99728,20191128,  -31,    0
 18713, 99728,20191129,  -21,    0
 18713, 99728,20191130,  -13,    0
 18713, 99728,20191201,   13,    0
 18713, 99728,20191202,    7,    0
 18713, 99728,20191203,    4,    0
 18713, 99728,20191204,   51,    0
 18713, 99728,20191205,   49,    0
 18713, 99728,20191206,   20,    0
 18713, 99728,20191207,-9999,    9
 18713, 99728,20191208,  -11,    0
 18713, 99728,20191209,  -26,    0
 18713, 99728,20191210,  -25,    0
 18713, 99728,20191211,  -11,    0
 18713, 99728,20191212,   28,    0
 18713, 99728,20191213,   22,    0
 18713, 99728,20191214,-9999,    9
 18713, 99728,20191215,   27,    0
 18713, 99728,20191216,   16,    0
 18713, 99728,20191217,   -8,    0
 18713, 99728,20191218,    3,    0
 18713, 99728,20191219,   -5,    0
 18713, 99728,20191220,   -8,    0
 18713, 99728,20191221,-9999,    9
 18713, 99728,20191222,-9999,    9
 18713, 99728,20191223,-9999,    9
 18713, 99728,20191224,   20,    0
 18713, 99728,20191225,   19,    0
 18713, 99728,20191226,    4,    0
 18713, 99728,20191227,   -8,    0
 18713, 99728,20191228,   27,    0
 18713, 99728,20191229,   42,    0
 18713, 99728,20191230,    2,    0
 18713, 99728,20191231,   -3,    0
 18713, 99728,20200101,   -5,    0
 18713, 99728,20200102,   38,    0
 18713, 99728,20200103,   22,    0
 18713, 99728,20200104,-9999,    9
 18713, 99728,20200105,-9999,    9
 18713, 99728,20200106,-9999,    9
 18713, 99728,20200107,   51,    0
 18713, 99728,20200108,   44,    0
 18713, 99728,20200109,   29,    0
 18713, 99728,20200110,   28,    0
 18713, 99728,20200111,   15,    0
 18713, 99728,20200112,-9999,    9
 18713, 99728,20200113,-9999,    9
 18713, 99728,20200114,-9999,    9
 18713, 99728,20200115,-9999,    9
 18713, 99728,20200116,   -8,    0
 18713, 99728,20200117,  -25,    0
 18713, 99728,20200118,  -24,    0
 18713, 99728,20200119,    1,    0
 18713, 99728,20200120,   31,    0
 18713, 99728,20200121,   12,    0
 18713, 99728,20200122,  -18,    0
 18713, 99728,20200123,   -6,    0
 18713, 99728,20200124,   10,    0
 18713, 99728,20200125,  -32,    0
 18713, 99728,20200126,  -55,    0
 18713, 99728,20200127,-9999,    9
 18713, 99728,20200128,-9999,    9
 18713, 99728,20200129,  -55,    0
 18713, 99728,20200130,  -25,    0
 18713, 99728,20200131,  -30,    0
 18713, 99728,20200201,  -26,    0
 18713, 99728,20200202,   -3,    0
 18713, 99728,20200203,  -19,    0
 18713, 99728,20200204,  -34,    0
 18713, 99728,20200205,  -44,    0
 18713, 99728,20200206,  -25,    0
 18713, 99728,20200207,   23,    0
 18713, 99728,20200208,   47,    0
 18713, 99728,20200209,   18,    0
 18713, 99728,20200210,   13,    0
 18713, 99728,20200211,   22,    0
 18713, 99728,20200212,   18,    0
 18713, 99728,20200213,    9,    0
 18713, 99728,20200214,    0,    0
 18713, 99728,20200215,  -31,    0
 18713, 99728,20200216,  -24,    0
 18713, 99728,20200217,   11,    0
 18713, 99728,20200218,   -7,    0
 18713, 99728,20200219,  -28,    0
 18713, 99728,20200220,  -12,    0
 18713, 99728,20200221,   24,    0
 18713, 99728,20200222,   42,    0
 18713, 99728,20200223,   19,    0
 18713, 99728,20200224,  -12,    0
 18713, 99728,20200225,  -23,    0
 18713, 99728,20200226,  -15,    0
 18713, 99728,20200227,   18,    0
 18713, 99728,20200228,  -13,    0
 18713, 99728,20200229,  -26,    0
 18713, 99728,20200301,  -37,    0
 18713, 99728,20200302,  -22,    0
 18713, 99728,20200303,  -22,    0
 18713, 99728,20200304,  -22,    0
 18713, 99728,20200305,  -29,    0
 18713, 99728,20200306,    3,    0
 18713, 99728,20200307,   26,    0
 18713, 99728,20200308,    9,    0
 18713, 99728,20200309,   30,    0
 18713, 99728,20200310,  -26,    0
 18713, 99728,20200311,  -35,    0
 18713, 99728,20200312,  -24,    0
 18713, 99728,20200313,  -61,    0
 18713, 99728,20200314,  -43,    0
 18713, 99728,20200315,  -18,    0
 18713, 99728,20200316,  -15,    0
 18713, 99728,20200317,   -2,    0
 18713, 99728,20200318,   -3,    0
 18713, 99728,20200319,  -49,    0
 18713, 99728,20200320,-9999,    9
 18713, 99728,20200321,-9999,    9
 18713, 99728,20200322,-9999,    9
 18713, 99728,20200323,-9999,    9
 18713, 99728,20200324,-9999,    9
 18713, 99728,20200325,-9999,    9
 18713, 99728,20200326,-9999,    9
 18713, 99728,20200327,   20,    0
 18713, 99728,20200328,  -33,    0
 18713, 99728,20200329,  -34,    0
 18713, 99728,20200330,  -20,    0
 18713, 99728,20200331,  -18,    0
 18713, 99728,20200401,  -27,    0
 18713, 99728,20200402,  -38,    0
 18713, 99728,20200403,  -30,    0
 18713, 99728,20200404,  -27,    0
 18713, 99728,20200405,  -44,    0
 18713, 99728,20200406,   -7,    0
 18713, 99728,20200407,   38,    0
 18713, 99728,20200408,   24,    0
 18713, 99728,20200409,  -19,    0
 18713, 99728,20200410,  -15,    0
 18713, 99728,20200411,-9999,    9
 18713, 99728,20200412,-9999,    9
 18713, 99728,20200413,-9999,    9
 18713, 99728,20200414,-9999,    9
 18713, 99728,20200415,-9999,    9
 18713, 99728,20200416,-9999,    9
 18713, 99728,20200417,   25,    0
 18713, 99728,20200418,   27,    0
 18713, 99728,20200419,   42,    0
 18713, 99728,20200420,   47,    0
 18713, 99728,20200421,   38,    0
 18713, 99728,20200422,   39,    0
 18713, 99728,20200423,   19,    0
 18713, 99728,20200424,   10,    0
 18713, 99728,20200425,    7,    0
 18713, 99728,20200426,    6,    0
 18713, 99728,20200427,    2,    0
 18713, 99728,20200428,    3,    0
 18713, 99728,20200429,    1,    0
 18713, 99728,20200430,   11,    0
 18713, 99728,20200501,   26,    0
 18713, 99728,20200502,   37,    0
 18713, 99728,20200503,   44,    0
 18713, 99728,20200504,   36,    0
 18713, 99728,20200505,   44,    0
 18713, 99728,20200506,   39,    0
 18713, 99728,20200507,   25,    0
 18713, 99728,20200508,   10,    0
 18713, 99728,20200509,   15,    0
 18713, 99728,20200510,   26,    0
 18713, 99728,20200511,   10,    0
 18713, 99728,20200512,    0,    0
 18713, 99728,20200513,   26,    0
 18713, 99728,20200514,   15,    0
 18713, 99728,20200515,   25,    0
 18713, 99728,20200516,   52,    0
 18713, 99728,20200517,   28,    0
 18713, 99728,20200518,   44,    0
 18713, 99728,20200519,   37,    0
 18713, 99728,20200520,   43,    0
 18713, 99728,20200521,   53,    0
 18713, 99728,20200522,   73,    0
 18713, 99728,20200523,  115,    0
 18713, 99728,20200524,  106,    0
 18713, 99728,20200525,  108,    0
 18713, 99728,20200526,-9999,    9
 18713, 99728,20200527,-9999,    9
 18713, 99728,20200528,-9999,    9
 18713, 99728,20200529,   52,    0
 18713, 99728,20200530,   57,    0
 18713, 99728,20200531,   91,    0
 18713, 99728,20200601,  113,    0
 18713, 99728,20200602,   77,    0
 18713, 99728,20200603,   66,    0
 18713, 99728,20200604,   88,    0
 18713, 99728,20200605,  117,    0
 18713, 99728,20200606,  109,    0
 18713, 99728,20200607,  117,    0
 18713, 99728,20200608,   78,    0
 18713, 99728,20200609,   63,    0
 18713, 99728,20200610,   73,    0
 18713, 99728,20200611,   77,    0
 18713, 99728,20200612,   94,    0
 18713, 99728,20200613,  148,    0
 18713, 99728,20200614,  111,    0
 18713, 99728,20200615,   77,    0
 18713, 99728,20200616,   76,    0
 18713, 99728,20200617,  120,    0
 18713, 99728,20200618,   98,    0
 18713, 99728,20200619,   78,    0
 18713, 99728,20200620,  120,    0
 18713, 99728,20200621,  150,    0
 18713, 99728,20200622,  131,    0
 18713, 99728,20200623,  150,    0
 18713, 99728,20200624,  119,    0
 18713, 99728,20200625,  119,    0
 18713, 99728,20200626,   92,    0
 18713, 99728,20200627,   90,    0
 18713, 99728,20200628,  106,    0
 18713, 99728,20200629,  107,    0
 18713, 99728,20200630,   68,    0
 18713, 99728,20200701,   70,    0
 18713, 99728,20200702,   67,    0
 18713, 99728,20200703,   93,    0
 18713, 99728,20200704,   81,    0
 18713, 99728,20200705,   87,    0
 18713, 99728,20200706,   79,    0
 18713, 99728,20200707,   93,    0
 18713, 99728,20200708,  113,    0
 18713, 99728,20200709,  126,    0
 18713, 99728,20200710,  102,    0
 18713, 99728,20200711,  128,    0
 18713, 99728,20200712,  130,    0
 18713, 99728,20200713,  138,    0
 18713, 99728,20200714,  152,    0
 18713, 99728,20200715,-9999,    9
 18713, 99728,20200716,  159,    0
 18713, 99728,20200717,  165,    0
 18713, 99728,20200718,  143,    0
 18713, 99728,20200719,  146,    0
 18713, 99728,20200720,  141,    0
 18713, 99728,20200721,  122,    0
 18713, 99728,20200722,  102,    0
 18713, 99728,20200723,   98,    0
 18713, 99728,20200724,  153,    0
 18713, 99728,20200725,  172,    0
 18713, 99728,20200726,  175,    0
 18713, 99728,20200727,  186,    0
 18713, 99728,20200728,  199,    0
 18713, 99728,20200729,  204,    0
 18713, 99728,20200730,  206,    0
 18713, 99728,20200731,  181,    0
 18713, 99728,20200801,  137,    0
 18713, 99728,20200802,  149,    0
 18713, 99728,20200803,  159,    0
 18713, 99728,20200804,  153,    0
 18713, 99728,20200805,  127,    0
 18713, 99728,20200806,  156,    0
 18713, 99728,20200807,  127,    0
 18713, 99728,20200808,  178,    0
 18713, 99728,20200809,  128,    0
 18713, 99728,20200810,  114,    0
 18713, 99728,20200811,  131,    0
 18713, 99728,20200812,-9999,    9
 18713, 99728,20200813,  127,    0
 18713, 99728,20200814,  122,    0
 18713, 99728,20200815,  113,    0
 18713, 99728,20200816,   89,    0
 18713, 99728,20200817,   85,    0
 18713, 99728,20200818,   96,    0
 18713, 99728,20200819,  120,    0
 18713, 99728,20200820,  102,    0
 18713, 99728,20200821,  127,    0
 18713, 99728,20200822,  167,    0
 18713, 99728,20200823,  141,    0
 18713, 99728,20200824,  103,    0
 18713, 99728,20200825,   96,    0
 18713, 99728,20200826,   75,    0
 18713, 99728,20200827,   78,    0
 18713, 99728,20200828,   80,    0
 18713, 99728,20200829,   88,    0
 18713, 99728,20200830,   76,    0
 18713, 99728,20200831,   82,    0
 18713, 99728,20200901,   97,    0
 18713, 99728,20200902,  123,    0
 18713, 99728,20200903,  133,    0
 18713, 99728,20200904,  129,    0
 18713, 99728,20200905,  116,    0
 18713, 99728,20200906,  102,    0
 18713, 99728,20200907,  103,    0
 18713, 99728,20200908,  108,    0
 18713, 99728,20200909,   95,    0
 18713, 99728,20200910,   87,    0
 18713, 99728,20200911,   84,    0
 18713, 99728,20200912,   93,    0
 18713, 99728,20200913,   88,    0
 18713, 99728,20200914,   82,    0
 18713, 99728,20200915,-9999,    9
 18713, 99728,20200916,   64,    0
 18713, 99728,20200917,   69,    0
 18713, 99728,20200918,   78,    0
 18713, 99728,20200919,   63,    0
 18713, 99728,20200920,   68,    0
 18713, 99728,20200921,   71,    0
 18713, 99728,20200922,   66,    0
 18713, 99728,20200923,   72,    0
 18713, 99728,20200924,   64,    0
 18713, 99728,20200925,   74,    0
 18713, 99728,20200926,   47,    0
 18713, 99728,20200927,   52,    0
 18713, 99728,20200928,   89,    0
 18713, 99728,20200929,  110,    0
 18713, 99728,20200930,  101,    0
 18713, 99728,20201001,   98,    0
 18713, 99728,20201002,  108,    0
 18713, 99728,20201003,  108,    0
 18713, 99728,20201004,   90,    0
 18713, 99728,20201005,   82,    0
 18713, 99728,20201006,   91,    0
 18713, 99728,20201007,  102,    0
 18713, 99728,20201008,  120,    0
 18713, 99728,20201009,  110,    0
 18713, 99728,20201010,   88,    0
 18713, 99728,20201011,   67,    0
 18713, 99728,20201012,   45,    0
 18713, 99728,20201013,   34,    0
 18713, 99728,20201014,   48,    0
 18713, 99728,20201015,   42,    0
 18713, 99728,20201016,   38,    0
 18713, 99728,20201017,-9999,    9
 18713, 99728,20201018,   12,    0
 18713, 99728,20201019,   -8,    0
 18713, 99728,20201020,   -2,    0
 18713, 99728,20201021,   -7,    0
 18713, 99728,20201022,   -9,    0
 18713, 99728,20201023,   15,    0
 18713, 99728,20201024,   33,    0
 18713, 99728,20201025,   20,    0
 18713, 99728,20201026,   46,    0
 18713, 99728,20201027,-9999,    9
 18713, 99728,20201028,   18,    0
 18713, 99728,20201029,-9999,    9
 18713, 99728,20201030,   13,    0
 18713, 99728,20201031,   26,    0
 18713, 99728,20201101,   46,    0
 18713, 99728,20201102,   74,    0
 18713, 99728,20201103,   66,    0
 18713, 99728,20201104,   67,    0
 18713, 99728,20201105,   44,    0
 18713, 99728,20201106,   55,    0
 18713, 99728,20201107,   31,    0
 18713, 99728,20201108,   22,    0
 18713, 99728,20201109,   30,    0
 18713, 99728,20201110,   20,    0
 18713, 99728,20201111,   33,    0
 18713, 99728,20201112,   58,    0
 18713, 99728,20201113,   52,    0
 18713, 99728,20201114,   49,    0
 18713, 99728,20201115,   64,    0
 18713, 99728,20201116,   62,    0
 18713, 99728,20201117,   78,    0
 18713, 99728,20201118,   49,    0
 18713, 99728,20201119,    2,    0
 18713, 99728,20201120,    2,    0
 18713, 99728,20201121,    5,    0
 18713, 99728,20201122,    2,    0
 18713, 99728,20201123,   15,    0
 18713, 99728,20201124,    8,    0
 18713, 99728,20201125,   -4,    0
 18713, 99728,20201126,   -5,    0
 18713, 99728,20201127,   43,    0
 18713, 99728,20201128,   56,    0
 18713, 99728,20201129,   59,    0
 18713, 99728,20201130,   36,    0
 18713, 99728,20201201,    7,    0
 18713, 99728,20201202,   33,    0
 18713, 99728,20201203,   29,    0
 18713, 99728,20201204,   24,    0
 18713, 99728,20201205,   14,    0
 18713, 99728,20201206,   -4,    0
 18713, 99728,20201207,-9999,    9
 18713, 99728,20201208,-9999,    9
 18713, 99728,20201209,   38,    0
 18713, 99728,20201210,   32,    0
 18713, 99728,20201211,    2,    0
 18713, 99728,20201212,   12,    0
 18713, 99728,20201213,    7,    0
 18713, 99728,20201214,-9999,    9
 18713, 99728,20201215,    2,    0
 18713, 99728,20201216,   -8,    0
 18713, 99728,20201217,  -38,    0
 18713, 99728,20201218,  -42,    0
 18713, 99728,20201219,  -19,    0
 18713, 99728,20201220,   14,    0
 18713, 99728,20201221,   43,    0
 18713, 99728,20201222,-9999,    9
 18713, 99728,20201223,   16,    0
 18713, 99728,20201224,   15,    0
 18713, 99728,20201225,  -21,    0
 18713, 99728,20201226,  -72,    0
 18713, 99728,20201227,-9999,    9
 18713, 99728,20201228,    6,    0
 18713, 99728,20201229,   19,    0
 18713, 99728,20201230,   13,    0
 18713, 99728,20201231,    5,    0
 18713, 99728,20210101,  -11,    0
 18713, 99728,20210102,  -10,    0
 18713, 99728,20210103,   28,    0
 18713, 99728,20210104,   50,    0
 18713, 99728,20210105,   43,    0
 18713, 99728,20210106,   40,    0
 18713, 99728,20210107,   -5,    0
 18713, 99728,20210108,  -30,    0
 18713, 99728,20210109,  -50,    0
 18713, 99728,20210110,  -33,    0
 18713, 99728,20210111,  -53,    0
 18713, 99728,20210112,  -55,    0
 18713, 99728,20210113,  -43,    0
 18713, 99728,20210114,    4,    0
 18713, 99728,20210115,   22,    0
 18713, 99728,20210116,   23,    0
 18713, 99728,20210117,   22,    0
 18713, 99728,20210118,    6,    0
 18713, 99728,20210119,  -19,    0
 18713, 99728,20210120,  -54,    0
 18713, 99728,20210121,  -78,    0
 18713, 99728,20210122,  -90,    0
 18713, 99728,20210123,  -94,    0
 18713, 99728,20210124,  -90,    0
 18713, 99728,20210125,  -88,    0
 18713, 99728,20210126,  -55,    0
 18713, 99728,20210127,  -45,    0
 18713, 99728,20210128,  -57,    0
 18713, 99728,20210129,  -82,    0
 18713, 99728,20210130,  -54,    0
 18713, 99728,20210131,  -31,    0
 18713, 99728,20210201,  -24,    0
 18713, 99728,20210202,  -45,    0
 18713, 99728,20210203,  -43,    0
 18713, 99728,20210204,   -6,    0
 18713, 99728,20210205,  -11,    0
 18713, 99728,20210206,  -22,    0
 18713, 99728,20210207,  -27,    0
 18713, 99728,20210208,  -42,    0
 18713, 99728,20210209,  -56,    0
 18713, 99728,20210210,  -36,    0
 18713, 99728,20210211,  -15,    0
 18713, 99728,20210212,  -10,    0
 18713, 99728,20210213,  -38,    0
 18713, 99728,20210214,  -18,    0
 18713, 99728,20210215,-9999,    9
 18713, 99728,20210216,-9999,    9
 18713, 99728,20210217,-9999,    9
 18713, 99728,20210218,-9999,    9
 18713, 99728,20210219,   29,    0
 18713, 99728,20210220,-9999,    9
 18713, 99728,20210221,   10,    0
 18713, 99728,20210222,   27,    0
 18713, 99728,20210223,-9999,    9
 18713, 99728,20210224,   35,    0
 18713, 99728,20210225,-9999,    9
 18713, 99728,20210226,  240,    0
 18713, 99728,20210227,  160,    0
 18713, 99728,20210228,-9999,    9
 18713, 99728,20210301,-9999,    9
 18713, 99728,20210302,-9999,    9
 18713, 99728,20210303,  112,    0
 18713, 99728,20210304,   67,    0
 18713, 99728,20210305,-9999,    9
 18713, 99728,20210306,   87,    0
 18713, 99728,20210307,   62,    0
 18713, 99728,20210308,   73,    0
 18713, 99728,20210309,   97,    0
 18713, 99728,20210310,-9999,    9
 18713, 99728,20210311,-9999,    9
 18713, 99728,20210312,-9999,    9
 18713, 99728,20210313,-9999,    9
 18713, 99728,20210314,  189,    0
 18713, 99728,20210315,  377,    0
 18713, 99728,20210316,  403,    0
 18713, 99728,20210317,-9999,    9
 18713, 99728,20210318,-9999,    9
 18713, 99728,20210319,  225,    0
 18713, 99728,20210320,-9999,    9
 18713, 99728,20210321,-9999,    9
 18713, 99728,20210322,-9999,    9
 18713, 99728,20210323,-9999,    9
 18713, 99728,20210324,  113,    0
 18713, 99728,20210325,   86,    0
 18713, 99728,20210326,-9999,    9
 18713, 99728,20210327,-9999,    9
 18713, 99728,20210328,-9999,    9
 18713, 99728,20210329,-9999,    9
 18713, 99728,20210330,-9999,    9
 18713, 99728,20210331,-9999,    9
 18713, 99728,20210401,-9999,    9
 18713, 99728,20210402,-9999,    9
 18713, 99728,20210403,-9999,    9
 18713, 99728,20210404,-9999,    9
 18713, 99728,20210405,-9999,    9
 18713, 99728,20210406,-9999,    9
 18713, 99728,20210407,-9999,    9
 18713, 99728,20210408,-9999,    9
 18713, 99728,20210409,-9999,    9
 18713, 99728,20210410,-9999,    9
 18713, 99728,20210411,-9999,    9
 18713, 99728,20210412,-9999,    9
 18713, 99728,20210413,-9999,    9
 18713, 99728,20210414,-9999,    9
 18713, 99728,20210415,-9999,    9
 18713, 99728,20210416,-9999,    9
 18713, 99728,20210417,-9999,    9
 18713, 99728,20210418,-9999,    9
 18713, 99728,20210419,-9999,    9
 18713, 99728,20210420,-9999,    9
 18713, 99728,20210421,-9999,    9
 18713, 99728,20210422,-9999,    9
 18713, 99728,20210423,-9999,    9
 18713, 99728,20210424,-9999,    9
 18713, 99728,20210425,-9999,    9
 18713, 99728,20210426,-9999,    9
 18713, 99728,20210427,-9999,    9
 18713, 99728,20210428,-9999,    9
 18713, 99728,20210429,-9999,    9
 18713, 99728,20210430,-9999,    9
 18713, 99728,20210501,-9999,    9
 18713, 99728,20210502,-9999,    9
 18713, 99728,20210503,-9999,    9
 18713, 99728,20210504,-9999,    9
 18713, 99728,20210505,-9999,    9
 18713, 99728,20210506,-9999,    9
 18713, 99728,20210507,-9999,    9
 18713, 99728,20210508,-9999,    9
 18713, 99728,20210509,-9999,    9
 18713, 99728,20210510,-9999,    9
 18713, 99728,20210511,-9999,    9
 18713, 99728,20210512,-9999,    9
 18713, 99728,20210513,-9999,    9
 18713, 99728,20210514,-9999,    9
 18713, 99728,20210515,-9999,    9
 18713, 99728,20210516,-9999,    9
 18713, 99728,20210517,-9999,    9
 18713, 99728,20210518,-9999,    9
 18713, 99728,20210519,-9999,    9
 18713, 99728,20210520,-9999,    9
 18713, 99728,20210521,-9999,    9
 18713, 99728,20210522,-9999,    9
 18713, 99728,20210523,-9999,    9
 18713, 99728,20210524,-9999,    9
 18713, 99728,20210525,-9999,    9
 18713, 99728,20210526,-9999,    9
 18713, 99728,20210527,-9999,    9
 18713, 99728,20210528,-9999,    9
 18713, 99728,20210529,-9999,    9
 18713, 99728,20210530,-9999,    9
 18713, 99728,20210531,-9999,    9
 18713, 99728,20210601,-9999,    9
 18713, 99728,20210602,-9999,    9
 18713, 99728,20210603,-9999,    9
 18713, 99728,20210604,-9999,    9
 18713, 99728,20210605,-9999,    9
 18713, 99728,20210606,-9999,    9
 18713, 99728,20210607,-9999,    9
 18713, 99728,20210608,-9999,    9
 18713, 99728,20210609,-9999,    9
 18713, 99728,20210610,-9999,    9
 18713, 99728,20210611,-9999,    9
 18713, 99728,20210612,-9999,    9
 18713, 99728,20210613,-9999,    9
 18713, 99728,20210614,-9999,    9
 18713, 99728,20210615,-9999,    9
 18713, 99728,20210616,-9999,    9
 18713, 99728,20210617,-9999,    9
 18713, 99728,20210618,-9999,    9
 18713, 99728,20210619,-9999,    9
 18713, 99728,20210620,-9999,    9
 18713, 99728,20210621,-9999,    9
 18713, 99728,20210622,-9999,    9
 18713, 99728,20210623,-9999,    9
 18713, 99728,20210624,-9999,    9
 18713, 99728,20210625,-9999,    9
 18713, 99728,20210626,-9999,    9
 18713, 99728,20210627,-9999,    9
 18713, 99728,20210628,-9999,    9
 18713, 99728,20210629,-9999,    9
 18713, 99728,20210630,-9999,    9
 18713, 99728,20210701,-9999,    9
 18713, 99728,20210702,-9999,    9
 18713, 99728,20210703,-9999,    9
 18713, 99728,20210704,-9999,    9
 18713, 99728,20210705,-9999,    9
 18713, 99728,20210706,-9999,    9
 18713, 99728,20210707,-9999,    9
 18713, 99728,20210708,-9999,    9
 18713, 99728,20210709,-9999,    9
 18713, 99728,20210710,-9999,    9
 18713, 99728,20210711,-9999,    9
 18713, 99728,20210712,-9999,    9
 18713, 99728,20210713,-9999,    9
 18713, 99728,20210714,-9999,    9
 18713, 99728,20210715,-9999,    9
 18713, 99728,20210716,-9999,    9
 18713, 99728,20210717,-9999,    9
 18713, 99728,20210718,-9999,    9
 18713, 99728,20210719,-9999,    9
 18713, 99728,20210720,-9999,    9
 18713, 99728,20210721,-9999,    9
 18713, 99728,20210722,-9999,    9
 18713, 99728,20210723,-9999,    9
 18713, 99728,20210724,-9999,    9
 18713, 99728,20210725,-9999,    9
 18713, 99728,20210726,-9999,    9
 18713, 99728,20210727,-9999,    9
 18713, 99728,20210728,-9999,    9
 18713, 99728,20210729,-9999,    9
 18713, 99728,20210730,  122,    0
 18713, 99728,20210731,   85,    0
 18713, 99728,20210801,   91,    0
 18713, 99728,20210802,   88,    0
 18713, 99728,20210803,-9999,    9
 18713, 99728,20210804,-9999,    9
 18713, 99728,20210805,-9999,    9
 18713, 99728,20210806,-9999,    9
 18713, 99728,20210807,-9999,    9
 18713, 99728,20210808,-9999,    9
 18713, 99728,20210809,-9999,    9
 18713, 99728,20210810,-9999,    9
 18713, 99728,20210811,-9999,    9
 18713, 99728,20210812,-9999,    9
 18713, 99728,20210813,-9999,    9
 18713, 99728,20210814,-9999,    9
 18713, 99728,20210815,-9999,    9
 18713, 99728,20210816,-9999,    9
 18713, 99728,20210817,-9999,    9
 18713, 99728,20210818,-9999,    9
 18713, 99728,20210819,-9999,    9
 18713, 99728,20210820,-9999,    9
 18713, 99728,20210821,-9999,    9
 18713, 99728,20210822,-9999,    9
 18713, 99728,20210823,-9999,    9
 18713, 99728,20210824,-9999,    9
 18713, 99728,20210825,-9999,    9
 18713, 99728,20210826,-9999,    9
 18713, 99728,20210827,-9999,    9
 18713, 99728,20210828,-9999,    9
 18713, 99728,20210829,-9999,    9
 18713, 99728,20210830,-9999,    9
 18713, 99728,20210831,-9999,    9
 18713, 99728,20210901,-9999,    9
 18713, 99728,20210902,-9999,    9
 18713, 99728,20210903,-9999,    9
 18713, 99728,20210904,-9999,    9
 18713, 99728,20210905,-9999,    9
 18713, 99728,20210906,-9999,    9
 18713, 99728,20210907,-9999,    9
 18713, 99728,20210908,-9999,    9
 18713, 99728,20210909,-9999,    9
 18713, 99728,20210910,-9999,    9
 18713, 99728,20210911,-9999,    9
 18713, 99728,20210912,-9999,    9
 18713, 99728,20210913,-9999,    9
 18713, 99728,20210914,-9999,    9
 18713, 99728,20210915,-9999,    9
 18713, 99728,20210916,-9999,    9
 18713, 99728,20210917,-9999,    9
 18713, 99728,20210918,-9999,    9
 18713, 99728,20210919,-9999,    9
 18713, 99728,20210920,-9999,    9
 18713, 99728,20210921,-9999,    9
 18713, 99728,20210922,-9999,    9
 18713, 99728,20210923,-9999,    9
 18713, 99728,20210924,-9999,    9
 18713, 99728,20210925,-9999,    9
 18713, 99728,20210926,-9999,    9
 18713, 99728,20210927,-9999,    9
 18713, 99728,20210928,-9999,    9
 18713, 99728,20210929,-9999,    9
 18713, 99728,20210930,-9999,    9
 18713, 99728,20211001,-9999,    9
 18713, 99728,20211002,-9999,    9
 18713, 99728,20211003,-9999,    9
 18713, 99728,20211004,-9999,    9
 18713, 99728,20211005,-9999,    9
 18713, 99728,20211006,-9999,    9
 18713, 99728,20211007,-9999,    9
 18713, 99728,20211008,-9999,    9
 18713, 99728,20211009,-9999,    9
 18713, 99728,20211010,-9999,    9
 18713, 99728,20211011,-9999,    9
 18713, 99728,20211012,-9999,    9
 18713, 99728,20211013,-9999,    9
 18713, 99728,20211014,-9999,    9
 18713, 99728,20211015,-9999,    9
 18713, 99728,20211016,-9999,    9
 18713, 99728,20211017,-9999,    9
 18713, 99728,20211018,-9999,    9
 18713, 99728,20211019,-9999,    9
 18713, 99728,20211020,-9999,    9
 18713, 99728,20211021,-9999,    9
 18713, 99728,20211022,-9999,    9
 18713, 99728,20211023,-9999,    9
 18713, 99728,20211024,-9999,    9
 18713, 99728,20211025,-9999,    9
 18713, 99728,20211026,-9999,    9
 18713, 99728,20211027,-9999,    9
 18713, 99728,20211028,-9999,    9
 18713, 99728,20211029,-9999,    9
 18713, 99728,20211030,-9999,    9
 18713, 99728,20211031,-9999,    9
 18713, 99728,20211101,-9999,    9
 18713, 99728,20211102,-9999,    9
 18713, 99728,20211103,-9999,    9
 18713, 99728,20211104,-9999,    9
 18713, 99728,20211105,-9999,    9
 18713, 99728,20211106,-9999,    9
 18713, 99728,20211107,-9999,    9
 18713, 99728,20211108,-9999,    9
 18713, 99728,20211109,-9999,    9
 18713, 99728,20211110,-9999,    9
 18713, 99728,20211111,-9999,    9
 18713, 99728,20211112,-9999,    9
 18713, 99728,20211113,-9999,    9
 18713, 99728,20211114,-9999,    9
 18713, 99728,20211115,-9999,    9
 18713, 99728,20211116,-9999,    9
 18713, 99728,20211117,-9999,    9
 18713, 99728,20211118,-9999,    9
 18713, 99728,20211119,-9999,    9
 18713, 99728,20211120,-9999,    9
 18713, 99728,20211121,-9999,    9
 18713, 99728,20211122,-9999,    9
 18713, 99728,20211123,-9999,    9
 18713, 99728,20211124,-9999,    9
 18713, 99728,20211125,-9999,    9
 18713, 99728,20211126,-9999,    9
 18713, 99728,20211127,-9999,    9
 18713, 99728,20211128,-9999,    9
 18713, 99728,20211129,-9999,    9
 18713, 99728,20211130,  -90,    0
 18713, 99728,20211201,  -33,    0
 18713, 99728,20211202,  -29,    0
 18713, 99728,20211203,  -60,    0
 18713, 99728,20211204,  -56,    0
 18713, 99728,20211205,  -53,    0
 18713, 99728,20211206,  -75,    0
 18713, 99728,20211207,  -71,    0
 18713, 99728,20211208,  -65,    0
 18713, 99728,20211209,  -82,    0
 18713, 99728,20211210,  -28,    0
 18713, 99728,20211211,  -30,    0
 18713, 99728,20211212,    2,    0
 18713, 99728,20211213,-9999,    9
 18713, 99728,20211214,-9999,    9
 18713, 99728,20211215,    0,    0
 18713, 99728,20211216,-9999,    9
 18713, 99728,20211217,-9999,    9
 18713, 99728,20211218,-9999,    9
 18713, 99728,20211219,  -10,    0
 18713, 99728,20211220,  -31,    0
 18713, 99728,20211221,  -76,    0
 18713, 99728,20211222,  -42,    0
 18713, 99728,20211223,-9999,    9
 18713, 99728,20211224,  -26,    0
 18713, 99728,20211225,-9999,    9
 18713, 99728,20211226,  -49,    0
 18713, 99728,20211227,  -28,    0
 18713, 99728,20211228,  -68,    0
 18713, 99728,20211229,-9999,    9
 18713, 99728,20211230,  -66,    0
 18713, 99728,20211231,  -47,    0
 18713, 99728,20220101,-9999,    9
 18713, 99728,20220102,-9999,    9
 18713, 99728,20220103,-9999,    9
 18713, 99728,20220104,  -65,    0
 18713, 99728,20220105,-9999,    9
 18713, 99728,20220106,  -48,    0
 18713, 99728,20220107,  -34,    0
 18713, 99728,20220108,  -28,    0
 18713, 99728,20220109,  -77,    0
 18713, 99728,20220110,  -72,    0
 18713, 99728,20220111,-9999,    9
 18713, 99728,20220112,   14,    0
 18713, 99728,20220113,   15,    0
 18713, 99728,20220114,-9999,    9
 18713, 99728,20220115,  -17,    0
 18713, 99728,20220116,  -26,    0
 18713, 99728,20220117,-9999,    9
 18713, 99728,20220118,    5,    0
 18713, 99728,20220119,-9999,    9
 18713, 99728,20220120,-9999,    9
 18713, 99728,20220121,  -22,    0
 18713, 99728,20220122,-9999,    9
 18713, 99728,20220123,   35,    0
 18713, 99728,20220124,    1,    0
 18713, 99728,20220125,  -17,    0
 18713, 99728,20220126,  -28,    0
 18713, 99728,20220127,  -32,    0
 18713, 99728,20220128,-9999,    9
 18713, 99728,20220129,-9999,    9
 18713, 99728,20220130,-9999,    9
 18713, 99728,20220131,-9999,    9
 18713, 99728,20220201,  -37,    0
 18713, 99728,20220202,  -92,    0
 18713, 99728,20220203,  -71,    0
 18713, 99728,20220204,  -81,    0
 18713, 99728,20220205,-9999,    9
 18713, 99728,20220206,-9999,    9
 18713, 99728,20220207,  -22,    0
 18713, 99728,20220208,  -16,    0
 18713, 99728,20220209,  -30,    0
 18713, 99728,20220210,-9999,    9
 18713, 99728,20220211,  -15,    0
 18713, 99728,20220212,  -35,    0
 18713, 99728,20220213,-9999,    9
 18713, 99728,20220214,-9999,    9
 18713, 99728,20220215,-9999,    9
 18713, 99728,20220216,  -62,    0
 18713, 99728,20220217,  -45,    0
 18713, 99728,20220218,  -21,    0
 18713, 99728,20220219,  -42,    0
 18713, 99728,20220220,  -84,    0
 18713, 99728,20220221,  -72,    0
 18713, 99728,20220222,-9999,    9
 18713, 99728,20220223,  -84,    0
 18713, 99728,20220224,-9999,    9
 18713, 99728,20220225,  -32,    0
 18713, 99728,20220226,-9999,    9
 18713, 99728,20220227,-9999,    9
 18713, 99728,20220228,   22,    0
 18713, 99728,20220301,   28,    0
 18713, 99728,20220302,-9999,    9
 18713, 99728,20220303,-9999,    9
 18713, 99728,20220304,  -13,    0
 18713, 99728,20220305,   12,    0
 18713, 99728,20220306,   -8,    0
 18713, 99728,20220307,   -8,    0
 18713, 99728,20220308,-9999,    9
 18713, 99728,20220309,-9999,    9
 18713, 99728,20220310,-9999,    9
 18713, 99728,20220311,-9999,    9
 18713, 99728,20220312,-9999,    9
 18713, 99728,20220313,   23,    0
 18713, 99728,20220314,-9999,    9
 18713, 99728,20220315,   31,    0
 18713, 99728,20220316,   19,    0
 18713, 99728,20220317,-9999,    9
 18713, 99728,20220318,-9999,    9
 18713, 99728,20220319,   33,    0
 18713, 99728,20220320,   42,    0
 18713, 99728,20220321,-9999,    9
 18713, 99728,20220322,   21,    0
 18713, 99728,20220323,    0,    0
 18713, 99728,20220324,-9999,    9
 18713, 99728,20220325,  -23,    0
 18713, 99728,20220326,  -37,    0
 18713, 99728,20220327,  -48,    0
 18713, 99728,20220328,  -45,    0
 18713, 99728,20220329,  -14,    0
 18713, 99728,20220330,  -18,    0
 18713, 99728,20220331,-9999,    9
 18713, 99728,20220401,   -9,    0
 18713, 99728,20220402,-9999,    9
 18713, 99728,20220403,  -33,    0
 18713, 99728,20220404,-9999,    9
 18713, 99728,20220405,-9999,    9
 18713, 99728,20220406,-9999,    9
 18713, 99728,20220407,-9999,    9
 18713, 99728,20220408,-9999,    9
 18713, 99728,20220409,   20,    0
 18713, 99728,20220410,   22,    0
 18713, 99728,20220411,   22,    0
 18713, 99728,20220412,   -1,    0
 18713, 99728,20220413,    7,    0
 18713, 99728,20220414,   20,    0
 18713, 99728,20220415,   18,    0
 18713, 99728,20220416,   32,    0
 18713, 99728,20220417,-9999,    9
 18713, 99728,20220418,-9999,    9
 18713, 99728,20220419,   48,    0
 18713, 99728,20220420,-9999,    9
 18713, 99728,20220421,   45,    0
 18713, 99728,20220422,   36,    0
 18713, 99728,20220423,   34,    0
 18713, 99728,20220424,   35,    0
 18713, 99728,20220425,   14,    0
 18713, 99728,20220426,-9999,    9
 18713, 99728,20220427,  -23,    0
 18713, 99728,20220428,-9999,    9
 18713, 99728,20220429,-9999,    9
 18713, 99728,20220430,-9999,    9
 18713, 99728,20220501,-9999,    9
 18713, 99728,20220502,-9999,    9
 18713, 99728,20220503,-9999,    9
 18713, 99728,20220504,-9999,    9
 18713, 99728,20220505,-9999,    9
 18713, 99728,20220506,-9999,    9
 18713, 99728,20220507,-9999,    9
 18713, 99728,20220508,-9999,    9
 18713, 99728,20220509,-9999,    9
 18713, 99728,20220510,-9999,    9
 18713, 99728,20220511,-9999,    9
 18713, 99728,20220512,-9999,    9
 18713, 99728,20220513,-9999,    9
 18713, 99728,20220514,-9999,    9
 18713, 99728,20220515,-9999,    9
 18713, 99728,20220516,-9999,    9
 18713, 99728,20220517,-9999,    9
 18713, 99728,20220518,-9999,    9
 18713, 99728,20220519,-9999,    9
 18713, 99728,20220520,-9999,    9
 18713, 99728,20220521,-9999,    9
 18713, 99728,20220522,-9999,    9
 18713, 99728,20220523,-9999,    9
 18713, 99728,20220524,-9999,    9
 18713, 99728,20220525,-9999,    9
 18713, 99728,20220526,-9999,    9
 18713, 99728,20220527,-9999,    9
 18713, 99728,20220528,-9999,    9
 18713, 99728,20220529,-9999,    9
 18713, 99728,20220530,-9999,    9
 18713, 99728,20220531,-9999,    9
 18713, 99728,20220601,-9999,    9
 18713, 99728,20220602,-9999,    9
 18713, 99728,20220603,-9999,    9
 18713, 99728,20220604,-9999,    9
 18713, 99728,20220605,-9999,    9
 18713, 99728,20220606,-9999,    9
 18713, 99728,20220607,-9999,    9
 18713, 99728,20220608,-9999,    9
 18713, 99728,20220609,-9999,    9
 18713, 99728,20220610,-9999,    9
 18713, 99728,20220611,-9999,    9
 18713, 99728,20220612,-9999,    9
 18713, 99728,20220613,-9999,    9
 18713, 99728,20220614,-9999,    9
 18713, 99728,20220615,-9999,    9
 18713, 99728,20220616,-9999,    9
 18713, 99728,20220617,-9999,    9
 18713, 99728,20220618,-9999,    9
 18713, 99728,20220619,-9999,    9
 18713, 99728,20220620,-9999,    9
 18713, 99728,20220621,-9999,    9
 18713, 99728,20220622,-9999,    9
 18713, 99728,20220623,-9999,    9
 18713, 99728,20220624,-9999,    9
 18713, 99728,20220625,-9999,    9
 18713, 99728,20220626,-9999,    9
 18713, 99728,20220627,-9999,    9
 18713, 99728,20220628,-9999,    9
 18713, 99728,20220629,-9999,    9
 18713, 99728,20220630,-9999,    9
 18713, 99728,20220701,-9999,    9
 18713, 99728,20220702,-9999,    9
 18713, 99728,20220703,-9999,    9
 18713, 99728,20220704,-9999,    9
 18713, 99728,20220705,-9999,    9
 18713, 99728,20220706,-9999,    9
 18713, 99728,20220707,-9999,    9
 18713, 99728,20220708,-9999,    9
 18713, 99728,20220709,-9999,    9
 18713, 99728,20220710,-9999,    9
 18713, 99728,20220711,-9999,    9
 18713, 99728,20220712,-9999,    9
 18713, 99728,20220713,-9999,    9
 18713, 99728,20220714,-9999,    9
 18713, 99728,20220715,-9999,    9
 18713, 99728,20220716,-9999,    9
 18713, 99728,20220717,-9999,    9
 18713, 99728,20220718,-9999,    9
 18713, 99728,20220719,-9999,    9
 18713, 99728,20220720,-9999,    9
 18713, 99728,20220721,-9999,    9
 18713, 99728,20220722,-9999,    9
 18713, 99728,20220723,-9999,    9
 18713, 99728,20220724,-9999,    9
 18713, 99728,20220725,-9999,    9
 18713, 99728,20220726,-9999,    9
 18713, 99728,20220727,-9999,    9
 18713, 99728,20220728,-9999,    9
 18713, 99728,20220729,-9999,    9
 18713, 99728,20220730,-9999,    9
 18713, 99728,20220731,-9999,    9
 18713, 99728,20220801,-9999,    9
 18713, 99728,20220802,-9999,    9
 18713, 99728,20220803,-9999,    9
 18713, 99728,20220804,-9999,    9
 18713, 99728,20220805,-9999,    9
 18713, 99728,20220806,-9999,    9
 18713, 99728,20220807,-9999,    9
 18713, 99728,20220808,-9999,    9
 18713, 99728,20220809,-9999,    9
 18713, 99728,20220810,-9999,    9
 18713, 99728,20220811,-9999,    9
 18713, 99728,20220812,-9999,    9
 18713, 99728,20220813,-9999,    9
 18713, 99728,20220814,-9999,    9
 18713, 99728,20220815,-9999,    9
 18713, 99728,20220816,-9999,    9
 18713, 99728,20220817,-9999,    9
 18713, 99728,20220818,-9999,    9
 18713, 99728,20220819,-9999,    9
 18713, 99728,20220820,-9999,    9
 18713, 99728,20220821,-9999,    9
 18713, 99728,20220822,-9999,    9
 18713, 99728,20220823,-9999,    9
 18713, 99728,20220824,-9999,    9
 18713, 99728,20220825,-9999,    9
 18713, 99728,20220826,-9999,    9
 18713, 99728,20220827,-9999,    9
 18713, 99728,20220828,-9999,    9
 18713, 99728,20220829,-9999,    9
 18713, 99728,20220830,-9999,    9
 18713, 99728,20220831,-9999,    9
 18713, 99728,20220901,-9999,    9
 18713, 99728,20220902,-9999,    9
 18713, 99728,20220903,-9999,    9
 18713, 99728,20220904,-9999,    9
 18713, 99728,20220905,-9999,    9
 18713, 99728,20220906,-9999,    9
 18713, 99728,20220907,-9999,    9
 18713, 99728,20220908,-9999,    9
 18713, 99728,20220909,-9999,    9
 18713, 99728,20220910,-9999,    9
 18713, 99728,20220911,-9999,    9
 18713, 99728,20220912,-9999,    9
 18713, 99728,20220913,-9999,    9
 18713, 99728,20220914,-9999,    9
 18713, 99728,20220915,-9999,    9
 18713, 99728,20220916,-9999,    9
 18713, 99728,20220917,-9999,    9
 18713, 99728,20220918,-9999,    9
 18713, 99728,20220919,-9999,    9
 18713, 99728,20220920,-9999,    9
 18713, 99728,20220921,-9999,    9
 18713, 99728,20220922,-9999,    9
 18713, 99728,20220923,-9999,    9
 18713, 99728,20220924,-9999,    9
 18713, 99728,20220925,-9999,    9
 18713, 99728,20220926,-9999,    9
 18713, 99728,20220927,-9999,    9
 18713, 99728,20220928,-9999,    9
 18713, 99728,20220929,-9999,    9
 18713, 99728,20220930,-9999,    9
 18713, 99728,20221001,-9999,    9
 18713, 99728,20221002,-9999,    9
 18713, 99728,20221003,-9999,    9
 18713, 99728,20221004,-9999,    9
 18713, 99728,20221005,-9999,    9
 18713, 99728,20221006,-9999,    9
 18713, 99728,20221007,-9999,    9
 18713, 99728,20221008,-9999,    9
 18713, 99728,20221009,-9999,    9
 18713, 99728,20221010,-9999,    9
 18713, 99728,20221011,-9999,    9
 18713, 99728,20221012,-9999,    9
 18713, 99728,20221013,-9999,    9
 18713, 99728,20221014,-9999,    9
 18713, 99728,20221015,-9999,    9
 18713, 99728,20221016,-9999,    9
 18713, 99728,20221017,-9999,    9
 18713, 99728,20221018,-9999,    9
 18713, 99728,20221019,-9999,    9
 18713, 99728,20221020,-9999,    9
 18713, 99728,20221021,-9999,    9
 18713, 99728,20221022,-9999,    9
 18713, 99728,20221023,-9999,    9
 18713, 99728,20221024,-9999,    9
 18713, 99728,20221025,-9999,    9
 18713, 99728,20221026,-9999,    9
 18713, 99728,20221027,-9999,    9
 18713, 99728,20221028,-9999,    9
 18713, 99728,20221029,-9999,    9
 18713, 99728,20221030,-9999,    9
 18713, 99728,20221031,-9999,    9
