EUROPEAN CLIMATE ASSESSMENT & DATASET (ECA&D), file created on: 16-11-2022
THESE DATA CAN BE USED FOR NON-COMMERCIAL RESEARCH AND EDUCATION PROVIDED THAT THE FOLLOWING SOURCE IS ACKNOWLEDGED: 

Klein Tank, A.M.G. and Coauthors, 2002. Daily dataset of 20th-century surface
air temperature and precipitation series for the European Climate Assessment.
Int. J. of Climatol., 22, 1441-1453.
Data and metadata available at http://www.ecad.eu

FILE FORMAT (MISSING VALUE CODE = -9999):

01-06 STAID: Station identifier
08-13 SOUID: Source identifier
15-22 DATE : Date YYYYMMDD
24-28 TG   : Mean temperature in 0.1 &#176;C
30-34 Q_TG : quality code for TG (0='valid'; 1='suspect'; 9='missing')

This is the blended series of station FV770 ROERVIK, NORWAY (STAID: 18667)
Blended and updated with sources:99659 
See files sources.txt and stations.txt for more info.

STAID, SOUID,    DATE,   TG, Q_TG
 18667, 99659,20150901,-9999,    9
 18667, 99659,20150902,-9999,    9
 18667, 99659,20150903,-9999,    9
 18667, 99659,20150904,-9999,    9
 18667, 99659,20150905,-9999,    9
 18667, 99659,20150906,-9999,    9
 18667, 99659,20150907,-9999,    9
 18667, 99659,20150908,-9999,    9
 18667, 99659,20150909,-9999,    9
 18667, 99659,20150910,-9999,    9
 18667, 99659,20150911,-9999,    9
 18667, 99659,20150912,  157,    0
 18667, 99659,20150913,  162,    0
 18667, 99659,20150914,  162,    0
 18667, 99659,20150915,  163,    0
 18667, 99659,20150916,  142,    0
 18667, 99659,20150917,  125,    0
 18667, 99659,20150918,  131,    0
 18667, 99659,20150919,  109,    0
 18667, 99659,20150920,   99,    0
 18667, 99659,20150921,  108,    0
 18667, 99659,20150922,  116,    0
 18667, 99659,20150923,  117,    0
 18667, 99659,20150924,  143,    0
 18667, 99659,20150925,  113,    0
 18667, 99659,20150926,  105,    0
 18667, 99659,20150927,   99,    0
 18667, 99659,20150928,  106,    0
 18667, 99659,20150929,  126,    0
 18667, 99659,20150930,  109,    0
 18667, 99659,20151001,  102,    0
 18667, 99659,20151002,   91,    0
 18667, 99659,20151003,-9999,    9
 18667, 99659,20151004,   82,    0
 18667, 99659,20151005,   61,    0
 18667, 99659,20151006,-9999,    9
 18667, 99659,20151007,-9999,    9
 18667, 99659,20151008,   80,    0
 18667, 99659,20151009,   77,    0
 18667, 99659,20151010,   88,    0
 18667, 99659,20151011,   90,    0
 18667, 99659,20151012,   62,    0
 18667, 99659,20151013,   88,    0
 18667, 99659,20151014,   92,    0
 18667, 99659,20151015,   99,    0
 18667, 99659,20151016,   94,    0
 18667, 99659,20151017,   91,    0
 18667, 99659,20151018,   77,    0
 18667, 99659,20151019,   74,    0
 18667, 99659,20151020,   75,    0
 18667, 99659,20151021,   78,    0
 18667, 99659,20151022,-9999,    9
 18667, 99659,20151023,-9999,    9
 18667, 99659,20151024,-9999,    9
 18667, 99659,20151025,-9999,    9
 18667, 99659,20151026,-9999,    9
 18667, 99659,20151027,-9999,    9
 18667, 99659,20151028,-9999,    9
 18667, 99659,20151029,-9999,    9
 18667, 99659,20151030,-9999,    9
 18667, 99659,20151031,-9999,    9
 18667, 99659,20151101,-9999,    9
 18667, 99659,20151102,-9999,    9
 18667, 99659,20151103,-9999,    9
 18667, 99659,20151104,-9999,    9
 18667, 99659,20151105,-9999,    9
 18667, 99659,20151106,-9999,    9
 18667, 99659,20151107,-9999,    9
 18667, 99659,20151108,-9999,    9
 18667, 99659,20151109,-9999,    9
 18667, 99659,20151110,-9999,    9
 18667, 99659,20151111,-9999,    9
 18667, 99659,20151112,-9999,    9
 18667, 99659,20151113,-9999,    9
 18667, 99659,20151114,-9999,    9
 18667, 99659,20151115,-9999,    9
 18667, 99659,20151116,-9999,    9
 18667, 99659,20151117,-9999,    9
 18667, 99659,20151118,-9999,    9
 18667, 99659,20151119,    3,    0
 18667, 99659,20151120,   -4,    0
 18667, 99659,20151121,-9999,    9
 18667, 99659,20151122,  -15,    0
 18667, 99659,20151123,   20,    0
 18667, 99659,20151124,   34,    0
 18667, 99659,20151125,   36,    0
 18667, 99659,20151126,   51,    0
 18667, 99659,20151127,   58,    0
 18667, 99659,20151128,   34,    0
 18667, 99659,20151129,   28,    0
 18667, 99659,20151130,   24,    0
 18667, 99659,20151201,   30,    0
 18667, 99659,20151202,   34,    0
 18667, 99659,20151203,   52,    0
 18667, 99659,20151204,   28,    0
 18667, 99659,20151205,   50,    0
 18667, 99659,20151206,-9999,    9
 18667, 99659,20151207,-9999,    9
 18667, 99659,20151208,   43,    0
 18667, 99659,20151209,   54,    0
 18667, 99659,20151210,   49,    0
 18667, 99659,20151211,   54,    0
 18667, 99659,20151212,   34,    0
 18667, 99659,20151213,    0,    0
 18667, 99659,20151214,   -3,    0
 18667, 99659,20151215,   26,    0
 18667, 99659,20151216,   42,    0
 18667, 99659,20151217,   34,    0
 18667, 99659,20151218,   72,    0
 18667, 99659,20151219,   49,    0
 18667, 99659,20151220,-9999,    9
 18667, 99659,20151221,-9999,    9
 18667, 99659,20151222,-9999,    9
 18667, 99659,20151223,   55,    0
 18667, 99659,20151224,   69,    0
 18667, 99659,20151225,   40,    0
 18667, 99659,20151226,  -22,    0
 18667, 99659,20151227,  -16,    0
 18667, 99659,20151228,  -18,    0
 18667, 99659,20151229,   40,    0
 18667, 99659,20151230,   57,    0
 18667, 99659,20151231,   71,    0
 18667, 99659,20160101,   47,    0
 18667, 99659,20160102,    7,    0
 18667, 99659,20160103,  -37,    0
 18667, 99659,20160104,  -73,    0
 18667, 99659,20160105,  -70,    0
 18667, 99659,20160106,  -91,    0
 18667, 99659,20160107, -100,    0
 18667, 99659,20160108, -132,    0
 18667, 99659,20160109, -100,    0
 18667, 99659,20160110,  -69,    0
 18667, 99659,20160111,  -36,    0
 18667, 99659,20160112,  -58,    0
 18667, 99659,20160113,  -74,    0
 18667, 99659,20160114,  -79,    0
 18667, 99659,20160115,  -72,    0
 18667, 99659,20160116,  -61,    0
 18667, 99659,20160117,  -14,    0
 18667, 99659,20160118,  -20,    0
 18667, 99659,20160119,   -7,    0
 18667, 99659,20160120,  -34,    0
 18667, 99659,20160121,   -9,    0
 18667, 99659,20160122,   -7,    0
 18667, 99659,20160123,    4,    0
 18667, 99659,20160124,   25,    0
 18667, 99659,20160125,-9999,    9
 18667, 99659,20160126,   39,    0
 18667, 99659,20160127,-9999,    9
 18667, 99659,20160128,-9999,    9
 18667, 99659,20160129,   36,    0
 18667, 99659,20160130,   30,    0
 18667, 99659,20160131,   14,    0
 18667, 99659,20160201,   21,    0
 18667, 99659,20160202,  -27,    0
 18667, 99659,20160203,    8,    0
 18667, 99659,20160204,   19,    0
 18667, 99659,20160205,-9999,    9
 18667, 99659,20160206,-9999,    9
 18667, 99659,20160207,-9999,    9
 18667, 99659,20160208,-9999,    9
 18667, 99659,20160209,   33,    0
 18667, 99659,20160210,-9999,    9
 18667, 99659,20160211,-9999,    9
 18667, 99659,20160212,-9999,    9
 18667, 99659,20160213,  -26,    0
 18667, 99659,20160214,  -43,    0
 18667, 99659,20160215,  -22,    0
 18667, 99659,20160216,   -7,    0
 18667, 99659,20160217,   37,    0
 18667, 99659,20160218,    4,    0
 18667, 99659,20160219,    0,    0
 18667, 99659,20160220,   20,    0
 18667, 99659,20160221,    5,    0
 18667, 99659,20160222,    4,    0
 18667, 99659,20160223,    0,    0
 18667, 99659,20160224,   18,    0
 18667, 99659,20160225,    6,    0
 18667, 99659,20160226,  -36,    0
 18667, 99659,20160227,   -6,    0
 18667, 99659,20160228,   11,    0
 18667, 99659,20160229,   16,    0
 18667, 99659,20160301,    9,    0
 18667, 99659,20160302,-9999,    9
 18667, 99659,20160303,-9999,    9
 18667, 99659,20160304,-9999,    9
 18667, 99659,20160305,   16,    0
 18667, 99659,20160306,   16,    0
 18667, 99659,20160307,    4,    0
 18667, 99659,20160308,   -5,    0
 18667, 99659,20160309,    9,    0
 18667, 99659,20160310,   42,    0
 18667, 99659,20160311,   42,    0
 18667, 99659,20160312,   38,    0
 18667, 99659,20160313,   47,    0
 18667, 99659,20160314,   61,    0
 18667, 99659,20160315,   61,    0
 18667, 99659,20160316,   60,    0
 18667, 99659,20160317,   44,    0
 18667, 99659,20160318,   10,    0
 18667, 99659,20160319,   23,    0
 18667, 99659,20160320,   10,    0
 18667, 99659,20160321,    9,    0
 18667, 99659,20160322,    7,    0
 18667, 99659,20160323,   25,    0
 18667, 99659,20160324,   24,    0
 18667, 99659,20160325,   40,    0
 18667, 99659,20160326,   52,    0
 18667, 99659,20160327,-9999,    9
 18667, 99659,20160328,   83,    0
 18667, 99659,20160329,-9999,    9
 18667, 99659,20160330,-9999,    9
 18667, 99659,20160331,-9999,    9
 18667, 99659,20160401,   23,    0
 18667, 99659,20160402,   45,    0
 18667, 99659,20160403,   59,    0
 18667, 99659,20160404,   58,    0
 18667, 99659,20160405,   55,    0
 18667, 99659,20160406,   53,    0
 18667, 99659,20160407,-9999,    9
 18667, 99659,20160408,-9999,    9
 18667, 99659,20160409,   54,    0
 18667, 99659,20160410,   52,    0
 18667, 99659,20160411,   43,    0
 18667, 99659,20160412,   39,    0
 18667, 99659,20160413,   24,    0
 18667, 99659,20160414,   18,    0
 18667, 99659,20160415,   32,    0
 18667, 99659,20160416,   47,    0
 18667, 99659,20160417,   46,    0
 18667, 99659,20160418,   58,    0
 18667, 99659,20160419,   60,    0
 18667, 99659,20160420,   42,    0
 18667, 99659,20160421,   50,    0
 18667, 99659,20160422,   33,    0
 18667, 99659,20160423,   19,    0
 18667, 99659,20160424,   23,    0
 18667, 99659,20160425,   33,    0
 18667, 99659,20160426,   41,    0
 18667, 99659,20160427,   34,    0
 18667, 99659,20160428,   64,    0
 18667, 99659,20160429,   90,    0
 18667, 99659,20160430,   95,    0
 18667, 99659,20160501,   97,    0
 18667, 99659,20160502,-9999,    9
 18667, 99659,20160503,-9999,    9
 18667, 99659,20160504,   86,    0
 18667, 99659,20160505,  117,    0
 18667, 99659,20160506,  121,    0
 18667, 99659,20160507,  111,    0
 18667, 99659,20160508,   82,    0
 18667, 99659,20160509,   77,    0
 18667, 99659,20160510,   65,    0
 18667, 99659,20160511,   76,    0
 18667, 99659,20160512,   56,    0
 18667, 99659,20160513,-9999,    9
 18667, 99659,20160514,   64,    0
 18667, 99659,20160515,-9999,    9
 18667, 99659,20160516,   64,    0
 18667, 99659,20160517,   50,    0
 18667, 99659,20160518,   52,    0
 18667, 99659,20160519,-9999,    9
 18667, 99659,20160520,-9999,    9
 18667, 99659,20160521,  105,    0
 18667, 99659,20160522,  133,    0
 18667, 99659,20160523,   89,    0
 18667, 99659,20160524,   84,    0
 18667, 99659,20160525,   78,    0
 18667, 99659,20160526,  100,    0
 18667, 99659,20160527,  149,    0
 18667, 99659,20160528,  174,    0
 18667, 99659,20160529,  165,    0
 18667, 99659,20160530,-9999,    9
 18667, 99659,20160531,-9999,    9
 18667, 99659,20160601,  105,    0
 18667, 99659,20160602,  105,    0
 18667, 99659,20160603,   86,    0
 18667, 99659,20160604,-9999,    9
 18667, 99659,20160605,-9999,    9
 18667, 99659,20160606,-9999,    9
 18667, 99659,20160607,   88,    0
 18667, 99659,20160608,-9999,    9
 18667, 99659,20160609,-9999,    9
 18667, 99659,20160610,   87,    0
 18667, 99659,20160611,   97,    0
 18667, 99659,20160612,   81,    0
 18667, 99659,20160613,   95,    0
 18667, 99659,20160614,   97,    0
 18667, 99659,20160615,  107,    0
 18667, 99659,20160616,  112,    0
 18667, 99659,20160617,  102,    0
 18667, 99659,20160618,   90,    0
 18667, 99659,20160619,   74,    0
 18667, 99659,20160620,  105,    0
 18667, 99659,20160621,  118,    0
 18667, 99659,20160622,  138,    0
 18667, 99659,20160623,  160,    0
 18667, 99659,20160624,  122,    0
 18667, 99659,20160625,  113,    0
 18667, 99659,20160626,  160,    0
 18667, 99659,20160627,  149,    0
 18667, 99659,20160628,  118,    0
 18667, 99659,20160629,  136,    0
 18667, 99659,20160630,  191,    0
 18667, 99659,20160701,  136,    0
 18667, 99659,20160702,  157,    0
 18667, 99659,20160703,  124,    0
 18667, 99659,20160704,  129,    0
 18667, 99659,20160705,  131,    0
 18667, 99659,20160706,  118,    0
 18667, 99659,20160707,  121,    0
 18667, 99659,20160708,  120,    0
 18667, 99659,20160709,  121,    0
 18667, 99659,20160710,  126,    0
 18667, 99659,20160711,  165,    0
 18667, 99659,20160712,  153,    0
 18667, 99659,20160713,  122,    0
 18667, 99659,20160714,  122,    0
 18667, 99659,20160715,  113,    0
 18667, 99659,20160716,  124,    0
 18667, 99659,20160717,  125,    0
 18667, 99659,20160718,  120,    0
 18667, 99659,20160719,  132,    0
 18667, 99659,20160720,  149,    0
 18667, 99659,20160721,  229,    0
 18667, 99659,20160722,  173,    0
 18667, 99659,20160723,  143,    0
 18667, 99659,20160724,  151,    0
 18667, 99659,20160725,  173,    0
 18667, 99659,20160726,  160,    0
 18667, 99659,20160727,  156,    0
 18667, 99659,20160728,  161,    0
 18667, 99659,20160729,  155,    0
 18667, 99659,20160730,  149,    0
 18667, 99659,20160731,  138,    0
 18667, 99659,20160801,  143,    0
 18667, 99659,20160802,  124,    0
 18667, 99659,20160803,  135,    0
 18667, 99659,20160804,  167,    0
 18667, 99659,20160805,  153,    0
 18667, 99659,20160806,  135,    0
 18667, 99659,20160807,  144,    0
 18667, 99659,20160808,  142,    0
 18667, 99659,20160809,  118,    0
 18667, 99659,20160810,   93,    0
 18667, 99659,20160811,   89,    0
 18667, 99659,20160812,  110,    0
 18667, 99659,20160813,  116,    0
 18667, 99659,20160814,  116,    0
 18667, 99659,20160815,-9999,    9
 18667, 99659,20160816,-9999,    9
 18667, 99659,20160817,  133,    0
 18667, 99659,20160818,  179,    0
 18667, 99659,20160819,  175,    0
 18667, 99659,20160820,  164,    0
 18667, 99659,20160821,  171,    0
 18667, 99659,20160822,  149,    0
 18667, 99659,20160823,  121,    0
 18667, 99659,20160824,  121,    0
 18667, 99659,20160825,  126,    0
 18667, 99659,20160826,  128,    0
 18667, 99659,20160827,  108,    0
 18667, 99659,20160828,  115,    0
 18667, 99659,20160829,  131,    0
 18667, 99659,20160830,  123,    0
 18667, 99659,20160831,  143,    0
 18667, 99659,20160901,  127,    0
 18667, 99659,20160902,  108,    0
 18667, 99659,20160903,  116,    0
 18667, 99659,20160904,  112,    0
 18667, 99659,20160905,   99,    0
 18667, 99659,20160906,  129,    0
 18667, 99659,20160907,  118,    0
 18667, 99659,20160908,  121,    0
 18667, 99659,20160909,  141,    0
 18667, 99659,20160910,  135,    0
 18667, 99659,20160911,  110,    0
 18667, 99659,20160912,  132,    0
 18667, 99659,20160913,  169,    0
 18667, 99659,20160914,  135,    0
 18667, 99659,20160915,  114,    0
 18667, 99659,20160916,-9999,    9
 18667, 99659,20160917,-9999,    9
 18667, 99659,20160918,-9999,    9
 18667, 99659,20160919,  140,    0
 18667, 99659,20160920,  142,    0
 18667, 99659,20160921,  139,    0
 18667, 99659,20160922,  152,    0
 18667, 99659,20160923,  134,    0
 18667, 99659,20160924,  120,    0
 18667, 99659,20160925,  148,    0
 18667, 99659,20160926,  124,    0
 18667, 99659,20160927,  121,    0
 18667, 99659,20160928,  110,    0
 18667, 99659,20160929,   94,    0
 18667, 99659,20160930,   88,    0
 18667, 99659,20161001,   78,    0
 18667, 99659,20161002,   71,    0
 18667, 99659,20161003,   80,    0
 18667, 99659,20161004,   84,    0
 18667, 99659,20161005,   83,    0
 18667, 99659,20161006,   81,    0
 18667, 99659,20161007,   84,    0
 18667, 99659,20161008,   77,    0
 18667, 99659,20161009,   77,    0
 18667, 99659,20161010,   66,    0
 18667, 99659,20161011,   41,    0
 18667, 99659,20161012,   39,    0
 18667, 99659,20161013,   47,    0
 18667, 99659,20161014,   61,    0
 18667, 99659,20161015,   67,    0
 18667, 99659,20161016,   76,    0
 18667, 99659,20161017,   80,    0
 18667, 99659,20161018,   89,    0
 18667, 99659,20161019,   77,    0
 18667, 99659,20161020,-9999,    9
 18667, 99659,20161021,-9999,    9
 18667, 99659,20161022,-9999,    9
 18667, 99659,20161023,-9999,    9
 18667, 99659,20161024,-9999,    9
 18667, 99659,20161025,-9999,    9
 18667, 99659,20161026,-9999,    9
 18667, 99659,20161027,   75,    0
 18667, 99659,20161028,   60,    0
 18667, 99659,20161029,   71,    0
 18667, 99659,20161030,   59,    0
 18667, 99659,20161031,   53,    0
 18667, 99659,20161101,   37,    0
 18667, 99659,20161102,   28,    0
 18667, 99659,20161103,    9,    0
 18667, 99659,20161104,    1,    0
 18667, 99659,20161105,  -23,    0
 18667, 99659,20161106,  -40,    0
 18667, 99659,20161107,  -51,    0
 18667, 99659,20161108,  -36,    0
 18667, 99659,20161109,  -26,    0
 18667, 99659,20161110,  -15,    0
 18667, 99659,20161111,    1,    0
 18667, 99659,20161112,   40,    0
 18667, 99659,20161113,   40,    0
 18667, 99659,20161114,   53,    0
 18667, 99659,20161115,   69,    0
 18667, 99659,20161116,   59,    0
 18667, 99659,20161117,   29,    0
 18667, 99659,20161118,   11,    0
 18667, 99659,20161119,   28,    0
 18667, 99659,20161120,   23,    0
 18667, 99659,20161121,   29,    0
 18667, 99659,20161122,   23,    0
 18667, 99659,20161123,   20,    0
 18667, 99659,20161124,   17,    0
 18667, 99659,20161125,   62,    0
 18667, 99659,20161126,   37,    0
 18667, 99659,20161127,   18,    0
 18667, 99659,20161128,   55,    0
 18667, 99659,20161129,   59,    0
 18667, 99659,20161130,   13,    0
 18667, 99659,20161201,-9999,    9
 18667, 99659,20161202,   23,    0
 18667, 99659,20161203,    0,    0
 18667, 99659,20161204,   60,    0
 18667, 99659,20161205,   30,    0
 18667, 99659,20161206,   42,    0
 18667, 99659,20161207,   45,    0
 18667, 99659,20161208,   53,    0
 18667, 99659,20161209,   30,    0
 18667, 99659,20161210,  -25,    0
 18667, 99659,20161211,  -46,    0
 18667, 99659,20161212,  -44,    0
 18667, 99659,20161213,   38,    0
 18667, 99659,20161214,   29,    0
 18667, 99659,20161215,   30,    0
 18667, 99659,20161216,   55,    0
 18667, 99659,20161217,   51,    0
 18667, 99659,20161218,   67,    0
 18667, 99659,20161219,   83,    0
 18667, 99659,20161220,   65,    0
 18667, 99659,20161221,   58,    0
 18667, 99659,20161222,   31,    0
 18667, 99659,20161223,   31,    0
 18667, 99659,20161224,   26,    0
 18667, 99659,20161225,    8,    0
 18667, 99659,20161226,   31,    0
 18667, 99659,20161227,   26,    0
 18667, 99659,20161228,   51,    0
 18667, 99659,20161229,   43,    0
 18667, 99659,20161230,   62,    0
 18667, 99659,20161231,   48,    0
 18667, 99659,20170101,-9999,    9
 18667, 99659,20170102,-9999,    9
 18667, 99659,20170103,-9999,    9
 18667, 99659,20170104,-9999,    9
 18667, 99659,20170105,-9999,    9
 18667, 99659,20170106,-9999,    9
 18667, 99659,20170107,-9999,    9
 18667, 99659,20170108,-9999,    9
 18667, 99659,20170109,-9999,    9
 18667, 99659,20170110,-9999,    9
 18667, 99659,20170111,-9999,    9
 18667, 99659,20170112,-9999,    9
 18667, 99659,20170113,-9999,    9
 18667, 99659,20170114,-9999,    9
 18667, 99659,20170115,-9999,    9
 18667, 99659,20170116,-9999,    9
 18667, 99659,20170117,-9999,    9
 18667, 99659,20170118,-9999,    9
 18667, 99659,20170119,-9999,    9
 18667, 99659,20170120,-9999,    9
 18667, 99659,20170121,-9999,    9
 18667, 99659,20170122,-9999,    9
 18667, 99659,20170123,-9999,    9
 18667, 99659,20170124,-9999,    9
 18667, 99659,20170125,-9999,    9
 18667, 99659,20170126,-9999,    9
 18667, 99659,20170127,-9999,    9
 18667, 99659,20170128,-9999,    9
 18667, 99659,20170129,-9999,    9
 18667, 99659,20170130,-9999,    9
 18667, 99659,20170131,-9999,    9
 18667, 99659,20170201,-9999,    9
 18667, 99659,20170202,-9999,    9
 18667, 99659,20170203,-9999,    9
 18667, 99659,20170204,-9999,    9
 18667, 99659,20170205,-9999,    9
 18667, 99659,20170206,-9999,    9
 18667, 99659,20170207,-9999,    9
 18667, 99659,20170208,-9999,    9
 18667, 99659,20170209,-9999,    9
 18667, 99659,20170210,-9999,    9
 18667, 99659,20170211,-9999,    9
 18667, 99659,20170212,-9999,    9
 18667, 99659,20170213,-9999,    9
 18667, 99659,20170214,-9999,    9
 18667, 99659,20170215,-9999,    9
 18667, 99659,20170216,-9999,    9
 18667, 99659,20170217,-9999,    9
 18667, 99659,20170218,-9999,    9
 18667, 99659,20170219,-9999,    9
 18667, 99659,20170220,-9999,    9
 18667, 99659,20170221,-9999,    9
 18667, 99659,20170222,-9999,    9
 18667, 99659,20170223,-9999,    9
 18667, 99659,20170224,-9999,    9
 18667, 99659,20170225,-9999,    9
 18667, 99659,20170226,-9999,    9
 18667, 99659,20170227,-9999,    9
 18667, 99659,20170228,-9999,    9
 18667, 99659,20170301,-9999,    9
 18667, 99659,20170302,-9999,    9
 18667, 99659,20170303,-9999,    9
 18667, 99659,20170304,-9999,    9
 18667, 99659,20170305,-9999,    9
 18667, 99659,20170306,-9999,    9
 18667, 99659,20170307,-9999,    9
 18667, 99659,20170308,-9999,    9
 18667, 99659,20170309,-9999,    9
 18667, 99659,20170310,-9999,    9
 18667, 99659,20170311,-9999,    9
 18667, 99659,20170312,-9999,    9
 18667, 99659,20170313,   41,    0
 18667, 99659,20170314,-9999,    9
 18667, 99659,20170315,-9999,    9
 18667, 99659,20170316,-9999,    9
 18667, 99659,20170317,-9999,    9
 18667, 99659,20170318,-9999,    9
 18667, 99659,20170319,-9999,    9
 18667, 99659,20170320,-9999,    9
 18667, 99659,20170321,-9999,    9
 18667, 99659,20170322,-9999,    9
 18667, 99659,20170323,-9999,    9
 18667, 99659,20170324,-9999,    9
 18667, 99659,20170325,-9999,    9
 18667, 99659,20170326,-9999,    9
 18667, 99659,20170327,-9999,    9
 18667, 99659,20170328,-9999,    9
 18667, 99659,20170329,-9999,    9
 18667, 99659,20170330,-9999,    9
 18667, 99659,20170331,-9999,    9
 18667, 99659,20170401,-9999,    9
 18667, 99659,20170402,-9999,    9
 18667, 99659,20170403,   65,    0
 18667, 99659,20170404,   61,    0
 18667, 99659,20170405,   40,    0
 18667, 99659,20170406,   38,    0
 18667, 99659,20170407,   22,    0
 18667, 99659,20170408,   40,    0
 18667, 99659,20170409,   56,    0
 18667, 99659,20170410,   43,    0
 18667, 99659,20170411,   19,    0
 18667, 99659,20170412,   18,    0
 18667, 99659,20170413,   21,    0
 18667, 99659,20170414,    7,    0
 18667, 99659,20170415,    9,    0
 18667, 99659,20170416,   10,    0
 18667, 99659,20170417,   25,    0
 18667, 99659,20170418,   23,    0
 18667, 99659,20170419,   28,    0
 18667, 99659,20170420,   48,    0
 18667, 99659,20170421,   34,    0
 18667, 99659,20170422,   31,    0
 18667, 99659,20170423,   23,    0
 18667, 99659,20170424,   31,    0
 18667, 99659,20170425,   35,    0
 18667, 99659,20170426,   29,    0
 18667, 99659,20170427,-9999,    9
 18667, 99659,20170428,   47,    0
 18667, 99659,20170429,   47,    0
 18667, 99659,20170430,   48,    0
 18667, 99659,20170501,   61,    0
 18667, 99659,20170502,   65,    0
 18667, 99659,20170503,   63,    0
 18667, 99659,20170504,   55,    0
 18667, 99659,20170505,   71,    0
 18667, 99659,20170506,   61,    0
 18667, 99659,20170507,   46,    0
 18667, 99659,20170508,   33,    0
 18667, 99659,20170509,   32,    0
 18667, 99659,20170510,   37,    0
 18667, 99659,20170511,   54,    0
 18667, 99659,20170512,   64,    0
 18667, 99659,20170513,   68,    0
 18667, 99659,20170514,   89,    0
 18667, 99659,20170515,-9999,    9
 18667, 99659,20170516,  126,    0
 18667, 99659,20170517,  106,    0
 18667, 99659,20170518,  110,    0
 18667, 99659,20170519,   85,    0
 18667, 99659,20170520,-9999,    9
 18667, 99659,20170521,   87,    0
 18667, 99659,20170522,   74,    0
 18667, 99659,20170523,   81,    0
 18667, 99659,20170524,   80,    0
 18667, 99659,20170525,   86,    0
 18667, 99659,20170526,   83,    0
 18667, 99659,20170527,  100,    0
 18667, 99659,20170528,   91,    0
 18667, 99659,20170529,   75,    0
 18667, 99659,20170530,   69,    0
 18667, 99659,20170531,   51,    0
 18667, 99659,20170601,   62,    0
 18667, 99659,20170602,   86,    0
 18667, 99659,20170603,  110,    0
 18667, 99659,20170604,  114,    0
 18667, 99659,20170605,   83,    0
 18667, 99659,20170606,  136,    0
 18667, 99659,20170607,  194,    0
 18667, 99659,20170608,  180,    0
 18667, 99659,20170609,-9999,    9
 18667, 99659,20170610,  170,    0
 18667, 99659,20170611,  137,    0
 18667, 99659,20170612,  140,    0
 18667, 99659,20170613,  128,    0
 18667, 99659,20170614,  118,    0
 18667, 99659,20170615,  136,    0
 18667, 99659,20170616,  153,    0
 18667, 99659,20170617,  119,    0
 18667, 99659,20170618,  117,    0
 18667, 99659,20170619,  113,    0
 18667, 99659,20170620,   93,    0
 18667, 99659,20170621,  102,    0
 18667, 99659,20170622,  110,    0
 18667, 99659,20170623,-9999,    9
 18667, 99659,20170624,  118,    0
 18667, 99659,20170625,  110,    0
 18667, 99659,20170626,   93,    0
 18667, 99659,20170627,   91,    0
 18667, 99659,20170628,   98,    0
 18667, 99659,20170629,  129,    0
 18667, 99659,20170630,  196,    0
 18667, 99659,20170701,  161,    0
 18667, 99659,20170702,  116,    0
 18667, 99659,20170703,  108,    0
 18667, 99659,20170704,  109,    0
 18667, 99659,20170705,  100,    0
 18667, 99659,20170706,  115,    0
 18667, 99659,20170707,  137,    0
 18667, 99659,20170708,  131,    0
 18667, 99659,20170709,  124,    0
 18667, 99659,20170710,  137,    0
 18667, 99659,20170711,  114,    0
 18667, 99659,20170712,  101,    0
 18667, 99659,20170713,  102,    0
 18667, 99659,20170714,   97,    0
 18667, 99659,20170715,  137,    0
 18667, 99659,20170716,  137,    0
 18667, 99659,20170717,  114,    0
 18667, 99659,20170718,  127,    0
 18667, 99659,20170719,  116,    0
 18667, 99659,20170720,  135,    0
 18667, 99659,20170721,  191,    0
 18667, 99659,20170722,  168,    0
 18667, 99659,20170723,  174,    0
 18667, 99659,20170724,  187,    0
 18667, 99659,20170725,  187,    0
 18667, 99659,20170726,  183,    0
 18667, 99659,20170727,  200,    0
 18667, 99659,20170728,  203,    0
 18667, 99659,20170729,  138,    0
 18667, 99659,20170730,  144,    0
 18667, 99659,20170731,  153,    0
 18667, 99659,20170801,  150,    0
 18667, 99659,20170802,  155,    0
 18667, 99659,20170803,  149,    0
 18667, 99659,20170804,  178,    0
 18667, 99659,20170805,  176,    0
 18667, 99659,20170806,  161,    0
 18667, 99659,20170807,  143,    0
 18667, 99659,20170808,  137,    0
 18667, 99659,20170809,  134,    0
 18667, 99659,20170810,  139,    0
 18667, 99659,20170811,  138,    0
 18667, 99659,20170812,  130,    0
 18667, 99659,20170813,  111,    0
 18667, 99659,20170814,  119,    0
 18667, 99659,20170815,  147,    0
 18667, 99659,20170816,  136,    0
 18667, 99659,20170817,  167,    0
 18667, 99659,20170818,  169,    0
 18667, 99659,20170819,  161,    0
 18667, 99659,20170820,  129,    0
 18667, 99659,20170821,  101,    0
 18667, 99659,20170822,  106,    0
 18667, 99659,20170823,  108,    0
 18667, 99659,20170824,  108,    0
 18667, 99659,20170825,  104,    0
 18667, 99659,20170826,  104,    0
 18667, 99659,20170827,  107,    0
 18667, 99659,20170828,  147,    0
 18667, 99659,20170829,  136,    0
 18667, 99659,20170830,  123,    0
 18667, 99659,20170831,  125,    0
 18667, 99659,20170901,  110,    0
 18667, 99659,20170902,  117,    0
 18667, 99659,20170903,  146,    0
 18667, 99659,20170904,  144,    0
 18667, 99659,20170905,  137,    0
 18667, 99659,20170906,  140,    0
 18667, 99659,20170907,  135,    0
 18667, 99659,20170908,  121,    0
 18667, 99659,20170909,  130,    0
 18667, 99659,20170910,  127,    0
 18667, 99659,20170911,  139,    0
 18667, 99659,20170912,  156,    0
 18667, 99659,20170913,  131,    0
 18667, 99659,20170914,  113,    0
 18667, 99659,20170915,  110,    0
 18667, 99659,20170916,   98,    0
 18667, 99659,20170917,   99,    0
 18667, 99659,20170918,  111,    0
 18667, 99659,20170919,-9999,    9
 18667, 99659,20170920,-9999,    9
 18667, 99659,20170921,  103,    0
 18667, 99659,20170922,  133,    0
 18667, 99659,20170923,  126,    0
 18667, 99659,20170924,  147,    0
 18667, 99659,20170925,  149,    0
 18667, 99659,20170926,  144,    0
 18667, 99659,20170927,  137,    0
 18667, 99659,20170928,  146,    0
 18667, 99659,20170929,  139,    0
 18667, 99659,20170930,  131,    0
 18667, 99659,20171001,  128,    0
 18667, 99659,20171002,  127,    0
 18667, 99659,20171003,  123,    0
 18667, 99659,20171004,-9999,    9
 18667, 99659,20171005,   93,    0
 18667, 99659,20171006,   76,    0
 18667, 99659,20171007,   54,    0
 18667, 99659,20171008,   56,    0
 18667, 99659,20171009,   67,    0
 18667, 99659,20171010,   68,    0
 18667, 99659,20171011,   72,    0
 18667, 99659,20171012,   66,    0
 18667, 99659,20171013,   75,    0
 18667, 99659,20171014,-9999,    9
 18667, 99659,20171015,   93,    0
 18667, 99659,20171016,   85,    0
 18667, 99659,20171017,-9999,    9
 18667, 99659,20171018,-9999,    9
 18667, 99659,20171019,-9999,    9
 18667, 99659,20171020,-9999,    9
 18667, 99659,20171021,-9999,    9
 18667, 99659,20171022,-9999,    9
 18667, 99659,20171023,-9999,    9
 18667, 99659,20171024,-9999,    9
 18667, 99659,20171025,   65,    0
 18667, 99659,20171026,   63,    0
 18667, 99659,20171027,   73,    0
 18667, 99659,20171028,   40,    0
 18667, 99659,20171029,   35,    0
 18667, 99659,20171030,   19,    0
 18667, 99659,20171031,   49,    0
 18667, 99659,20171101,-9999,    9
 18667, 99659,20171102,-9999,    9
 18667, 99659,20171103,   81,    0
 18667, 99659,20171104,   74,    0
 18667, 99659,20171105,   60,    0
 18667, 99659,20171106,   39,    0
 18667, 99659,20171107,   55,    0
 18667, 99659,20171108,   57,    0
 18667, 99659,20171109,   63,    0
 18667, 99659,20171110,   29,    0
 18667, 99659,20171111,   33,    0
 18667, 99659,20171112,   28,    0
 18667, 99659,20171113,   37,    0
 18667, 99659,20171114,   17,    0
 18667, 99659,20171115,   41,    0
 18667, 99659,20171116,   28,    0
 18667, 99659,20171117,   36,    0
 18667, 99659,20171118,    7,    0
 18667, 99659,20171119,  -11,    0
 18667, 99659,20171120,  -48,    0
 18667, 99659,20171121,  -64,    0
 18667, 99659,20171122,  -13,    0
 18667, 99659,20171123,   52,    0
 18667, 99659,20171124,   44,    0
 18667, 99659,20171125,   21,    0
 18667, 99659,20171126,  -19,    0
 18667, 99659,20171127,  -13,    0
 18667, 99659,20171128,-9999,    9
 18667, 99659,20171129,-9999,    9
 18667, 99659,20171130,  -40,    0
 18667, 99659,20171201,  -10,    0
 18667, 99659,20171202,   55,    0
 18667, 99659,20171203,   26,    0
 18667, 99659,20171204,    3,    0
 18667, 99659,20171205,   13,    0
 18667, 99659,20171206,   -1,    0
 18667, 99659,20171207,   15,    0
 18667, 99659,20171208,   35,    0
 18667, 99659,20171209,   21,    0
 18667, 99659,20171210,    6,    0
 18667, 99659,20171211,  -16,    0
 18667, 99659,20171212,  -25,    0
 18667, 99659,20171213,  -22,    0
 18667, 99659,20171214,  -47,    0
 18667, 99659,20171215,  -59,    0
 18667, 99659,20171216,  -17,    0
 18667, 99659,20171217,   16,    0
 18667, 99659,20171218,   31,    0
 18667, 99659,20171219,   55,    0
 18667, 99659,20171220,   51,    0
 18667, 99659,20171221,   32,    0
 18667, 99659,20171222,   14,    0
 18667, 99659,20171223,   32,    0
 18667, 99659,20171224,   11,    0
 18667, 99659,20171225,  -10,    0
 18667, 99659,20171226,  -27,    0
 18667, 99659,20171227,  -31,    0
 18667, 99659,20171228,  -20,    0
 18667, 99659,20171229,   -4,    0
 18667, 99659,20171230,    0,    0
 18667, 99659,20171231,  -21,    0
 18667, 99659,20180101,   15,    0
 18667, 99659,20180102,    7,    0
 18667, 99659,20180103,  -13,    0
 18667, 99659,20180104,   -9,    0
 18667, 99659,20180105,   -9,    0
 18667, 99659,20180106,  -16,    0
 18667, 99659,20180107,   -7,    0
 18667, 99659,20180108,   25,    0
 18667, 99659,20180109,   35,    0
 18667, 99659,20180110,   35,    0
 18667, 99659,20180111,   50,    0
 18667, 99659,20180112,   31,    0
 18667, 99659,20180113,    5,    0
 18667, 99659,20180114,  -21,    0
 18667, 99659,20180115,    8,    0
 18667, 99659,20180116,   16,    0
 18667, 99659,20180117,   -4,    0
 18667, 99659,20180118,  -42,    0
 18667, 99659,20180119,  -43,    0
 18667, 99659,20180120,  -33,    0
 18667, 99659,20180121,  -35,    0
 18667, 99659,20180122,  -41,    0
 18667, 99659,20180123,  -38,    0
 18667, 99659,20180124,   20,    0
 18667, 99659,20180125,   21,    0
 18667, 99659,20180126,   19,    0
 18667, 99659,20180127,   -8,    0
 18667, 99659,20180128,    4,    0
 18667, 99659,20180129,   10,    0
 18667, 99659,20180130,   11,    0
 18667, 99659,20180131,    6,    0
 18667, 99659,20180201,  -19,    0
 18667, 99659,20180202,  -79,    0
 18667, 99659,20180203,  -62,    0
 18667, 99659,20180204,  -42,    0
 18667, 99659,20180205,   16,    0
 18667, 99659,20180206,  -11,    0
 18667, 99659,20180207,  -41,    0
 18667, 99659,20180208,   -5,    0
 18667, 99659,20180209,   14,    0
 18667, 99659,20180210,   16,    0
 18667, 99659,20180211,    3,    0
 18667, 99659,20180212,   -8,    0
 18667, 99659,20180213,   -6,    0
 18667, 99659,20180214,   14,    0
 18667, 99659,20180215,   22,    0
 18667, 99659,20180216,   10,    0
 18667, 99659,20180217,    1,    0
 18667, 99659,20180218,   -8,    0
 18667, 99659,20180219,  -31,    0
 18667, 99659,20180220,  -48,    0
 18667, 99659,20180221,  -30,    0
 18667, 99659,20180222,  -11,    0
 18667, 99659,20180223,  -22,    0
 18667, 99659,20180224,  -40,    0
 18667, 99659,20180225,  -70,    0
 18667, 99659,20180226,  -74,    0
 18667, 99659,20180227,  -71,    0
 18667, 99659,20180228,  -86,    0
 18667, 99659,20180301,  -70,    0
 18667, 99659,20180302,  -48,    0
 18667, 99659,20180303,-9999,    9
 18667, 99659,20180304,  -63,    0
 18667, 99659,20180305,  -63,    0
 18667, 99659,20180306,  -41,    0
 18667, 99659,20180307,  -37,    0
 18667, 99659,20180308,  -17,    0
 18667, 99659,20180309,  -36,    0
 18667, 99659,20180310,-9999,    9
 18667, 99659,20180311,  -29,    0
 18667, 99659,20180312,  -20,    0
 18667, 99659,20180313,  -22,    0
 18667, 99659,20180314,  -16,    0
 18667, 99659,20180315,  -52,    0
 18667, 99659,20180316,  -52,    0
 18667, 99659,20180317,-9999,    9
 18667, 99659,20180318,   23,    0
 18667, 99659,20180319,   12,    0
 18667, 99659,20180320,   15,    0
 18667, 99659,20180321,   26,    0
 18667, 99659,20180322,   20,    0
 18667, 99659,20180323,   14,    0
 18667, 99659,20180324,   31,    0
 18667, 99659,20180325,-9999,    9
 18667, 99659,20180326,  -29,    0
 18667, 99659,20180327,  -13,    0
 18667, 99659,20180328,   -7,    0
 18667, 99659,20180329,   -4,    0
 18667, 99659,20180330,   -6,    0
 18667, 99659,20180331,    5,    0
 18667, 99659,20180401,   -6,    0
 18667, 99659,20180402,    2,    0
 18667, 99659,20180403,    4,    0
 18667, 99659,20180404,   21,    0
 18667, 99659,20180405,   20,    0
 18667, 99659,20180406,   34,    0
 18667, 99659,20180407,-9999,    9
 18667, 99659,20180408,   19,    0
 18667, 99659,20180409,   23,    0
 18667, 99659,20180410,   23,    0
 18667, 99659,20180411,   50,    0
 18667, 99659,20180412,   75,    0
 18667, 99659,20180413,  101,    0
 18667, 99659,20180414,   63,    0
 18667, 99659,20180415,   89,    0
 18667, 99659,20180416,  103,    0
 18667, 99659,20180417,   63,    0
 18667, 99659,20180418,   67,    0
 18667, 99659,20180419,   80,    0
 18667, 99659,20180420,   65,    0
 18667, 99659,20180421,   56,    0
 18667, 99659,20180422,   64,    0
 18667, 99659,20180423,   78,    0
 18667, 99659,20180424,   59,    0
 18667, 99659,20180425,   50,    0
 18667, 99659,20180426,   55,    0
 18667, 99659,20180427,   60,    0
 18667, 99659,20180428,   63,    0
 18667, 99659,20180429,   46,    0
 18667, 99659,20180430,   42,    0
 18667, 99659,20180501,   63,    0
 18667, 99659,20180502,-9999,    9
 18667, 99659,20180503,   86,    0
 18667, 99659,20180504,   81,    0
 18667, 99659,20180505,-9999,    9
 18667, 99659,20180506,   85,    0
 18667, 99659,20180507,   75,    0
 18667, 99659,20180508,  134,    0
 18667, 99659,20180509,  196,    0
 18667, 99659,20180510,  203,    0
 18667, 99659,20180511,   80,    0
 18667, 99659,20180512,  113,    0
 18667, 99659,20180513,   98,    0
 18667, 99659,20180514,  179,    0
 18667, 99659,20180515,  112,    0
 18667, 99659,20180516,-9999,    9
 18667, 99659,20180517,   81,    0
 18667, 99659,20180518,   90,    0
 18667, 99659,20180519,-9999,    9
 18667, 99659,20180520,  135,    0
 18667, 99659,20180521,  127,    0
 18667, 99659,20180522,   90,    0
 18667, 99659,20180523,   91,    0
 18667, 99659,20180524,  112,    0
 18667, 99659,20180525,  109,    0
 18667, 99659,20180526,-9999,    9
 18667, 99659,20180527,  126,    0
 18667, 99659,20180528,  169,    0
 18667, 99659,20180529,  113,    0
 18667, 99659,20180530,-9999,    9
 18667, 99659,20180531,  172,    0
 18667, 99659,20180601,  107,    0
 18667, 99659,20180602,  104,    0
 18667, 99659,20180603,   97,    0
 18667, 99659,20180604,   69,    0
 18667, 99659,20180605,   66,    0
 18667, 99659,20180606,-9999,    9
 18667, 99659,20180607,   79,    0
 18667, 99659,20180608,   84,    0
 18667, 99659,20180609,  105,    0
 18667, 99659,20180610,   97,    0
 18667, 99659,20180611,   83,    0
 18667, 99659,20180612,   84,    0
 18667, 99659,20180613,  102,    0
 18667, 99659,20180614,  156,    0
 18667, 99659,20180615,  121,    0
 18667, 99659,20180616,  112,    0
 18667, 99659,20180617,  146,    0
 18667, 99659,20180618,  128,    0
 18667, 99659,20180619,  101,    0
 18667, 99659,20180620,   91,    0
 18667, 99659,20180621,   92,    0
 18667, 99659,20180622,   84,    0
 18667, 99659,20180623,   92,    0
 18667, 99659,20180624,  101,    0
 18667, 99659,20180625,  103,    0
 18667, 99659,20180626,  108,    0
 18667, 99659,20180627,  113,    0
 18667, 99659,20180628,   95,    0
 18667, 99659,20180629,   88,    0
 18667, 99659,20180630,   99,    0
 18667, 99659,20180701,  167,    0
 18667, 99659,20180702,  156,    0
 18667, 99659,20180703,  113,    0
 18667, 99659,20180704,  108,    0
 18667, 99659,20180705,  150,    0
 18667, 99659,20180706,  118,    0
 18667, 99659,20180707,  122,    0
 18667, 99659,20180708,-9999,    9
 18667, 99659,20180709,  125,    0
 18667, 99659,20180710,  140,    0
 18667, 99659,20180711,  145,    0
 18667, 99659,20180712,  127,    0
 18667, 99659,20180713,  125,    0
 18667, 99659,20180714,  125,    0
 18667, 99659,20180715,  151,    0
 18667, 99659,20180716,  196,    0
 18667, 99659,20180717,  193,    0
 18667, 99659,20180718,  209,    0
 18667, 99659,20180719,  144,    0
 18667, 99659,20180720,  157,    0
 18667, 99659,20180721,  148,    0
 18667, 99659,20180722,  162,    0
 18667, 99659,20180723,  149,    0
 18667, 99659,20180724,  157,    0
 18667, 99659,20180725,  140,    0
 18667, 99659,20180726,  157,    0
 18667, 99659,20180727,  221,    0
 18667, 99659,20180728,  265,    0
 18667, 99659,20180729,  208,    0
 18667, 99659,20180730,  233,    0
 18667, 99659,20180731,  253,    0
 18667, 99659,20180801,  169,    0
 18667, 99659,20180802,  164,    0
 18667, 99659,20180803,  150,    0
 18667, 99659,20180804,  140,    0
 18667, 99659,20180805,  131,    0
 18667, 99659,20180806,  137,    0
 18667, 99659,20180807,  148,    0
 18667, 99659,20180808,  203,    0
 18667, 99659,20180809,  152,    0
 18667, 99659,20180810,  132,    0
 18667, 99659,20180811,  124,    0
 18667, 99659,20180812,  118,    0
 18667, 99659,20180813,  107,    0
 18667, 99659,20180814,  114,    0
 18667, 99659,20180815,  142,    0
 18667, 99659,20180816,  150,    0
 18667, 99659,20180817,  141,    0
 18667, 99659,20180818,  129,    0
 18667, 99659,20180819,  122,    0
 18667, 99659,20180820,  110,    0
 18667, 99659,20180821,  109,    0
 18667, 99659,20180822,  116,    0
 18667, 99659,20180823,  125,    0
 18667, 99659,20180824,  121,    0
 18667, 99659,20180825,  109,    0
 18667, 99659,20180826,  101,    0
 18667, 99659,20180827,  103,    0
 18667, 99659,20180828,  125,    0
 18667, 99659,20180829,  165,    0
 18667, 99659,20180830,  116,    0
 18667, 99659,20180831,  109,    0
 18667, 99659,20180901,  136,    0
 18667, 99659,20180902,  151,    0
 18667, 99659,20180903,  140,    0
 18667, 99659,20180904,  108,    0
 18667, 99659,20180905,  127,    0
 18667, 99659,20180906,  154,    0
 18667, 99659,20180907,  158,    0
 18667, 99659,20180908,  170,    0
 18667, 99659,20180909,  172,    0
 18667, 99659,20180910,  147,    0
 18667, 99659,20180911,  135,    0
 18667, 99659,20180912,  102,    0
 18667, 99659,20180913,  109,    0
 18667, 99659,20180914,   94,    0
 18667, 99659,20180915,   92,    0
 18667, 99659,20180916,  103,    0
 18667, 99659,20180917,  111,    0
 18667, 99659,20180918,  111,    0
 18667, 99659,20180919,  136,    0
 18667, 99659,20180920,  116,    0
 18667, 99659,20180921,  111,    0
 18667, 99659,20180922,   91,    0
 18667, 99659,20180923,   67,    0
 18667, 99659,20180924,   55,    0
 18667, 99659,20180925,   87,    0
 18667, 99659,20180926,-9999,    9
 18667, 99659,20180927,-9999,    9
 18667, 99659,20180928,-9999,    9
 18667, 99659,20180929,-9999,    9
 18667, 99659,20180930,-9999,    9
 18667, 99659,20181001,-9999,    9
 18667, 99659,20181002,-9999,    9
 18667, 99659,20181003,-9999,    9
 18667, 99659,20181004,   62,    0
 18667, 99659,20181005,   81,    0
 18667, 99659,20181006,   50,    0
 18667, 99659,20181007,   41,    0
 18667, 99659,20181008,   77,    0
 18667, 99659,20181009,   81,    0
 18667, 99659,20181010,   88,    0
 18667, 99659,20181011,-9999,    9
 18667, 99659,20181012,  144,    0
 18667, 99659,20181013,  135,    0
 18667, 99659,20181014,  123,    0
 18667, 99659,20181015,   72,    0
 18667, 99659,20181016,   91,    0
 18667, 99659,20181017,-9999,    9
 18667, 99659,20181018,-9999,    9
 18667, 99659,20181019,   81,    0
 18667, 99659,20181020,   82,    0
 18667, 99659,20181021,   88,    0
 18667, 99659,20181022,-9999,    9
 18667, 99659,20181023,   37,    0
 18667, 99659,20181024,   51,    0
 18667, 99659,20181025,   34,    0
 18667, 99659,20181026,    3,    0
 18667, 99659,20181027,   -8,    0
 18667, 99659,20181028,   -3,    0
 18667, 99659,20181029,    0,    0
 18667, 99659,20181030,    9,    0
 18667, 99659,20181031,   71,    0
 18667, 99659,20181101,   74,    0
 18667, 99659,20181102,   70,    0
 18667, 99659,20181103,   54,    0
 18667, 99659,20181104,   93,    0
 18667, 99659,20181105,   89,    0
 18667, 99659,20181106,   50,    0
 18667, 99659,20181107,   52,    0
 18667, 99659,20181108,   78,    0
 18667, 99659,20181109,   56,    0
 18667, 99659,20181110,   78,    0
 18667, 99659,20181111,   94,    0
 18667, 99659,20181112,   84,    0
 18667, 99659,20181113,   77,    0
 18667, 99659,20181114,   70,    0
 18667, 99659,20181115,   87,    0
 18667, 99659,20181116,  100,    0
 18667, 99659,20181117,   71,    0
 18667, 99659,20181118,   40,    0
 18667, 99659,20181119,   18,    0
 18667, 99659,20181120,   24,    0
 18667, 99659,20181121,    4,    0
 18667, 99659,20181122,    8,    0
 18667, 99659,20181123,   41,    0
 18667, 99659,20181124,   41,    0
 18667, 99659,20181125,   21,    0
 18667, 99659,20181126,   16,    0
 18667, 99659,20181127,   -3,    0
 18667, 99659,20181128,   -7,    0
 18667, 99659,20181129,   45,    0
 18667, 99659,20181130,   85,    0
 18667, 99659,20181201,   73,    0
 18667, 99659,20181202,   52,    0
 18667, 99659,20181203,   38,    0
 18667, 99659,20181204,   19,    0
 18667, 99659,20181205,   19,    0
 18667, 99659,20181206,   -2,    0
 18667, 99659,20181207,  -27,    0
 18667, 99659,20181208,   12,    0
 18667, 99659,20181209,    1,    0
 18667, 99659,20181210,   29,    0
 18667, 99659,20181211,    6,    0
 18667, 99659,20181212,  -19,    0
 18667, 99659,20181213,  -33,    0
 18667, 99659,20181214,  -47,    0
 18667, 99659,20181215,  -36,    0
 18667, 99659,20181216,   -9,    0
 18667, 99659,20181217,  -18,    0
 18667, 99659,20181218,  -33,    0
 18667, 99659,20181219,-9999,    9
 18667, 99659,20181220,   32,    0
 18667, 99659,20181221,   -3,    0
 18667, 99659,20181222,  -39,    0
 18667, 99659,20181223,  -49,    0
 18667, 99659,20181224,   24,    0
 18667, 99659,20181225,   44,    0
 18667, 99659,20181226,   42,    0
 18667, 99659,20181227,   58,    0
 18667, 99659,20181228,   53,    0
 18667, 99659,20181229,   32,    0
 18667, 99659,20181230,    3,    0
 18667, 99659,20181231,   50,    0
 18667, 99659,20190101,   29,    0
 18667, 99659,20190102,   12,    0
 18667, 99659,20190103,   54,    0
 18667, 99659,20190104,   63,    0
 18667, 99659,20190105,   51,    0
 18667, 99659,20190106,   57,    0
 18667, 99659,20190107,   26,    0
 18667, 99659,20190108,   23,    0
 18667, 99659,20190109,    8,    0
 18667, 99659,20190110,   44,    0
 18667, 99659,20190111,   26,    0
 18667, 99659,20190112,    0,    0
 18667, 99659,20190113,  -17,    0
 18667, 99659,20190114,  -12,    0
 18667, 99659,20190115,  -21,    0
 18667, 99659,20190116,  -49,    0
 18667, 99659,20190117,  -27,    0
 18667, 99659,20190118,-9999,    9
 18667, 99659,20190119,-9999,    9
 18667, 99659,20190120,  -20,    0
 18667, 99659,20190121,  -54,    0
 18667, 99659,20190122,  -41,    0
 18667, 99659,20190123,  -62,    0
 18667, 99659,20190124,  -42,    0
 18667, 99659,20190125,  -26,    0
 18667, 99659,20190126,  -48,    0
 18667, 99659,20190127,  -71,    0
 18667, 99659,20190128,  -42,    0
 18667, 99659,20190129,  -34,    0
 18667, 99659,20190130,-9999,    9
 18667, 99659,20190131,  -19,    0
 18667, 99659,20190201,  -32,    0
 18667, 99659,20190202,  -53,    0
 18667, 99659,20190203,  -55,    0
 18667, 99659,20190204,  -70,    0
 18667, 99659,20190205,  -58,    0
 18667, 99659,20190206,  -10,    0
 18667, 99659,20190207,    8,    0
 18667, 99659,20190208,  -10,    0
 18667, 99659,20190209,   -7,    0
 18667, 99659,20190210,   -8,    0
 18667, 99659,20190211,    1,    0
 18667, 99659,20190212,    3,    0
 18667, 99659,20190213,-9999,    9
 18667, 99659,20190214,-9999,    9
 18667, 99659,20190215,-9999,    9
 18667, 99659,20190216,   44,    0
 18667, 99659,20190217,   22,    0
 18667, 99659,20190218,   56,    0
 18667, 99659,20190219,   40,    0
 18667, 99659,20190220,    3,    0
 18667, 99659,20190221,  -14,    0
 18667, 99659,20190222,   41,    0
 18667, 99659,20190223,   74,    0
 18667, 99659,20190224,   64,    0
 18667, 99659,20190225,   61,    0
 18667, 99659,20190226,   57,    0
 18667, 99659,20190227,   55,    0
 18667, 99659,20190228,   23,    0
 18667, 99659,20190301,   12,    0
 18667, 99659,20190302,   11,    0
 18667, 99659,20190303,  -32,    0
 18667, 99659,20190304,  -36,    0
 18667, 99659,20190305,  -58,    0
 18667, 99659,20190306,  -51,    0
 18667, 99659,20190307,  -31,    0
 18667, 99659,20190308,  -19,    0
 18667, 99659,20190309,  -32,    0
 18667, 99659,20190310,  -46,    0
 18667, 99659,20190311,  -33,    0
 18667, 99659,20190312,  -27,    0
 18667, 99659,20190313,   -7,    0
 18667, 99659,20190314,   14,    0
 18667, 99659,20190315,   31,    0
 18667, 99659,20190316,   21,    0
 18667, 99659,20190317,   15,    0
 18667, 99659,20190318,   22,    0
 18667, 99659,20190319,   35,    0
 18667, 99659,20190320,   47,    0
 18667, 99659,20190321,   39,    0
 18667, 99659,20190322,   46,    0
 18667, 99659,20190323,   39,    0
 18667, 99659,20190324,   25,    0
 18667, 99659,20190325,   15,    0
 18667, 99659,20190326,   25,    0
 18667, 99659,20190327,   62,    0
 18667, 99659,20190328,   73,    0
 18667, 99659,20190329,   53,    0
 18667, 99659,20190330,   24,    0
 18667, 99659,20190331,-9999,    9
 18667, 99659,20190401,   42,    0
 18667, 99659,20190402,   37,    0
 18667, 99659,20190403,   50,    0
 18667, 99659,20190404,   42,    0
 18667, 99659,20190405,   48,    0
 18667, 99659,20190406,   43,    0
 18667, 99659,20190407,   38,    0
 18667, 99659,20190408,   21,    0
 18667, 99659,20190409,-9999,    9
 18667, 99659,20190410,-9999,    9
 18667, 99659,20190411,-9999,    9
 18667, 99659,20190412,   14,    0
 18667, 99659,20190413,   30,    0
 18667, 99659,20190414,   40,    0
 18667, 99659,20190415,   45,    0
 18667, 99659,20190416,   93,    0
 18667, 99659,20190417,  100,    0
 18667, 99659,20190418,   88,    0
 18667, 99659,20190419,  101,    0
 18667, 99659,20190420,  112,    0
 18667, 99659,20190421,   74,    0
 18667, 99659,20190422,  115,    0
 18667, 99659,20190423,  139,    0
 18667, 99659,20190424,  154,    0
 18667, 99659,20190425,  160,    0
 18667, 99659,20190426,  158,    0
 18667, 99659,20190427,  168,    0
 18667, 99659,20190428,  158,    0
 18667, 99659,20190429,   99,    0
 18667, 99659,20190430,-9999,    9
 18667, 99659,20190501,   52,    0
 18667, 99659,20190502,   37,    0
 18667, 99659,20190503,   27,    0
 18667, 99659,20190504,   30,    0
 18667, 99659,20190505,   29,    0
 18667, 99659,20190506,   34,    0
 18667, 99659,20190507,   33,    0
 18667, 99659,20190508,   46,    0
 18667, 99659,20190509,   72,    0
 18667, 99659,20190510,  101,    0
 18667, 99659,20190511,   61,    0
 18667, 99659,20190512,   56,    0
 18667, 99659,20190513,   57,    0
 18667, 99659,20190514,   70,    0
 18667, 99659,20190515,   83,    0
 18667, 99659,20190516,   82,    0
 18667, 99659,20190517,   94,    0
 18667, 99659,20190518,  189,    0
 18667, 99659,20190519,  147,    0
 18667, 99659,20190520,  141,    0
 18667, 99659,20190521,  144,    0
 18667, 99659,20190522,  165,    0
 18667, 99659,20190523,  106,    0
 18667, 99659,20190524,   94,    0
 18667, 99659,20190525,   79,    0
 18667, 99659,20190526,   64,    0
 18667, 99659,20190527,   62,    0
 18667, 99659,20190528,   74,    0
 18667, 99659,20190529,-9999,    9
 18667, 99659,20190530,-9999,    9
 18667, 99659,20190531,-9999,    9
 18667, 99659,20190601,   82,    0
 18667, 99659,20190602,   89,    0
 18667, 99659,20190603,  142,    0
 18667, 99659,20190604,  130,    0
 18667, 99659,20190605,  157,    0
 18667, 99659,20190606,  158,    0
 18667, 99659,20190607,  144,    0
 18667, 99659,20190608,  119,    0
 18667, 99659,20190609,  143,    0
 18667, 99659,20190610,  109,    0
 18667, 99659,20190611,   99,    0
 18667, 99659,20190612,  135,    0
 18667, 99659,20190613,  134,    0
 18667, 99659,20190614,  144,    0
 18667, 99659,20190615,  138,    0
 18667, 99659,20190616,  138,    0
 18667, 99659,20190617,  123,    0
 18667, 99659,20190618,  137,    0
 18667, 99659,20190619,  141,    0
 18667, 99659,20190620,  154,    0
 18667, 99659,20190621,  125,    0
 18667, 99659,20190622,  115,    0
 18667, 99659,20190623,  103,    0
 18667, 99659,20190624,  109,    0
 18667, 99659,20190625,  123,    0
 18667, 99659,20190626,  103,    0
 18667, 99659,20190627,  102,    0
 18667, 99659,20190628,  107,    0
 18667, 99659,20190629,   98,    0
 18667, 99659,20190630,  114,    0
 18667, 99659,20190701,   92,    0
 18667, 99659,20190702,   79,    0
 18667, 99659,20190703,   81,    0
 18667, 99659,20190704,  100,    0
 18667, 99659,20190705,  104,    0
 18667, 99659,20190706,  101,    0
 18667, 99659,20190707,  109,    0
 18667, 99659,20190708,  126,    0
 18667, 99659,20190709,  112,    0
 18667, 99659,20190710,  115,    0
 18667, 99659,20190711,  113,    0
 18667, 99659,20190712,  115,    0
 18667, 99659,20190713,  110,    0
 18667, 99659,20190714,  108,    0
 18667, 99659,20190715,  108,    0
 18667, 99659,20190716,  118,    0
 18667, 99659,20190717,  122,    0
 18667, 99659,20190718,  162,    0
 18667, 99659,20190719,  188,    0
 18667, 99659,20190720,  160,    0
 18667, 99659,20190721,  190,    0
 18667, 99659,20190722,  155,    0
 18667, 99659,20190723,  163,    0
 18667, 99659,20190724,  190,    0
 18667, 99659,20190725,  220,    0
 18667, 99659,20190726,  171,    0
 18667, 99659,20190727,  253,    0
 18667, 99659,20190728,  255,    0
 18667, 99659,20190729,  234,    0
 18667, 99659,20190730,  162,    0
 18667, 99659,20190731,  162,    0
 18667, 99659,20190801,  160,    0
 18667, 99659,20190802,  128,    0
 18667, 99659,20190803,  125,    0
 18667, 99659,20190804,  126,    0
 18667, 99659,20190805,  122,    0
 18667, 99659,20190806,  134,    0
 18667, 99659,20190807,  142,    0
 18667, 99659,20190808,  141,    0
 18667, 99659,20190809,  143,    0
 18667, 99659,20190810,  187,    0
 18667, 99659,20190811,  195,    0
 18667, 99659,20190812,  145,    0
 18667, 99659,20190813,  132,    0
 18667, 99659,20190814,  124,    0
 18667, 99659,20190815,  132,    0
 18667, 99659,20190816,  133,    0
 18667, 99659,20190817,  162,    0
 18667, 99659,20190818,  145,    0
 18667, 99659,20190819,  160,    0
 18667, 99659,20190820,  144,    0
 18667, 99659,20190821,  123,    0
 18667, 99659,20190822,-9999,    9
 18667, 99659,20190823,  140,    0
 18667, 99659,20190824,  144,    0
 18667, 99659,20190825,  144,    0
 18667, 99659,20190826,  168,    0
 18667, 99659,20190827,  177,    0
 18667, 99659,20190828,  222,    0
 18667, 99659,20190829,  167,    0
 18667, 99659,20190830,  148,    0
 18667, 99659,20190831,  150,    0
 18667, 99659,20190901,  152,    0
 18667, 99659,20190902,  114,    0
 18667, 99659,20190903,  107,    0
 18667, 99659,20190904,  114,    0
 18667, 99659,20190905,   92,    0
 18667, 99659,20190906,   94,    0
 18667, 99659,20190907,   97,    0
 18667, 99659,20190908,  109,    0
 18667, 99659,20190909,  140,    0
 18667, 99659,20190910,  158,    0
 18667, 99659,20190911,  157,    0
 18667, 99659,20190912,  115,    0
 18667, 99659,20190913,   95,    0
 18667, 99659,20190914,   94,    0
 18667, 99659,20190915,   96,    0
 18667, 99659,20190916,   93,    0
 18667, 99659,20190917,   92,    0
 18667, 99659,20190918,   76,    0
 18667, 99659,20190919,   72,    0
 18667, 99659,20190920,   87,    0
 18667, 99659,20190921,   90,    0
 18667, 99659,20190922,   77,    0
 18667, 99659,20190923,   84,    0
 18667, 99659,20190924,   82,    0
 18667, 99659,20190925,   94,    0
 18667, 99659,20190926,  123,    0
 18667, 99659,20190927,  122,    0
 18667, 99659,20190928,  118,    0
 18667, 99659,20190929,   87,    0
 18667, 99659,20190930,   48,    0
 18667, 99659,20191001,   58,    0
 18667, 99659,20191002,   67,    0
 18667, 99659,20191003,   47,    0
 18667, 99659,20191004,   22,    0
 18667, 99659,20191005,   21,    0
 18667, 99659,20191006,   44,    0
 18667, 99659,20191007,   60,    0
 18667, 99659,20191008,   62,    0
 18667, 99659,20191009,   62,    0
 18667, 99659,20191010,   50,    0
 18667, 99659,20191011,   43,    0
 18667, 99659,20191012,   45,    0
 18667, 99659,20191013,   46,    0
 18667, 99659,20191014,   42,    0
 18667, 99659,20191015,   42,    0
 18667, 99659,20191016,   54,    0
 18667, 99659,20191017,   62,    0
 18667, 99659,20191018,   74,    0
 18667, 99659,20191019,   61,    0
 18667, 99659,20191020,   27,    0
 18667, 99659,20191021,   45,    0
 18667, 99659,20191022,   76,    0
 18667, 99659,20191023,-9999,    9
 18667, 99659,20191024,-9999,    9
 18667, 99659,20191025,-9999,    9
 18667, 99659,20191026,-9999,    9
 18667, 99659,20191027,   40,    0
 18667, 99659,20191028,   36,    0
 18667, 99659,20191029,   42,    0
 18667, 99659,20191030,   55,    0
 18667, 99659,20191031,   42,    0
 18667, 99659,20191101,   40,    0
 18667, 99659,20191102,   27,    0
 18667, 99659,20191103,   -8,    0
 18667, 99659,20191104,  -21,    0
 18667, 99659,20191105,  -32,    0
 18667, 99659,20191106,  -29,    0
 18667, 99659,20191107,  -17,    0
 18667, 99659,20191108,  -25,    0
 18667, 99659,20191109,  -43,    0
 18667, 99659,20191110,  -45,    0
 18667, 99659,20191111,  -33,    0
 18667, 99659,20191112,   10,    0
 18667, 99659,20191113,   40,    0
 18667, 99659,20191114,   30,    0
 18667, 99659,20191115,   23,    0
 18667, 99659,20191116,   22,    0
 18667, 99659,20191117,   30,    0
 18667, 99659,20191118,   28,    0
 18667, 99659,20191119,   37,    0
 18667, 99659,20191120,   36,    0
 18667, 99659,20191121,   43,    0
 18667, 99659,20191122,   70,    0
 18667, 99659,20191123,   59,    0
 18667, 99659,20191124,   28,    0
 18667, 99659,20191125,   20,    0
 18667, 99659,20191126,   19,    0
 18667, 99659,20191127,  -12,    0
 18667, 99659,20191128,  -14,    0
 18667, 99659,20191129,    6,    0
 18667, 99659,20191130,   -2,    0
 18667, 99659,20191201,   10,    0
 18667, 99659,20191202,   13,    0
 18667, 99659,20191203,   58,    0
 18667, 99659,20191204,   78,    0
 18667, 99659,20191205,   42,    0
 18667, 99659,20191206,   44,    0
 18667, 99659,20191207,-9999,    9
 18667, 99659,20191208,    8,    0
 18667, 99659,20191209,    2,    0
 18667, 99659,20191210,    3,    0
 18667, 99659,20191211,   48,    0
 18667, 99659,20191212,   56,    0
 18667, 99659,20191213,   34,    0
 18667, 99659,20191214,-9999,    9
 18667, 99659,20191215,   42,    0
 18667, 99659,20191216,   27,    0
 18667, 99659,20191217,   24,    0
 18667, 99659,20191218,   17,    0
 18667, 99659,20191219,   24,    0
 18667, 99659,20191220,   22,    0
 18667, 99659,20191221,-9999,    9
 18667, 99659,20191222,-9999,    9
 18667, 99659,20191223,-9999,    9
 18667, 99659,20191224,   18,    0
 18667, 99659,20191225,    0,    0
 18667, 99659,20191226,   -2,    0
 18667, 99659,20191227,  -20,    0
 18667, 99659,20191228,   14,    0
 18667, 99659,20191229,   76,    0
 18667, 99659,20191230,   60,    0
 18667, 99659,20191231,-9999,    9
 18667, 99659,20200101,   75,    0
 18667, 99659,20200102,   81,    0
 18667, 99659,20200103,   26,    0
 18667, 99659,20200104,-9999,    9
 18667, 99659,20200105,-9999,    9
 18667, 99659,20200106,-9999,    9
 18667, 99659,20200107,   62,    0
 18667, 99659,20200108,   46,    0
 18667, 99659,20200109,   28,    0
 18667, 99659,20200110,   38,    0
 18667, 99659,20200111,   42,    0
 18667, 99659,20200112,-9999,    9
 18667, 99659,20200113,-9999,    9
 18667, 99659,20200114,-9999,    9
 18667, 99659,20200115,-9999,    9
 18667, 99659,20200116,   55,    0
 18667, 99659,20200117,   49,    0
 18667, 99659,20200118,   39,    0
 18667, 99659,20200119,   54,    0
 18667, 99659,20200120,   76,    0
 18667, 99659,20200121,   35,    0
 18667, 99659,20200122,   32,    0
 18667, 99659,20200123,   52,    0
 18667, 99659,20200124,   19,    0
 18667, 99659,20200125,   18,    0
 18667, 99659,20200126,   52,    0
 18667, 99659,20200127,-9999,    9
 18667, 99659,20200128,-9999,    9
 18667, 99659,20200129,    4,    0
 18667, 99659,20200130,    3,    0
 18667, 99659,20200131,   26,    0
 18667, 99659,20200201,   36,    0
 18667, 99659,20200202,   34,    0
 18667, 99659,20200203,  -13,    0
 18667, 99659,20200204,  -20,    0
 18667, 99659,20200205,   11,    0
 18667, 99659,20200206,  -12,    0
 18667, 99659,20200207,   56,    0
 18667, 99659,20200208,   41,    0
 18667, 99659,20200209,   53,    0
 18667, 99659,20200210,   35,    0
 18667, 99659,20200211,   27,    0
 18667, 99659,20200212,   15,    0
 18667, 99659,20200213,    7,    0
 18667, 99659,20200214,   10,    0
 18667, 99659,20200215,   31,    0
 18667, 99659,20200216,   49,    0
 18667, 99659,20200217,   52,    0
 18667, 99659,20200218,   34,    0
 18667, 99659,20200219,    3,    0
 18667, 99659,20200220,   21,    0
 18667, 99659,20200221,   46,    0
 18667, 99659,20200222,   38,    0
 18667, 99659,20200223,   21,    0
 18667, 99659,20200224,    2,    0
 18667, 99659,20200225,  -21,    0
 18667, 99659,20200226,  -24,    0
 18667, 99659,20200227,  -19,    0
 18667, 99659,20200228,   -9,    0
 18667, 99659,20200229,  -14,    0
 18667, 99659,20200301,  -37,    0
 18667, 99659,20200302,  -30,    0
 18667, 99659,20200303,   -7,    0
 18667, 99659,20200304,    5,    0
 18667, 99659,20200305,  -13,    0
 18667, 99659,20200306,   27,    0
 18667, 99659,20200307,   36,    0
 18667, 99659,20200308,   45,    0
 18667, 99659,20200309,   55,    0
 18667, 99659,20200310,   45,    0
 18667, 99659,20200311,   46,    0
 18667, 99659,20200312,   21,    0
 18667, 99659,20200313,  -25,    0
 18667, 99659,20200314,   -6,    0
 18667, 99659,20200315,   17,    0
 18667, 99659,20200316,   23,    0
 18667, 99659,20200317,   40,    0
 18667, 99659,20200318,   30,    0
 18667, 99659,20200319,   20,    0
 18667, 99659,20200320,-9999,    9
 18667, 99659,20200321,-9999,    9
 18667, 99659,20200322,-9999,    9
 18667, 99659,20200323,-9999,    9
 18667, 99659,20200324,-9999,    9
 18667, 99659,20200325,-9999,    9
 18667, 99659,20200326,-9999,    9
 18667, 99659,20200327,   46,    0
 18667, 99659,20200328,   -7,    0
 18667, 99659,20200329,-9999,    9
 18667, 99659,20200330,    6,    0
 18667, 99659,20200331,   46,    0
 18667, 99659,20200401,   19,    0
 18667, 99659,20200402,   15,    0
 18667, 99659,20200403,    1,    0
 18667, 99659,20200404,  -11,    0
 18667, 99659,20200405,    6,    0
 18667, 99659,20200406,   78,    0
 18667, 99659,20200407,   73,    0
 18667, 99659,20200408,   55,    0
 18667, 99659,20200409,   34,    0
 18667, 99659,20200410,   21,    0
 18667, 99659,20200411,-9999,    9
 18667, 99659,20200412,-9999,    9
 18667, 99659,20200413,-9999,    9
 18667, 99659,20200414,-9999,    9
 18667, 99659,20200415,-9999,    9
 18667, 99659,20200416,-9999,    9
 18667, 99659,20200417,   37,    0
 18667, 99659,20200418,   58,    0
 18667, 99659,20200419,   62,    0
 18667, 99659,20200420,   66,    0
 18667, 99659,20200421,   59,    0
 18667, 99659,20200422,   60,    0
 18667, 99659,20200423,   51,    0
 18667, 99659,20200424,   57,    0
 18667, 99659,20200425,   51,    0
 18667, 99659,20200426,   49,    0
 18667, 99659,20200427,   54,    0
 18667, 99659,20200428,   52,    0
 18667, 99659,20200429,   62,    0
 18667, 99659,20200430,   74,    0
 18667, 99659,20200501,   61,    0
 18667, 99659,20200502,   60,    0
 18667, 99659,20200503,   48,    0
 18667, 99659,20200504,   53,    0
 18667, 99659,20200505,   52,    0
 18667, 99659,20200506,   50,    0
 18667, 99659,20200507,   45,    0
 18667, 99659,20200508,   36,    0
 18667, 99659,20200509,   24,    0
 18667, 99659,20200510,   25,    0
 18667, 99659,20200511,   26,    0
 18667, 99659,20200512,   25,    0
 18667, 99659,20200513,   17,    0
 18667, 99659,20200514,   19,    0
 18667, 99659,20200515,   29,    0
 18667, 99659,20200516,   33,    0
 18667, 99659,20200517,   63,    0
 18667, 99659,20200518,   52,    0
 18667, 99659,20200519,   58,    0
 18667, 99659,20200520,   64,    0
 18667, 99659,20200521,  102,    0
 18667, 99659,20200522,  144,    0
 18667, 99659,20200523,  131,    0
 18667, 99659,20200524,  125,    0
 18667, 99659,20200525,   98,    0
 18667, 99659,20200526,  111,    0
 18667, 99659,20200527,   88,    0
 18667, 99659,20200528,   83,    0
 18667, 99659,20200529,   87,    0
 18667, 99659,20200530,  136,    0
 18667, 99659,20200531,  181,    0
 18667, 99659,20200601,  156,    0
 18667, 99659,20200602,  119,    0
 18667, 99659,20200603,   96,    0
 18667, 99659,20200604,  161,    0
 18667, 99659,20200605,  175,    0
 18667, 99659,20200606,  154,    0
 18667, 99659,20200607,   97,    0
 18667, 99659,20200608,   75,    0
 18667, 99659,20200609,   93,    0
 18667, 99659,20200610,  115,    0
 18667, 99659,20200611,  112,    0
 18667, 99659,20200612,  156,    0
 18667, 99659,20200613,  199,    0
 18667, 99659,20200614,  162,    0
 18667, 99659,20200615,  140,    0
 18667, 99659,20200616,  161,    0
 18667, 99659,20200617,  184,    0
 18667, 99659,20200618,  141,    0
 18667, 99659,20200619,  156,    0
 18667, 99659,20200620,  248,    0
 18667, 99659,20200621,  262,    0
 18667, 99659,20200622,  192,    0
 18667, 99659,20200623,  175,    0
 18667, 99659,20200624,  184,    0
 18667, 99659,20200625,  171,    0
 18667, 99659,20200626,  168,    0
 18667, 99659,20200627,-9999,    9
 18667, 99659,20200628,  244,    0
 18667, 99659,20200629,  168,    0
 18667, 99659,20200630,-9999,    9
 18667, 99659,20200701,   99,    0
 18667, 99659,20200702,-9999,    9
 18667, 99659,20200703,  121,    0
 18667, 99659,20200704,  121,    0
 18667, 99659,20200705,  134,    0
 18667, 99659,20200706,  138,    0
 18667, 99659,20200707,  112,    0
 18667, 99659,20200708,  116,    0
 18667, 99659,20200709,  117,    0
 18667, 99659,20200710,  126,    0
 18667, 99659,20200711,  115,    0
 18667, 99659,20200712,  103,    0
 18667, 99659,20200713,  117,    0
 18667, 99659,20200714,  141,    0
 18667, 99659,20200715,  174,    0
 18667, 99659,20200716,  164,    0
 18667, 99659,20200717,  142,    0
 18667, 99659,20200718,  162,    0
 18667, 99659,20200719,  152,    0
 18667, 99659,20200720,  133,    0
 18667, 99659,20200721,  122,    0
 18667, 99659,20200722,  114,    0
 18667, 99659,20200723,  117,    0
 18667, 99659,20200724,  109,    0
 18667, 99659,20200725,  113,    0
 18667, 99659,20200726,  172,    0
 18667, 99659,20200727,  158,    0
 18667, 99659,20200728,  192,    0
 18667, 99659,20200729,  179,    0
 18667, 99659,20200730,  154,    0
 18667, 99659,20200731,  156,    0
 18667, 99659,20200801,  171,    0
 18667, 99659,20200802,  173,    0
 18667, 99659,20200803,  135,    0
 18667, 99659,20200804,-9999,    9
 18667, 99659,20200805,-9999,    9
 18667, 99659,20200806,  154,    0
 18667, 99659,20200807,  191,    0
 18667, 99659,20200808,  164,    0
 18667, 99659,20200809,  137,    0
 18667, 99659,20200810,  147,    0
 18667, 99659,20200811,  159,    0
 18667, 99659,20200812,  141,    0
 18667, 99659,20200813,  144,    0
 18667, 99659,20200814,  144,    0
 18667, 99659,20200815,  140,    0
 18667, 99659,20200816,  146,    0
 18667, 99659,20200817,  131,    0
 18667, 99659,20200818,  139,    0
 18667, 99659,20200819,  128,    0
 18667, 99659,20200820,  139,    0
 18667, 99659,20200821,  202,    0
 18667, 99659,20200822,  186,    0
 18667, 99659,20200823,  126,    0
 18667, 99659,20200824,-9999,    9
 18667, 99659,20200825,-9999,    9
 18667, 99659,20200826,  107,    0
 18667, 99659,20200827,  102,    0
 18667, 99659,20200828,  113,    0
 18667, 99659,20200829,  104,    0
 18667, 99659,20200830,   91,    0
 18667, 99659,20200831,   97,    0
 18667, 99659,20200901,  117,    0
 18667, 99659,20200902,  148,    0
 18667, 99659,20200903,  179,    0
 18667, 99659,20200904,-9999,    9
 18667, 99659,20200905,  115,    0
 18667, 99659,20200906,  117,    0
 18667, 99659,20200907,  123,    0
 18667, 99659,20200908,  117,    0
 18667, 99659,20200909,  103,    0
 18667, 99659,20200910,   87,    0
 18667, 99659,20200911,  108,    0
 18667, 99659,20200912,  106,    0
 18667, 99659,20200913,  103,    0
 18667, 99659,20200914,  101,    0
 18667, 99659,20200915,   95,    0
 18667, 99659,20200916,   90,    0
 18667, 99659,20200917,   91,    0
 18667, 99659,20200918,  111,    0
 18667, 99659,20200919,  106,    0
 18667, 99659,20200920,  103,    0
 18667, 99659,20200921,  109,    0
 18667, 99659,20200922,   92,    0
 18667, 99659,20200923,  102,    0
 18667, 99659,20200924,   91,    0
 18667, 99659,20200925,   90,    0
 18667, 99659,20200926,   81,    0
 18667, 99659,20200927,  113,    0
 18667, 99659,20200928,  157,    0
 18667, 99659,20200929,  126,    0
 18667, 99659,20200930,  144,    0
 18667, 99659,20201001,  143,    0
 18667, 99659,20201002,-9999,    9
 18667, 99659,20201003,  135,    0
 18667, 99659,20201004,  140,    0
 18667, 99659,20201005,  132,    0
 18667, 99659,20201006,  131,    0
 18667, 99659,20201007,  131,    0
 18667, 99659,20201008,  119,    0
 18667, 99659,20201009,   94,    0
 18667, 99659,20201010,   90,    0
 18667, 99659,20201011,   95,    0
 18667, 99659,20201012,   91,    0
 18667, 99659,20201013,   61,    0
 18667, 99659,20201014,   71,    0
 18667, 99659,20201015,   78,    0
 18667, 99659,20201016,   75,    0
 18667, 99659,20201017,   52,    0
 18667, 99659,20201018,   53,    0
 18667, 99659,20201019,   26,    0
 18667, 99659,20201020,   19,    0
 18667, 99659,20201021,   36,    0
 18667, 99659,20201022,   27,    0
 18667, 99659,20201023,   31,    0
 18667, 99659,20201024,   19,    0
 18667, 99659,20201025,-9999,    9
 18667, 99659,20201026,   74,    0
 18667, 99659,20201027,   67,    0
 18667, 99659,20201028,   66,    0
 18667, 99659,20201029,   52,    0
 18667, 99659,20201030,   52,    0
 18667, 99659,20201031,   77,    0
 18667, 99659,20201101,  112,    0
 18667, 99659,20201102,   98,    0
 18667, 99659,20201103,   74,    0
 18667, 99659,20201104,   67,    0
 18667, 99659,20201105,   88,    0
 18667, 99659,20201106,   95,    0
 18667, 99659,20201107,   67,    0
 18667, 99659,20201108,   50,    0
 18667, 99659,20201109,   53,    0
 18667, 99659,20201110,   62,    0
 18667, 99659,20201111,   68,    0
 18667, 99659,20201112,   72,    0
 18667, 99659,20201113,   66,    0
 18667, 99659,20201114,   78,    0
 18667, 99659,20201115,   91,    0
 18667, 99659,20201116,  114,    0
 18667, 99659,20201117,   84,    0
 18667, 99659,20201118,   41,    0
 18667, 99659,20201119,    4,    0
 18667, 99659,20201120,   20,    0
 18667, 99659,20201121,   40,    0
 18667, 99659,20201122,   67,    0
 18667, 99659,20201123,   40,    0
 18667, 99659,20201124,   41,    0
 18667, 99659,20201125,   45,    0
 18667, 99659,20201126,   39,    0
 18667, 99659,20201127,   52,    0
 18667, 99659,20201128,   30,    0
 18667, 99659,20201129,   44,    0
 18667, 99659,20201130,   38,    0
 18667, 99659,20201201,   26,    0
 18667, 99659,20201202,   40,    0
 18667, 99659,20201203,   44,    0
 18667, 99659,20201204,   40,    0
 18667, 99659,20201205,   34,    0
 18667, 99659,20201206,   31,    0
 18667, 99659,20201207,-9999,    9
 18667, 99659,20201208,-9999,    9
 18667, 99659,20201209,   43,    0
 18667, 99659,20201210,   38,    0
 18667, 99659,20201211,   32,    0
 18667, 99659,20201212,   20,    0
 18667, 99659,20201213,   29,    0
 18667, 99659,20201214,-9999,    9
 18667, 99659,20201215,   34,    0
 18667, 99659,20201216,   17,    0
 18667, 99659,20201217,   22,    0
 18667, 99659,20201218,   29,    0
 18667, 99659,20201219,   54,    0
 18667, 99659,20201220,   64,    0
 18667, 99659,20201221,   56,    0
 18667, 99659,20201222,-9999,    9
 18667, 99659,20201223,   38,    0
 18667, 99659,20201224,   31,    0
 18667, 99659,20201225,   14,    0
 18667, 99659,20201226,-9999,    9
 18667, 99659,20201227,-9999,    9
 18667, 99659,20201228,   55,    0
 18667, 99659,20201229,   35,    0
 18667, 99659,20201230,   21,    0
 18667, 99659,20201231,   -5,    0
 18667, 99659,20210101,   -1,    0
 18667, 99659,20210102,  -12,    0
 18667, 99659,20210103,  -18,    0
 18667, 99659,20210104,  -22,    0
 18667, 99659,20210105,   -8,    0
 18667, 99659,20210106,   -5,    0
 18667, 99659,20210107,  -40,    0
 18667, 99659,20210108,  -41,    0
 18667, 99659,20210109,   -8,    0
 18667, 99659,20210110,   -4,    0
 18667, 99659,20210111,  -23,    0
 18667, 99659,20210112,  -18,    0
 18667, 99659,20210113,  -62,    0
 18667, 99659,20210114,  -72,    0
 18667, 99659,20210115,  -34,    0
 18667, 99659,20210116,  -14,    0
 18667, 99659,20210117,  -36,    0
 18667, 99659,20210118,  -16,    0
 18667, 99659,20210119,  -17,    0
 18667, 99659,20210120,  -13,    0
 18667, 99659,20210121,  -25,    0
 18667, 99659,20210122,   13,    0
 18667, 99659,20210123,  -37,    0
 18667, 99659,20210124,  -14,    0
 18667, 99659,20210125,   -4,    0
 18667, 99659,20210126,   -3,    0
 18667, 99659,20210127,    8,    0
 18667, 99659,20210128,  -26,    0
 18667, 99659,20210129,  -32,    0
 18667, 99659,20210130,  -45,    0
 18667, 99659,20210131,  -49,    0
 18667, 99659,20210201,  -47,    0
 18667, 99659,20210202,  -53,    0
 18667, 99659,20210203,  -85,    0
 18667, 99659,20210204,  -81,    0
 18667, 99659,20210205,  -69,    0
 18667, 99659,20210206,  -59,    0
 18667, 99659,20210207,  -62,    0
 18667, 99659,20210208,  -70,    0
 18667, 99659,20210209,  -44,    0
 18667, 99659,20210210,  -92,    0
 18667, 99659,20210211,  -64,    0
 18667, 99659,20210212,   22,    0
 18667, 99659,20210213,   16,    0
 18667, 99659,20210214,    0,    0
 18667, 99659,20210215,  -17,    0
 18667, 99659,20210216,  -36,    0
 18667, 99659,20210217,  -24,    0
 18667, 99659,20210218,   -2,    0
 18667, 99659,20210219,   23,    0
 18667, 99659,20210220,   21,    0
 18667, 99659,20210221,   42,    0
 18667, 99659,20210222,   18,    0
 18667, 99659,20210223,   42,    0
 18667, 99659,20210224,   69,    0
 18667, 99659,20210225,   64,    0
 18667, 99659,20210226,   51,    0
 18667, 99659,20210227,-9999,    9
 18667, 99659,20210228,   65,    0
 18667, 99659,20210301,   50,    0
 18667, 99659,20210302,   53,    0
 18667, 99659,20210303,   22,    0
 18667, 99659,20210304,    0,    0
 18667, 99659,20210305,   12,    0
 18667, 99659,20210306,    0,    0
 18667, 99659,20210307,    2,    0
 18667, 99659,20210308,    3,    0
 18667, 99659,20210309,  -23,    0
 18667, 99659,20210310,  -24,    0
 18667, 99659,20210311,    9,    0
 18667, 99659,20210312,   28,    0
 18667, 99659,20210313,   28,    0
 18667, 99659,20210314,   18,    0
 18667, 99659,20210315,-9999,    9
 18667, 99659,20210316,-9999,    9
 18667, 99659,20210317,   25,    0
 18667, 99659,20210318,   29,    0
 18667, 99659,20210319,   26,    0
 18667, 99659,20210320,   48,    0
 18667, 99659,20210321,-9999,    9
 18667, 99659,20210322,   59,    0
 18667, 99659,20210323,   64,    0
 18667, 99659,20210324,-9999,    9
 18667, 99659,20210325,   44,    0
 18667, 99659,20210326,   69,    0
 18667, 99659,20210327,   55,    0
 18667, 99659,20210328,-9999,    9
 18667, 99659,20210329,   60,    0
 18667, 99659,20210330,   52,    0
 18667, 99659,20210331,   41,    0
 18667, 99659,20210401,   38,    0
 18667, 99659,20210402,   27,    0
 18667, 99659,20210403,   52,    0
 18667, 99659,20210404,   37,    0
 18667, 99659,20210405,   16,    0
 18667, 99659,20210406,   36,    0
 18667, 99659,20210407,    9,    0
 18667, 99659,20210408,   -4,    0
 18667, 99659,20210409,   12,    0
 18667, 99659,20210410,   18,    0
 18667, 99659,20210411,   37,    0
 18667, 99659,20210412,   30,    0
 18667, 99659,20210413,   25,    0
 18667, 99659,20210414,   47,    0
 18667, 99659,20210415,   57,    0
 18667, 99659,20210416,   75,    0
 18667, 99659,20210417,-9999,    9
 18667, 99659,20210418,  103,    0
 18667, 99659,20210419,  109,    0
 18667, 99659,20210420,   97,    0
 18667, 99659,20210421,   39,    0
 18667, 99659,20210422,   28,    0
 18667, 99659,20210423,   23,    0
 18667, 99659,20210424,   34,    0
 18667, 99659,20210425,   31,    0
 18667, 99659,20210426,   35,    0
 18667, 99659,20210427,   36,    0
 18667, 99659,20210428,   31,    0
 18667, 99659,20210429,   33,    0
 18667, 99659,20210430,   36,    0
 18667, 99659,20210501,   34,    0
 18667, 99659,20210502,   35,    0
 18667, 99659,20210503,   41,    0
 18667, 99659,20210504,   51,    0
 18667, 99659,20210505,   65,    0
 18667, 99659,20210506,   50,    0
 18667, 99659,20210507,   37,    0
 18667, 99659,20210508,   45,    0
 18667, 99659,20210509,   65,    0
 18667, 99659,20210510,-9999,    9
 18667, 99659,20210511,-9999,    9
 18667, 99659,20210512,   93,    0
 18667, 99659,20210513,   78,    0
 18667, 99659,20210514,  107,    0
 18667, 99659,20210515,  128,    0
 18667, 99659,20210516,  119,    0
 18667, 99659,20210517,  112,    0
 18667, 99659,20210518,   87,    0
 18667, 99659,20210519,   92,    0
 18667, 99659,20210520,   84,    0
 18667, 99659,20210521,  101,    0
 18667, 99659,20210522,  104,    0
 18667, 99659,20210523,  115,    0
 18667, 99659,20210524,-9999,    9
 18667, 99659,20210525,  116,    0
 18667, 99659,20210526,  116,    0
 18667, 99659,20210527,  109,    0
 18667, 99659,20210528,   88,    0
 18667, 99659,20210529,   93,    0
 18667, 99659,20210530,  101,    0
 18667, 99659,20210531,  101,    0
 18667, 99659,20210601,  177,    0
 18667, 99659,20210602,  203,    0
 18667, 99659,20210603,  163,    0
 18667, 99659,20210604,  191,    0
 18667, 99659,20210605,  155,    0
 18667, 99659,20210606,  142,    0
 18667, 99659,20210607,  129,    0
 18667, 99659,20210608,  142,    0
 18667, 99659,20210609,  167,    0
 18667, 99659,20210610,  175,    0
 18667, 99659,20210611,  157,    0
 18667, 99659,20210612,  110,    0
 18667, 99659,20210613,  101,    0
 18667, 99659,20210614,  115,    0
 18667, 99659,20210615,   92,    0
 18667, 99659,20210616,  117,    0
 18667, 99659,20210617,  135,    0
 18667, 99659,20210618,  114,    0
 18667, 99659,20210619,  114,    0
 18667, 99659,20210620,  133,    0
 18667, 99659,20210621,  132,    0
 18667, 99659,20210622,  117,    0
 18667, 99659,20210623,  131,    0
 18667, 99659,20210624,  119,    0
 18667, 99659,20210625,  117,    0
 18667, 99659,20210626,  123,    0
 18667, 99659,20210627,  116,    0
 18667, 99659,20210628,  114,    0
 18667, 99659,20210629,  107,    0
 18667, 99659,20210630,  123,    0
 18667, 99659,20210701,  156,    0
 18667, 99659,20210702,  154,    0
 18667, 99659,20210703,  179,    0
 18667, 99659,20210704,  195,    0
 18667, 99659,20210705,  209,    0
 18667, 99659,20210706,  224,    0
 18667, 99659,20210707,  193,    0
 18667, 99659,20210708,  177,    0
 18667, 99659,20210709,  181,    0
 18667, 99659,20210710,  179,    0
 18667, 99659,20210711,  168,    0
 18667, 99659,20210712,  179,    0
 18667, 99659,20210713,  155,    0
 18667, 99659,20210714,  162,    0
 18667, 99659,20210715,  148,    0
 18667, 99659,20210716,  136,    0
 18667, 99659,20210717,  130,    0
 18667, 99659,20210718,  116,    0
 18667, 99659,20210719,  112,    0
 18667, 99659,20210720,  102,    0
 18667, 99659,20210721,  116,    0
 18667, 99659,20210722,  108,    0
 18667, 99659,20210723,  115,    0
 18667, 99659,20210724,  138,    0
 18667, 99659,20210725,  147,    0
 18667, 99659,20210726,  155,    0
 18667, 99659,20210727,  248,    0
 18667, 99659,20210728,  236,    0
 18667, 99659,20210729,  172,    0
 18667, 99659,20210730,  118,    0
 18667, 99659,20210731,  121,    0
 18667, 99659,20210801,-9999,    9
 18667, 99659,20210802,-9999,    9
 18667, 99659,20210803,  110,    0
 18667, 99659,20210804,  128,    0
 18667, 99659,20210805,  157,    0
 18667, 99659,20210806,  186,    0
 18667, 99659,20210807,  197,    0
 18667, 99659,20210808,  176,    0
 18667, 99659,20210809,  178,    0
 18667, 99659,20210810,  139,    0
 18667, 99659,20210811,  143,    0
 18667, 99659,20210812,-9999,    9
 18667, 99659,20210813,  155,    0
 18667, 99659,20210814,  151,    0
 18667, 99659,20210815,  131,    0
 18667, 99659,20210816,  125,    0
 18667, 99659,20210817,  126,    0
 18667, 99659,20210818,  125,    0
 18667, 99659,20210819,  116,    0
 18667, 99659,20210820,  108,    0
 18667, 99659,20210821,  102,    0
 18667, 99659,20210822,  105,    0
 18667, 99659,20210823,  109,    0
 18667, 99659,20210824,  107,    0
 18667, 99659,20210825,  121,    0
 18667, 99659,20210826,  117,    0
 18667, 99659,20210827,  134,    0
 18667, 99659,20210828,  130,    0
 18667, 99659,20210829,  117,    0
 18667, 99659,20210830,  126,    0
 18667, 99659,20210831,-9999,    9
 18667, 99659,20210901,  112,    0
 18667, 99659,20210902,  111,    0
 18667, 99659,20210903,   90,    0
 18667, 99659,20210904,   96,    0
 18667, 99659,20210905,   98,    0
 18667, 99659,20210906,  118,    0
 18667, 99659,20210907,  132,    0
 18667, 99659,20210908,  125,    0
 18667, 99659,20210909,  108,    0
 18667, 99659,20210910,  101,    0
 18667, 99659,20210911,  125,    0
 18667, 99659,20210912,  106,    0
 18667, 99659,20210913,   88,    0
 18667, 99659,20210914,   90,    0
 18667, 99659,20210915,  105,    0
 18667, 99659,20210916,  122,    0
 18667, 99659,20210917,  118,    0
 18667, 99659,20210918,  109,    0
 18667, 99659,20210919,  116,    0
 18667, 99659,20210920,  108,    0
 18667, 99659,20210921,  102,    0
 18667, 99659,20210922,  114,    0
 18667, 99659,20210923,   92,    0
 18667, 99659,20210924,   79,    0
 18667, 99659,20210925,   96,    0
 18667, 99659,20210926,  122,    0
 18667, 99659,20210927,  168,    0
 18667, 99659,20210928,  120,    0
 18667, 99659,20210929,  130,    0
 18667, 99659,20210930,  123,    0
 18667, 99659,20211001,-9999,    9
 18667, 99659,20211002,  136,    0
 18667, 99659,20211003,  129,    0
 18667, 99659,20211004,-9999,    9
 18667, 99659,20211005,  117,    0
 18667, 99659,20211006,   96,    0
 18667, 99659,20211007,   87,    0
 18667, 99659,20211008,  109,    0
 18667, 99659,20211009,  121,    0
 18667, 99659,20211010,  107,    0
 18667, 99659,20211011,   80,    0
 18667, 99659,20211012,   60,    0
 18667, 99659,20211013,   49,    0
 18667, 99659,20211014,   80,    0
 18667, 99659,20211015,   53,    0
 18667, 99659,20211016,   46,    0
 18667, 99659,20211017,   57,    0
 18667, 99659,20211018,   40,    0
 18667, 99659,20211019,   37,    0
 18667, 99659,20211020,   71,    0
 18667, 99659,20211021,   56,    0
 18667, 99659,20211022,   27,    0
 18667, 99659,20211023,   37,    0
 18667, 99659,20211024,   59,    0
 18667, 99659,20211025,   88,    0
 18667, 99659,20211026,   78,    0
 18667, 99659,20211027,   87,    0
 18667, 99659,20211028,  100,    0
 18667, 99659,20211029,   98,    0
 18667, 99659,20211030,  103,    0
 18667, 99659,20211031,-9999,    9
 18667, 99659,20211101,-9999,    9
 18667, 99659,20211102,  113,    0
 18667, 99659,20211103,   71,    0
 18667, 99659,20211104,   61,    0
 18667, 99659,20211105,   54,    0
 18667, 99659,20211106,   43,    0
 18667, 99659,20211107,-9999,    9
 18667, 99659,20211108,-9999,    9
 18667, 99659,20211109,   49,    0
 18667, 99659,20211110,   70,    0
 18667, 99659,20211111,   56,    0
 18667, 99659,20211112,   33,    0
 18667, 99659,20211113,    3,    0
 18667, 99659,20211114,   14,    0
 18667, 99659,20211115,   55,    0
 18667, 99659,20211116,   69,    0
 18667, 99659,20211117,   60,    0
 18667, 99659,20211118,   40,    0
 18667, 99659,20211119,   36,    0
 18667, 99659,20211120,   37,    0
 18667, 99659,20211121,   17,    0
 18667, 99659,20211122,   26,    0
 18667, 99659,20211123,   56,    0
 18667, 99659,20211124,   40,    0
 18667, 99659,20211125,    8,    0
 18667, 99659,20211126,  -20,    0
 18667, 99659,20211127,  -47,    0
 18667, 99659,20211128,  -66,    0
 18667, 99659,20211129,  -42,    0
 18667, 99659,20211130,-9999,    9
 18667, 99659,20211201,  -25,    0
 18667, 99659,20211202,  -69,    0
 18667, 99659,20211203,  -66,    0
 18667, 99659,20211204,  -37,    0
 18667, 99659,20211205,  -66,    0
 18667, 99659,20211206,  -81,    0
 18667, 99659,20211207,  -60,    0
 18667, 99659,20211208,  -40,    0
 18667, 99659,20211209,-9999,    9
 18667, 99659,20211210,    7,    0
 18667, 99659,20211211,   25,    0
 18667, 99659,20211212,   32,    0
 18667, 99659,20211213,   49,    0
 18667, 99659,20211214,   51,    0
 18667, 99659,20211215,   65,    0
 18667, 99659,20211216,   56,    0
 18667, 99659,20211217,   66,    0
 18667, 99659,20211218,   57,    0
 18667, 99659,20211219,   44,    0
 18667, 99659,20211220,   17,    0
 18667, 99659,20211221,  -12,    0
 18667, 99659,20211222,  -15,    0
 18667, 99659,20211223,  -11,    0
 18667, 99659,20211224,  -55,    0
 18667, 99659,20211225,    5,    0
 18667, 99659,20211226,  -12,    0
 18667, 99659,20211227,  -11,    0
 18667, 99659,20211228,  -35,    0
 18667, 99659,20211229,  -10,    0
 18667, 99659,20211230,   14,    0
 18667, 99659,20211231,   25,    0
 18667, 99659,20220101,  -23,    0
 18667, 99659,20220102,   28,    0
 18667, 99659,20220103,   22,    0
 18667, 99659,20220104,  -20,    0
 18667, 99659,20220105,   -8,    0
 18667, 99659,20220106,  -27,    0
 18667, 99659,20220107,  -53,    0
 18667, 99659,20220108,  -41,    0
 18667, 99659,20220109,  -26,    0
 18667, 99659,20220110,  -14,    0
 18667, 99659,20220111,   34,    0
 18667, 99659,20220112,   62,    0
 18667, 99659,20220113,   46,    0
 18667, 99659,20220114,-9999,    9
 18667, 99659,20220115,   34,    0
 18667, 99659,20220116,   22,    0
 18667, 99659,20220117,-9999,    9
 18667, 99659,20220118,   61,    0
 18667, 99659,20220119,   24,    0
 18667, 99659,20220120,   -3,    0
 18667, 99659,20220121,   -9,    0
 18667, 99659,20220122,   58,    0
 18667, 99659,20220123,   76,    0
 18667, 99659,20220124,   29,    0
 18667, 99659,20220125,    6,    0
 18667, 99659,20220126,   32,    0
 18667, 99659,20220127,   25,    0
 18667, 99659,20220128,    9,    0
 18667, 99659,20220129,   24,    0
 18667, 99659,20220130,   14,    0
 18667, 99659,20220131,  -24,    0
 18667, 99659,20220201,  -50,    0
 18667, 99659,20220202,  -60,    0
 18667, 99659,20220203,  -39,    0
 18667, 99659,20220204,   12,    0
 18667, 99659,20220205,   22,    0
 18667, 99659,20220206,    9,    0
 18667, 99659,20220207,   14,    0
 18667, 99659,20220208,   26,    0
 18667, 99659,20220209,   19,    0
 18667, 99659,20220210,   16,    0
 18667, 99659,20220211,   -9,    0
 18667, 99659,20220212,    9,    0
 18667, 99659,20220213,   25,    0
 18667, 99659,20220214,  -23,    0
 18667, 99659,20220215,  -23,    0
 18667, 99659,20220216,  -18,    0
 18667, 99659,20220217,  -28,    0
 18667, 99659,20220218,  -29,    0
 18667, 99659,20220219,    5,    0
 18667, 99659,20220220,   -4,    0
 18667, 99659,20220221,  -23,    0
 18667, 99659,20220222,  -31,    0
 18667, 99659,20220223,   17,    0
 18667, 99659,20220224,   26,    0
 18667, 99659,20220225,    4,    0
 18667, 99659,20220226,   10,    0
 18667, 99659,20220227,   50,    0
 18667, 99659,20220228,   43,    0
 18667, 99659,20220301,   40,    0
 18667, 99659,20220302,   42,    0
 18667, 99659,20220303,-9999,    9
 18667, 99659,20220304,   17,    0
 18667, 99659,20220305,   30,    0
 18667, 99659,20220306,   33,    0
 18667, 99659,20220307,   55,    0
 18667, 99659,20220308,   50,    0
 18667, 99659,20220309,   57,    0
 18667, 99659,20220310,   59,    0
 18667, 99659,20220311,   75,    0
 18667, 99659,20220312,   87,    0
 18667, 99659,20220313,   75,    0
 18667, 99659,20220314,   71,    0
 18667, 99659,20220315,   58,    0
 18667, 99659,20220316,   59,    0
 18667, 99659,20220317,   73,    0
 18667, 99659,20220318,   52,    0
 18667, 99659,20220319,   74,    0
 18667, 99659,20220320,   70,    0
 18667, 99659,20220321,   53,    0
 18667, 99659,20220322,   38,    0
 18667, 99659,20220323,   62,    0
 18667, 99659,20220324,   67,    0
 18667, 99659,20220325,   52,    0
 18667, 99659,20220326,   25,    0
 18667, 99659,20220327,-9999,    9
 18667, 99659,20220328,   22,    0
 18667, 99659,20220329,   -6,    0
 18667, 99659,20220330,    5,    0
 18667, 99659,20220331,    3,    0
 18667, 99659,20220401,   -1,    0
 18667, 99659,20220402,   14,    0
 18667, 99659,20220403,    0,    0
 18667, 99659,20220404,   -8,    0
 18667, 99659,20220405,   -7,    0
 18667, 99659,20220406,    6,    0
 18667, 99659,20220407,    1,    0
 18667, 99659,20220408,   -1,    0
 18667, 99659,20220409,   32,    0
 18667, 99659,20220410,   43,    0
 18667, 99659,20220411,   45,    0
 18667, 99659,20220412,   48,    0
 18667, 99659,20220413,   45,    0
 18667, 99659,20220414,   39,    0
 18667, 99659,20220415,   53,    0
 18667, 99659,20220416,   64,    0
 18667, 99659,20220417,   88,    0
 18667, 99659,20220418,  115,    0
 18667, 99659,20220419,  118,    0
 18667, 99659,20220420,   85,    0
 18667, 99659,20220421,   73,    0
 18667, 99659,20220422,   68,    0
 18667, 99659,20220423,-9999,    9
 18667, 99659,20220424,   73,    0
 18667, 99659,20220425,   53,    0
 18667, 99659,20220426,   13,    0
 18667, 99659,20220427,   14,    0
 18667, 99659,20220428,   32,    0
 18667, 99659,20220429,   41,    0
 18667, 99659,20220430,   48,    0
 18667, 99659,20220501,-9999,    9
 18667, 99659,20220502,-9999,    9
 18667, 99659,20220503,-9999,    9
 18667, 99659,20220504,-9999,    9
 18667, 99659,20220505,-9999,    9
 18667, 99659,20220506,-9999,    9
 18667, 99659,20220507,-9999,    9
 18667, 99659,20220508,-9999,    9
 18667, 99659,20220509,-9999,    9
 18667, 99659,20220510,-9999,    9
 18667, 99659,20220511,-9999,    9
 18667, 99659,20220512,-9999,    9
 18667, 99659,20220513,-9999,    9
 18667, 99659,20220514,-9999,    9
 18667, 99659,20220515,   57,    0
 18667, 99659,20220516,   50,    0
 18667, 99659,20220517,   67,    0
 18667, 99659,20220518,  107,    0
 18667, 99659,20220519,-9999,    9
 18667, 99659,20220520,-9999,    9
 18667, 99659,20220521,  128,    0
 18667, 99659,20220522,  104,    0
 18667, 99659,20220523,  155,    0
 18667, 99659,20220524,  166,    0
 18667, 99659,20220525,  127,    0
 18667, 99659,20220526,  105,    0
 18667, 99659,20220527,   95,    0
 18667, 99659,20220528,   73,    0
 18667, 99659,20220529,   93,    0
 18667, 99659,20220530,  154,    0
 18667, 99659,20220531,  162,    0
 18667, 99659,20220601,  144,    0
 18667, 99659,20220602,  158,    0
 18667, 99659,20220603,  106,    0
 18667, 99659,20220604,   88,    0
 18667, 99659,20220605,   77,    0
 18667, 99659,20220606,   97,    0
 18667, 99659,20220607,   87,    0
 18667, 99659,20220608,   91,    0
 18667, 99659,20220609,   97,    0
 18667, 99659,20220610,  133,    0
 18667, 99659,20220611,  137,    0
 18667, 99659,20220612,  136,    0
 18667, 99659,20220613,  105,    0
 18667, 99659,20220614,  101,    0
 18667, 99659,20220615,  109,    0
 18667, 99659,20220616,  115,    0
 18667, 99659,20220617,  141,    0
 18667, 99659,20220618,  118,    0
 18667, 99659,20220619,  117,    0
 18667, 99659,20220620,  128,    0
 18667, 99659,20220621,   97,    0
 18667, 99659,20220622,  107,    0
 18667, 99659,20220623,  114,    0
 18667, 99659,20220624,  162,    0
 18667, 99659,20220625,  210,    0
 18667, 99659,20220626,  206,    0
 18667, 99659,20220627,  180,    0
 18667, 99659,20220628,  153,    0
 18667, 99659,20220629,  137,    0
 18667, 99659,20220630,-9999,    9
 18667, 99659,20220701,  248,    0
 18667, 99659,20220702,  165,    0
 18667, 99659,20220703,  156,    0
 18667, 99659,20220704,  149,    0
 18667, 99659,20220705,  126,    0
 18667, 99659,20220706,  109,    0
 18667, 99659,20220707,  112,    0
 18667, 99659,20220708,  114,    0
 18667, 99659,20220709,  120,    0
 18667, 99659,20220710,  120,    0
 18667, 99659,20220711,  129,    0
 18667, 99659,20220712,  176,    0
 18667, 99659,20220713,  136,    0
 18667, 99659,20220714,  111,    0
 18667, 99659,20220715,  111,    0
 18667, 99659,20220716,  107,    0
 18667, 99659,20220717,  113,    0
 18667, 99659,20220718,  118,    0
 18667, 99659,20220719,  124,    0
 18667, 99659,20220720,  153,    0
 18667, 99659,20220721,  128,    0
 18667, 99659,20220722,  120,    0
 18667, 99659,20220723,  116,    0
 18667, 99659,20220724,  138,    0
 18667, 99659,20220725,  187,    0
 18667, 99659,20220726,  135,    0
 18667, 99659,20220727,  107,    0
 18667, 99659,20220728,  117,    0
 18667, 99659,20220729,  150,    0
 18667, 99659,20220730,  184,    0
 18667, 99659,20220731,  140,    0
 18667, 99659,20220801,  111,    0
 18667, 99659,20220802,  141,    0
 18667, 99659,20220803,  152,    0
 18667, 99659,20220804,  129,    0
 18667, 99659,20220805,  128,    0
 18667, 99659,20220806,  120,    0
 18667, 99659,20220807,  111,    0
 18667, 99659,20220808,  127,    0
 18667, 99659,20220809,-9999,    9
 18667, 99659,20220810,  150,    0
 18667, 99659,20220811,  131,    0
 18667, 99659,20220812,  128,    0
 18667, 99659,20220813,  120,    0
 18667, 99659,20220814,  148,    0
 18667, 99659,20220815,-9999,    9
 18667, 99659,20220816,  194,    0
 18667, 99659,20220817,-9999,    9
 18667, 99659,20220818,-9999,    9
 18667, 99659,20220819,  181,    0
 18667, 99659,20220820,  141,    0
 18667, 99659,20220821,  149,    0
 18667, 99659,20220822,  125,    0
 18667, 99659,20220823,  137,    0
 18667, 99659,20220824,  178,    0
 18667, 99659,20220825,  188,    0
 18667, 99659,20220826,  162,    0
 18667, 99659,20220827,  128,    0
 18667, 99659,20220828,  113,    0
 18667, 99659,20220829,  108,    0
 18667, 99659,20220830,  115,    0
 18667, 99659,20220831,  104,    0
 18667, 99659,20220901,  100,    0
 18667, 99659,20220902,  117,    0
 18667, 99659,20220903,  107,    0
 18667, 99659,20220904,  126,    0
 18667, 99659,20220905,  131,    0
 18667, 99659,20220906,  107,    0
 18667, 99659,20220907,  120,    0
 18667, 99659,20220908,  134,    0
 18667, 99659,20220909,  130,    0
 18667, 99659,20220910,  115,    0
 18667, 99659,20220911,  109,    0
 18667, 99659,20220912,  114,    0
 18667, 99659,20220913,  129,    0
 18667, 99659,20220914,  125,    0
 18667, 99659,20220915,  120,    0
 18667, 99659,20220916,  124,    0
 18667, 99659,20220917,  117,    0
 18667, 99659,20220918,  108,    0
 18667, 99659,20220919,  102,    0
 18667, 99659,20220920,   90,    0
 18667, 99659,20220921,   93,    0
 18667, 99659,20220922,  132,    0
 18667, 99659,20220923,  117,    0
 18667, 99659,20220924,  105,    0
 18667, 99659,20220925,  112,    0
 18667, 99659,20220926,  126,    0
 18667, 99659,20220927,  134,    0
 18667, 99659,20220928,  122,    0
 18667, 99659,20220929,  116,    0
 18667, 99659,20220930,  104,    0
 18667, 99659,20221001,  117,    0
 18667, 99659,20221002,  113,    0
 18667, 99659,20221003,  108,    0
 18667, 99659,20221004,  113,    0
 18667, 99659,20221005,  104,    0
 18667, 99659,20221006,   99,    0
 18667, 99659,20221007,   97,    0
 18667, 99659,20221008,   77,    0
 18667, 99659,20221009,   95,    0
 18667, 99659,20221010,  108,    0
 18667, 99659,20221011,   76,    0
 18667, 99659,20221012,   72,    0
 18667, 99659,20221013,   84,    0
 18667, 99659,20221014,   73,    0
 18667, 99659,20221015,   76,    0
 18667, 99659,20221016,   69,    0
 18667, 99659,20221017,   69,    0
 18667, 99659,20221018,   60,    0
 18667, 99659,20221019,   72,    0
 18667, 99659,20221020,   69,    0
 18667, 99659,20221021,   55,    0
 18667, 99659,20221022,   54,    0
 18667, 99659,20221023,   33,    0
 18667, 99659,20221024,   37,    0
 18667, 99659,20221025,   80,    0
 18667, 99659,20221026,   82,    0
 18667, 99659,20221027,   97,    0
 18667, 99659,20221028,   91,    0
 18667, 99659,20221029,   69,    0
 18667, 99659,20221030,   49,    0
 18667, 99659,20221031,   80,    0
