EUROPEAN CLIMATE ASSESSMENT & DATASET (ECA&D), file created on: 16-11-2022
THESE DATA CAN BE USED FOR NON-COMMERCIAL RESEARCH AND EDUCATION PROVIDED THAT THE FOLLOWING SOURCE IS ACKNOWLEDGED: 

Klein Tank, A.M.G. and Coauthors, 2002. Daily dataset of 20th-century surface
air temperature and precipitation series for the European Climate Assessment.
Int. J. of Climatol., 22, 1441-1453.
Data and metadata available at http://www.ecad.eu

FILE FORMAT (MISSING VALUE CODE = -9999):

01-06 STAID: Station identifier
08-13 SOUID: Source identifier
15-22 DATE : Date YYYYMMDD
24-28 TG   : Mean temperature in 0.1 &#176;C
30-34 Q_TG : quality code for TG (0='valid'; 1='suspect'; 9='missing')

This is the blended series of station FV472 SANDHORNOEYA, NORWAY (STAID: 18512)
Blended and updated with sources:99371 
See files sources.txt and stations.txt for more info.

STAID, SOUID,    DATE,   TG, Q_TG
 18512, 99371,20151101,-9999,    9
 18512, 99371,20151102,-9999,    9
 18512, 99371,20151103,-9999,    9
 18512, 99371,20151104,-9999,    9
 18512, 99371,20151105,-9999,    9
 18512, 99371,20151106,-9999,    9
 18512, 99371,20151107,-9999,    9
 18512, 99371,20151108,-9999,    9
 18512, 99371,20151109,-9999,    9
 18512, 99371,20151110,-9999,    9
 18512, 99371,20151111,-9999,    9
 18512, 99371,20151112,-9999,    9
 18512, 99371,20151113,-9999,    9
 18512, 99371,20151114,-9999,    9
 18512, 99371,20151115,-9999,    9
 18512, 99371,20151116,-9999,    9
 18512, 99371,20151117,-9999,    9
 18512, 99371,20151118,    5,    0
 18512, 99371,20151119,   -8,    0
 18512, 99371,20151120,  -13,    0
 18512, 99371,20151121,-9999,    9
 18512, 99371,20151122,  -50,    0
 18512, 99371,20151123,   -2,    0
 18512, 99371,20151124,   61,    0
 18512, 99371,20151125,   53,    0
 18512, 99371,20151126,   40,    0
 18512, 99371,20151127,-9999,    9
 18512, 99371,20151128,-9999,    9
 18512, 99371,20151129,   21,    0
 18512, 99371,20151130,   -5,    0
 18512, 99371,20151201,    8,    0
 18512, 99371,20151202,   24,    0
 18512, 99371,20151203,-9999,    9
 18512, 99371,20151204,-9999,    9
 18512, 99371,20151205,   44,    0
 18512, 99371,20151206,   31,    0
 18512, 99371,20151207,   38,    0
 18512, 99371,20151208,   20,    0
 18512, 99371,20151209,   71,    0
 18512, 99371,20151210,   30,    0
 18512, 99371,20151211,   42,    0
 18512, 99371,20151212,    7,    0
 18512, 99371,20151213,  -11,    0
 18512, 99371,20151214,-9999,    9
 18512, 99371,20151215,   -1,    0
 18512, 99371,20151216,  -15,    0
 18512, 99371,20151217,    7,    0
 18512, 99371,20151218,   61,    0
 18512, 99371,20151219,   23,    0
 18512, 99371,20151220,-9999,    9
 18512, 99371,20151221,-9999,    9
 18512, 99371,20151222,-9999,    9
 18512, 99371,20151223,   35,    0
 18512, 99371,20151224,   65,    0
 18512, 99371,20151225,   36,    0
 18512, 99371,20151226,  -33,    0
 18512, 99371,20151227,   11,    0
 18512, 99371,20151228,   -5,    0
 18512, 99371,20151229,   13,    0
 18512, 99371,20151230,   21,    0
 18512, 99371,20151231,   53,    0
 18512, 99371,20160101,   48,    0
 18512, 99371,20160102,    3,    0
 18512, 99371,20160103,-9999,    9
 18512, 99371,20160104,  -90,    0
 18512, 99371,20160105,  -84,    0
 18512, 99371,20160106,  -84,    0
 18512, 99371,20160107, -143,    0
 18512, 99371,20160108, -146,    0
 18512, 99371,20160109, -126,    0
 18512, 99371,20160110, -105,    0
 18512, 99371,20160111,  -53,    0
 18512, 99371,20160112,  -53,    0
 18512, 99371,20160113,  -91,    0
 18512, 99371,20160114, -118,    0
 18512, 99371,20160115,-9999,    9
 18512, 99371,20160116,  -94,    0
 18512, 99371,20160117,  -66,    0
 18512, 99371,20160118,  -83,    0
 18512, 99371,20160119,  -72,    0
 18512, 99371,20160120,  -87,    0
 18512, 99371,20160121,  -16,    0
 18512, 99371,20160122,   18,    0
 18512, 99371,20160123,  -13,    0
 18512, 99371,20160124,-9999,    9
 18512, 99371,20160125,-9999,    9
 18512, 99371,20160126,-9999,    9
 18512, 99371,20160127,-9999,    9
 18512, 99371,20160128,-9999,    9
 18512, 99371,20160129,   29,    0
 18512, 99371,20160130,   24,    0
 18512, 99371,20160131,   16,    0
 18512, 99371,20160201,   -8,    0
 18512, 99371,20160202,  -46,    0
 18512, 99371,20160203,-9999,    9
 18512, 99371,20160204,-9999,    9
 18512, 99371,20160205,  -25,    0
 18512, 99371,20160206,   -7,    0
 18512, 99371,20160207,    6,    0
 18512, 99371,20160208,   16,    0
 18512, 99371,20160209,   16,    0
 18512, 99371,20160210,-9999,    9
 18512, 99371,20160211,-9999,    9
 18512, 99371,20160212,-9999,    9
 18512, 99371,20160213,  -45,    0
 18512, 99371,20160214,  -55,    0
 18512, 99371,20160215,  -28,    0
 18512, 99371,20160216,  -13,    0
 18512, 99371,20160217,   51,    0
 18512, 99371,20160218,   22,    0
 18512, 99371,20160219,   15,    0
 18512, 99371,20160220,-9999,    9
 18512, 99371,20160221,   13,    0
 18512, 99371,20160222,  -33,    0
 18512, 99371,20160223,   -9,    0
 18512, 99371,20160224,    5,    0
 18512, 99371,20160225,  -65,    0
 18512, 99371,20160226, -100,    0
 18512, 99371,20160227,  -24,    0
 18512, 99371,20160228,  -27,    0
 18512, 99371,20160229,   11,    0
 18512, 99371,20160301,-9999,    9
 18512, 99371,20160302,-9999,    9
 18512, 99371,20160303,-9999,    9
 18512, 99371,20160304,-9999,    9
 18512, 99371,20160305,   13,    0
 18512, 99371,20160306,   10,    0
 18512, 99371,20160307,    6,    0
 18512, 99371,20160308,  -22,    0
 18512, 99371,20160309,  -26,    0
 18512, 99371,20160310,    9,    0
 18512, 99371,20160311,   42,    0
 18512, 99371,20160312,   45,    0
 18512, 99371,20160313,   46,    0
 18512, 99371,20160314,   52,    0
 18512, 99371,20160315,   60,    0
 18512, 99371,20160316,   52,    0
 18512, 99371,20160317,    1,    0
 18512, 99371,20160318,  -16,    0
 18512, 99371,20160319,  -18,    0
 18512, 99371,20160320,  -13,    0
 18512, 99371,20160321,  -43,    0
 18512, 99371,20160322,  -47,    0
 18512, 99371,20160323,  -31,    0
 18512, 99371,20160324,    6,    0
 18512, 99371,20160325,   19,    0
 18512, 99371,20160326,   53,    0
 18512, 99371,20160327,-9999,    9
 18512, 99371,20160328,   74,    0
 18512, 99371,20160329,-9999,    9
 18512, 99371,20160330,-9999,    9
 18512, 99371,20160331,-9999,    9
 18512, 99371,20160401,   19,    0
 18512, 99371,20160402,   28,    0
 18512, 99371,20160403,   57,    0
 18512, 99371,20160404,   39,    0
 18512, 99371,20160405,   37,    0
 18512, 99371,20160406,   46,    0
 18512, 99371,20160407,-9999,    9
 18512, 99371,20160408,-9999,    9
 18512, 99371,20160409,   35,    0
 18512, 99371,20160410,   41,    0
 18512, 99371,20160411,   33,    0
 18512, 99371,20160412,   14,    0
 18512, 99371,20160413,   -8,    0
 18512, 99371,20160414,   -4,    0
 18512, 99371,20160415,   38,    0
 18512, 99371,20160416,   23,    0
 18512, 99371,20160417,   27,    0
 18512, 99371,20160418,   42,    0
 18512, 99371,20160419,   32,    0
 18512, 99371,20160420,   37,    0
 18512, 99371,20160421,   45,    0
 18512, 99371,20160422,   23,    0
 18512, 99371,20160423,    7,    0
 18512, 99371,20160424,    1,    0
 18512, 99371,20160425,   19,    0
 18512, 99371,20160426,   36,    0
 18512, 99371,20160427,   44,    0
 18512, 99371,20160428,   74,    0
 18512, 99371,20160429,  101,    0
 18512, 99371,20160430,   86,    0
 18512, 99371,20160501,   89,    0
 18512, 99371,20160502,-9999,    9
 18512, 99371,20160503,-9999,    9
 18512, 99371,20160504,-9999,    9
 18512, 99371,20160505,   98,    0
 18512, 99371,20160506,   87,    0
 18512, 99371,20160507,   97,    0
 18512, 99371,20160508,   69,    0
 18512, 99371,20160509,   55,    0
 18512, 99371,20160510,   45,    0
 18512, 99371,20160511,   57,    0
 18512, 99371,20160512,   40,    0
 18512, 99371,20160513,-9999,    9
 18512, 99371,20160514,   49,    0
 18512, 99371,20160515,-9999,    9
 18512, 99371,20160516,   48,    0
 18512, 99371,20160517,   22,    0
 18512, 99371,20160518,   25,    0
 18512, 99371,20160519,-9999,    9
 18512, 99371,20160520,-9999,    9
 18512, 99371,20160521,   93,    0
 18512, 99371,20160522,  129,    0
 18512, 99371,20160523,   89,    0
 18512, 99371,20160524,   75,    0
 18512, 99371,20160525,   66,    0
 18512, 99371,20160526,   86,    0
 18512, 99371,20160527,  133,    0
 18512, 99371,20160528,  149,    0
 18512, 99371,20160529,  152,    0
 18512, 99371,20160530,  140,    0
 18512, 99371,20160531,-9999,    9
 18512, 99371,20160601,  101,    0
 18512, 99371,20160602,  101,    0
 18512, 99371,20160603,   69,    0
 18512, 99371,20160604,-9999,    9
 18512, 99371,20160605,-9999,    9
 18512, 99371,20160606,-9999,    9
 18512, 99371,20160607,   71,    0
 18512, 99371,20160608,   58,    0
 18512, 99371,20160609,   59,    0
 18512, 99371,20160610,   74,    0
 18512, 99371,20160611,   89,    0
 18512, 99371,20160612,   68,    0
 18512, 99371,20160613,   63,    0
 18512, 99371,20160614,   65,    0
 18512, 99371,20160615,   79,    0
 18512, 99371,20160616,   96,    0
 18512, 99371,20160617,-9999,    9
 18512, 99371,20160618,-9999,    9
 18512, 99371,20160619,-9999,    9
 18512, 99371,20160620,-9999,    9
 18512, 99371,20160621,  119,    0
 18512, 99371,20160622,  110,    0
 18512, 99371,20160623,  141,    0
 18512, 99371,20160624,  101,    0
 18512, 99371,20160625,   99,    0
 18512, 99371,20160626,  128,    0
 18512, 99371,20160627,  191,    0
 18512, 99371,20160628,  110,    0
 18512, 99371,20160629,  116,    0
 18512, 99371,20160630,  182,    0
 18512, 99371,20160701,  134,    0
 18512, 99371,20160702,  162,    0
 18512, 99371,20160703,  127,    0
 18512, 99371,20160704,  128,    0
 18512, 99371,20160705,  116,    0
 18512, 99371,20160706,  113,    0
 18512, 99371,20160707,  103,    0
 18512, 99371,20160708,   98,    0
 18512, 99371,20160709,  101,    0
 18512, 99371,20160710,  112,    0
 18512, 99371,20160711,  132,    0
 18512, 99371,20160712,  172,    0
 18512, 99371,20160713,  118,    0
 18512, 99371,20160714,  110,    0
 18512, 99371,20160715,  104,    0
 18512, 99371,20160716,  106,    0
 18512, 99371,20160717,  112,    0
 18512, 99371,20160718,-9999,    9
 18512, 99371,20160719,  111,    0
 18512, 99371,20160720,  127,    0
 18512, 99371,20160721,  181,    0
 18512, 99371,20160722,  205,    0
 18512, 99371,20160723,  169,    0
 18512, 99371,20160724,  139,    0
 18512, 99371,20160725,  154,    0
 18512, 99371,20160726,  179,    0
 18512, 99371,20160727,  137,    0
 18512, 99371,20160728,  153,    0
 18512, 99371,20160729,  139,    0
 18512, 99371,20160730,  161,    0
 18512, 99371,20160731,  153,    0
 18512, 99371,20160801,  130,    0
 18512, 99371,20160802,  130,    0
 18512, 99371,20160803,  120,    0
 18512, 99371,20160804,  132,    0
 18512, 99371,20160805,  130,    0
 18512, 99371,20160806,  114,    0
 18512, 99371,20160807,  109,    0
 18512, 99371,20160808,  133,    0
 18512, 99371,20160809,  101,    0
 18512, 99371,20160810,   87,    0
 18512, 99371,20160811,   83,    0
 18512, 99371,20160812,-9999,    9
 18512, 99371,20160813,   87,    0
 18512, 99371,20160814,  110,    0
 18512, 99371,20160815,-9999,    9
 18512, 99371,20160816,-9999,    9
 18512, 99371,20160817,  109,    0
 18512, 99371,20160818,  167,    0
 18512, 99371,20160819,  163,    0
 18512, 99371,20160820,  146,    0
 18512, 99371,20160821,-9999,    9
 18512, 99371,20160822,-9999,    9
 18512, 99371,20160823,  110,    0
 18512, 99371,20160824,  104,    0
 18512, 99371,20160825,  101,    0
 18512, 99371,20160826,  119,    0
 18512, 99371,20160827,   94,    0
 18512, 99371,20160828,   80,    0
 18512, 99371,20160829,   97,    0
 18512, 99371,20160830,   94,    0
 18512, 99371,20160831,-9999,    9
 18512, 99371,20160901,-9999,    9
 18512, 99371,20160902,   81,    0
 18512, 99371,20160903,   88,    0
 18512, 99371,20160904,   87,    0
 18512, 99371,20160905,   74,    0
 18512, 99371,20160906,   97,    0
 18512, 99371,20160907,  119,    0
 18512, 99371,20160908,   99,    0
 18512, 99371,20160909,  123,    0
 18512, 99371,20160910,  145,    0
 18512, 99371,20160911,  115,    0
 18512, 99371,20160912,  108,    0
 18512, 99371,20160913,  136,    0
 18512, 99371,20160914,  129,    0
 18512, 99371,20160915,   88,    0
 18512, 99371,20160916,-9999,    9
 18512, 99371,20160917,-9999,    9
 18512, 99371,20160918,-9999,    9
 18512, 99371,20160919,  137,    0
 18512, 99371,20160920,  112,    0
 18512, 99371,20160921,  122,    0
 18512, 99371,20160922,-9999,    9
 18512, 99371,20160923,-9999,    9
 18512, 99371,20160924,-9999,    9
 18512, 99371,20160925,-9999,    9
 18512, 99371,20160926,-9999,    9
 18512, 99371,20160927,   95,    0
 18512, 99371,20160928,  115,    0
 18512, 99371,20160929,   91,    0
 18512, 99371,20160930,-9999,    9
 18512, 99371,20161001,-9999,    9
 18512, 99371,20161002,-9999,    9
 18512, 99371,20161003,-9999,    9
 18512, 99371,20161004,-9999,    9
 18512, 99371,20161005,-9999,    9
 18512, 99371,20161006,-9999,    9
 18512, 99371,20161007,   39,    0
 18512, 99371,20161008,   38,    0
 18512, 99371,20161009,-9999,    9
 18512, 99371,20161010,-9999,    9
 18512, 99371,20161011,-9999,    9
 18512, 99371,20161012,-9999,    9
 18512, 99371,20161013,-9999,    9
 18512, 99371,20161014,-9999,    9
 18512, 99371,20161015,-9999,    9
 18512, 99371,20161016,   13,    0
 18512, 99371,20161017,   22,    0
 18512, 99371,20161018,-9999,    9
 18512, 99371,20161019,   29,    0
 18512, 99371,20161020,-9999,    9
 18512, 99371,20161021,-9999,    9
 18512, 99371,20161022,-9999,    9
 18512, 99371,20161023,-9999,    9
 18512, 99371,20161024,-9999,    9
 18512, 99371,20161025,-9999,    9
 18512, 99371,20161026,-9999,    9
 18512, 99371,20161027,   73,    0
 18512, 99371,20161028,   50,    0
 18512, 99371,20161029,   31,    0
 18512, 99371,20161030,   21,    0
 18512, 99371,20161031,   13,    0
 18512, 99371,20161101,   20,    0
 18512, 99371,20161102,-9999,    9
 18512, 99371,20161103,  -14,    0
 18512, 99371,20161104,-9999,    9
 18512, 99371,20161105,  -46,    0
 18512, 99371,20161106,  -71,    0
 18512, 99371,20161107,  -67,    0
 18512, 99371,20161108,  -44,    0
 18512, 99371,20161109,  -15,    0
 18512, 99371,20161110,  -36,    0
 18512, 99371,20161111,  -21,    0
 18512, 99371,20161112,   18,    0
 18512, 99371,20161113,   65,    0
 18512, 99371,20161114,   68,    0
 18512, 99371,20161115,   72,    0
 18512, 99371,20161116,   64,    0
 18512, 99371,20161117,   42,    0
 18512, 99371,20161118,    5,    0
 18512, 99371,20161119,   25,    0
 18512, 99371,20161120,   18,    0
 18512, 99371,20161121,    9,    0
 18512, 99371,20161122,    9,    0
 18512, 99371,20161123,   -3,    0
 18512, 99371,20161124,  -13,    0
 18512, 99371,20161125,   16,    0
 18512, 99371,20161126,   34,    0
 18512, 99371,20161127,   14,    0
 18512, 99371,20161128,   32,    0
 18512, 99371,20161129,   52,    0
 18512, 99371,20161130,   21,    0
 18512, 99371,20161201,-9999,    9
 18512, 99371,20161202,    6,    0
 18512, 99371,20161203,  -45,    0
 18512, 99371,20161204,   44,    0
 18512, 99371,20161205,   27,    0
 18512, 99371,20161206,   34,    0
 18512, 99371,20161207,   46,    0
 18512, 99371,20161208,   29,    0
 18512, 99371,20161209,   -9,    0
 18512, 99371,20161210,  -77,    0
 18512, 99371,20161211,  -77,    0
 18512, 99371,20161212,   13,    0
 18512, 99371,20161213,   24,    0
 18512, 99371,20161214,   57,    0
 18512, 99371,20161215,   64,    0
 18512, 99371,20161216,   70,    0
 18512, 99371,20161217,   64,    0
 18512, 99371,20161218,   71,    0
 18512, 99371,20161219,   88,    0
 18512, 99371,20161220,   67,    0
 18512, 99371,20161221,   70,    0
 18512, 99371,20161222,   30,    0
 18512, 99371,20161223,   11,    0
 18512, 99371,20161224,-9999,    9
 18512, 99371,20161225,  -28,    0
 18512, 99371,20161226,   29,    0
 18512, 99371,20161227,   25,    0
 18512, 99371,20161228,-9999,    9
 18512, 99371,20161229,   46,    0
 18512, 99371,20161230,   54,    0
 18512, 99371,20161231,   16,    0
 18512, 99371,20170101,-9999,    9
 18512, 99371,20170102,-9999,    9
 18512, 99371,20170103,-9999,    9
 18512, 99371,20170104,-9999,    9
 18512, 99371,20170105,-9999,    9
 18512, 99371,20170106,-9999,    9
 18512, 99371,20170107,-9999,    9
 18512, 99371,20170108,-9999,    9
 18512, 99371,20170109,-9999,    9
 18512, 99371,20170110,-9999,    9
 18512, 99371,20170111,-9999,    9
 18512, 99371,20170112,-9999,    9
 18512, 99371,20170113,-9999,    9
 18512, 99371,20170114,-9999,    9
 18512, 99371,20170115,-9999,    9
 18512, 99371,20170116,-9999,    9
 18512, 99371,20170117,-9999,    9
 18512, 99371,20170118,-9999,    9
 18512, 99371,20170119,-9999,    9
 18512, 99371,20170120,-9999,    9
 18512, 99371,20170121,-9999,    9
 18512, 99371,20170122,-9999,    9
 18512, 99371,20170123,-9999,    9
 18512, 99371,20170124,-9999,    9
 18512, 99371,20170125,-9999,    9
 18512, 99371,20170126,-9999,    9
 18512, 99371,20170127,-9999,    9
 18512, 99371,20170128,-9999,    9
 18512, 99371,20170129,-9999,    9
 18512, 99371,20170130,-9999,    9
 18512, 99371,20170131,-9999,    9
 18512, 99371,20170201,-9999,    9
 18512, 99371,20170202,-9999,    9
 18512, 99371,20170203,-9999,    9
 18512, 99371,20170204,-9999,    9
 18512, 99371,20170205,-9999,    9
 18512, 99371,20170206,-9999,    9
 18512, 99371,20170207,-9999,    9
 18512, 99371,20170208,-9999,    9
 18512, 99371,20170209,-9999,    9
 18512, 99371,20170210,-9999,    9
 18512, 99371,20170211,-9999,    9
 18512, 99371,20170212,-9999,    9
 18512, 99371,20170213,-9999,    9
 18512, 99371,20170214,-9999,    9
 18512, 99371,20170215,-9999,    9
 18512, 99371,20170216,-9999,    9
 18512, 99371,20170217,-9999,    9
 18512, 99371,20170218,-9999,    9
 18512, 99371,20170219,-9999,    9
 18512, 99371,20170220,-9999,    9
 18512, 99371,20170221,-9999,    9
 18512, 99371,20170222,-9999,    9
 18512, 99371,20170223,-9999,    9
 18512, 99371,20170224,-9999,    9
 18512, 99371,20170225,-9999,    9
 18512, 99371,20170226,-9999,    9
 18512, 99371,20170227,-9999,    9
 18512, 99371,20170228,-9999,    9
 18512, 99371,20170301,-9999,    9
 18512, 99371,20170302,-9999,    9
 18512, 99371,20170303,-9999,    9
 18512, 99371,20170304,-9999,    9
 18512, 99371,20170305,-9999,    9
 18512, 99371,20170306,-9999,    9
 18512, 99371,20170307,-9999,    9
 18512, 99371,20170308,-9999,    9
 18512, 99371,20170309,-9999,    9
 18512, 99371,20170310,-9999,    9
 18512, 99371,20170311,-9999,    9
 18512, 99371,20170312,-9999,    9
 18512, 99371,20170313,   45,    0
 18512, 99371,20170314,-9999,    9
 18512, 99371,20170315,-9999,    9
 18512, 99371,20170316,-9999,    9
 18512, 99371,20170317,-9999,    9
 18512, 99371,20170318,-9999,    9
 18512, 99371,20170319,-9999,    9
 18512, 99371,20170320,-9999,    9
 18512, 99371,20170321,-9999,    9
 18512, 99371,20170322,-9999,    9
 18512, 99371,20170323,-9999,    9
 18512, 99371,20170324,-9999,    9
 18512, 99371,20170325,-9999,    9
 18512, 99371,20170326,-9999,    9
 18512, 99371,20170327,-9999,    9
 18512, 99371,20170328,-9999,    9
 18512, 99371,20170329,-9999,    9
 18512, 99371,20170330,-9999,    9
 18512, 99371,20170331,-9999,    9
 18512, 99371,20170401,-9999,    9
 18512, 99371,20170402,-9999,    9
 18512, 99371,20170403,   52,    0
 18512, 99371,20170404,   60,    0
 18512, 99371,20170405,   34,    0
 18512, 99371,20170406,   11,    0
 18512, 99371,20170407,  -12,    0
 18512, 99371,20170408,   -6,    0
 18512, 99371,20170409,   49,    0
 18512, 99371,20170410,   26,    0
 18512, 99371,20170411,   13,    0
 18512, 99371,20170412,    6,    0
 18512, 99371,20170413,   -9,    0
 18512, 99371,20170414,  -30,    0
 18512, 99371,20170415,  -21,    0
 18512, 99371,20170416,  -19,    0
 18512, 99371,20170417,  -13,    0
 18512, 99371,20170418,   -7,    0
 18512, 99371,20170419,   29,    0
 18512, 99371,20170420,   28,    0
 18512, 99371,20170421,   32,    0
 18512, 99371,20170422,   16,    0
 18512, 99371,20170423,   10,    0
 18512, 99371,20170424,   13,    0
 18512, 99371,20170425,   10,    0
 18512, 99371,20170426,    9,    0
 18512, 99371,20170427,-9999,    9
 18512, 99371,20170428,   21,    0
 18512, 99371,20170429,   26,    0
 18512, 99371,20170430,   32,    0
 18512, 99371,20170501,   41,    0
 18512, 99371,20170502,   50,    0
 18512, 99371,20170503,   49,    0
 18512, 99371,20170504,   46,    0
 18512, 99371,20170505,   70,    0
 18512, 99371,20170506,   41,    0
 18512, 99371,20170507,   18,    0
 18512, 99371,20170508,    4,    0
 18512, 99371,20170509,    7,    0
 18512, 99371,20170510,   19,    0
 18512, 99371,20170511,   20,    0
 18512, 99371,20170512,   36,    0
 18512, 99371,20170513,   40,    0
 18512, 99371,20170514,   43,    0
 18512, 99371,20170515,   56,    0
 18512, 99371,20170516,   86,    0
 18512, 99371,20170517,   83,    0
 18512, 99371,20170518,   98,    0
 18512, 99371,20170519,   71,    0
 18512, 99371,20170520,-9999,    9
 18512, 99371,20170521,   64,    0
 18512, 99371,20170522,   62,    0
 18512, 99371,20170523,   64,    0
 18512, 99371,20170524,   62,    0
 18512, 99371,20170525,   64,    0
 18512, 99371,20170526,   60,    0
 18512, 99371,20170527,   82,    0
 18512, 99371,20170528,   70,    0
 18512, 99371,20170529,   51,    0
 18512, 99371,20170530,   34,    0
 18512, 99371,20170531,   34,    0
 18512, 99371,20170601,   52,    0
 18512, 99371,20170602,   62,    0
 18512, 99371,20170603,   91,    0
 18512, 99371,20170604,   97,    0
 18512, 99371,20170605,  100,    0
 18512, 99371,20170606,  121,    0
 18512, 99371,20170607,  169,    0
 18512, 99371,20170608,-9999,    9
 18512, 99371,20170609,-9999,    9
 18512, 99371,20170610,  158,    0
 18512, 99371,20170611,  157,    0
 18512, 99371,20170612,  155,    0
 18512, 99371,20170613,  141,    0
 18512, 99371,20170614,  108,    0
 18512, 99371,20170615,  110,    0
 18512, 99371,20170616,  125,    0
 18512, 99371,20170617,  112,    0
 18512, 99371,20170618,  105,    0
 18512, 99371,20170619,   96,    0
 18512, 99371,20170620,   95,    0
 18512, 99371,20170621,  101,    0
 18512, 99371,20170622,   90,    0
 18512, 99371,20170623,  115,    0
 18512, 99371,20170624,  117,    0
 18512, 99371,20170625,  109,    0
 18512, 99371,20170626,  111,    0
 18512, 99371,20170627,   79,    0
 18512, 99371,20170628,   85,    0
 18512, 99371,20170629,   97,    0
 18512, 99371,20170630,  125,    0
 18512, 99371,20170701,  164,    0
 18512, 99371,20170702,  107,    0
 18512, 99371,20170703,   93,    0
 18512, 99371,20170704,   94,    0
 18512, 99371,20170705,   81,    0
 18512, 99371,20170706,   95,    0
 18512, 99371,20170707,  102,    0
 18512, 99371,20170708,  130,    0
 18512, 99371,20170709,-9999,    9
 18512, 99371,20170710,-9999,    9
 18512, 99371,20170711,  115,    0
 18512, 99371,20170712,-9999,    9
 18512, 99371,20170713,-9999,    9
 18512, 99371,20170714,   95,    0
 18512, 99371,20170715,-9999,    9
 18512, 99371,20170716,-9999,    9
 18512, 99371,20170717,-9999,    9
 18512, 99371,20170718,-9999,    9
 18512, 99371,20170719,-9999,    9
 18512, 99371,20170720,-9999,    9
 18512, 99371,20170721,-9999,    9
 18512, 99371,20170722,-9999,    9
 18512, 99371,20170723,-9999,    9
 18512, 99371,20170724,-9999,    9
 18512, 99371,20170725,-9999,    9
 18512, 99371,20170726,-9999,    9
 18512, 99371,20170727,-9999,    9
 18512, 99371,20170728,-9999,    9
 18512, 99371,20170729,-9999,    9
 18512, 99371,20170730,-9999,    9
 18512, 99371,20170731,-9999,    9
 18512, 99371,20170801,-9999,    9
 18512, 99371,20170802,-9999,    9
 18512, 99371,20170803,-9999,    9
 18512, 99371,20170804,-9999,    9
 18512, 99371,20170805,-9999,    9
 18512, 99371,20170806,-9999,    9
 18512, 99371,20170807,-9999,    9
 18512, 99371,20170808,-9999,    9
 18512, 99371,20170809,-9999,    9
 18512, 99371,20170810,-9999,    9
 18512, 99371,20170811,-9999,    9
 18512, 99371,20170812,-9999,    9
 18512, 99371,20170813,-9999,    9
 18512, 99371,20170814,-9999,    9
 18512, 99371,20170815,-9999,    9
 18512, 99371,20170816,-9999,    9
 18512, 99371,20170817,-9999,    9
 18512, 99371,20170818,-9999,    9
 18512, 99371,20170819,-9999,    9
 18512, 99371,20170820,-9999,    9
 18512, 99371,20170821,-9999,    9
 18512, 99371,20170822,-9999,    9
 18512, 99371,20170823,-9999,    9
 18512, 99371,20170824,-9999,    9
 18512, 99371,20170825,-9999,    9
 18512, 99371,20170826,-9999,    9
 18512, 99371,20170827,-9999,    9
 18512, 99371,20170828,-9999,    9
 18512, 99371,20170829,-9999,    9
 18512, 99371,20170830,-9999,    9
 18512, 99371,20170831,-9999,    9
 18512, 99371,20170901,-9999,    9
 18512, 99371,20170902,-9999,    9
 18512, 99371,20170903,-9999,    9
 18512, 99371,20170904,-9999,    9
 18512, 99371,20170905,-9999,    9
 18512, 99371,20170906,-9999,    9
 18512, 99371,20170907,-9999,    9
 18512, 99371,20170908,-9999,    9
 18512, 99371,20170909,-9999,    9
 18512, 99371,20170910,-9999,    9
 18512, 99371,20170911,-9999,    9
 18512, 99371,20170912,-9999,    9
 18512, 99371,20170913,-9999,    9
 18512, 99371,20170914,-9999,    9
 18512, 99371,20170915,-9999,    9
 18512, 99371,20170916,-9999,    9
 18512, 99371,20170917,-9999,    9
 18512, 99371,20170918,-9999,    9
 18512, 99371,20170919,-9999,    9
 18512, 99371,20170920,-9999,    9
 18512, 99371,20170921,-9999,    9
 18512, 99371,20170922,-9999,    9
 18512, 99371,20170923,-9999,    9
 18512, 99371,20170924,-9999,    9
 18512, 99371,20170925,-9999,    9
 18512, 99371,20170926,-9999,    9
 18512, 99371,20170927,-9999,    9
 18512, 99371,20170928,-9999,    9
 18512, 99371,20170929,  125,    0
 18512, 99371,20170930,  147,    0
 18512, 99371,20171001,  108,    0
 18512, 99371,20171002,  125,    0
 18512, 99371,20171003,  119,    0
 18512, 99371,20171004,-9999,    9
 18512, 99371,20171005,   67,    0
 18512, 99371,20171006,   62,    0
 18512, 99371,20171007,   34,    0
 18512, 99371,20171008,   51,    0
 18512, 99371,20171009,   33,    0
 18512, 99371,20171010,   59,    0
 18512, 99371,20171011,   75,    0
 18512, 99371,20171012,   74,    0
 18512, 99371,20171013,   59,    0
 18512, 99371,20171014,-9999,    9
 18512, 99371,20171015,   85,    0
 18512, 99371,20171016,   75,    0
 18512, 99371,20171017,-9999,    9
 18512, 99371,20171018,-9999,    9
 18512, 99371,20171019,-9999,    9
 18512, 99371,20171020,-9999,    9
 18512, 99371,20171021,-9999,    9
 18512, 99371,20171022,-9999,    9
 18512, 99371,20171023,-9999,    9
 18512, 99371,20171024,-9999,    9
 18512, 99371,20171025,   41,    0
 18512, 99371,20171026,   38,    0
 18512, 99371,20171027,   69,    0
 18512, 99371,20171028,   24,    0
 18512, 99371,20171029,   13,    0
 18512, 99371,20171030,    4,    0
 18512, 99371,20171031,    4,    0
 18512, 99371,20171101,-9999,    9
 18512, 99371,20171102,-9999,    9
 18512, 99371,20171103,   74,    0
 18512, 99371,20171104,   59,    0
 18512, 99371,20171105,   37,    0
 18512, 99371,20171106,   39,    0
 18512, 99371,20171107,   57,    0
 18512, 99371,20171108,   79,    0
 18512, 99371,20171109,   66,    0
 18512, 99371,20171110,   38,    0
 18512, 99371,20171111,   37,    0
 18512, 99371,20171112,  -12,    0
 18512, 99371,20171113,   11,    0
 18512, 99371,20171114,  -17,    0
 18512, 99371,20171115,   -9,    0
 18512, 99371,20171116,   28,    0
 18512, 99371,20171117,   -2,    0
 18512, 99371,20171118,  -10,    0
 18512, 99371,20171119,  -66,    0
 18512, 99371,20171120,  -91,    0
 18512, 99371,20171121,  -76,    0
 18512, 99371,20171122,  -17,    0
 18512, 99371,20171123,    8,    0
 18512, 99371,20171124,   25,    0
 18512, 99371,20171125,   24,    0
 18512, 99371,20171126,  -28,    0
 18512, 99371,20171127,  -13,    0
 18512, 99371,20171128,-9999,    9
 18512, 99371,20171129,-9999,    9
 18512, 99371,20171130,  -96,    0
 18512, 99371,20171201,   -4,    0
 18512, 99371,20171202,   35,    0
 18512, 99371,20171203,   22,    0
 18512, 99371,20171204,   10,    0
 18512, 99371,20171205,    7,    0
 18512, 99371,20171206,   -9,    0
 18512, 99371,20171207,   -5,    0
 18512, 99371,20171208,   23,    0
 18512, 99371,20171209,   24,    0
 18512, 99371,20171210,    7,    0
 18512, 99371,20171211,   -9,    0
 18512, 99371,20171212,  -57,    0
 18512, 99371,20171213,  -73,    0
 18512, 99371,20171214,  -52,    0
 18512, 99371,20171215,  -64,    0
 18512, 99371,20171216,  -16,    0
 18512, 99371,20171217,    4,    0
 18512, 99371,20171218,  -17,    0
 18512, 99371,20171219,   62,    0
 18512, 99371,20171220,   56,    0
 18512, 99371,20171221,   29,    0
 18512, 99371,20171222,    9,    0
 18512, 99371,20171223,    4,    0
 18512, 99371,20171224,   15,    0
 18512, 99371,20171225,   -1,    0
 18512, 99371,20171226,  -77,    0
 18512, 99371,20171227,  -41,    0
 18512, 99371,20171228,  -49,    0
 18512, 99371,20171229,   -7,    0
 18512, 99371,20171230,    7,    0
 18512, 99371,20171231,  -14,    0
 18512, 99371,20180101,   -7,    0
 18512, 99371,20180102,  -10,    0
 18512, 99371,20180103,  -34,    0
 18512, 99371,20180104,  -82,    0
 18512, 99371,20180105,  -72,    0
 18512, 99371,20180106,  -45,    0
 18512, 99371,20180107,  -20,    0
 18512, 99371,20180108,    5,    0
 18512, 99371,20180109,   49,    0
 18512, 99371,20180110,  -17,    0
 18512, 99371,20180111,    6,    0
 18512, 99371,20180112,   27,    0
 18512, 99371,20180113,  -13,    0
 18512, 99371,20180114,  -40,    0
 18512, 99371,20180115,   -5,    0
 18512, 99371,20180116,    9,    0
 18512, 99371,20180117,  -30,    0
 18512, 99371,20180118,  -73,    0
 18512, 99371,20180119,  -75,    0
 18512, 99371,20180120,  -83,    0
 18512, 99371,20180121,  -95,    0
 18512, 99371,20180122,  -88,    0
 18512, 99371,20180123,  -54,    0
 18512, 99371,20180124,  -21,    0
 18512, 99371,20180125,  -23,    0
 18512, 99371,20180126,  -22,    0
 18512, 99371,20180127,  -84,    0
 18512, 99371,20180128,  -44,    0
 18512, 99371,20180129,  -31,    0
 18512, 99371,20180130,  -23,    0
 18512, 99371,20180131,  -18,    0
 18512, 99371,20180201,  -36,    0
 18512, 99371,20180202,  -96,    0
 18512, 99371,20180203,  -88,    0
 18512, 99371,20180204,  -80,    0
 18512, 99371,20180205,   31,    0
 18512, 99371,20180206,   -1,    0
 18512, 99371,20180207,  -60,    0
 18512, 99371,20180208,    6,    0
 18512, 99371,20180209,   10,    0
 18512, 99371,20180210,   14,    0
 18512, 99371,20180211,  -20,    0
 18512, 99371,20180212,  -40,    0
 18512, 99371,20180213,  -18,    0
 18512, 99371,20180214,  -26,    0
 18512, 99371,20180215,   -8,    0
 18512, 99371,20180216,  -17,    0
 18512, 99371,20180217,  -33,    0
 18512, 99371,20180218,  -23,    0
 18512, 99371,20180219,  -13,    0
 18512, 99371,20180220,  -27,    0
 18512, 99371,20180221,  -83,    0
 18512, 99371,20180222,  -67,    0
 18512, 99371,20180223,  -38,    0
 18512, 99371,20180224,  -56,    0
 18512, 99371,20180225, -102,    0
 18512, 99371,20180226, -100,    0
 18512, 99371,20180227,  -88,    0
 18512, 99371,20180228,  -53,    0
 18512, 99371,20180301,  -62,    0
 18512, 99371,20180302,  -92,    0
 18512, 99371,20180303,-9999,    9
 18512, 99371,20180304,  -90,    0
 18512, 99371,20180305,  -74,    0
 18512, 99371,20180306,  -73,    0
 18512, 99371,20180307,  -71,    0
 18512, 99371,20180308,  -85,    0
 18512, 99371,20180309,  -46,    0
 18512, 99371,20180310,-9999,    9
 18512, 99371,20180311,  -34,    0
 18512, 99371,20180312,  -37,    0
 18512, 99371,20180313,  -71,    0
 18512, 99371,20180314,  -86,    0
 18512, 99371,20180315,  -90,    0
 18512, 99371,20180316,  -89,    0
 18512, 99371,20180317,-9999,    9
 18512, 99371,20180318,    5,    0
 18512, 99371,20180319,    5,    0
 18512, 99371,20180320,   -1,    0
 18512, 99371,20180321,   15,    0
 18512, 99371,20180322,  -16,    0
 18512, 99371,20180323,  -29,    0
 18512, 99371,20180324,   -9,    0
 18512, 99371,20180325,-9999,    9
 18512, 99371,20180326,  -55,    0
 18512, 99371,20180327,  -13,    0
 18512, 99371,20180328,  -12,    0
 18512, 99371,20180329,    6,    0
 18512, 99371,20180330,   -1,    0
 18512, 99371,20180331,  -11,    0
 18512, 99371,20180401,  -27,    0
 18512, 99371,20180402,  -39,    0
 18512, 99371,20180403,  -53,    0
 18512, 99371,20180404,   -9,    0
 18512, 99371,20180405,   17,    0
 18512, 99371,20180406,   17,    0
 18512, 99371,20180407,-9999,    9
 18512, 99371,20180408,  -15,    0
 18512, 99371,20180409,    8,    0
 18512, 99371,20180410,   -8,    0
 18512, 99371,20180411,  -10,    0
 18512, 99371,20180412,   22,    0
 18512, 99371,20180413,   59,    0
 18512, 99371,20180414,   37,    0
 18512, 99371,20180415,   63,    0
 18512, 99371,20180416,   57,    0
 18512, 99371,20180417,   53,    0
 18512, 99371,20180418,   60,    0
 18512, 99371,20180419,   61,    0
 18512, 99371,20180420,   62,    0
 18512, 99371,20180421,   47,    0
 18512, 99371,20180422,   44,    0
 18512, 99371,20180423,   62,    0
 18512, 99371,20180424,   46,    0
 18512, 99371,20180425,   39,    0
 18512, 99371,20180426,   43,    0
 18512, 99371,20180427,   46,    0
 18512, 99371,20180428,   44,    0
 18512, 99371,20180429,   30,    0
 18512, 99371,20180430,   20,    0
 18512, 99371,20180501,   56,    0
 18512, 99371,20180502,   75,    0
 18512, 99371,20180503,   89,    0
 18512, 99371,20180504,   84,    0
 18512, 99371,20180505,-9999,    9
 18512, 99371,20180506,   75,    0
 18512, 99371,20180507,   55,    0
 18512, 99371,20180508,   89,    0
 18512, 99371,20180509,  162,    0
 18512, 99371,20180510,  186,    0
 18512, 99371,20180511,   92,    0
 18512, 99371,20180512,  126,    0
 18512, 99371,20180513,   86,    0
 18512, 99371,20180514,  156,    0
 18512, 99371,20180515,   85,    0
 18512, 99371,20180516,-9999,    9
 18512, 99371,20180517,   74,    0
 18512, 99371,20180518,   69,    0
 18512, 99371,20180519,-9999,    9
 18512, 99371,20180520,  114,    0
 18512, 99371,20180521,   90,    0
 18512, 99371,20180522,   70,    0
 18512, 99371,20180523,   60,    0
 18512, 99371,20180524,  102,    0
 18512, 99371,20180525,  102,    0
 18512, 99371,20180526,-9999,    9
 18512, 99371,20180527,   95,    0
 18512, 99371,20180528,  175,    0
 18512, 99371,20180529,   79,    0
 18512, 99371,20180530,-9999,    9
 18512, 99371,20180531,  169,    0
 18512, 99371,20180601,   87,    0
 18512, 99371,20180602,   77,    0
 18512, 99371,20180603,   69,    0
 18512, 99371,20180604,   48,    0
 18512, 99371,20180605,   58,    0
 18512, 99371,20180606,-9999,    9
 18512, 99371,20180607,   50,    0
 18512, 99371,20180608,   69,    0
 18512, 99371,20180609,   83,    0
 18512, 99371,20180610,   77,    0
 18512, 99371,20180611,   64,    0
 18512, 99371,20180612,   64,    0
 18512, 99371,20180613,   64,    0
 18512, 99371,20180614,  131,    0
 18512, 99371,20180615,  132,    0
 18512, 99371,20180616,  101,    0
 18512, 99371,20180617,  128,    0
 18512, 99371,20180618,  128,    0
 18512, 99371,20180619,   96,    0
 18512, 99371,20180620,   92,    0
 18512, 99371,20180621,   84,    0
 18512, 99371,20180622,   87,    0
 18512, 99371,20180623,   79,    0
 18512, 99371,20180624,   98,    0
 18512, 99371,20180625,  109,    0
 18512, 99371,20180626,  111,    0
 18512, 99371,20180627,   88,    0
 18512, 99371,20180628,   81,    0
 18512, 99371,20180629,   74,    0
 18512, 99371,20180630,   82,    0
 18512, 99371,20180701,  144,    0
 18512, 99371,20180702,  159,    0
 18512, 99371,20180703,  108,    0
 18512, 99371,20180704,   96,    0
 18512, 99371,20180705,  145,    0
 18512, 99371,20180706,  117,    0
 18512, 99371,20180707,  110,    0
 18512, 99371,20180708,  115,    0
 18512, 99371,20180709,  113,    0
 18512, 99371,20180710,  121,    0
 18512, 99371,20180711,  118,    0
 18512, 99371,20180712,  109,    0
 18512, 99371,20180713,  106,    0
 18512, 99371,20180714,  106,    0
 18512, 99371,20180715,  129,    0
 18512, 99371,20180716,  175,    0
 18512, 99371,20180717,  199,    0
 18512, 99371,20180718,  251,    0
 18512, 99371,20180719,  139,    0
 18512, 99371,20180720,  146,    0
 18512, 99371,20180721,  161,    0
 18512, 99371,20180722,  142,    0
 18512, 99371,20180723,  132,    0
 18512, 99371,20180724,  147,    0
 18512, 99371,20180725,  134,    0
 18512, 99371,20180726,  138,    0
 18512, 99371,20180727,  204,    0
 18512, 99371,20180728,  245,    0
 18512, 99371,20180729,  244,    0
 18512, 99371,20180730,  249,    0
 18512, 99371,20180731,  238,    0
 18512, 99371,20180801,  190,    0
 18512, 99371,20180802,  166,    0
 18512, 99371,20180803,  155,    0
 18512, 99371,20180804,  131,    0
 18512, 99371,20180805,  125,    0
 18512, 99371,20180806,  124,    0
 18512, 99371,20180807,  130,    0
 18512, 99371,20180808,  173,    0
 18512, 99371,20180809,  154,    0
 18512, 99371,20180810,  135,    0
 18512, 99371,20180811,  139,    0
 18512, 99371,20180812,  109,    0
 18512, 99371,20180813,   95,    0
 18512, 99371,20180814,   95,    0
 18512, 99371,20180815,  134,    0
 18512, 99371,20180816,  147,    0
 18512, 99371,20180817,  147,    0
 18512, 99371,20180818,  147,    0
 18512, 99371,20180819,  117,    0
 18512, 99371,20180820,  100,    0
 18512, 99371,20180821,   94,    0
 18512, 99371,20180822,  103,    0
 18512, 99371,20180823,  117,    0
 18512, 99371,20180824,  110,    0
 18512, 99371,20180825,  106,    0
 18512, 99371,20180826,   98,    0
 18512, 99371,20180827,   79,    0
 18512, 99371,20180828,  105,    0
 18512, 99371,20180829,  160,    0
 18512, 99371,20180830,  124,    0
 18512, 99371,20180831,   86,    0
 18512, 99371,20180901,  119,    0
 18512, 99371,20180902,  139,    0
 18512, 99371,20180903,  134,    0
 18512, 99371,20180904,   98,    0
 18512, 99371,20180905,  105,    0
 18512, 99371,20180906,  128,    0
 18512, 99371,20180907,  123,    0
 18512, 99371,20180908,  141,    0
 18512, 99371,20180909,  162,    0
 18512, 99371,20180910,  172,    0
 18512, 99371,20180911,  126,    0
 18512, 99371,20180912,  106,    0
 18512, 99371,20180913,  102,    0
 18512, 99371,20180914,   94,    0
 18512, 99371,20180915,   86,    0
 18512, 99371,20180916,   83,    0
 18512, 99371,20180917,   79,    0
 18512, 99371,20180918,   92,    0
 18512, 99371,20180919,  116,    0
 18512, 99371,20180920,  112,    0
 18512, 99371,20180921,  108,    0
 18512, 99371,20180922,   97,    0
 18512, 99371,20180923,   65,    0
 18512, 99371,20180924,   48,    0
 18512, 99371,20180925,   72,    0
 18512, 99371,20180926,-9999,    9
 18512, 99371,20180927,-9999,    9
 18512, 99371,20180928,-9999,    9
 18512, 99371,20180929,-9999,    9
 18512, 99371,20180930,-9999,    9
 18512, 99371,20181001,-9999,    9
 18512, 99371,20181002,-9999,    9
 18512, 99371,20181003,-9999,    9
 18512, 99371,20181004,   39,    0
 18512, 99371,20181005,   52,    0
 18512, 99371,20181006,   39,    0
 18512, 99371,20181007,   37,    0
 18512, 99371,20181008,   57,    0
 18512, 99371,20181009,   68,    0
 18512, 99371,20181010,   73,    0
 18512, 99371,20181011,-9999,    9
 18512, 99371,20181012,   84,    0
 18512, 99371,20181013,  124,    0
 18512, 99371,20181014,  117,    0
 18512, 99371,20181015,   76,    0
 18512, 99371,20181016,   80,    0
 18512, 99371,20181017,-9999,    9
 18512, 99371,20181018,-9999,    9
 18512, 99371,20181019,   73,    0
 18512, 99371,20181020,   81,    0
 18512, 99371,20181021,   86,    0
 18512, 99371,20181022,-9999,    9
 18512, 99371,20181023,   23,    0
 18512, 99371,20181024,   27,    0
 18512, 99371,20181025,  -12,    0
 18512, 99371,20181026,  -40,    0
 18512, 99371,20181027,  -41,    0
 18512, 99371,20181028,  -40,    0
 18512, 99371,20181029,  -40,    0
 18512, 99371,20181030,   -9,    0
 18512, 99371,20181031,   47,    0
 18512, 99371,20181101,   59,    0
 18512, 99371,20181102,   70,    0
 18512, 99371,20181103,   46,    0
 18512, 99371,20181104,   87,    0
 18512, 99371,20181105,  105,    0
 18512, 99371,20181106,   67,    0
 18512, 99371,20181107,   39,    0
 18512, 99371,20181108,   46,    0
 18512, 99371,20181109,   47,    0
 18512, 99371,20181110,   72,    0
 18512, 99371,20181111,   85,    0
 18512, 99371,20181112,   69,    0
 18512, 99371,20181113,   50,    0
 18512, 99371,20181114,   74,    0
 18512, 99371,20181115,   96,    0
 18512, 99371,20181116,   97,    0
 18512, 99371,20181117,   58,    0
 18512, 99371,20181118,   13,    0
 18512, 99371,20181119,    6,    0
 18512, 99371,20181120,   40,    0
 18512, 99371,20181121,  -22,    0
 18512, 99371,20181122,   -9,    0
 18512, 99371,20181123,   34,    0
 18512, 99371,20181124,   28,    0
 18512, 99371,20181125,   19,    0
 18512, 99371,20181126,   -5,    0
 18512, 99371,20181127,   -2,    0
 18512, 99371,20181128,   32,    0
 18512, 99371,20181129,   26,    0
 18512, 99371,20181130,   51,    0
 18512, 99371,20181201,   76,    0
 18512, 99371,20181202,   57,    0
 18512, 99371,20181203,   48,    0
 18512, 99371,20181204,   18,    0
 18512, 99371,20181205,    0,    0
 18512, 99371,20181206,    0,    0
 18512, 99371,20181207,  -56,    0
 18512, 99371,20181208,  -15,    0
 18512, 99371,20181209,   -3,    0
 18512, 99371,20181210,  -15,    0
 18512, 99371,20181211,  -29,    0
 18512, 99371,20181212,  -41,    0
 18512, 99371,20181213,   -5,    0
 18512, 99371,20181214,    5,    0
 18512, 99371,20181215,  -55,    0
 18512, 99371,20181216,  -57,    0
 18512, 99371,20181217,  -64,    0
 18512, 99371,20181218,  -46,    0
 18512, 99371,20181219,   -6,    0
 18512, 99371,20181220,   18,    0
 18512, 99371,20181221,  -18,    0
 18512, 99371,20181222,  -62,    0
 18512, 99371,20181223,   -2,    0
 18512, 99371,20181224,   15,    0
 18512, 99371,20181225,   37,    0
 18512, 99371,20181226,   23,    0
 18512, 99371,20181227,   47,    0
 18512, 99371,20181228,   43,    0
 18512, 99371,20181229,   32,    0
 18512, 99371,20181230,    8,    0
 18512, 99371,20181231,   40,    0
 18512, 99371,20190101,   12,    0
 18512, 99371,20190102,  -13,    0
 18512, 99371,20190103,   42,    0
 18512, 99371,20190104,   34,    0
 18512, 99371,20190105,   27,    0
 18512, 99371,20190106,   51,    0
 18512, 99371,20190107,   25,    0
 18512, 99371,20190108,   19,    0
 18512, 99371,20190109,   12,    0
 18512, 99371,20190110,   41,    0
 18512, 99371,20190111,   28,    0
 18512, 99371,20190112,  -10,    0
 18512, 99371,20190113,  -46,    0
 18512, 99371,20190114,  -65,    0
 18512, 99371,20190115,  -95,    0
 18512, 99371,20190116, -100,    0
 18512, 99371,20190117,  -78,    0
 18512, 99371,20190118,-9999,    9
 18512, 99371,20190119,-9999,    9
 18512, 99371,20190120,  -62,    0
 18512, 99371,20190121, -110,    0
 18512, 99371,20190122,  -97,    0
 18512, 99371,20190123,  -88,    0
 18512, 99371,20190124,  -70,    0
 18512, 99371,20190125,  -46,    0
 18512, 99371,20190126,  -66,    0
 18512, 99371,20190127,  -95,    0
 18512, 99371,20190128, -102,    0
 18512, 99371,20190129,  -91,    0
 18512, 99371,20190130,-9999,    9
 18512, 99371,20190131,  -53,    0
 18512, 99371,20190201,  -35,    0
 18512, 99371,20190202,  -44,    0
 18512, 99371,20190203,  -51,    0
 18512, 99371,20190204,  -82,    0
 18512, 99371,20190205,  -80,    0
 18512, 99371,20190206,  -76,    0
 18512, 99371,20190207,  -59,    0
 18512, 99371,20190208,  -17,    0
 18512, 99371,20190209,  -26,    0
 18512, 99371,20190210,  -23,    0
 18512, 99371,20190211,    5,    0
 18512, 99371,20190212,  -10,    0
 18512, 99371,20190213,-9999,    9
 18512, 99371,20190214,-9999,    9
 18512, 99371,20190215,-9999,    9
 18512, 99371,20190216,   41,    0
 18512, 99371,20190217,    4,    0
 18512, 99371,20190218,   36,    0
 18512, 99371,20190219,   22,    0
 18512, 99371,20190220,  -55,    0
 18512, 99371,20190221,  -43,    0
 18512, 99371,20190222,   34,    0
 18512, 99371,20190223,   81,    0
 18512, 99371,20190224,   56,    0
 18512, 99371,20190225,   39,    0
 18512, 99371,20190226,   48,    0
 18512, 99371,20190227,   49,    0
 18512, 99371,20190228,    0,    0
 18512, 99371,20190301,   -3,    0
 18512, 99371,20190302,  -49,    0
 18512, 99371,20190303, -111,    0
 18512, 99371,20190304, -105,    0
 18512, 99371,20190305,  -95,    0
 18512, 99371,20190306,  -11,    0
 18512, 99371,20190307,  -44,    0
 18512, 99371,20190308,  -38,    0
 18512, 99371,20190309,  -52,    0
 18512, 99371,20190310,  -62,    0
 18512, 99371,20190311, -113,    0
 18512, 99371,20190312,  -63,    0
 18512, 99371,20190313,  -14,    0
 18512, 99371,20190314,  -12,    0
 18512, 99371,20190315,   -9,    0
 18512, 99371,20190316,   -8,    0
 18512, 99371,20190317,  -36,    0
 18512, 99371,20190318,  -14,    0
 18512, 99371,20190319,   13,    0
 18512, 99371,20190320,   34,    0
 18512, 99371,20190321,   23,    0
 18512, 99371,20190322,   42,    0
 18512, 99371,20190323,   39,    0
 18512, 99371,20190324,   13,    0
 18512, 99371,20190325,   -1,    0
 18512, 99371,20190326,  -12,    0
 18512, 99371,20190327,   44,    0
 18512, 99371,20190328,   59,    0
 18512, 99371,20190329,   24,    0
 18512, 99371,20190330,   10,    0
 18512, 99371,20190331,    6,    0
 18512, 99371,20190401,   29,    0
 18512, 99371,20190402,   36,    0
 18512, 99371,20190403,   16,    0
 18512, 99371,20190404,   11,    0
 18512, 99371,20190405,    6,    0
 18512, 99371,20190406,   21,    0
 18512, 99371,20190407,   14,    0
 18512, 99371,20190408,  -16,    0
 18512, 99371,20190409,-9999,    9
 18512, 99371,20190410,-9999,    9
 18512, 99371,20190411,-9999,    9
 18512, 99371,20190412,   16,    0
 18512, 99371,20190413,   27,    0
 18512, 99371,20190414,   28,    0
 18512, 99371,20190415,   25,    0
 18512, 99371,20190416,   31,    0
 18512, 99371,20190417,   59,    0
 18512, 99371,20190418,   59,    0
 18512, 99371,20190419,   84,    0
 18512, 99371,20190420,  114,    0
 18512, 99371,20190421,   68,    0
 18512, 99371,20190422,   93,    0
 18512, 99371,20190423,  130,    0
 18512, 99371,20190424,  108,    0
 18512, 99371,20190425,  121,    0
 18512, 99371,20190426,  128,    0
 18512, 99371,20190427,  124,    0
 18512, 99371,20190428,  116,    0
 18512, 99371,20190429,   79,    0
 18512, 99371,20190430,   44,    0
 18512, 99371,20190501,   33,    0
 18512, 99371,20190502,   15,    0
 18512, 99371,20190503,   13,    0
 18512, 99371,20190504,   13,    0
 18512, 99371,20190505,   12,    0
 18512, 99371,20190506,   34,    0
 18512, 99371,20190507,   57,    0
 18512, 99371,20190508,   53,    0
 18512, 99371,20190509,   72,    0
 18512, 99371,20190510,  115,    0
 18512, 99371,20190511,   95,    0
 18512, 99371,20190512,   30,    0
 18512, 99371,20190513,   40,    0
 18512, 99371,20190514,-9999,    9
 18512, 99371,20190515,-9999,    9
 18512, 99371,20190516,   69,    0
 18512, 99371,20190517,-9999,    9
 18512, 99371,20190518,-9999,    9
 18512, 99371,20190519,-9999,    9
 18512, 99371,20190520,-9999,    9
 18512, 99371,20190521,-9999,    9
 18512, 99371,20190522,-9999,    9
 18512, 99371,20190523,-9999,    9
 18512, 99371,20190524,-9999,    9
 18512, 99371,20190525,-9999,    9
 18512, 99371,20190526,-9999,    9
 18512, 99371,20190527,-9999,    9
 18512, 99371,20190528,-9999,    9
 18512, 99371,20190529,-9999,    9
 18512, 99371,20190530,-9999,    9
 18512, 99371,20190531,-9999,    9
 18512, 99371,20190601,-9999,    9
 18512, 99371,20190602,-9999,    9
 18512, 99371,20190603,-9999,    9
 18512, 99371,20190604,-9999,    9
 18512, 99371,20190605,-9999,    9
 18512, 99371,20190606,-9999,    9
 18512, 99371,20190607,-9999,    9
 18512, 99371,20190608,   99,    0
 18512, 99371,20190609,-9999,    9
 18512, 99371,20190610,-9999,    9
 18512, 99371,20190611,-9999,    9
 18512, 99371,20190612,-9999,    9
 18512, 99371,20190613,-9999,    9
 18512, 99371,20190614,-9999,    9
 18512, 99371,20190615,-9999,    9
 18512, 99371,20190616,-9999,    9
 18512, 99371,20190617,-9999,    9
 18512, 99371,20190618,-9999,    9
 18512, 99371,20190619,-9999,    9
 18512, 99371,20190620,-9999,    9
 18512, 99371,20190621,-9999,    9
 18512, 99371,20190622,-9999,    9
 18512, 99371,20190623,-9999,    9
 18512, 99371,20190624,-9999,    9
 18512, 99371,20190625,-9999,    9
 18512, 99371,20190626,-9999,    9
 18512, 99371,20190627,-9999,    9
 18512, 99371,20190628,-9999,    9
 18512, 99371,20190629,-9999,    9
 18512, 99371,20190630,-9999,    9
 18512, 99371,20190701,-9999,    9
 18512, 99371,20190702,-9999,    9
 18512, 99371,20190703,-9999,    9
 18512, 99371,20190704,-9999,    9
 18512, 99371,20190705,-9999,    9
 18512, 99371,20190706,-9999,    9
 18512, 99371,20190707,-9999,    9
 18512, 99371,20190708,-9999,    9
 18512, 99371,20190709,-9999,    9
 18512, 99371,20190710,-9999,    9
 18512, 99371,20190711,-9999,    9
 18512, 99371,20190712,-9999,    9
 18512, 99371,20190713,-9999,    9
 18512, 99371,20190714,  100,    0
 18512, 99371,20190715,  102,    0
 18512, 99371,20190716,  107,    0
 18512, 99371,20190717,  102,    0
 18512, 99371,20190718,  152,    0
 18512, 99371,20190719,  185,    0
 18512, 99371,20190720,  151,    0
 18512, 99371,20190721,  193,    0
 18512, 99371,20190722,  138,    0
 18512, 99371,20190723,  172,    0
 18512, 99371,20190724,  149,    0
 18512, 99371,20190725,  209,    0
 18512, 99371,20190726,  154,    0
 18512, 99371,20190727,  235,    0
 18512, 99371,20190728,  237,    0
 18512, 99371,20190729,  203,    0
 18512, 99371,20190730,  145,    0
 18512, 99371,20190731,  145,    0
 18512, 99371,20190801,  135,    0
 18512, 99371,20190802,  124,    0
 18512, 99371,20190803,  115,    0
 18512, 99371,20190804,  107,    0
 18512, 99371,20190805,  112,    0
 18512, 99371,20190806,  108,    0
 18512, 99371,20190807,  158,    0
 18512, 99371,20190808,  145,    0
 18512, 99371,20190809,  133,    0
 18512, 99371,20190810,  170,    0
 18512, 99371,20190811,  179,    0
 18512, 99371,20190812,  189,    0
 18512, 99371,20190813,  185,    0
 18512, 99371,20190814,  124,    0
 18512, 99371,20190815,  110,    0
 18512, 99371,20190816,  115,    0
 18512, 99371,20190817,  135,    0
 18512, 99371,20190818,  145,    0
 18512, 99371,20190819,  141,    0
 18512, 99371,20190820,  128,    0
 18512, 99371,20190821,  127,    0
 18512, 99371,20190822,-9999,    9
 18512, 99371,20190823,-9999,    9
 18512, 99371,20190824,  120,    0
 18512, 99371,20190825,  131,    0
 18512, 99371,20190826,  126,    0
 18512, 99371,20190827,-9999,    9
 18512, 99371,20190828,  202,    0
 18512, 99371,20190829,  186,    0
 18512, 99371,20190830,  130,    0
 18512, 99371,20190831,  134,    0
 18512, 99371,20190901,  158,    0
 18512, 99371,20190902,  110,    0
 18512, 99371,20190903,  106,    0
 18512, 99371,20190904,   89,    0
 18512, 99371,20190905,   75,    0
 18512, 99371,20190906,   83,    0
 18512, 99371,20190907,   78,    0
 18512, 99371,20190908,   77,    0
 18512, 99371,20190909,   97,    0
 18512, 99371,20190910,  128,    0
 18512, 99371,20190911,  172,    0
 18512, 99371,20190912,  102,    0
 18512, 99371,20190913,   77,    0
 18512, 99371,20190914,   68,    0
 18512, 99371,20190915,   87,    0
 18512, 99371,20190916,   78,    0
 18512, 99371,20190917,   63,    0
 18512, 99371,20190918,   68,    0
 18512, 99371,20190919,   52,    0
 18512, 99371,20190920,   44,    0
 18512, 99371,20190921,   39,    0
 18512, 99371,20190922,   27,    0
 18512, 99371,20190923,   47,    0
 18512, 99371,20190924,   64,    0
 18512, 99371,20190925,-9999,    9
 18512, 99371,20190926,-9999,    9
 18512, 99371,20190927,  114,    0
 18512, 99371,20190928,   89,    0
 18512, 99371,20190929,   57,    0
 18512, 99371,20190930,   35,    0
 18512, 99371,20191001,   55,    0
 18512, 99371,20191002,   55,    0
 18512, 99371,20191003,   22,    0
 18512, 99371,20191004,-9999,    9
 18512, 99371,20191005,-9999,    9
 18512, 99371,20191006,-9999,    9
 18512, 99371,20191007,-9999,    9
 18512, 99371,20191008,   41,    0
 18512, 99371,20191009,   21,    0
 18512, 99371,20191010,-9999,    9
 18512, 99371,20191011,-9999,    9
 18512, 99371,20191012,-9999,    9
 18512, 99371,20191013,-9999,    9
 18512, 99371,20191014,-9999,    9
 18512, 99371,20191015,-9999,    9
 18512, 99371,20191016,-9999,    9
 18512, 99371,20191017,   27,    0
 18512, 99371,20191018,   28,    0
 18512, 99371,20191019,   20,    0
 18512, 99371,20191020,  -16,    0
 18512, 99371,20191021,   42,    0
 18512, 99371,20191022,   67,    0
 18512, 99371,20191023,-9999,    9
 18512, 99371,20191024,-9999,    9
 18512, 99371,20191025,-9999,    9
 18512, 99371,20191026,-9999,    9
 18512, 99371,20191027,-9999,    9
 18512, 99371,20191028,   16,    0
 18512, 99371,20191029,    5,    0
 18512, 99371,20191030,   34,    0
 18512, 99371,20191031,   34,    0
 18512, 99371,20191101,    1,    0
 18512, 99371,20191102,  -30,    0
 18512, 99371,20191103,    5,    0
 18512, 99371,20191104,    1,    0
 18512, 99371,20191105,  -48,    0
 18512, 99371,20191106,  -88,    0
 18512, 99371,20191107,  -80,    0
 18512, 99371,20191108,  -77,    0
 18512, 99371,20191109, -103,    0
 18512, 99371,20191110, -107,    0
 18512, 99371,20191111,  -55,    0
 18512, 99371,20191112,  -13,    0
 18512, 99371,20191113,   13,    0
 18512, 99371,20191114,   -3,    0
 18512, 99371,20191115,    8,    0
 18512, 99371,20191116,   15,    0
 18512, 99371,20191117,   10,    0
 18512, 99371,20191118,   15,    0
 18512, 99371,20191119,   51,    0
 18512, 99371,20191120,   60,    0
 18512, 99371,20191121,   12,    0
 18512, 99371,20191122,   31,    0
 18512, 99371,20191123,   33,    0
 18512, 99371,20191124,   23,    0
 18512, 99371,20191125,   17,    0
 18512, 99371,20191126,    2,    0
 18512, 99371,20191127,  -51,    0
 18512, 99371,20191128,  -59,    0
 18512, 99371,20191129,  -29,    0
 18512, 99371,20191130,  -23,    0
 18512, 99371,20191201,    2,    0
 18512, 99371,20191202,   12,    0
 18512, 99371,20191203,   48,    0
 18512, 99371,20191204,   75,    0
 18512, 99371,20191205,   31,    0
 18512, 99371,20191206,   32,    0
 18512, 99371,20191207,-9999,    9
 18512, 99371,20191208,  -28,    0
 18512, 99371,20191209,  -33,    0
 18512, 99371,20191210,  -38,    0
 18512, 99371,20191211,   29,    0
 18512, 99371,20191212,   46,    0
 18512, 99371,20191213,   11,    0
 18512, 99371,20191214,-9999,    9
 18512, 99371,20191215,   30,    0
 18512, 99371,20191216,  -14,    0
 18512, 99371,20191217,  -28,    0
 18512, 99371,20191218,    7,    0
 18512, 99371,20191219,   19,    0
 18512, 99371,20191220,   -3,    0
 18512, 99371,20191221,-9999,    9
 18512, 99371,20191222,-9999,    9
 18512, 99371,20191223,-9999,    9
 18512, 99371,20191224,    4,    0
 18512, 99371,20191225,  -33,    0
 18512, 99371,20191226,  -40,    0
 18512, 99371,20191227,  -30,    0
 18512, 99371,20191228,   45,    0
 18512, 99371,20191229,   69,    0
 18512, 99371,20191230,   35,    0
 18512, 99371,20191231,   21,    0
 18512, 99371,20200101,   59,    0
 18512, 99371,20200102,   76,    0
 18512, 99371,20200103,   13,    0
 18512, 99371,20200104,   -1,    0
 18512, 99371,20200105,-9999,    9
 18512, 99371,20200106,-9999,    9
 18512, 99371,20200107,   60,    0
 18512, 99371,20200108,   45,    0
 18512, 99371,20200109,   30,    0
 18512, 99371,20200110,   29,    0
 18512, 99371,20200111,   44,    0
 18512, 99371,20200112,-9999,    9
 18512, 99371,20200113,-9999,    9
 18512, 99371,20200114,-9999,    9
 18512, 99371,20200115,-9999,    9
 18512, 99371,20200116,   33,    0
 18512, 99371,20200117,   40,    0
 18512, 99371,20200118,    1,    0
 18512, 99371,20200119,   16,    0
 18512, 99371,20200120,   59,    0
 18512, 99371,20200121,   19,    0
 18512, 99371,20200122,   18,    0
 18512, 99371,20200123,   38,    0
 18512, 99371,20200124,    5,    0
 18512, 99371,20200125,   -5,    0
 18512, 99371,20200126,  -23,    0
 18512, 99371,20200127,-9999,    9
 18512, 99371,20200128,-9999,    9
 18512, 99371,20200129,  -21,    0
 18512, 99371,20200130,   -5,    0
 18512, 99371,20200131,   18,    0
 18512, 99371,20200201,   40,    0
 18512, 99371,20200202,   17,    0
 18512, 99371,20200203,  -30,    0
 18512, 99371,20200204,  -49,    0
 18512, 99371,20200205,  -21,    0
 18512, 99371,20200206,  -17,    0
 18512, 99371,20200207,   53,    0
 18512, 99371,20200208,   18,    0
 18512, 99371,20200209,   38,    0
 18512, 99371,20200210,   12,    0
 18512, 99371,20200211,   30,    0
 18512, 99371,20200212,    2,    0
 18512, 99371,20200213,  -20,    0
 18512, 99371,20200214,   -9,    0
 18512, 99371,20200215,   -3,    0
 18512, 99371,20200216,   29,    0
 18512, 99371,20200217,   15,    0
 18512, 99371,20200218,   21,    0
 18512, 99371,20200219,  -37,    0
 18512, 99371,20200220,  -21,    0
 18512, 99371,20200221,   35,    0
 18512, 99371,20200222,   33,    0
 18512, 99371,20200223,   20,    0
 18512, 99371,20200224,   -3,    0
 18512, 99371,20200225,  -40,    0
 18512, 99371,20200226,  -61,    0
 18512, 99371,20200227,   -6,    0
 18512, 99371,20200228,  -10,    0
 18512, 99371,20200229,  -38,    0
 18512, 99371,20200301,  -78,    0
 18512, 99371,20200302,  -72,    0
 18512, 99371,20200303,  -31,    0
 18512, 99371,20200304,   -2,    0
 18512, 99371,20200305,  -27,    0
 18512, 99371,20200306,    6,    0
 18512, 99371,20200307,   34,    0
 18512, 99371,20200308,   25,    0
 18512, 99371,20200309,   47,    0
 18512, 99371,20200310,   21,    0
 18512, 99371,20200311,   28,    0
 18512, 99371,20200312,  -10,    0
 18512, 99371,20200313,  -39,    0
 18512, 99371,20200314,  -14,    0
 18512, 99371,20200315,   -6,    0
 18512, 99371,20200316,    1,    0
 18512, 99371,20200317,   30,    0
 18512, 99371,20200318,   18,    0
 18512, 99371,20200319,   -5,    0
 18512, 99371,20200320,-9999,    9
 18512, 99371,20200321,-9999,    9
 18512, 99371,20200322,-9999,    9
 18512, 99371,20200323,-9999,    9
 18512, 99371,20200324,-9999,    9
 18512, 99371,20200325,-9999,    9
 18512, 99371,20200326,-9999,    9
 18512, 99371,20200327,   22,    0
 18512, 99371,20200328,  -27,    0
 18512, 99371,20200329,  -29,    0
 18512, 99371,20200330,  -18,    0
 18512, 99371,20200331,   29,    0
 18512, 99371,20200401,    6,    0
 18512, 99371,20200402,    4,    0
 18512, 99371,20200403,  -15,    0
 18512, 99371,20200404,  -28,    0
 18512, 99371,20200405,  -23,    0
 18512, 99371,20200406,   45,    0
 18512, 99371,20200407,   59,    0
 18512, 99371,20200408,   37,    0
 18512, 99371,20200409,   13,    0
 18512, 99371,20200410,    2,    0
 18512, 99371,20200411,-9999,    9
 18512, 99371,20200412,-9999,    9
 18512, 99371,20200413,-9999,    9
 18512, 99371,20200414,-9999,    9
 18512, 99371,20200415,-9999,    9
 18512, 99371,20200416,-9999,    9
 18512, 99371,20200417,   26,    0
 18512, 99371,20200418,   38,    0
 18512, 99371,20200419,   47,    0
 18512, 99371,20200420,   52,    0
 18512, 99371,20200421,   42,    0
 18512, 99371,20200422,   35,    0
 18512, 99371,20200423,   37,    0
 18512, 99371,20200424,   39,    0
 18512, 99371,20200425,   32,    0
 18512, 99371,20200426,   33,    0
 18512, 99371,20200427,   34,    0
 18512, 99371,20200428,   18,    0
 18512, 99371,20200429,   22,    0
 18512, 99371,20200430,   32,    0
 18512, 99371,20200501,   46,    0
 18512, 99371,20200502,   45,    0
 18512, 99371,20200503,   34,    0
 18512, 99371,20200504,   40,    0
 18512, 99371,20200505,   44,    0
 18512, 99371,20200506,   28,    0
 18512, 99371,20200507,   14,    0
 18512, 99371,20200508,   13,    0
 18512, 99371,20200509,    7,    0
 18512, 99371,20200510,    7,    0
 18512, 99371,20200511,    8,    0
 18512, 99371,20200512,   15,    0
 18512, 99371,20200513,    2,    0
 18512, 99371,20200514,   12,    0
 18512, 99371,20200515,    7,    0
 18512, 99371,20200516,   44,    0
 18512, 99371,20200517,   52,    0
 18512, 99371,20200518,   24,    0
 18512, 99371,20200519,-9999,    9
 18512, 99371,20200520,   41,    0
 18512, 99371,20200521,   57,    0
 18512, 99371,20200522,  105,    0
 18512, 99371,20200523,  112,    0
 18512, 99371,20200524,-9999,    9
 18512, 99371,20200525,   80,    0
 18512, 99371,20200526,  102,    0
 18512, 99371,20200527,   75,    0
 18512, 99371,20200528,   66,    0
 18512, 99371,20200529,   71,    0
 18512, 99371,20200530,   95,    0
 18512, 99371,20200531,-9999,    9
 18512, 99371,20200601,-9999,    9
 18512, 99371,20200602,-9999,    9
 18512, 99371,20200603,-9999,    9
 18512, 99371,20200604,  139,    0
 18512, 99371,20200605,  155,    0
 18512, 99371,20200606,  140,    0
 18512, 99371,20200607,   88,    0
 18512, 99371,20200608,-9999,    9
 18512, 99371,20200609,-9999,    9
 18512, 99371,20200610,   87,    0
 18512, 99371,20200611,-9999,    9
 18512, 99371,20200612,  122,    0
 18512, 99371,20200613,  186,    0
 18512, 99371,20200614,  146,    0
 18512, 99371,20200615,   94,    0
 18512, 99371,20200616,  118,    0
 18512, 99371,20200617,-9999,    9
 18512, 99371,20200618,  126,    0
 18512, 99371,20200619,  123,    0
 18512, 99371,20200620,  191,    0
 18512, 99371,20200621,  193,    0
 18512, 99371,20200622,  201,    0
 18512, 99371,20200623,  156,    0
 18512, 99371,20200624,  136,    0
 18512, 99371,20200625,  136,    0
 18512, 99371,20200626,  119,    0
 18512, 99371,20200627,-9999,    9
 18512, 99371,20200628,  206,    0
 18512, 99371,20200629,  179,    0
 18512, 99371,20200630,-9999,    9
 18512, 99371,20200701,   78,    0
 18512, 99371,20200702,   83,    0
 18512, 99371,20200703,   89,    0
 18512, 99371,20200704,   94,    0
 18512, 99371,20200705,  101,    0
 18512, 99371,20200706,  130,    0
 18512, 99371,20200707,   96,    0
 18512, 99371,20200708,  100,    0
 18512, 99371,20200709,  108,    0
 18512, 99371,20200710,  114,    0
 18512, 99371,20200711,  117,    0
 18512, 99371,20200712,  111,    0
 18512, 99371,20200713,  115,    0
 18512, 99371,20200714,  144,    0
 18512, 99371,20200715,  145,    0
 18512, 99371,20200716,  156,    0
 18512, 99371,20200717,  137,    0
 18512, 99371,20200718,  133,    0
 18512, 99371,20200719,  135,    0
 18512, 99371,20200720,  115,    0
 18512, 99371,20200721,  105,    0
 18512, 99371,20200722,  117,    0
 18512, 99371,20200723,  103,    0
 18512, 99371,20200724,  114,    0
 18512, 99371,20200725,  117,    0
 18512, 99371,20200726,  164,    0
 18512, 99371,20200727,  170,    0
 18512, 99371,20200728,  180,    0
 18512, 99371,20200729,  181,    0
 18512, 99371,20200730,  180,    0
 18512, 99371,20200731,  145,    0
 18512, 99371,20200801,  140,    0
 18512, 99371,20200802,  184,    0
 18512, 99371,20200803,  168,    0
 18512, 99371,20200804,  135,    0
 18512, 99371,20200805,  132,    0
 18512, 99371,20200806,  141,    0
 18512, 99371,20200807,  156,    0
 18512, 99371,20200808,  178,    0
 18512, 99371,20200809,  124,    0
 18512, 99371,20200810,  120,    0
 18512, 99371,20200811,  149,    0
 18512, 99371,20200812,  134,    0
 18512, 99371,20200813,  127,    0
 18512, 99371,20200814,  139,    0
 18512, 99371,20200815,  130,    0
 18512, 99371,20200816,  104,    0
 18512, 99371,20200817,   99,    0
 18512, 99371,20200818,  103,    0
 18512, 99371,20200819,  111,    0
 18512, 99371,20200820,  101,    0
 18512, 99371,20200821,  147,    0
 18512, 99371,20200822,  172,    0
 18512, 99371,20200823,  123,    0
 18512, 99371,20200824,-9999,    9
 18512, 99371,20200825,-9999,    9
 18512, 99371,20200826,   90,    0
 18512, 99371,20200827,   84,    0
 18512, 99371,20200828,   86,    0
 18512, 99371,20200829,   86,    0
 18512, 99371,20200830,   75,    0
 18512, 99371,20200831,   80,    0
 18512, 99371,20200901,  110,    0
 18512, 99371,20200902,  107,    0
 18512, 99371,20200903,  154,    0
 18512, 99371,20200904,  121,    0
 18512, 99371,20200905,  112,    0
 18512, 99371,20200906,  115,    0
 18512, 99371,20200907,  122,    0
 18512, 99371,20200908,  111,    0
 18512, 99371,20200909,   94,    0
 18512, 99371,20200910,   85,    0
 18512, 99371,20200911,   96,    0
 18512, 99371,20200912,  104,    0
 18512, 99371,20200913,   95,    0
 18512, 99371,20200914,   98,    0
 18512, 99371,20200915,   75,    0
 18512, 99371,20200916,   66,    0
 18512, 99371,20200917,   75,    0
 18512, 99371,20200918,  100,    0
 18512, 99371,20200919,   80,    0
 18512, 99371,20200920,   92,    0
 18512, 99371,20200921,   97,    0
 18512, 99371,20200922,   64,    0
 18512, 99371,20200923,   94,    0
 18512, 99371,20200924,   58,    0
 18512, 99371,20200925,   89,    0
 18512, 99371,20200926,   42,    0
 18512, 99371,20200927,   66,    0
 18512, 99371,20200928,  124,    0
 18512, 99371,20200929,  113,    0
 18512, 99371,20200930,  108,    0
 18512, 99371,20201001,-9999,    9
 18512, 99371,20201002,-9999,    9
 18512, 99371,20201003,  114,    0
 18512, 99371,20201004,  126,    0
 18512, 99371,20201005,  125,    0
 18512, 99371,20201006,  130,    0
 18512, 99371,20201007,  130,    0
 18512, 99371,20201008,  123,    0
 18512, 99371,20201009,   95,    0
 18512, 99371,20201010,   82,    0
 18512, 99371,20201011,   75,    0
 18512, 99371,20201012,-9999,    9
 18512, 99371,20201013,-9999,    9
 18512, 99371,20201014,   69,    0
 18512, 99371,20201015,   59,    0
 18512, 99371,20201016,   63,    0
 18512, 99371,20201017,   37,    0
 18512, 99371,20201018,   -9,    0
 18512, 99371,20201019,  -28,    0
 18512, 99371,20201020,    3,    0
 18512, 99371,20201021,   18,    0
 18512, 99371,20201022,    2,    0
 18512, 99371,20201023,   26,    0
 18512, 99371,20201024,   -3,    0
 18512, 99371,20201025,-9999,    9
 18512, 99371,20201026,-9999,    9
 18512, 99371,20201027,   33,    0
 18512, 99371,20201028,   22,    0
 18512, 99371,20201029,   14,    0
 18512, 99371,20201030,    6,    0
 18512, 99371,20201031,   55,    0
 18512, 99371,20201101,-9999,    9
 18512, 99371,20201102,-9999,    9
 18512, 99371,20201103,   67,    0
 18512, 99371,20201104,   54,    0
 18512, 99371,20201105,   65,    0
 18512, 99371,20201106,   82,    0
 18512, 99371,20201107,   60,    0
 18512, 99371,20201108,   50,    0
 18512, 99371,20201109,   43,    0
 18512, 99371,20201110,   23,    0
 18512, 99371,20201111,   61,    0
 18512, 99371,20201112,   51,    0
 18512, 99371,20201113,   37,    0
 18512, 99371,20201114,   61,    0
 18512, 99371,20201115,   69,    0
 18512, 99371,20201116,   98,    0
 18512, 99371,20201117,   90,    0
 18512, 99371,20201118,   33,    0
 18512, 99371,20201119,  -16,    0
 18512, 99371,20201120,   12,    0
 18512, 99371,20201121,   32,    0
 18512, 99371,20201122,   43,    0
 18512, 99371,20201123,   38,    0
 18512, 99371,20201124,    7,    0
 18512, 99371,20201125,   24,    0
 18512, 99371,20201126,   26,    0
 18512, 99371,20201127,   57,    0
 18512, 99371,20201128,   51,    0
 18512, 99371,20201129,   70,    0
 18512, 99371,20201130,   57,    0
 18512, 99371,20201201,   11,    0
 18512, 99371,20201202,   57,    0
 18512, 99371,20201203,-9999,    9
 18512, 99371,20201204,   21,    0
 18512, 99371,20201205,   20,    0
 18512, 99371,20201206,   16,    0
 18512, 99371,20201207,-9999,    9
 18512, 99371,20201208,-9999,    9
 18512, 99371,20201209,   30,    0
 18512, 99371,20201210,   18,    0
 18512, 99371,20201211,   13,    0
 18512, 99371,20201212,  -15,    0
 18512, 99371,20201213,    1,    0
 18512, 99371,20201214,-9999,    9
 18512, 99371,20201215,    5,    0
 18512, 99371,20201216,    2,    0
 18512, 99371,20201217,   -9,    0
 18512, 99371,20201218,   12,    0
 18512, 99371,20201219,   39,    0
 18512, 99371,20201220,   53,    0
 18512, 99371,20201221,   43,    0
 18512, 99371,20201222,-9999,    9
 18512, 99371,20201223,    7,    0
 18512, 99371,20201224,   -2,    0
 18512, 99371,20201225,  -27,    0
 18512, 99371,20201226,  -16,    0
 18512, 99371,20201227,-9999,    9
 18512, 99371,20201228,   55,    0
 18512, 99371,20201229,   32,    0
 18512, 99371,20201230,   -3,    0
 18512, 99371,20201231,   -6,    0
 18512, 99371,20210101,  -26,    0
 18512, 99371,20210102,  -25,    0
 18512, 99371,20210103,    7,    0
 18512, 99371,20210104,   29,    0
 18512, 99371,20210105,   23,    0
 18512, 99371,20210106,   19,    0
 18512, 99371,20210107,  -46,    0
 18512, 99371,20210108,  -76,    0
 18512, 99371,20210109,  -37,    0
 18512, 99371,20210110,   -4,    0
 18512, 99371,20210111,  -40,    0
 18512, 99371,20210112,  -32,    0
 18512, 99371,20210113,  -42,    0
 18512, 99371,20210114,  -26,    0
 18512, 99371,20210115,    8,    0
 18512, 99371,20210116,  -17,    0
 18512, 99371,20210117,  -70,    0
 18512, 99371,20210118,  -72,    0
 18512, 99371,20210119,  -46,    0
 18512, 99371,20210120,  -39,    0
 18512, 99371,20210121,  -50,    0
 18512, 99371,20210122,  -51,    0
 18512, 99371,20210123,  -57,    0
 18512, 99371,20210124,  -64,    0
 18512, 99371,20210125,  -39,    0
 18512, 99371,20210126,  -30,    0
 18512, 99371,20210127,  -56,    0
 18512, 99371,20210128,  -70,    0
 18512, 99371,20210129,  -94,    0
 18512, 99371,20210130,  -71,    0
 18512, 99371,20210131,  -96,    0
 18512, 99371,20210201, -100,    0
 18512, 99371,20210202,  -81,    0
 18512, 99371,20210203,  -76,    0
 18512, 99371,20210204,  -86,    0
 18512, 99371,20210205,  -57,    0
 18512, 99371,20210206,  -48,    0
 18512, 99371,20210207,  -46,    0
 18512, 99371,20210208,  -39,    0
 18512, 99371,20210209,  -78,    0
 18512, 99371,20210210, -126,    0
 18512, 99371,20210211,  -15,    0
 18512, 99371,20210212,   12,    0
 18512, 99371,20210213,  -12,    0
 18512, 99371,20210214,  -19,    0
 18512, 99371,20210215,  -49,    0
 18512, 99371,20210216,  -63,    0
 18512, 99371,20210217,  -78,    0
 18512, 99371,20210218,  -72,    0
 18512, 99371,20210219,  -24,    0
 18512, 99371,20210220,   -7,    0
 18512, 99371,20210221,-9999,    9
 18512, 99371,20210222,   14,    0
 18512, 99371,20210223,   -7,    0
 18512, 99371,20210224,   62,    0
 18512, 99371,20210225,   57,    0
 18512, 99371,20210226,   36,    0
 18512, 99371,20210227,   52,    0
 18512, 99371,20210228,   68,    0
 18512, 99371,20210301,   38,    0
 18512, 99371,20210302,   36,    0
 18512, 99371,20210303,   10,    0
 18512, 99371,20210304,-9999,    9
 18512, 99371,20210305,   -9,    0
 18512, 99371,20210306,  -38,    0
 18512, 99371,20210307,  -34,    0
 18512, 99371,20210308,  -13,    0
 18512, 99371,20210309,  -55,    0
 18512, 99371,20210310,  -69,    0
 18512, 99371,20210311,    1,    0
 18512, 99371,20210312,    4,    0
 18512, 99371,20210313,-9999,    9
 18512, 99371,20210314,    9,    0
 18512, 99371,20210315,   15,    0
 18512, 99371,20210316,  -14,    0
 18512, 99371,20210317,  -14,    0
 18512, 99371,20210318,  -35,    0
 18512, 99371,20210319,   20,    0
 18512, 99371,20210320,   34,    0
 18512, 99371,20210321,-9999,    9
 18512, 99371,20210322,   29,    0
 18512, 99371,20210323,   52,    0
 18512, 99371,20210324,   56,    0
 18512, 99371,20210325,   21,    0
 18512, 99371,20210326,   50,    0
 18512, 99371,20210327,   56,    0
 18512, 99371,20210328,   51,    0
 18512, 99371,20210329,   57,    0
 18512, 99371,20210330,   42,    0
 18512, 99371,20210331,   36,    0
 18512, 99371,20210401,   28,    0
 18512, 99371,20210402,   16,    0
 18512, 99371,20210403,   34,    0
 18512, 99371,20210404,   11,    0
 18512, 99371,20210405,    8,    0
 18512, 99371,20210406,   22,    0
 18512, 99371,20210407,    2,    0
 18512, 99371,20210408,  -27,    0
 18512, 99371,20210409,  -16,    0
 18512, 99371,20210410,    1,    0
 18512, 99371,20210411,   18,    0
 18512, 99371,20210412,    5,    0
 18512, 99371,20210413,   -4,    0
 18512, 99371,20210414,   23,    0
 18512, 99371,20210415,   53,    0
 18512, 99371,20210416,   55,    0
 18512, 99371,20210417,-9999,    9
 18512, 99371,20210418,   68,    0
 18512, 99371,20210419,-9999,    9
 18512, 99371,20210420,-9999,    9
 18512, 99371,20210421,   19,    0
 18512, 99371,20210422,   10,    0
 18512, 99371,20210423,   11,    0
 18512, 99371,20210424,   19,    0
 18512, 99371,20210425,   22,    0
 18512, 99371,20210426,   15,    0
 18512, 99371,20210427,   13,    0
 18512, 99371,20210428,    9,    0
 18512, 99371,20210429,   15,    0
 18512, 99371,20210430,   16,    0
 18512, 99371,20210501,    7,    0
 18512, 99371,20210502,    6,    0
 18512, 99371,20210503,    4,    0
 18512, 99371,20210504,   33,    0
 18512, 99371,20210505,   46,    0
 18512, 99371,20210506,   25,    0
 18512, 99371,20210507,   23,    0
 18512, 99371,20210508,   27,    0
 18512, 99371,20210509,   32,    0
 18512, 99371,20210510,-9999,    9
 18512, 99371,20210511,-9999,    9
 18512, 99371,20210512,  100,    0
 18512, 99371,20210513,   63,    0
 18512, 99371,20210514,   83,    0
 18512, 99371,20210515,  107,    0
 18512, 99371,20210516,-9999,    9
 18512, 99371,20210517,  119,    0
 18512, 99371,20210518,   96,    0
 18512, 99371,20210519,   67,    0
 18512, 99371,20210520,   62,    0
 18512, 99371,20210521,   75,    0
 18512, 99371,20210522,   84,    0
 18512, 99371,20210523,   78,    0
 18512, 99371,20210524,   77,    0
 18512, 99371,20210525,   89,    0
 18512, 99371,20210526,  105,    0
 18512, 99371,20210527,   86,    0
 18512, 99371,20210528,   71,    0
 18512, 99371,20210529,   76,    0
 18512, 99371,20210530,   75,    0
 18512, 99371,20210531,   89,    0
 18512, 99371,20210601,  134,    0
 18512, 99371,20210602,  177,    0
 18512, 99371,20210603,  153,    0
 18512, 99371,20210604,  167,    0
 18512, 99371,20210605,  131,    0
 18512, 99371,20210606,  173,    0
 18512, 99371,20210607,  118,    0
 18512, 99371,20210608,  125,    0
 18512, 99371,20210609,  126,    0
 18512, 99371,20210610,  163,    0
 18512, 99371,20210611,  156,    0
 18512, 99371,20210612,  109,    0
 18512, 99371,20210613,   83,    0
 18512, 99371,20210614,-9999,    9
 18512, 99371,20210615,   76,    0
 18512, 99371,20210616,   64,    0
 18512, 99371,20210617,  117,    0
 18512, 99371,20210618,  104,    0
 18512, 99371,20210619,   90,    0
 18512, 99371,20210620,   96,    0
 18512, 99371,20210621,  127,    0
 18512, 99371,20210622,  100,    0
 18512, 99371,20210623,  128,    0
 18512, 99371,20210624,  111,    0
 18512, 99371,20210625,   96,    0
 18512, 99371,20210626,   94,    0
 18512, 99371,20210627,  110,    0
 18512, 99371,20210628,  108,    0
 18512, 99371,20210629,   88,    0
 18512, 99371,20210630,   97,    0
 18512, 99371,20210701,  128,    0
 18512, 99371,20210702,  111,    0
 18512, 99371,20210703,  141,    0
 18512, 99371,20210704,  206,    0
 18512, 99371,20210705,  218,    0
 18512, 99371,20210706,  231,    0
 18512, 99371,20210707,  198,    0
 18512, 99371,20210708,  144,    0
 18512, 99371,20210709,  149,    0
 18512, 99371,20210710,  154,    0
 18512, 99371,20210711,  188,    0
 18512, 99371,20210712,  159,    0
 18512, 99371,20210713,  141,    0
 18512, 99371,20210714,  141,    0
 18512, 99371,20210715,  152,    0
 18512, 99371,20210716,  124,    0
 18512, 99371,20210717,  125,    0
 18512, 99371,20210718,  101,    0
 18512, 99371,20210719,   98,    0
 18512, 99371,20210720,   86,    0
 18512, 99371,20210721,  102,    0
 18512, 99371,20210722,   98,    0
 18512, 99371,20210723,   96,    0
 18512, 99371,20210724,  121,    0
 18512, 99371,20210725,  140,    0
 18512, 99371,20210726,   99,    0
 18512, 99371,20210727,  132,    0
 18512, 99371,20210728,  201,    0
 18512, 99371,20210729,  147,    0
 18512, 99371,20210730,  124,    0
 18512, 99371,20210731,-9999,    9
 18512, 99371,20210801,-9999,    9
 18512, 99371,20210802,-9999,    9
 18512, 99371,20210803,   98,    0
 18512, 99371,20210804,  113,    0
 18512, 99371,20210805,  120,    0
 18512, 99371,20210806,  150,    0
 18512, 99371,20210807,  179,    0
 18512, 99371,20210808,  177,    0
 18512, 99371,20210809,  173,    0
 18512, 99371,20210810,  140,    0
 18512, 99371,20210811,  128,    0
 18512, 99371,20210812,-9999,    9
 18512, 99371,20210813,  125,    0
 18512, 99371,20210814,  116,    0
 18512, 99371,20210815,  108,    0
 18512, 99371,20210816,  115,    0
 18512, 99371,20210817,  118,    0
 18512, 99371,20210818,  115,    0
 18512, 99371,20210819,   16,    0
 18512, 99371,20210820,  104,    0
 18512, 99371,20210821,   86,    0
 18512, 99371,20210822,   85,    0
 18512, 99371,20210823,   93,    0
 18512, 99371,20210824,   84,    0
 18512, 99371,20210825,  109,    0
 18512, 99371,20210826,   95,    0
 18512, 99371,20210827,  103,    0
 18512, 99371,20210828,  100,    0
 18512, 99371,20210829,   93,    0
 18512, 99371,20210830,  108,    0
 18512, 99371,20210831,-9999,    9
 18512, 99371,20210901,   84,    0
 18512, 99371,20210902,   81,    0
 18512, 99371,20210903,   75,    0
 18512, 99371,20210904,   74,    0
 18512, 99371,20210905,   94,    0
 18512, 99371,20210906,  111,    0
 18512, 99371,20210907,  116,    0
 18512, 99371,20210908,-9999,    9
 18512, 99371,20210909,   82,    0
 18512, 99371,20210910,   74,    0
 18512, 99371,20210911,   77,    0
 18512, 99371,20210912,   81,    0
 18512, 99371,20210913,   62,    0
 18512, 99371,20210914,   53,    0
 18512, 99371,20210915,   58,    0
 18512, 99371,20210916,   88,    0
 18512, 99371,20210917,   97,    0
 18512, 99371,20210918,   86,    0
 18512, 99371,20210919,   90,    0
 18512, 99371,20210920,   80,    0
 18512, 99371,20210921,   96,    0
 18512, 99371,20210922,  118,    0
 18512, 99371,20210923,  101,    0
 18512, 99371,20210924,   68,    0
 18512, 99371,20210925,   72,    0
 18512, 99371,20210926,  114,    0
 18512, 99371,20210927,  155,    0
 18512, 99371,20210928,  133,    0
 18512, 99371,20210929,  109,    0
 18512, 99371,20210930,   96,    0
 18512, 99371,20211001,  108,    0
 18512, 99371,20211002,  141,    0
 18512, 99371,20211003,  134,    0
 18512, 99371,20211004,  154,    0
 18512, 99371,20211005,  127,    0
 18512, 99371,20211006,   97,    0
 18512, 99371,20211007,   65,    0
 18512, 99371,20211008,   79,    0
 18512, 99371,20211009,  111,    0
 18512, 99371,20211010,  102,    0
 18512, 99371,20211011,   67,    0
 18512, 99371,20211012,   49,    0
 18512, 99371,20211013,   22,    0
 18512, 99371,20211014,   25,    0
 18512, 99371,20211015,-9999,    9
 18512, 99371,20211016,   16,    0
 18512, 99371,20211017,   30,    0
 18512, 99371,20211018,   21,    0
 18512, 99371,20211019,-9999,    9
 18512, 99371,20211020,   25,    0
 18512, 99371,20211021,-9999,    9
 18512, 99371,20211022,   24,    0
 18512, 99371,20211023,   -9,    0
 18512, 99371,20211024,   29,    0
 18512, 99371,20211025,   65,    0
 18512, 99371,20211026,   68,    0
 18512, 99371,20211027,   45,    0
 18512, 99371,20211028,   88,    0
 18512, 99371,20211029,   70,    0
 18512, 99371,20211030,   85,    0
 18512, 99371,20211031,-9999,    9
 18512, 99371,20211101,-9999,    9
 18512, 99371,20211102,   88,    0
 18512, 99371,20211103,   65,    0
 18512, 99371,20211104,   46,    0
 18512, 99371,20211105,   38,    0
 18512, 99371,20211106,   35,    0
 18512, 99371,20211107,-9999,    9
 18512, 99371,20211108,-9999,    9
 18512, 99371,20211109,   28,    0
 18512, 99371,20211110,   53,    0
 18512, 99371,20211111,   60,    0
 18512, 99371,20211112,   38,    0
 18512, 99371,20211113,   17,    0
 18512, 99371,20211114,    8,    0
 18512, 99371,20211115,   70,    0
 18512, 99371,20211116,   78,    0
 18512, 99371,20211117,   67,    0
 18512, 99371,20211118,   30,    0
 18512, 99371,20211119,   42,    0
 18512, 99371,20211120,   28,    0
 18512, 99371,20211121,   -8,    0
 18512, 99371,20211122,  -32,    0
 18512, 99371,20211123,   17,    0
 18512, 99371,20211124,   -6,    0
 18512, 99371,20211125,  -68,    0
 18512, 99371,20211126,  -77,    0
 18512, 99371,20211127, -103,    0
 18512, 99371,20211128,  -58,    0
 18512, 99371,20211129,  -58,    0
 18512, 99371,20211130,-9999,    9
 18512, 99371,20211201, -116,    0
 18512, 99371,20211202,  -79,    0
 18512, 99371,20211203,  -36,    0
 18512, 99371,20211204,  -56,    0
 18512, 99371,20211205, -115,    0
 18512, 99371,20211206, -138,    0
 18512, 99371,20211207, -101,    0
 18512, 99371,20211208,  -97,    0
 18512, 99371,20211209,  -61,    0
 18512, 99371,20211210,  -19,    0
 18512, 99371,20211211,  -18,    0
 18512, 99371,20211212,   -4,    0
 18512, 99371,20211213,   18,    0
 18512, 99371,20211214,   48,    0
 18512, 99371,20211215,   50,    0
 18512, 99371,20211216,   48,    0
 18512, 99371,20211217,   58,    0
 18512, 99371,20211218,   47,    0
 18512, 99371,20211219,   41,    0
 18512, 99371,20211220,  -34,    0
 18512, 99371,20211221,  -45,    0
 18512, 99371,20211222,  -71,    0
 18512, 99371,20211223,  -51,    0
 18512, 99371,20211224,  -78,    0
 18512, 99371,20211225,  -23,    0
 18512, 99371,20211226, -108,    0
 18512, 99371,20211227,  -79,    0
 18512, 99371,20211228,  -51,    0
 18512, 99371,20211229,  -48,    0
 18512, 99371,20211230,   -5,    0
 18512, 99371,20211231,  -58,    0
 18512, 99371,20220101,  -83,    0
 18512, 99371,20220102,   -7,    0
 18512, 99371,20220103,   18,    0
 18512, 99371,20220104,  -25,    0
 18512, 99371,20220105,  -33,    0
 18512, 99371,20220106,  -27,    0
 18512, 99371,20220107, -106,    0
 18512, 99371,20220108,  -90,    0
 18512, 99371,20220109,  -90,    0
 18512, 99371,20220110,  -83,    0
 18512, 99371,20220111,   26,    0
 18512, 99371,20220112,   47,    0
 18512, 99371,20220113,   23,    0
 18512, 99371,20220114,   23,    0
 18512, 99371,20220115,   24,    0
 18512, 99371,20220116,   13,    0
 18512, 99371,20220117,   -8,    0
 18512, 99371,20220118,-9999,    9
 18512, 99371,20220119,   12,    0
 18512, 99371,20220120,   -3,    0
 18512, 99371,20220121,  -45,    0
 18512, 99371,20220122,   42,    0
 18512, 99371,20220123,   78,    0
 18512, 99371,20220124,   11,    0
 18512, 99371,20220125,   -1,    0
 18512, 99371,20220126,   -2,    0
 18512, 99371,20220127,   -4,    0
 18512, 99371,20220128,  -17,    0
 18512, 99371,20220129,   -3,    0
 18512, 99371,20220130,   -6,    0
 18512, 99371,20220131,  -60,    0
 18512, 99371,20220201,-9999,    9
 18512, 99371,20220202,-9999,    9
 18512, 99371,20220203,  -66,    0
 18512, 99371,20220204,  -44,    0
 18512, 99371,20220205,   20,    0
 18512, 99371,20220206,   -9,    0
 18512, 99371,20220207,  -11,    0
 18512, 99371,20220208,   14,    0
 18512, 99371,20220209,    5,    0
 18512, 99371,20220210,   10,    0
 18512, 99371,20220211,  -22,    0
 18512, 99371,20220212,  -11,    0
 18512, 99371,20220213,  -20,    0
 18512, 99371,20220214,  -22,    0
 18512, 99371,20220215,  -63,    0
 18512, 99371,20220216,  -19,    0
 18512, 99371,20220217,  -23,    0
 18512, 99371,20220218,  -69,    0
 18512, 99371,20220219,  -64,    0
 18512, 99371,20220220,  -61,    0
 18512, 99371,20220221,  -71,    0
 18512, 99371,20220222,  -80,    0
 18512, 99371,20220223,  -20,    0
 18512, 99371,20220224,   15,    0
 18512, 99371,20220225,   -9,    0
 18512, 99371,20220226,   10,    0
 18512, 99371,20220227,   63,    0
 18512, 99371,20220228,   49,    0
 18512, 99371,20220301,   41,    0
 18512, 99371,20220302,   34,    0
 18512, 99371,20220303,-9999,    9
 18512, 99371,20220304,   -5,    0
 18512, 99371,20220305,   26,    0
 18512, 99371,20220306,   28,    0
 18512, 99371,20220307,   19,    0
 18512, 99371,20220308,   29,    0
 18512, 99371,20220309,   25,    0
 18512, 99371,20220310,   55,    0
 18512, 99371,20220311,   56,    0
 18512, 99371,20220312,   50,    0
 18512, 99371,20220313,   37,    0
 18512, 99371,20220314,   43,    0
 18512, 99371,20220315,   50,    0
 18512, 99371,20220316,   43,    0
 18512, 99371,20220317,   73,    0
 18512, 99371,20220318,   48,    0
 18512, 99371,20220319,   79,    0
 18512, 99371,20220320,  105,    0
 18512, 99371,20220321,   -2,    0
 18512, 99371,20220322,   56,    0
 18512, 99371,20220323,   65,    0
 18512, 99371,20220324,   17,    0
 18512, 99371,20220325,    4,    0
 18512, 99371,20220326,    0,    0
 18512, 99371,20220327,-9999,    9
 18512, 99371,20220328,  -33,    0
 18512, 99371,20220329,  -52,    0
 18512, 99371,20220330,   -5,    0
 18512, 99371,20220331,  -35,    0
 18512, 99371,20220401,  -39,    0
 18512, 99371,20220402,   -1,    0
 18512, 99371,20220403,   -2,    0
 18512, 99371,20220404,  -26,    0
 18512, 99371,20220405,-9999,    9
 18512, 99371,20220406,  -27,    0
 18512, 99371,20220407,    0,    0
 18512, 99371,20220408,  -16,    0
 18512, 99371,20220409,   28,    0
 18512, 99371,20220410,   15,    0
 18512, 99371,20220411,   15,    0
 18512, 99371,20220412,   33,    0
 18512, 99371,20220413,   17,    0
 18512, 99371,20220414,   15,    0
 18512, 99371,20220415,   13,    0
 18512, 99371,20220416,   59,    0
 18512, 99371,20220417,   62,    0
 18512, 99371,20220418,   54,    0
 18512, 99371,20220419,   92,    0
 18512, 99371,20220420,   62,    0
 18512, 99371,20220421,   38,    0
 18512, 99371,20220422,   47,    0
 18512, 99371,20220423,   50,    0
 18512, 99371,20220424,   47,    0
 18512, 99371,20220425,   30,    0
 18512, 99371,20220426,   -7,    0
 18512, 99371,20220427,   -7,    0
 18512, 99371,20220428,    1,    0
 18512, 99371,20220429,   15,    0
 18512, 99371,20220430,   21,    0
 18512, 99371,20220501,-9999,    9
 18512, 99371,20220502,-9999,    9
 18512, 99371,20220503,-9999,    9
 18512, 99371,20220504,-9999,    9
 18512, 99371,20220505,-9999,    9
 18512, 99371,20220506,-9999,    9
 18512, 99371,20220507,-9999,    9
 18512, 99371,20220508,-9999,    9
 18512, 99371,20220509,-9999,    9
 18512, 99371,20220510,-9999,    9
 18512, 99371,20220511,-9999,    9
 18512, 99371,20220512,-9999,    9
 18512, 99371,20220513,-9999,    9
 18512, 99371,20220514,-9999,    9
 18512, 99371,20220515,   52,    0
 18512, 99371,20220516,   35,    0
 18512, 99371,20220517,   41,    0
 18512, 99371,20220518,   67,    0
 18512, 99371,20220519,-9999,    9
 18512, 99371,20220520,-9999,    9
 18512, 99371,20220521,  108,    0
 18512, 99371,20220522,   94,    0
 18512, 99371,20220523,  133,    0
 18512, 99371,20220524,  148,    0
 18512, 99371,20220525,  130,    0
 18512, 99371,20220526,  121,    0
 18512, 99371,20220527,   90,    0
 18512, 99371,20220528,   75,    0
 18512, 99371,20220529,  111,    0
 18512, 99371,20220530,  141,    0
 18512, 99371,20220531,  148,    0
 18512, 99371,20220601,  140,    0
 18512, 99371,20220602,  143,    0
 18512, 99371,20220603,  117,    0
 18512, 99371,20220604,   83,    0
 18512, 99371,20220605,   59,    0
 18512, 99371,20220606,   89,    0
 18512, 99371,20220607,   67,    0
 18512, 99371,20220608,   70,    0
 18512, 99371,20220609,   70,    0
 18512, 99371,20220610,   90,    0
 18512, 99371,20220611,  111,    0
 18512, 99371,20220612,-9999,    9
 18512, 99371,20220613,-9999,    9
 18512, 99371,20220614,   -7,    0
 18512, 99371,20220615,   91,    0
 18512, 99371,20220616,  105,    0
 18512, 99371,20220617,   87,    0
 18512, 99371,20220618,  110,    0
 18512, 99371,20220619,  104,    0
 18512, 99371,20220620,  108,    0
 18512, 99371,20220621,   91,    0
 18512, 99371,20220622,   90,    0
 18512, 99371,20220623,  109,    0
 18512, 99371,20220624,   92,    0
 18512, 99371,20220625,  159,    0
 18512, 99371,20220626,  200,    0
 18512, 99371,20220627,  200,    0
 18512, 99371,20220628,  245,    0
 18512, 99371,20220629,  130,    0
 18512, 99371,20220630,  173,    0
 18512, 99371,20220701,  229,    0
 18512, 99371,20220702,  192,    0
 18512, 99371,20220703,  153,    0
 18512, 99371,20220704,  158,    0
 18512, 99371,20220705,  133,    0
 18512, 99371,20220706,  109,    0
 18512, 99371,20220707,   97,    0
 18512, 99371,20220708,  112,    0
 18512, 99371,20220709,  118,    0
 18512, 99371,20220710,  122,    0
 18512, 99371,20220711,  131,    0
 18512, 99371,20220712,  177,    0
 18512, 99371,20220713,  110,    0
 18512, 99371,20220714,  107,    0
 18512, 99371,20220715,  100,    0
 18512, 99371,20220716,   72,    0
 18512, 99371,20220717,  100,    0
 18512, 99371,20220718,  109,    0
 18512, 99371,20220719,   27,    0
 18512, 99371,20220720,  143,    0
 18512, 99371,20220721,    6,    0
 18512, 99371,20220722,   93,    0
 18512, 99371,20220723,   89,    0
 18512, 99371,20220724,  103,    0
 18512, 99371,20220725,  154,    0
 18512, 99371,20220726,  130,    0
 18512, 99371,20220727,  105,    0
 18512, 99371,20220728,   98,    0
 18512, 99371,20220729,  116,    0
 18512, 99371,20220730,  145,    0
 18512, 99371,20220731,  158,    0
 18512, 99371,20220801,  124,    0
 18512, 99371,20220802,   44,    0
 18512, 99371,20220803,  136,    0
 18512, 99371,20220804,   74,    0
 18512, 99371,20220805,  122,    0
 18512, 99371,20220806,  118,    0
 18512, 99371,20220807,  101,    0
 18512, 99371,20220808,  114,    0
 18512, 99371,20220809,-9999,    9
 18512, 99371,20220810,  142,    0
 18512, 99371,20220811,  117,    0
 18512, 99371,20220812,  111,    0
 18512, 99371,20220813,  117,    0
 18512, 99371,20220814,  120,    0
 18512, 99371,20220815,-9999,    9
 18512, 99371,20220816,  193,    0
 18512, 99371,20220817,-9999,    9
 18512, 99371,20220818,  130,    0
 18512, 99371,20220819,  174,    0
 18512, 99371,20220820,-9999,    9
 18512, 99371,20220821,-9999,    9
 18512, 99371,20220822,   92,    0
 18512, 99371,20220823,   99,    0
 18512, 99371,20220824,   69,    0
 18512, 99371,20220825,  163,    0
 18512, 99371,20220826,  165,    0
 18512, 99371,20220827,   58,    0
 18512, 99371,20220828,  104,    0
 18512, 99371,20220829,   25,    0
 18512, 99371,20220830,   20,    0
 18512, 99371,20220831,   88,    0
 18512, 99371,20220901,  -16,    0
 18512, 99371,20220902,   85,    0
 18512, 99371,20220903,   71,    0
 18512, 99371,20220904,   77,    0
 18512, 99371,20220905,   82,    0
 18512, 99371,20220906,   16,    0
 18512, 99371,20220907,  -68,    0
 18512, 99371,20220908,   70,    0
 18512, 99371,20220909,  -14,    0
 18512, 99371,20220910,   56,    0
 18512, 99371,20220911,   93,    0
 18512, 99371,20220912,   61,    0
 18512, 99371,20220913,   57,    0
 18512, 99371,20220914,   66,    0
 18512, 99371,20220915,  108,    0
 18512, 99371,20220916,   91,    0
 18512, 99371,20220917,   99,    0
 18512, 99371,20220918,   47,    0
 18512, 99371,20220919,   33,    0
 18512, 99371,20220920,   68,    0
 18512, 99371,20220921,   92,    0
 18512, 99371,20220922,  127,    0
 18512, 99371,20220923,  -34,    0
 18512, 99371,20220924,  -91,    0
 18512, 99371,20220925,   71,    0
 18512, 99371,20220926,  130,    0
 18512, 99371,20220927,  103,    0
 18512, 99371,20220928,   84,    0
 18512, 99371,20220929,   87,    0
 18512, 99371,20220930,   57,    0
 18512, 99371,20221001,   59,    0
 18512, 99371,20221002,   92,    0
 18512, 99371,20221003,   54,    0
 18512, 99371,20221004,   92,    0
 18512, 99371,20221005,   48,    0
 18512, 99371,20221006,   89,    0
 18512, 99371,20221007,   90,    0
 18512, 99371,20221008,   65,    0
 18512, 99371,20221009,   82,    0
 18512, 99371,20221010,  102,    0
 18512, 99371,20221011,   67,    0
 18512, 99371,20221012,   58,    0
 18512, 99371,20221013,   78,    0
 18512, 99371,20221014,   43,    0
 18512, 99371,20221015,   80,    0
 18512, 99371,20221016,   44,    0
 18512, 99371,20221017,   60,    0
 18512, 99371,20221018,   42,    0
 18512, 99371,20221019,   67,    0
 18512, 99371,20221020,   41,    0
 18512, 99371,20221021,  -58,    0
 18512, 99371,20221022,   34,    0
 18512, 99371,20221023,   31,    0
 18512, 99371,20221024,   -7,    0
 18512, 99371,20221025,   22,    0
 18512, 99371,20221026, -132,    0
 18512, 99371,20221027,   24,    0
 18512, 99371,20221028,   80,    0
 18512, 99371,20221029,   49,    0
 18512, 99371,20221030,-9999,    9
 18512, 99371,20221031,  -49,    0
