EUROPEAN CLIMATE ASSESSMENT & DATASET (ECA&D), file created on: 16-11-2022
THESE DATA CAN BE USED FOR NON-COMMERCIAL RESEARCH AND EDUCATION PROVIDED THAT THE FOLLOWING SOURCE IS ACKNOWLEDGED: 

Klein Tank, A.M.G. and Coauthors, 2002. Daily dataset of 20th-century surface
air temperature and precipitation series for the European Climate Assessment.
Int. J. of Climatol., 22, 1441-1453.
Data and metadata available at http://www.ecad.eu

FILE FORMAT (MISSING VALUE CODE = -9999):

01-06 STAID: Station identifier
08-13 SOUID: Source identifier
15-22 DATE : Date YYYYMMDD
24-28 TG   : Mean temperature in 0.1 &#176;C
30-34 Q_TG : quality code for TG (0='valid'; 1='suspect'; 9='missing')

This is the blended series of station E6 KRAKMOFJELLET, NORWAY (STAID: 18451)
Blended and updated with sources:99259 
See files sources.txt and stations.txt for more info.

STAID, SOUID,    DATE,   TG, Q_TG
 18451, 99259,20150401,-9999,    9
 18451, 99259,20150402,-9999,    9
 18451, 99259,20150403,-9999,    9
 18451, 99259,20150404,-9999,    9
 18451, 99259,20150405,-9999,    9
 18451, 99259,20150406,-9999,    9
 18451, 99259,20150407,-9999,    9
 18451, 99259,20150408,-9999,    9
 18451, 99259,20150409,-9999,    9
 18451, 99259,20150410,-9999,    9
 18451, 99259,20150411,   19,    0
 18451, 99259,20150412,   27,    0
 18451, 99259,20150413,-9999,    9
 18451, 99259,20150414,   -3,    0
 18451, 99259,20150415,   20,    0
 18451, 99259,20150416,   28,    0
 18451, 99259,20150417,   17,    0
 18451, 99259,20150418,   23,    0
 18451, 99259,20150419,   37,    0
 18451, 99259,20150420,   33,    0
 18451, 99259,20150421,   26,    0
 18451, 99259,20150422,-9999,    9
 18451, 99259,20150423,-9999,    9
 18451, 99259,20150424,   -8,    0
 18451, 99259,20150425,   -2,    0
 18451, 99259,20150426,-9999,    9
 18451, 99259,20150427,-9999,    9
 18451, 99259,20150428,   -7,    0
 18451, 99259,20150429,  -16,    0
 18451, 99259,20150430,   15,    0
 18451, 99259,20150501,-9999,    9
 18451, 99259,20150502,-9999,    9
 18451, 99259,20150503,   10,    0
 18451, 99259,20150504,-9999,    9
 18451, 99259,20150505,-9999,    9
 18451, 99259,20150506,-9999,    9
 18451, 99259,20150507,   59,    0
 18451, 99259,20150508,   64,    0
 18451, 99259,20150509,   33,    0
 18451, 99259,20150510,   39,    0
 18451, 99259,20150511,   42,    0
 18451, 99259,20150512,   59,    0
 18451, 99259,20150513,   40,    0
 18451, 99259,20150514,   17,    0
 18451, 99259,20150515,-9999,    9
 18451, 99259,20150516,   35,    0
 18451, 99259,20150517,-9999,    9
 18451, 99259,20150518,   48,    0
 18451, 99259,20150519,   39,    0
 18451, 99259,20150520,   51,    0
 18451, 99259,20150521,   33,    0
 18451, 99259,20150522,   43,    0
 18451, 99259,20150523,   31,    0
 18451, 99259,20150524,   41,    0
 18451, 99259,20150525,   54,    0
 18451, 99259,20150526,-9999,    9
 18451, 99259,20150527,-9999,    9
 18451, 99259,20150528,   46,    0
 18451, 99259,20150529,   85,    0
 18451, 99259,20150530,   77,    0
 18451, 99259,20150531,   87,    0
 18451, 99259,20150601,   85,    0
 18451, 99259,20150602,-9999,    9
 18451, 99259,20150603,   74,    0
 18451, 99259,20150604,   34,    0
 18451, 99259,20150605,   42,    0
 18451, 99259,20150606,   64,    0
 18451, 99259,20150607,   51,    0
 18451, 99259,20150608,   40,    0
 18451, 99259,20150609,   42,    0
 18451, 99259,20150610,   48,    0
 18451, 99259,20150611,   39,    0
 18451, 99259,20150612,   40,    0
 18451, 99259,20150613,   25,    0
 18451, 99259,20150614,   39,    0
 18451, 99259,20150615,   40,    0
 18451, 99259,20150616,   48,    0
 18451, 99259,20150617,   61,    0
 18451, 99259,20150618,  104,    0
 18451, 99259,20150619,   80,    0
 18451, 99259,20150620,   89,    0
 18451, 99259,20150621,   95,    0
 18451, 99259,20150622,  121,    0
 18451, 99259,20150623,-9999,    9
 18451, 99259,20150624,-9999,    9
 18451, 99259,20150625,-9999,    9
 18451, 99259,20150626,   78,    0
 18451, 99259,20150627,   72,    0
 18451, 99259,20150628,   64,    0
 18451, 99259,20150629,   73,    0
 18451, 99259,20150630,   94,    0
 18451, 99259,20150701,  100,    0
 18451, 99259,20150702,  107,    0
 18451, 99259,20150703,  108,    0
 18451, 99259,20150704,   94,    0
 18451, 99259,20150705,-9999,    9
 18451, 99259,20150706,-9999,    9
 18451, 99259,20150707,-9999,    9
 18451, 99259,20150708,-9999,    9
 18451, 99259,20150709,-9999,    9
 18451, 99259,20150710,-9999,    9
 18451, 99259,20150711,-9999,    9
 18451, 99259,20150712,-9999,    9
 18451, 99259,20150713,-9999,    9
 18451, 99259,20150714,-9999,    9
 18451, 99259,20150715,-9999,    9
 18451, 99259,20150716,-9999,    9
 18451, 99259,20150717,-9999,    9
 18451, 99259,20150718,-9999,    9
 18451, 99259,20150719,-9999,    9
 18451, 99259,20150720,-9999,    9
 18451, 99259,20150721,-9999,    9
 18451, 99259,20150722,-9999,    9
 18451, 99259,20150723,-9999,    9
 18451, 99259,20150724,-9999,    9
 18451, 99259,20150725,-9999,    9
 18451, 99259,20150726,-9999,    9
 18451, 99259,20150727,-9999,    9
 18451, 99259,20150728,-9999,    9
 18451, 99259,20150729,-9999,    9
 18451, 99259,20150730,-9999,    9
 18451, 99259,20150731,-9999,    9
 18451, 99259,20150801,-9999,    9
 18451, 99259,20150802,-9999,    9
 18451, 99259,20150803,-9999,    9
 18451, 99259,20150804,  120,    0
 18451, 99259,20150805,  166,    0
 18451, 99259,20150806,  121,    0
 18451, 99259,20150807,  146,    0
 18451, 99259,20150808,  105,    0
 18451, 99259,20150809,   99,    0
 18451, 99259,20150810,  128,    0
 18451, 99259,20150811,  157,    0
 18451, 99259,20150812,   89,    0
 18451, 99259,20150813,   83,    0
 18451, 99259,20150814,  104,    0
 18451, 99259,20150815,  149,    0
 18451, 99259,20150816,  162,    0
 18451, 99259,20150817,  150,    0
 18451, 99259,20150818,-9999,    9
 18451, 99259,20150819,  161,    0
 18451, 99259,20150820,  163,    0
 18451, 99259,20150821,  167,    0
 18451, 99259,20150822,  167,    0
 18451, 99259,20150823,  156,    0
 18451, 99259,20150824,  180,    0
 18451, 99259,20150825,  181,    0
 18451, 99259,20150826,  177,    0
 18451, 99259,20150827,  182,    0
 18451, 99259,20150828,  164,    0
 18451, 99259,20150829,   96,    0
 18451, 99259,20150830,   99,    0
 18451, 99259,20150831,   88,    0
 18451, 99259,20150901,   72,    0
 18451, 99259,20150902,   75,    0
 18451, 99259,20150903,   72,    0
 18451, 99259,20150904,   71,    0
 18451, 99259,20150905,   70,    0
 18451, 99259,20150906,-9999,    9
 18451, 99259,20150907,-9999,    9
 18451, 99259,20150908,   73,    0
 18451, 99259,20150909,   89,    0
 18451, 99259,20150910,  103,    0
 18451, 99259,20150911,  149,    0
 18451, 99259,20150912,  132,    0
 18451, 99259,20150913,  136,    0
 18451, 99259,20150914,  136,    0
 18451, 99259,20150915,  138,    0
 18451, 99259,20150916,  126,    0
 18451, 99259,20150917,  132,    0
 18451, 99259,20150918,  136,    0
 18451, 99259,20150919,   93,    0
 18451, 99259,20150920,   92,    0
 18451, 99259,20150921,  119,    0
 18451, 99259,20150922,  106,    0
 18451, 99259,20150923,   93,    0
 18451, 99259,20150924,   98,    0
 18451, 99259,20150925,  106,    0
 18451, 99259,20150926,   82,    0
 18451, 99259,20150927,   77,    0
 18451, 99259,20150928,   75,    0
 18451, 99259,20150929,   99,    0
 18451, 99259,20150930,   61,    0
 18451, 99259,20151001,   54,    0
 18451, 99259,20151002,   32,    0
 18451, 99259,20151003,   16,    0
 18451, 99259,20151004,   26,    0
 18451, 99259,20151005,   16,    0
 18451, 99259,20151006,-9999,    9
 18451, 99259,20151007,   45,    0
 18451, 99259,20151008,   54,    0
 18451, 99259,20151009,   34,    0
 18451, 99259,20151010,   44,    0
 18451, 99259,20151011,   57,    0
 18451, 99259,20151012,   69,    0
 18451, 99259,20151013,   47,    0
 18451, 99259,20151014,   56,    0
 18451, 99259,20151015,   59,    0
 18451, 99259,20151016,   51,    0
 18451, 99259,20151017,   73,    0
 18451, 99259,20151018,   61,    0
 18451, 99259,20151019,   51,    0
 18451, 99259,20151020,   54,    0
 18451, 99259,20151021,   43,    0
 18451, 99259,20151022,   47,    0
 18451, 99259,20151023,-9999,    9
 18451, 99259,20151024,-9999,    9
 18451, 99259,20151025,   35,    0
 18451, 99259,20151026,    3,    0
 18451, 99259,20151027,  -22,    0
 18451, 99259,20151028,    2,    0
 18451, 99259,20151029,-9999,    9
 18451, 99259,20151030,-9999,    9
 18451, 99259,20151031,   46,    0
 18451, 99259,20151101,   61,    0
 18451, 99259,20151102,   59,    0
 18451, 99259,20151103,   54,    0
 18451, 99259,20151104,   40,    0
 18451, 99259,20151105,-9999,    9
 18451, 99259,20151106,-9999,    9
 18451, 99259,20151107,   52,    0
 18451, 99259,20151108,   40,    0
 18451, 99259,20151109,   48,    0
 18451, 99259,20151110,   43,    0
 18451, 99259,20151111,   19,    0
 18451, 99259,20151112,    2,    0
 18451, 99259,20151113,   18,    0
 18451, 99259,20151114,    4,    0
 18451, 99259,20151115,  -30,    0
 18451, 99259,20151116,  -17,    0
 18451, 99259,20151117,   17,    0
 18451, 99259,20151118,   -7,    0
 18451, 99259,20151119,  -27,    0
 18451, 99259,20151120,  -42,    0
 18451, 99259,20151121,-9999,    9
 18451, 99259,20151122,  -73,    0
 18451, 99259,20151123,  -18,    0
 18451, 99259,20151124,   26,    0
 18451, 99259,20151125,   26,    0
 18451, 99259,20151126,    5,    0
 18451, 99259,20151127,    8,    0
 18451, 99259,20151128,   -1,    0
 18451, 99259,20151129,   -2,    0
 18451, 99259,20151130,  -33,    0
 18451, 99259,20151201,  -34,    0
 18451, 99259,20151202,   -6,    0
 18451, 99259,20151203,   11,    0
 18451, 99259,20151204,   13,    0
 18451, 99259,20151205,    8,    0
 18451, 99259,20151206,    1,    0
 18451, 99259,20151207,   11,    0
 18451, 99259,20151208,   -2,    0
 18451, 99259,20151209,   33,    0
 18451, 99259,20151210,    6,    0
 18451, 99259,20151211,    2,    0
 18451, 99259,20151212,  -27,    0
 18451, 99259,20151213,  -50,    0
 18451, 99259,20151214,  -42,    0
 18451, 99259,20151215,  -40,    0
 18451, 99259,20151216,  -53,    0
 18451, 99259,20151217,   -5,    0
 18451, 99259,20151218,   23,    0
 18451, 99259,20151219,    3,    0
 18451, 99259,20151220,-9999,    9
 18451, 99259,20151221,-9999,    9
 18451, 99259,20151222,-9999,    9
 18451, 99259,20151223,   15,    0
 18451, 99259,20151224,   28,    0
 18451, 99259,20151225,    8,    0
 18451, 99259,20151226,  -61,    0
 18451, 99259,20151227,  -30,    0
 18451, 99259,20151228,  -22,    0
 18451, 99259,20151229,   25,    0
 18451, 99259,20151230,   21,    0
 18451, 99259,20151231,   42,    0
 18451, 99259,20160101,   29,    0
 18451, 99259,20160102,    3,    0
 18451, 99259,20160103,  -53,    0
 18451, 99259,20160104, -102,    0
 18451, 99259,20160105, -116,    0
 18451, 99259,20160106, -163,    0
 18451, 99259,20160107, -196,    0
 18451, 99259,20160108, -177,    0
 18451, 99259,20160109, -144,    0
 18451, 99259,20160110, -131,    0
 18451, 99259,20160111,-9999,    9
 18451, 99259,20160112,-9999,    9
 18451, 99259,20160113,-9999,    9
 18451, 99259,20160114,-9999,    9
 18451, 99259,20160115,-9999,    9
 18451, 99259,20160116,-9999,    9
 18451, 99259,20160117,-9999,    9
 18451, 99259,20160118,-9999,    9
 18451, 99259,20160119,-9999,    9
 18451, 99259,20160120, -145,    0
 18451, 99259,20160121,  -46,    0
 18451, 99259,20160122,  -10,    0
 18451, 99259,20160123,  -28,    0
 18451, 99259,20160124,   -2,    0
 18451, 99259,20160125,-9999,    9
 18451, 99259,20160126,   21,    0
 18451, 99259,20160127,-9999,    9
 18451, 99259,20160128,-9999,    9
 18451, 99259,20160129,    2,    0
 18451, 99259,20160130,    1,    0
 18451, 99259,20160131,   -9,    0
 18451, 99259,20160201,  -46,    0
 18451, 99259,20160202,  -78,    0
 18451, 99259,20160203,  -45,    0
 18451, 99259,20160204,  -28,    0
 18451, 99259,20160205,  -54,    0
 18451, 99259,20160206,  -21,    0
 18451, 99259,20160207,   -6,    0
 18451, 99259,20160208,   -1,    0
 18451, 99259,20160209,   -8,    0
 18451, 99259,20160210,-9999,    9
 18451, 99259,20160211,-9999,    9
 18451, 99259,20160212,-9999,    9
 18451, 99259,20160213,  -49,    0
 18451, 99259,20160214,  -67,    0
 18451, 99259,20160215,  -56,    0
 18451, 99259,20160216,  -36,    0
 18451, 99259,20160217,   17,    0
 18451, 99259,20160218,    6,    0
 18451, 99259,20160219,  -10,    0
 18451, 99259,20160220,   -9,    0
 18451, 99259,20160221,    1,    0
 18451, 99259,20160222,  -36,    0
 18451, 99259,20160223,  -41,    0
 18451, 99259,20160224,  -39,    0
 18451, 99259,20160225, -105,    0
 18451, 99259,20160226, -117,    0
 18451, 99259,20160227,  -51,    0
 18451, 99259,20160228,  -54,    0
 18451, 99259,20160229,  -10,    0
 18451, 99259,20160301,  -10,    0
 18451, 99259,20160302,-9999,    9
 18451, 99259,20160303,-9999,    9
 18451, 99259,20160304,-9999,    9
 18451, 99259,20160305,   -9,    0
 18451, 99259,20160306,   -9,    0
 18451, 99259,20160307,   -5,    0
 18451, 99259,20160308,  -33,    0
 18451, 99259,20160309,  -43,    0
 18451, 99259,20160310,  -13,    0
 18451, 99259,20160311,   11,    0
 18451, 99259,20160312,   29,    0
 18451, 99259,20160313,   22,    0
 18451, 99259,20160314,   32,    0
 18451, 99259,20160315,   40,    0
 18451, 99259,20160316,   31,    0
 18451, 99259,20160317,  -26,    0
 18451, 99259,20160318,  -42,    0
 18451, 99259,20160319,  -39,    0
 18451, 99259,20160320,  -44,    0
 18451, 99259,20160321,  -79,    0
 18451, 99259,20160322,  -78,    0
 18451, 99259,20160323,  -61,    0
 18451, 99259,20160324,  -26,    0
 18451, 99259,20160325,    3,    0
 18451, 99259,20160326,   19,    0
 18451, 99259,20160327,   43,    0
 18451, 99259,20160328,   49,    0
 18451, 99259,20160329,-9999,    9
 18451, 99259,20160330,-9999,    9
 18451, 99259,20160331,-9999,    9
 18451, 99259,20160401,   -8,    0
 18451, 99259,20160402,   10,    0
 18451, 99259,20160403,   29,    0
 18451, 99259,20160404,   31,    0
 18451, 99259,20160405,   20,    0
 18451, 99259,20160406,   19,    0
 18451, 99259,20160407,-9999,    9
 18451, 99259,20160408,-9999,    9
 18451, 99259,20160409,   22,    0
 18451, 99259,20160410,   20,    0
 18451, 99259,20160411,    7,    0
 18451, 99259,20160412,   -8,    0
 18451, 99259,20160413,  -49,    0
 18451, 99259,20160414,  -33,    0
 18451, 99259,20160415,   15,    0
 18451, 99259,20160416,    9,    0
 18451, 99259,20160417,   15,    0
 18451, 99259,20160418,   12,    0
 18451, 99259,20160419,    7,    0
 18451, 99259,20160420,    5,    0
 18451, 99259,20160421,   15,    0
 18451, 99259,20160422,    7,    0
 18451, 99259,20160423,  -10,    0
 18451, 99259,20160424,  -18,    0
 18451, 99259,20160425,    5,    0
 18451, 99259,20160426,   24,    0
 18451, 99259,20160427,   52,    0
 18451, 99259,20160428,   62,    0
 18451, 99259,20160429,   88,    0
 18451, 99259,20160430,   67,    0
 18451, 99259,20160501,   70,    0
 18451, 99259,20160502,-9999,    9
 18451, 99259,20160503,-9999,    9
 18451, 99259,20160504,   52,    0
 18451, 99259,20160505,   71,    0
 18451, 99259,20160506,   60,    0
 18451, 99259,20160507,   68,    0
 18451, 99259,20160508,   44,    0
 18451, 99259,20160509,   33,    0
 18451, 99259,20160510,   21,    0
 18451, 99259,20160511,   37,    0
 18451, 99259,20160512,   20,    0
 18451, 99259,20160513,-9999,    9
 18451, 99259,20160514,   27,    0
 18451, 99259,20160515,-9999,    9
 18451, 99259,20160516,   27,    0
 18451, 99259,20160517,    6,    0
 18451, 99259,20160518,    2,    0
 18451, 99259,20160519,-9999,    9
 18451, 99259,20160520,-9999,    9
 18451, 99259,20160521,   79,    0
 18451, 99259,20160522,  111,    0
 18451, 99259,20160523,   73,    0
 18451, 99259,20160524,   55,    0
 18451, 99259,20160525,   49,    0
 18451, 99259,20160526,   83,    0
 18451, 99259,20160527,  123,    0
 18451, 99259,20160528,  146,    0
 18451, 99259,20160529,  155,    0
 18451, 99259,20160530,  157,    0
 18451, 99259,20160531,  150,    0
 18451, 99259,20160601,  121,    0
 18451, 99259,20160602,  111,    0
 18451, 99259,20160603,   49,    0
 18451, 99259,20160604,-9999,    9
 18451, 99259,20160605,-9999,    9
 18451, 99259,20160606,-9999,    9
 18451, 99259,20160607,   48,    0
 18451, 99259,20160608,   35,    0
 18451, 99259,20160609,   43,    0
 18451, 99259,20160610,   79,    0
 18451, 99259,20160611,   89,    0
 18451, 99259,20160612,   58,    0
 18451, 99259,20160613,   49,    0
 18451, 99259,20160614,   51,    0
 18451, 99259,20160615,   84,    0
 18451, 99259,20160616,   94,    0
 18451, 99259,20160617,  136,    0
 18451, 99259,20160618,   75,    0
 18451, 99259,20160619,   58,    0
 18451, 99259,20160620,   48,    0
 18451, 99259,20160621,  102,    0
 18451, 99259,20160622,   75,    0
 18451, 99259,20160623,  131,    0
 18451, 99259,20160624,   96,    0
 18451, 99259,20160625,  107,    0
 18451, 99259,20160626,  143,    0
 18451, 99259,20160627,  181,    0
 18451, 99259,20160628,  106,    0
 18451, 99259,20160629,  101,    0
 18451, 99259,20160630,  175,    0
 18451, 99259,20160701,  141,    0
 18451, 99259,20160702,  149,    0
 18451, 99259,20160703,  121,    0
 18451, 99259,20160704,  106,    0
 18451, 99259,20160705,   99,    0
 18451, 99259,20160706,   86,    0
 18451, 99259,20160707,   84,    0
 18451, 99259,20160708,   86,    0
 18451, 99259,20160709,   88,    0
 18451, 99259,20160710,   93,    0
 18451, 99259,20160711,  149,    0
 18451, 99259,20160712,  172,    0
 18451, 99259,20160713,  120,    0
 18451, 99259,20160714,   99,    0
 18451, 99259,20160715,   92,    0
 18451, 99259,20160716,  100,    0
 18451, 99259,20160717,   88,    0
 18451, 99259,20160718,   78,    0
 18451, 99259,20160719,   85,    0
 18451, 99259,20160720,  121,    0
 18451, 99259,20160721,  186,    0
 18451, 99259,20160722,  206,    0
 18451, 99259,20160723,  199,    0
 18451, 99259,20160724,  136,    0
 18451, 99259,20160725,  159,    0
 18451, 99259,20160726,  189,    0
 18451, 99259,20160727,  125,    0
 18451, 99259,20160728,  163,    0
 18451, 99259,20160729,  123,    0
 18451, 99259,20160730,  163,    0
 18451, 99259,20160731,  157,    0
 18451, 99259,20160801,  119,    0
 18451, 99259,20160802,  116,    0
 18451, 99259,20160803,  111,    0
 18451, 99259,20160804,  139,    0
 18451, 99259,20160805,  139,    0
 18451, 99259,20160806,  107,    0
 18451, 99259,20160807,  101,    0
 18451, 99259,20160808,  125,    0
 18451, 99259,20160809,   89,    0
 18451, 99259,20160810,   68,    0
 18451, 99259,20160811,   68,    0
 18451, 99259,20160812,   68,    0
 18451, 99259,20160813,   94,    0
 18451, 99259,20160814,  102,    0
 18451, 99259,20160815,-9999,    9
 18451, 99259,20160816,-9999,    9
 18451, 99259,20160817,  131,    0
 18451, 99259,20160818,  163,    0
 18451, 99259,20160819,  157,    0
 18451, 99259,20160820,  153,    0
 18451, 99259,20160821,  135,    0
 18451, 99259,20160822,  149,    0
 18451, 99259,20160823,   90,    0
 18451, 99259,20160824,  112,    0
 18451, 99259,20160825,   94,    0
 18451, 99259,20160826,  106,    0
 18451, 99259,20160827,   77,    0
 18451, 99259,20160828,   61,    0
 18451, 99259,20160829,   94,    0
 18451, 99259,20160830,   74,    0
 18451, 99259,20160831,   92,    0
 18451, 99259,20160901,   94,    0
 18451, 99259,20160902,   69,    0
 18451, 99259,20160903,   82,    0
 18451, 99259,20160904,   74,    0
 18451, 99259,20160905,   60,    0
 18451, 99259,20160906,   74,    0
 18451, 99259,20160907,   96,    0
 18451, 99259,20160908,   85,    0
 18451, 99259,20160909,  113,    0
 18451, 99259,20160910,  136,    0
 18451, 99259,20160911,  105,    0
 18451, 99259,20160912,   86,    0
 18451, 99259,20160913,  122,    0
 18451, 99259,20160914,  125,    0
 18451, 99259,20160915,   79,    0
 18451, 99259,20160916,-9999,    9
 18451, 99259,20160917,-9999,    9
 18451, 99259,20160918,-9999,    9
 18451, 99259,20160919,  122,    0
 18451, 99259,20160920,   96,    0
 18451, 99259,20160921,  119,    0
 18451, 99259,20160922,  134,    0
 18451, 99259,20160923,  113,    0
 18451, 99259,20160924,   76,    0
 18451, 99259,20160925,  104,    0
 18451, 99259,20160926,  130,    0
 18451, 99259,20160927,   93,    0
 18451, 99259,20160928,  104,    0
 18451, 99259,20160929,   78,    0
 18451, 99259,20160930,   58,    0
 18451, 99259,20161001,   62,    0
 18451, 99259,20161002,   42,    0
 18451, 99259,20161003,   19,    0
 18451, 99259,20161004,   53,    0
 18451, 99259,20161005,   75,    0
 18451, 99259,20161006,   78,    0
 18451, 99259,20161007,   54,    0
 18451, 99259,20161008,   47,    0
 18451, 99259,20161009,   46,    0
 18451, 99259,20161010,   37,    0
 18451, 99259,20161011,   41,    0
 18451, 99259,20161012,   60,    0
 18451, 99259,20161013,   60,    0
 18451, 99259,20161014,   42,    0
 18451, 99259,20161015,   24,    0
 18451, 99259,20161016,   29,    0
 18451, 99259,20161017,   15,    0
 18451, 99259,20161018,   27,    0
 18451, 99259,20161019,   26,    0
 18451, 99259,20161020,-9999,    9
 18451, 99259,20161021,-9999,    9
 18451, 99259,20161022,-9999,    9
 18451, 99259,20161023,-9999,    9
 18451, 99259,20161024,-9999,    9
 18451, 99259,20161025,-9999,    9
 18451, 99259,20161026,-9999,    9
 18451, 99259,20161027,   42,    0
 18451, 99259,20161028,   29,    0
 18451, 99259,20161029,   17,    0
 18451, 99259,20161030,    7,    0
 18451, 99259,20161031,    8,    0
 18451, 99259,20161101,    8,    0
 18451, 99259,20161102,   -7,    0
 18451, 99259,20161103,  -26,    0
 18451, 99259,20161104,  -40,    0
 18451, 99259,20161105,  -54,    0
 18451, 99259,20161106,  -69,    0
 18451, 99259,20161107,  -68,    0
 18451, 99259,20161108,  -38,    0
 18451, 99259,20161109,  -20,    0
 18451, 99259,20161110,  -47,    0
 18451, 99259,20161111,  -43,    0
 18451, 99259,20161112,   12,    0
 18451, 99259,20161113,   35,    0
 18451, 99259,20161114,   34,    0
 18451, 99259,20161115,   37,    0
 18451, 99259,20161116,   33,    0
 18451, 99259,20161117,   32,    0
 18451, 99259,20161118,   11,    0
 18451, 99259,20161119,    8,    0
 18451, 99259,20161120,    2,    0
 18451, 99259,20161121,   -6,    0
 18451, 99259,20161122,   -1,    0
 18451, 99259,20161123,  -25,    0
 18451, 99259,20161124,  -26,    0
 18451, 99259,20161125,  -10,    0
 18451, 99259,20161126,   -7,    0
 18451, 99259,20161127,  -24,    0
 18451, 99259,20161128,   -6,    0
 18451, 99259,20161129,   16,    0
 18451, 99259,20161130,   -4,    0
 18451, 99259,20161201,-9999,    9
 18451, 99259,20161202,  -43,    0
 18451, 99259,20161203,  -96,    0
 18451, 99259,20161204,   -5,    0
 18451, 99259,20161205,   -8,    0
 18451, 99259,20161206,   -1,    0
 18451, 99259,20161207,   18,    0
 18451, 99259,20161208,    3,    0
 18451, 99259,20161209,  -45,    0
 18451, 99259,20161210, -102,    0
 18451, 99259,20161211,  -71,    0
 18451, 99259,20161212,   -5,    0
 18451, 99259,20161213,   -6,    0
 18451, 99259,20161214,   33,    0
 18451, 99259,20161215,   21,    0
 18451, 99259,20161216,   35,    0
 18451, 99259,20161217,   25,    0
 18451, 99259,20161218,   24,    0
 18451, 99259,20161219,   49,    0
 18451, 99259,20161220,   33,    0
 18451, 99259,20161221,   48,    0
 18451, 99259,20161222,   -4,    0
 18451, 99259,20161223,  -17,    0
 18451, 99259,20161224,  -16,    0
 18451, 99259,20161225,  -45,    0
 18451, 99259,20161226,   -6,    0
 18451, 99259,20161227,  -10,    0
 18451, 99259,20161228,    9,    0
 18451, 99259,20161229,   19,    0
 18451, 99259,20161230,   13,    0
 18451, 99259,20161231,  -20,    0
 18451, 99259,20170101,-9999,    9
 18451, 99259,20170102,-9999,    9
 18451, 99259,20170103,-9999,    9
 18451, 99259,20170104,-9999,    9
 18451, 99259,20170105,-9999,    9
 18451, 99259,20170106,-9999,    9
 18451, 99259,20170107,-9999,    9
 18451, 99259,20170108,-9999,    9
 18451, 99259,20170109,-9999,    9
 18451, 99259,20170110,-9999,    9
 18451, 99259,20170111,-9999,    9
 18451, 99259,20170112,-9999,    9
 18451, 99259,20170113,-9999,    9
 18451, 99259,20170114,-9999,    9
 18451, 99259,20170115,-9999,    9
 18451, 99259,20170116,-9999,    9
 18451, 99259,20170117,-9999,    9
 18451, 99259,20170118,-9999,    9
 18451, 99259,20170119,-9999,    9
 18451, 99259,20170120,-9999,    9
 18451, 99259,20170121,-9999,    9
 18451, 99259,20170122,-9999,    9
 18451, 99259,20170123,-9999,    9
 18451, 99259,20170124,-9999,    9
 18451, 99259,20170125,-9999,    9
 18451, 99259,20170126,-9999,    9
 18451, 99259,20170127,-9999,    9
 18451, 99259,20170128,-9999,    9
 18451, 99259,20170129,-9999,    9
 18451, 99259,20170130,-9999,    9
 18451, 99259,20170131,-9999,    9
 18451, 99259,20170201,-9999,    9
 18451, 99259,20170202,-9999,    9
 18451, 99259,20170203,-9999,    9
 18451, 99259,20170204,-9999,    9
 18451, 99259,20170205,-9999,    9
 18451, 99259,20170206,-9999,    9
 18451, 99259,20170207,-9999,    9
 18451, 99259,20170208,-9999,    9
 18451, 99259,20170209,-9999,    9
 18451, 99259,20170210,-9999,    9
 18451, 99259,20170211,-9999,    9
 18451, 99259,20170212,-9999,    9
 18451, 99259,20170213,-9999,    9
 18451, 99259,20170214,-9999,    9
 18451, 99259,20170215,-9999,    9
 18451, 99259,20170216,-9999,    9
 18451, 99259,20170217,-9999,    9
 18451, 99259,20170218,-9999,    9
 18451, 99259,20170219,-9999,    9
 18451, 99259,20170220,-9999,    9
 18451, 99259,20170221,-9999,    9
 18451, 99259,20170222,-9999,    9
 18451, 99259,20170223,-9999,    9
 18451, 99259,20170224,-9999,    9
 18451, 99259,20170225,-9999,    9
 18451, 99259,20170226,-9999,    9
 18451, 99259,20170227,-9999,    9
 18451, 99259,20170228,-9999,    9
 18451, 99259,20170301,-9999,    9
 18451, 99259,20170302,-9999,    9
 18451, 99259,20170303,-9999,    9
 18451, 99259,20170304,-9999,    9
 18451, 99259,20170305,-9999,    9
 18451, 99259,20170306,-9999,    9
 18451, 99259,20170307,-9999,    9
 18451, 99259,20170308,-9999,    9
 18451, 99259,20170309,-9999,    9
 18451, 99259,20170310,-9999,    9
 18451, 99259,20170311,-9999,    9
 18451, 99259,20170312,-9999,    9
 18451, 99259,20170313,   27,    0
 18451, 99259,20170314,-9999,    9
 18451, 99259,20170315,-9999,    9
 18451, 99259,20170316,-9999,    9
 18451, 99259,20170317,-9999,    9
 18451, 99259,20170318,-9999,    9
 18451, 99259,20170319,-9999,    9
 18451, 99259,20170320,-9999,    9
 18451, 99259,20170321,-9999,    9
 18451, 99259,20170322,-9999,    9
 18451, 99259,20170323,-9999,    9
 18451, 99259,20170324,-9999,    9
 18451, 99259,20170325,-9999,    9
 18451, 99259,20170326,-9999,    9
 18451, 99259,20170327,-9999,    9
 18451, 99259,20170328,-9999,    9
 18451, 99259,20170329,-9999,    9
 18451, 99259,20170330,-9999,    9
 18451, 99259,20170331,-9999,    9
 18451, 99259,20170401,-9999,    9
 18451, 99259,20170402,-9999,    9
 18451, 99259,20170403,   14,    0
 18451, 99259,20170404,   24,    0
 18451, 99259,20170405,    4,    0
 18451, 99259,20170406,  -27,    0
 18451, 99259,20170407,  -36,    0
 18451, 99259,20170408,  -34,    0
 18451, 99259,20170409,    8,    0
 18451, 99259,20170410,   20,    0
 18451, 99259,20170411,   -9,    0
 18451, 99259,20170412,  -13,    0
 18451, 99259,20170413,  -47,    0
 18451, 99259,20170414,  -53,    0
 18451, 99259,20170415,  -52,    0
 18451, 99259,20170416,  -49,    0
 18451, 99259,20170417,  -49,    0
 18451, 99259,20170418,  -35,    0
 18451, 99259,20170419,    0,    0
 18451, 99259,20170420,   -1,    0
 18451, 99259,20170421,    4,    0
 18451, 99259,20170422,  -13,    0
 18451, 99259,20170423,   -8,    0
 18451, 99259,20170424,  -17,    0
 18451, 99259,20170425,  -28,    0
 18451, 99259,20170426,   -3,    0
 18451, 99259,20170427,-9999,    9
 18451, 99259,20170428,  -19,    0
 18451, 99259,20170429,    1,    0
 18451, 99259,20170430,   -3,    0
 18451, 99259,20170501,   11,    0
 18451, 99259,20170502,   24,    0
 18451, 99259,20170503,   26,    0
 18451, 99259,20170504,   18,    0
 18451, 99259,20170505,   43,    0
 18451, 99259,20170506,   10,    0
 18451, 99259,20170507,  -20,    0
 18451, 99259,20170508,  -20,    0
 18451, 99259,20170509,  -18,    0
 18451, 99259,20170510,  -13,    0
 18451, 99259,20170511,  -17,    0
 18451, 99259,20170512,   -1,    0
 18451, 99259,20170513,    7,    0
 18451, 99259,20170514,   11,    0
 18451, 99259,20170515,   24,    0
 18451, 99259,20170516,   54,    0
 18451, 99259,20170517,   55,    0
 18451, 99259,20170518,   81,    0
 18451, 99259,20170519,   52,    0
 18451, 99259,20170520,-9999,    9
 18451, 99259,20170521,   43,    0
 18451, 99259,20170522,   35,    0
 18451, 99259,20170523,   42,    0
 18451, 99259,20170524,   32,    0
 18451, 99259,20170525,   40,    0
 18451, 99259,20170526,   36,    0
 18451, 99259,20170527,   51,    0
 18451, 99259,20170528,   36,    0
 18451, 99259,20170529,   22,    0
 18451, 99259,20170530,   10,    0
 18451, 99259,20170531,    8,    0
 18451, 99259,20170601,   27,    0
 18451, 99259,20170602,   40,    0
 18451, 99259,20170603,   59,    0
 18451, 99259,20170604,   61,    0
 18451, 99259,20170605,   74,    0
 18451, 99259,20170606,   87,    0
 18451, 99259,20170607,  133,    0
 18451, 99259,20170608,  157,    0
 18451, 99259,20170609,-9999,    9
 18451, 99259,20170610,  126,    0
 18451, 99259,20170611,  143,    0
 18451, 99259,20170612,  133,    0
 18451, 99259,20170613,  123,    0
 18451, 99259,20170614,   89,    0
 18451, 99259,20170615,   84,    0
 18451, 99259,20170616,  100,    0
 18451, 99259,20170617,   83,    0
 18451, 99259,20170618,   80,    0
 18451, 99259,20170619,   68,    0
 18451, 99259,20170620,   80,    0
 18451, 99259,20170621,   72,    0
 18451, 99259,20170622,   69,    0
 18451, 99259,20170623,  102,    0
 18451, 99259,20170624,  106,    0
 18451, 99259,20170625,   94,    0
 18451, 99259,20170626,  108,    0
 18451, 99259,20170627,   70,    0
 18451, 99259,20170628,   61,    0
 18451, 99259,20170629,   83,    0
 18451, 99259,20170630,  139,    0
 18451, 99259,20170701,  159,    0
 18451, 99259,20170702,  100,    0
 18451, 99259,20170703,   74,    0
 18451, 99259,20170704,   71,    0
 18451, 99259,20170705,   62,    0
 18451, 99259,20170706,   75,    0
 18451, 99259,20170707,   88,    0
 18451, 99259,20170708,  131,    0
 18451, 99259,20170709,  135,    0
 18451, 99259,20170710,   97,    0
 18451, 99259,20170711,  111,    0
 18451, 99259,20170712,  103,    0
 18451, 99259,20170713,   84,    0
 18451, 99259,20170714,   81,    0
 18451, 99259,20170715,   73,    0
 18451, 99259,20170716,  115,    0
 18451, 99259,20170717,   91,    0
 18451, 99259,20170718,  101,    0
 18451, 99259,20170719,   90,    0
 18451, 99259,20170720,  100,    0
 18451, 99259,20170721,  137,    0
 18451, 99259,20170722,  157,    0
 18451, 99259,20170723,  155,    0
 18451, 99259,20170724,  161,    0
 18451, 99259,20170725,  175,    0
 18451, 99259,20170726,  172,    0
 18451, 99259,20170727,  189,    0
 18451, 99259,20170728,  189,    0
 18451, 99259,20170729,  177,    0
 18451, 99259,20170730,  118,    0
 18451, 99259,20170731,  140,    0
 18451, 99259,20170801,  123,    0
 18451, 99259,20170802,  127,    0
 18451, 99259,20170803,  118,    0
 18451, 99259,20170804,  149,    0
 18451, 99259,20170805,  139,    0
 18451, 99259,20170806,  137,    0
 18451, 99259,20170807,  112,    0
 18451, 99259,20170808,  133,    0
 18451, 99259,20170809,   99,    0
 18451, 99259,20170810,  114,    0
 18451, 99259,20170811,  107,    0
 18451, 99259,20170812,  114,    0
 18451, 99259,20170813,   87,    0
 18451, 99259,20170814,   82,    0
 18451, 99259,20170815,   93,    0
 18451, 99259,20170816,  119,    0
 18451, 99259,20170817,  110,    0
 18451, 99259,20170818,  143,    0
 18451, 99259,20170819,  149,    0
 18451, 99259,20170820,  115,    0
 18451, 99259,20170821,   72,    0
 18451, 99259,20170822,   73,    0
 18451, 99259,20170823,   69,    0
 18451, 99259,20170824,   85,    0
 18451, 99259,20170825,   70,    0
 18451, 99259,20170826,   72,    0
 18451, 99259,20170827,   69,    0
 18451, 99259,20170828,   98,    0
 18451, 99259,20170829,  110,    0
 18451, 99259,20170830,   89,    0
 18451, 99259,20170831,   86,    0
 18451, 99259,20170901,   80,    0
 18451, 99259,20170902,   85,    0
 18451, 99259,20170903,  100,    0
 18451, 99259,20170904,  133,    0
 18451, 99259,20170905,  134,    0
 18451, 99259,20170906,  126,    0
 18451, 99259,20170907,  124,    0
 18451, 99259,20170908,  108,    0
 18451, 99259,20170909,  103,    0
 18451, 99259,20170910,  117,    0
 18451, 99259,20170911,  111,    0
 18451, 99259,20170912,  127,    0
 18451, 99259,20170913,  117,    0
 18451, 99259,20170914,  107,    0
 18451, 99259,20170915,   78,    0
 18451, 99259,20170916,   74,    0
 18451, 99259,20170917,   70,    0
 18451, 99259,20170918,   88,    0
 18451, 99259,20170919,-9999,    9
 18451, 99259,20170920,-9999,    9
 18451, 99259,20170921,   74,    0
 18451, 99259,20170922,  104,    0
 18451, 99259,20170923,   94,    0
 18451, 99259,20170924,  104,    0
 18451, 99259,20170925,   96,    0
 18451, 99259,20170926,   91,    0
 18451, 99259,20170927,  100,    0
 18451, 99259,20170928,  126,    0
 18451, 99259,20170929,  136,    0
 18451, 99259,20170930,  159,    0
 18451, 99259,20171001,  119,    0
 18451, 99259,20171002,  101,    0
 18451, 99259,20171003,  101,    0
 18451, 99259,20171004,-9999,    9
 18451, 99259,20171005,   60,    0
 18451, 99259,20171006,   47,    0
 18451, 99259,20171007,   40,    0
 18451, 99259,20171008,   53,    0
 18451, 99259,20171009,   35,    0
 18451, 99259,20171010,   45,    0
 18451, 99259,20171011,   65,    0
 18451, 99259,20171012,   62,    0
 18451, 99259,20171013,   60,    0
 18451, 99259,20171014,-9999,    9
 18451, 99259,20171015,   66,    0
 18451, 99259,20171016,   52,    0
 18451, 99259,20171017,-9999,    9
 18451, 99259,20171018,-9999,    9
 18451, 99259,20171019,-9999,    9
 18451, 99259,20171020,-9999,    9
 18451, 99259,20171021,-9999,    9
 18451, 99259,20171022,-9999,    9
 18451, 99259,20171023,-9999,    9
 18451, 99259,20171024,-9999,    9
 18451, 99259,20171025,   31,    0
 18451, 99259,20171026,   14,    0
 18451, 99259,20171027,   29,    0
 18451, 99259,20171028,    2,    0
 18451, 99259,20171029,  -13,    0
 18451, 99259,20171030,  -32,    0
 18451, 99259,20171031,  -26,    0
 18451, 99259,20171101,-9999,    9
 18451, 99259,20171102,-9999,    9
 18451, 99259,20171103,   24,    0
 18451, 99259,20171104,   20,    0
 18451, 99259,20171105,   29,    0
 18451, 99259,20171106,    9,    0
 18451, 99259,20171107,   24,    0
 18451, 99259,20171108,   43,    0
 18451, 99259,20171109,   35,    0
 18451, 99259,20171110,   18,    0
 18451, 99259,20171111,   12,    0
 18451, 99259,20171112,  -25,    0
 18451, 99259,20171113,   -8,    0
 18451, 99259,20171114,  -28,    0
 18451, 99259,20171115,  -28,    0
 18451, 99259,20171116,   -1,    0
 18451, 99259,20171117,   -7,    0
 18451, 99259,20171118,  -27,    0
 18451, 99259,20171119,  -94,    0
 18451, 99259,20171120,  -82,    0
 18451, 99259,20171121,  -48,    0
 18451, 99259,20171122,  -44,    0
 18451, 99259,20171123,  -22,    0
 18451, 99259,20171124,   11,    0
 18451, 99259,20171125,   -5,    0
 18451, 99259,20171126,  -22,    0
 18451, 99259,20171127,  -17,    0
 18451, 99259,20171128,-9999,    9
 18451, 99259,20171129,-9999,    9
 18451, 99259,20171130, -118,    0
 18451, 99259,20171201,  -28,    0
 18451, 99259,20171202,   -1,    0
 18451, 99259,20171203,   -5,    0
 18451, 99259,20171204,  -31,    0
 18451, 99259,20171205,  -27,    0
 18451, 99259,20171206,  -57,    0
 18451, 99259,20171207,  -37,    0
 18451, 99259,20171208,  -13,    0
 18451, 99259,20171209,   11,    0
 18451, 99259,20171210,   20,    0
 18451, 99259,20171211,  -21,    0
 18451, 99259,20171212,  -77,    0
 18451, 99259,20171213,  -78,    0
 18451, 99259,20171214,  -53,    0
 18451, 99259,20171215,  -71,    0
 18451, 99259,20171216,  -34,    0
 18451, 99259,20171217,  -22,    0
 18451, 99259,20171218,  -47,    0
 18451, 99259,20171219,   31,    0
 18451, 99259,20171220,   29,    0
 18451, 99259,20171221,   -1,    0
 18451, 99259,20171222,  -16,    0
 18451, 99259,20171223,  -36,    0
 18451, 99259,20171224,  -21,    0
 18451, 99259,20171225,  -66,    0
 18451, 99259,20171226, -131,    0
 18451, 99259,20171227, -105,    0
 18451, 99259,20171228, -108,    0
 18451, 99259,20171229,  -35,    0
 18451, 99259,20171230,  -31,    0
 18451, 99259,20171231,  -28,    0
 18451, 99259,20180101,  -14,    0
 18451, 99259,20180102,  -26,    0
 18451, 99259,20180103,  -52,    0
 18451, 99259,20180104,  -91,    0
 18451, 99259,20180105,  -93,    0
 18451, 99259,20180106,  -83,    0
 18451, 99259,20180107,  -57,    0
 18451, 99259,20180108,  -29,    0
 18451, 99259,20180109,   29,    0
 18451, 99259,20180110,  -35,    0
 18451, 99259,20180111,   -8,    0
 18451, 99259,20180112,    9,    0
 18451, 99259,20180113,  -23,    0
 18451, 99259,20180114,  -37,    0
 18451, 99259,20180115,  -28,    0
 18451, 99259,20180116,  -18,    0
 18451, 99259,20180117,  -49,    0
 18451, 99259,20180118,  -86,    0
 18451, 99259,20180119,  -77,    0
 18451, 99259,20180120,  -84,    0
 18451, 99259,20180121, -143,    0
 18451, 99259,20180122, -137,    0
 18451, 99259,20180123,  -91,    0
 18451, 99259,20180124,  -32,    0
 18451, 99259,20180125,  -56,    0
 18451, 99259,20180126,  -63,    0
 18451, 99259,20180127, -108,    0
 18451, 99259,20180128,  -42,    0
 18451, 99259,20180129,  -27,    0
 18451, 99259,20180130,  -48,    0
 18451, 99259,20180131,  -41,    0
 18451, 99259,20180201,  -62,    0
 18451, 99259,20180202,  -95,    0
 18451, 99259,20180203, -100,    0
 18451, 99259,20180204,  -81,    0
 18451, 99259,20180205,    4,    0
 18451, 99259,20180206,  -21,    0
 18451, 99259,20180207,  -74,    0
 18451, 99259,20180208,  -29,    0
 18451, 99259,20180209,   -3,    0
 18451, 99259,20180210,   -7,    0
 18451, 99259,20180211,  -22,    0
 18451, 99259,20180212,  -50,    0
 18451, 99259,20180213,  -35,    0
 18451, 99259,20180214,  -30,    0
 18451, 99259,20180215,  -31,    0
 18451, 99259,20180216,  -53,    0
 18451, 99259,20180217,  -86,    0
 18451, 99259,20180218,  -44,    0
 18451, 99259,20180219,  -46,    0
 18451, 99259,20180220,  -80,    0
 18451, 99259,20180221, -131,    0
 18451, 99259,20180222, -123,    0
 18451, 99259,20180223,  -70,    0
 18451, 99259,20180224,  -80,    0
 18451, 99259,20180225, -111,    0
 18451, 99259,20180226,  -97,    0
 18451, 99259,20180227, -103,    0
 18451, 99259,20180228,  -80,    0
 18451, 99259,20180301,  -51,    0
 18451, 99259,20180302,  -88,    0
 18451, 99259,20180303,-9999,    9
 18451, 99259,20180304,  -82,    0
 18451, 99259,20180305,  -89,    0
 18451, 99259,20180306,  -98,    0
 18451, 99259,20180307,  -89,    0
 18451, 99259,20180308,  -97,    0
 18451, 99259,20180309,  -91,    0
 18451, 99259,20180310,-9999,    9
 18451, 99259,20180311,  -70,    0
 18451, 99259,20180312,  -48,    0
 18451, 99259,20180313,  -89,    0
 18451, 99259,20180314, -101,    0
 18451, 99259,20180315, -108,    0
 18451, 99259,20180316, -104,    0
 18451, 99259,20180317,-9999,    9
 18451, 99259,20180318,  -24,    0
 18451, 99259,20180319,  -24,    0
 18451, 99259,20180320,  -51,    0
 18451, 99259,20180321,  -10,    0
 18451, 99259,20180322,  -57,    0
 18451, 99259,20180323,  -75,    0
 18451, 99259,20180324,  -70,    0
 18451, 99259,20180325,  -86,    0
 18451, 99259,20180326,  -82,    0
 18451, 99259,20180327,  -42,    0
 18451, 99259,20180328,  -28,    0
 18451, 99259,20180329,  -13,    0
 18451, 99259,20180330,  -21,    0
 18451, 99259,20180331,  -31,    0
 18451, 99259,20180401,  -54,    0
 18451, 99259,20180402,  -66,    0
 18451, 99259,20180403,  -74,    0
 18451, 99259,20180404,  -42,    0
 18451, 99259,20180405,  -14,    0
 18451, 99259,20180406,  -16,    0
 18451, 99259,20180407,-9999,    9
 18451, 99259,20180408,  -44,    0
 18451, 99259,20180409,  -25,    0
 18451, 99259,20180410,  -11,    0
 18451, 99259,20180411,   -8,    0
 18451, 99259,20180412,    7,    0
 18451, 99259,20180413,   46,    0
 18451, 99259,20180414,   28,    0
 18451, 99259,20180415,   38,    0
 18451, 99259,20180416,   59,    0
 18451, 99259,20180417,   50,    0
 18451, 99259,20180418,   54,    0
 18451, 99259,20180419,   42,    0
 18451, 99259,20180420,   40,    0
 18451, 99259,20180421,   46,    0
 18451, 99259,20180422,   24,    0
 18451, 99259,20180423,   53,    0
 18451, 99259,20180424,   34,    0
 18451, 99259,20180425,   36,    0
 18451, 99259,20180426,   19,    0
 18451, 99259,20180427,   26,    0
 18451, 99259,20180428,   22,    0
 18451, 99259,20180429,   11,    0
 18451, 99259,20180430,    4,    0
 18451, 99259,20180501,   33,    0
 18451, 99259,20180502,   56,    0
 18451, 99259,20180503,   66,    0
 18451, 99259,20180504,   64,    0
 18451, 99259,20180505,-9999,    9
 18451, 99259,20180506,   47,    0
 18451, 99259,20180507,   32,    0
 18451, 99259,20180508,   68,    0
 18451, 99259,20180509,  132,    0
 18451, 99259,20180510,  162,    0
 18451, 99259,20180511,   91,    0
 18451, 99259,20180512,  106,    0
 18451, 99259,20180513,  117,    0
 18451, 99259,20180514,  139,    0
 18451, 99259,20180515,  107,    0
 18451, 99259,20180516,-9999,    9
 18451, 99259,20180517,   50,    0
 18451, 99259,20180518,   41,    0
 18451, 99259,20180519,-9999,    9
 18451, 99259,20180520,   76,    0
 18451, 99259,20180521,   66,    0
 18451, 99259,20180522,   53,    0
 18451, 99259,20180523,   54,    0
 18451, 99259,20180524,  100,    0
 18451, 99259,20180525,   83,    0
 18451, 99259,20180526,-9999,    9
 18451, 99259,20180527,   65,    0
 18451, 99259,20180528,  154,    0
 18451, 99259,20180529,   70,    0
 18451, 99259,20180530,-9999,    9
 18451, 99259,20180531,  154,    0
 18451, 99259,20180601,   75,    0
 18451, 99259,20180602,   58,    0
 18451, 99259,20180603,   48,    0
 18451, 99259,20180604,   20,    0
 18451, 99259,20180605,   25,    0
 18451, 99259,20180606,-9999,    9
 18451, 99259,20180607,   29,    0
 18451, 99259,20180608,   45,    0
 18451, 99259,20180609,   63,    0
 18451, 99259,20180610,   64,    0
 18451, 99259,20180611,   49,    0
 18451, 99259,20180612,   49,    0
 18451, 99259,20180613,   50,    0
 18451, 99259,20180614,  116,    0
 18451, 99259,20180615,  115,    0
 18451, 99259,20180616,   79,    0
 18451, 99259,20180617,  116,    0
 18451, 99259,20180618,  106,    0
 18451, 99259,20180619,   71,    0
 18451, 99259,20180620,   74,    0
 18451, 99259,20180621,   65,    0
 18451, 99259,20180622,-9999,    9
 18451, 99259,20180623,-9999,    9
 18451, 99259,20180624,-9999,    9
 18451, 99259,20180625,-9999,    9
 18451, 99259,20180626,   81,    0
 18451, 99259,20180627,   61,    0
 18451, 99259,20180628,   75,    0
 18451, 99259,20180629,   61,    0
 18451, 99259,20180630,   71,    0
 18451, 99259,20180701,  146,    0
 18451, 99259,20180702,  179,    0
 18451, 99259,20180703,   95,    0
 18451, 99259,20180704,   84,    0
 18451, 99259,20180705,  158,    0
 18451, 99259,20180706,  101,    0
 18451, 99259,20180707,   89,    0
 18451, 99259,20180708,  107,    0
 18451, 99259,20180709,  109,    0
 18451, 99259,20180710,  125,    0
 18451, 99259,20180711,  146,    0
 18451, 99259,20180712,  125,    0
 18451, 99259,20180713,  110,    0
 18451, 99259,20180714,  101,    0
 18451, 99259,20180715,  117,    0
 18451, 99259,20180716,  179,    0
 18451, 99259,20180717,  220,    0
 18451, 99259,20180718,  243,    0
 18451, 99259,20180719,  141,    0
 18451, 99259,20180720,  146,    0
 18451, 99259,20180721,  186,    0
 18451, 99259,20180722,  135,    0
 18451, 99259,20180723,  124,    0
 18451, 99259,20180724,  146,    0
 18451, 99259,20180725,  123,    0
 18451, 99259,20180726,  123,    0
 18451, 99259,20180727,  195,    0
 18451, 99259,20180728,  232,    0
 18451, 99259,20180729,  239,    0
 18451, 99259,20180730,  240,    0
 18451, 99259,20180731,  241,    0
 18451, 99259,20180801,  203,    0
 18451, 99259,20180802,  165,    0
 18451, 99259,20180803,  138,    0
 18451, 99259,20180804,  114,    0
 18451, 99259,20180805,  117,    0
 18451, 99259,20180806,  114,    0
 18451, 99259,20180807,  120,    0
 18451, 99259,20180808,  172,    0
 18451, 99259,20180809,  142,    0
 18451, 99259,20180810,  134,    0
 18451, 99259,20180811,  133,    0
 18451, 99259,20180812,   94,    0
 18451, 99259,20180813,   77,    0
 18451, 99259,20180814,   80,    0
 18451, 99259,20180815,  132,    0
 18451, 99259,20180816,  144,    0
 18451, 99259,20180817,  124,    0
 18451, 99259,20180818,  123,    0
 18451, 99259,20180819,   95,    0
 18451, 99259,20180820,   84,    0
 18451, 99259,20180821,   72,    0
 18451, 99259,20180822,   97,    0
 18451, 99259,20180823,   88,    0
 18451, 99259,20180824,  103,    0
 18451, 99259,20180825,   92,    0
 18451, 99259,20180826,   82,    0
 18451, 99259,20180827,   65,    0
 18451, 99259,20180828,  104,    0
 18451, 99259,20180829,  143,    0
 18451, 99259,20180830,  103,    0
 18451, 99259,20180831,   73,    0
 18451, 99259,20180901,  110,    0
 18451, 99259,20180902,  118,    0
 18451, 99259,20180903,  113,    0
 18451, 99259,20180904,   77,    0
 18451, 99259,20180905,  102,    0
 18451, 99259,20180906,  114,    0
 18451, 99259,20180907,  119,    0
 18451, 99259,20180908,  136,    0
 18451, 99259,20180909,  156,    0
 18451, 99259,20180910,  161,    0
 18451, 99259,20180911,  114,    0
 18451, 99259,20180912,   93,    0
 18451, 99259,20180913,   77,    0
 18451, 99259,20180914,   73,    0
 18451, 99259,20180915,-9999,    9
 18451, 99259,20180916,-9999,    9
 18451, 99259,20180917,-9999,    9
 18451, 99259,20180918,   73,    0
 18451, 99259,20180919,   99,    0
 18451, 99259,20180920,   89,    0
 18451, 99259,20180921,   83,    0
 18451, 99259,20180922,   88,    0
 18451, 99259,20180923,   44,    0
 18451, 99259,20180924,   22,    0
 18451, 99259,20180925,   32,    0
 18451, 99259,20180926,-9999,    9
 18451, 99259,20180927,-9999,    9
 18451, 99259,20180928,-9999,    9
 18451, 99259,20180929,-9999,    9
 18451, 99259,20180930,-9999,    9
 18451, 99259,20181001,-9999,    9
 18451, 99259,20181002,-9999,    9
 18451, 99259,20181003,-9999,    9
 18451, 99259,20181004,   10,    0
 18451, 99259,20181005,   22,    0
 18451, 99259,20181006,    2,    0
 18451, 99259,20181007,    5,    0
 18451, 99259,20181008,   22,    0
 18451, 99259,20181009,   28,    0
 18451, 99259,20181010,   38,    0
 18451, 99259,20181011,-9999,    9
 18451, 99259,20181012,   86,    0
 18451, 99259,20181013,  103,    0
 18451, 99259,20181014,  102,    0
 18451, 99259,20181015,   52,    0
 18451, 99259,20181016,   48,    0
 18451, 99259,20181017,-9999,    9
 18451, 99259,20181018,-9999,    9
 18451, 99259,20181019,   53,    0
 18451, 99259,20181020,   53,    0
 18451, 99259,20181021,   50,    0
 18451, 99259,20181022,-9999,    9
 18451, 99259,20181023,   -4,    0
 18451, 99259,20181024,  -19,    0
 18451, 99259,20181025,  -40,    0
 18451, 99259,20181026,  -50,    0
 18451, 99259,20181027,  -50,    0
 18451, 99259,20181028,  -43,    0
 18451, 99259,20181029,  -31,    0
 18451, 99259,20181030,  -20,    0
 18451, 99259,20181031,   41,    0
 18451, 99259,20181101,   38,    0
 18451, 99259,20181102,   66,    0
 18451, 99259,20181103,   25,    0
 18451, 99259,20181104,   58,    0
 18451, 99259,20181105,   59,    0
 18451, 99259,20181106,   55,    0
 18451, 99259,20181107,   40,    0
 18451, 99259,20181108,   39,    0
 18451, 99259,20181109,   34,    0
 18451, 99259,20181110,   65,    0
 18451, 99259,20181111,   61,    0
 18451, 99259,20181112,   57,    0
 18451, 99259,20181113,   27,    0
 18451, 99259,20181114,   54,    0
 18451, 99259,20181115,   61,    0
 18451, 99259,20181116,   72,    0
 18451, 99259,20181117,   43,    0
 18451, 99259,20181118,    8,    0
 18451, 99259,20181119,   12,    0
 18451, 99259,20181120,   20,    0
 18451, 99259,20181121,  -27,    0
 18451, 99259,20181122,   -9,    0
 18451, 99259,20181123,    6,    0
 18451, 99259,20181124,   -1,    0
 18451, 99259,20181125,  -11,    0
 18451, 99259,20181126,  -52,    0
 18451, 99259,20181127,  -40,    0
 18451, 99259,20181128,   -5,    0
 18451, 99259,20181129,   -4,    0
 18451, 99259,20181130,   38,    0
 18451, 99259,20181201,   48,    0
 18451, 99259,20181202,   37,    0
 18451, 99259,20181203,   30,    0
 18451, 99259,20181204,-9999,    9
 18451, 99259,20181205,-9999,    9
 18451, 99259,20181206,  -22,    0
 18451, 99259,20181207, -101,    0
 18451, 99259,20181208,  -55,    0
 18451, 99259,20181209,  -32,    0
 18451, 99259,20181210,  -31,    0
 18451, 99259,20181211,  -57,    0
 18451, 99259,20181212,  -45,    0
 18451, 99259,20181213,    2,    0
 18451, 99259,20181214,    6,    0
 18451, 99259,20181215,  -62,    0
 18451, 99259,20181216,  -69,    0
 18451, 99259,20181217,  -84,    0
 18451, 99259,20181218,  -63,    0
 18451, 99259,20181219,  -19,    0
 18451, 99259,20181220,    0,    0
 18451, 99259,20181221,  -15,    0
 18451, 99259,20181222,  -97,    0
 18451, 99259,20181223,  -32,    0
 18451, 99259,20181224,  -15,    0
 18451, 99259,20181225,    5,    0
 18451, 99259,20181226,   -2,    0
 18451, 99259,20181227,   11,    0
 18451, 99259,20181228,   10,    0
 18451, 99259,20181229,    5,    0
 18451, 99259,20181230,  -20,    0
 18451, 99259,20181231,   -8,    0
 18451, 99259,20190101,  -28,    0
 18451, 99259,20190102,  -66,    0
 18451, 99259,20190103,    3,    0
 18451, 99259,20190104,   12,    0
 18451, 99259,20190105,    4,    0
 18451, 99259,20190106,   22,    0
 18451, 99259,20190107,   -2,    0
 18451, 99259,20190108,   -5,    0
 18451, 99259,20190109,  -18,    0
 18451, 99259,20190110,    1,    0
 18451, 99259,20190111,    0,    0
 18451, 99259,20190112,  -38,    0
 18451, 99259,20190113,  -74,    0
 18451, 99259,20190114, -122,    0
 18451, 99259,20190115, -131,    0
 18451, 99259,20190116, -150,    0
 18451, 99259,20190117, -124,    0
 18451, 99259,20190118,-9999,    9
 18451, 99259,20190119,-9999,    9
 18451, 99259,20190120, -101,    0
 18451, 99259,20190121,  -93,    0
 18451, 99259,20190122, -117,    0
 18451, 99259,20190123,  -69,    0
 18451, 99259,20190124,  -71,    0
 18451, 99259,20190125,  -61,    0
 18451, 99259,20190126,  -74,    0
 18451, 99259,20190127, -102,    0
 18451, 99259,20190128,  -89,    0
 18451, 99259,20190129,  -83,    0
 18451, 99259,20190130,-9999,    9
 18451, 99259,20190131,  -76,    0
 18451, 99259,20190201,  -22,    0
 18451, 99259,20190202,  -45,    0
 18451, 99259,20190203,  -62,    0
 18451, 99259,20190204,  -83,    0
 18451, 99259,20190205, -132,    0
 18451, 99259,20190206, -123,    0
 18451, 99259,20190207, -111,    0
 18451, 99259,20190208,  -36,    0
 18451, 99259,20190209,  -59,    0
 18451, 99259,20190210,  -44,    0
 18451, 99259,20190211,  -28,    0
 18451, 99259,20190212,  -39,    0
 18451, 99259,20190213,-9999,    9
 18451, 99259,20190214,-9999,    9
 18451, 99259,20190215,-9999,    9
 18451, 99259,20190216,   12,    0
 18451, 99259,20190217,  -31,    0
 18451, 99259,20190218,   -4,    0
 18451, 99259,20190219,  -18,    0
 18451, 99259,20190220, -109,    0
 18451, 99259,20190221,  -83,    0
 18451, 99259,20190222,   13,    0
 18451, 99259,20190223,   51,    0
 18451, 99259,20190224,   28,    0
 18451, 99259,20190225,    8,    0
 18451, 99259,20190226,   13,    0
 18451, 99259,20190227,   22,    0
 18451, 99259,20190228,  -46,    0
 18451, 99259,20190301,  -40,    0
 18451, 99259,20190302,  -87,    0
 18451, 99259,20190303, -151,    0
 18451, 99259,20190304, -113,    0
 18451, 99259,20190305, -122,    0
 18451, 99259,20190306,  -39,    0
 18451, 99259,20190307,  -65,    0
 18451, 99259,20190308,  -66,    0
 18451, 99259,20190309,  -71,    0
 18451, 99259,20190310,-9999,    9
 18451, 99259,20190311, -130,    0
 18451, 99259,20190312,  -84,    0
 18451, 99259,20190313,  -32,    0
 18451, 99259,20190314,  -30,    0
 18451, 99259,20190315,  -27,    0
 18451, 99259,20190316,  -42,    0
 18451, 99259,20190317,  -58,    0
 18451, 99259,20190318,  -41,    0
 18451, 99259,20190319,  -37,    0
 18451, 99259,20190320,    4,    0
 18451, 99259,20190321,   -7,    0
 18451, 99259,20190322,    5,    0
 18451, 99259,20190323,    6,    0
 18451, 99259,20190324,   -8,    0
 18451, 99259,20190325,  -30,    0
 18451, 99259,20190326,  -44,    0
 18451, 99259,20190327,    9,    0
 18451, 99259,20190328,   21,    0
 18451, 99259,20190329,   -6,    0
 18451, 99259,20190330,  -15,    0
 18451, 99259,20190331,  -15,    0
 18451, 99259,20190401,  -10,    0
 18451, 99259,20190402,    4,    0
 18451, 99259,20190403,   -7,    0
 18451, 99259,20190404,  -14,    0
 18451, 99259,20190405,  -15,    0
 18451, 99259,20190406,  -15,    0
 18451, 99259,20190407,  -17,    0
 18451, 99259,20190408,  -36,    0
 18451, 99259,20190409,-9999,    9
 18451, 99259,20190410,-9999,    9
 18451, 99259,20190411,-9999,    9
 18451, 99259,20190412,   -6,    0
 18451, 99259,20190413,    7,    0
 18451, 99259,20190414,   13,    0
 18451, 99259,20190415,   18,    0
 18451, 99259,20190416,   12,    0
 18451, 99259,20190417,   34,    0
 18451, 99259,20190418,   33,    0
 18451, 99259,20190419,   35,    0
 18451, 99259,20190420,   72,    0
 18451, 99259,20190421,   35,    0
 18451, 99259,20190422,   51,    0
 18451, 99259,20190423,   89,    0
 18451, 99259,20190424,   81,    0
 18451, 99259,20190425,   91,    0
 18451, 99259,20190426,   90,    0
 18451, 99259,20190427,   89,    0
 18451, 99259,20190428,   80,    0
 18451, 99259,20190429,   64,    0
 18451, 99259,20190430,   21,    0
 18451, 99259,20190501,    2,    0
 18451, 99259,20190502,  -13,    0
 18451, 99259,20190503,  -15,    0
 18451, 99259,20190504,  -24,    0
 18451, 99259,20190505,  -22,    0
 18451, 99259,20190506,    4,    0
 18451, 99259,20190507,   41,    0
 18451, 99259,20190508,   21,    0
 18451, 99259,20190509,   40,    0
 18451, 99259,20190510,   89,    0
 18451, 99259,20190511,   83,    0
 18451, 99259,20190512,   17,    0
 18451, 99259,20190513,   13,    0
 18451, 99259,20190514,   22,    0
 18451, 99259,20190515,   37,    0
 18451, 99259,20190516,   45,    0
 18451, 99259,20190517,   77,    0
 18451, 99259,20190518,  112,    0
 18451, 99259,20190519,  121,    0
 18451, 99259,20190520,  112,    0
 18451, 99259,20190521,  114,    0
 18451, 99259,20190522,  102,    0
 18451, 99259,20190523,   61,    0
 18451, 99259,20190524,   62,    0
 18451, 99259,20190525,   58,    0
 18451, 99259,20190526,   25,    0
 18451, 99259,20190527,   47,    0
 18451, 99259,20190528,   29,    0
 18451, 99259,20190529,-9999,    9
 18451, 99259,20190530,-9999,    9
 18451, 99259,20190531,-9999,    9
 18451, 99259,20190601,   28,    0
 18451, 99259,20190602,   40,    0
 18451, 99259,20190603,-9999,    9
 18451, 99259,20190604,-9999,    9
 18451, 99259,20190605,-9999,    9
 18451, 99259,20190606,-9999,    9
 18451, 99259,20190607,-9999,    9
 18451, 99259,20190608,-9999,    9
 18451, 99259,20190609,-9999,    9
 18451, 99259,20190610,-9999,    9
 18451, 99259,20190611,-9999,    9
 18451, 99259,20190612,-9999,    9
 18451, 99259,20190613,-9999,    9
 18451, 99259,20190614,-9999,    9
 18451, 99259,20190615,-9999,    9
 18451, 99259,20190616,-9999,    9
 18451, 99259,20190617,-9999,    9
 18451, 99259,20190618,-9999,    9
 18451, 99259,20190619,-9999,    9
 18451, 99259,20190620,-9999,    9
 18451, 99259,20190621,-9999,    9
 18451, 99259,20190622,-9999,    9
 18451, 99259,20190623,-9999,    9
 18451, 99259,20190624,-9999,    9
 18451, 99259,20190625,-9999,    9
 18451, 99259,20190626,-9999,    9
 18451, 99259,20190627,-9999,    9
 18451, 99259,20190628,-9999,    9
 18451, 99259,20190629,-9999,    9
 18451, 99259,20190630,-9999,    9
 18451, 99259,20190701,-9999,    9
 18451, 99259,20190702,-9999,    9
 18451, 99259,20190703,-9999,    9
 18451, 99259,20190704,-9999,    9
 18451, 99259,20190705,-9999,    9
 18451, 99259,20190706,-9999,    9
 18451, 99259,20190707,-9999,    9
 18451, 99259,20190708,-9999,    9
 18451, 99259,20190709,-9999,    9
 18451, 99259,20190710,  120,    0
 18451, 99259,20190711,  120,    0
 18451, 99259,20190712,  139,    0
 18451, 99259,20190713,  115,    0
 18451, 99259,20190714,   94,    0
 18451, 99259,20190715,   92,    0
 18451, 99259,20190716,  100,    0
 18451, 99259,20190717,  106,    0
 18451, 99259,20190718,  151,    0
 18451, 99259,20190719,  173,    0
 18451, 99259,20190720,  158,    0
 18451, 99259,20190721,  189,    0
 18451, 99259,20190722,  151,    0
 18451, 99259,20190723,  177,    0
 18451, 99259,20190724,  141,    0
 18451, 99259,20190725,  211,    0
 18451, 99259,20190726,  173,    0
 18451, 99259,20190727,  237,    0
 18451, 99259,20190728,  216,    0
 18451, 99259,20190729,  166,    0
 18451, 99259,20190730,  130,    0
 18451, 99259,20190731,  153,    0
 18451, 99259,20190801,  134,    0
 18451, 99259,20190802,  109,    0
 18451, 99259,20190803,  112,    0
 18451, 99259,20190804,  114,    0
 18451, 99259,20190805,  108,    0
 18451, 99259,20190806,  135,    0
 18451, 99259,20190807,  145,    0
 18451, 99259,20190808,  134,    0
 18451, 99259,20190809,  130,    0
 18451, 99259,20190810,  164,    0
 18451, 99259,20190811,  164,    0
 18451, 99259,20190812,  184,    0
 18451, 99259,20190813,  169,    0
 18451, 99259,20190814,  119,    0
 18451, 99259,20190815,  103,    0
 18451, 99259,20190816,  117,    0
 18451, 99259,20190817,  141,    0
 18451, 99259,20190818,  147,    0
 18451, 99259,20190819,  140,    0
 18451, 99259,20190820,  121,    0
 18451, 99259,20190821,  112,    0
 18451, 99259,20190822,-9999,    9
 18451, 99259,20190823,  129,    0
 18451, 99259,20190824,  108,    0
 18451, 99259,20190825,  110,    0
 18451, 99259,20190826,  108,    0
 18451, 99259,20190827,  147,    0
 18451, 99259,20190828,  207,    0
 18451, 99259,20190829,  191,    0
 18451, 99259,20190830,  114,    0
 18451, 99259,20190831,  121,    0
 18451, 99259,20190901,  153,    0
 18451, 99259,20190902,   90,    0
 18451, 99259,20190903,   89,    0
 18451, 99259,20190904,   68,    0
 18451, 99259,20190905,   64,    0
 18451, 99259,20190906,   64,    0
 18451, 99259,20190907,   63,    0
 18451, 99259,20190908,   76,    0
 18451, 99259,20190909,  112,    0
 18451, 99259,20190910,-9999,    9
 18451, 99259,20190911,  159,    0
 18451, 99259,20190912,   88,    0
 18451, 99259,20190913,   58,    0
 18451, 99259,20190914,   52,    0
 18451, 99259,20190915,   83,    0
 18451, 99259,20190916,   63,    0
 18451, 99259,20190917,   57,    0
 18451, 99259,20190918,   40,    0
 18451, 99259,20190919,   17,    0
 18451, 99259,20190920,   24,    0
 18451, 99259,20190921,   21,    0
 18451, 99259,20190922,   23,    0
 18451, 99259,20190923,   39,    0
 18451, 99259,20190924,   56,    0
 18451, 99259,20190925,   67,    0
 18451, 99259,20190926,   83,    0
 18451, 99259,20190927,   98,    0
 18451, 99259,20190928,   81,    0
 18451, 99259,20190929,   39,    0
 18451, 99259,20190930,   23,    0
 18451, 99259,20191001,   55,    0
 18451, 99259,20191002,   30,    0
 18451, 99259,20191003,    4,    0
 18451, 99259,20191004,   -4,    0
 18451, 99259,20191005,    6,    0
 18451, 99259,20191006,   33,    0
 18451, 99259,20191007,   27,    0
 18451, 99259,20191008,   26,    0
 18451, 99259,20191009,    3,    0
 18451, 99259,20191010,   -3,    0
 18451, 99259,20191011,   -5,    0
 18451, 99259,20191012,    9,    0
 18451, 99259,20191013,    4,    0
 18451, 99259,20191014,    3,    0
 18451, 99259,20191015,   11,    0
 18451, 99259,20191016,   -8,    0
 18451, 99259,20191017,   17,    0
 18451, 99259,20191018,   18,    0
 18451, 99259,20191019,   -9,    0
 18451, 99259,20191020,  -22,    0
 18451, 99259,20191021,   -2,    0
 18451, 99259,20191022,-9999,    9
 18451, 99259,20191023,-9999,    9
 18451, 99259,20191024,-9999,    9
 18451, 99259,20191025,-9999,    9
 18451, 99259,20191026,-9999,    9
 18451, 99259,20191027,   -8,    0
 18451, 99259,20191028,  -19,    0
 18451, 99259,20191029,  -30,    0
 18451, 99259,20191030,   -6,    0
 18451, 99259,20191031,   -2,    0
 18451, 99259,20191101,  -14,    0
 18451, 99259,20191102,  -52,    0
 18451, 99259,20191103,  -23,    0
 18451, 99259,20191104,  -17,    0
 18451, 99259,20191105,  -64,    0
 18451, 99259,20191106,  -80,    0
 18451, 99259,20191107,  -58,    0
 18451, 99259,20191108, -109,    0
 18451, 99259,20191109, -120,    0
 18451, 99259,20191110, -108,    0
 18451, 99259,20191111,  -70,    0
 18451, 99259,20191112,  -24,    0
 18451, 99259,20191113,    5,    0
 18451, 99259,20191114,   -4,    0
 18451, 99259,20191115,  -12,    0
 18451, 99259,20191116,    2,    0
 18451, 99259,20191117,    1,    0
 18451, 99259,20191118,    8,    0
 18451, 99259,20191119,   47,    0
 18451, 99259,20191120,   44,    0
 18451, 99259,20191121,    2,    0
 18451, 99259,20191122,   18,    0
 18451, 99259,20191123,   27,    0
 18451, 99259,20191124,   19,    0
 18451, 99259,20191125,    7,    0
 18451, 99259,20191126,  -24,    0
 18451, 99259,20191127,  -65,    0
 18451, 99259,20191128,  -73,    0
 18451, 99259,20191129,  -80,    0
 18451, 99259,20191130,  -60,    0
 18451, 99259,20191201,  -26,    0
 18451, 99259,20191202,  -19,    0
 18451, 99259,20191203,    3,    0
 18451, 99259,20191204,   50,    0
 18451, 99259,20191205,    4,    0
 18451, 99259,20191206,   -7,    0
 18451, 99259,20191207,-9999,    9
 18451, 99259,20191208,  -53,    0
 18451, 99259,20191209,  -82,    0
 18451, 99259,20191210,  -75,    0
 18451, 99259,20191211,   -3,    0
 18451, 99259,20191212,   11,    0
 18451, 99259,20191213,   -6,    0
 18451, 99259,20191214,-9999,    9
 18451, 99259,20191215,   16,    0
 18451, 99259,20191216,  -36,    0
 18451, 99259,20191217,  -20,    0
 18451, 99259,20191218,  -10,    0
 18451, 99259,20191219,   -8,    0
 18451, 99259,20191220,  -63,    0
 18451, 99259,20191221,-9999,    9
 18451, 99259,20191222,-9999,    9
 18451, 99259,20191223,-9999,    9
 18451, 99259,20191224,  -12,    0
 18451, 99259,20191225,  -54,    0
 18451, 99259,20191226,  -72,    0
 18451, 99259,20191227,  -44,    0
 18451, 99259,20191228,    1,    0
 18451, 99259,20191229,   34,    0
 18451, 99259,20191230,   20,    0
 18451, 99259,20191231,  -11,    0
 18451, 99259,20200101,   21,    0
 18451, 99259,20200102,   35,    0
 18451, 99259,20200103,  -17,    0
 18451, 99259,20200104,  -33,    0
 18451, 99259,20200105,-9999,    9
 18451, 99259,20200106,-9999,    9
 18451, 99259,20200107,   34,    0
 18451, 99259,20200108,    9,    0
 18451, 99259,20200109,    1,    0
 18451, 99259,20200110,    0,    0
 18451, 99259,20200111,    7,    0
 18451, 99259,20200112,-9999,    9
 18451, 99259,20200113,-9999,    9
 18451, 99259,20200114,-9999,    9
 18451, 99259,20200115,-9999,    9
 18451, 99259,20200116,  -10,    0
 18451, 99259,20200117,    1,    0
 18451, 99259,20200118,  -11,    0
 18451, 99259,20200119,  -34,    0
 18451, 99259,20200120,   17,    0
 18451, 99259,20200121,  -12,    0
 18451, 99259,20200122,  -12,    0
 18451, 99259,20200123,    3,    0
 18451, 99259,20200124,  -23,    0
 18451, 99259,20200125,  -24,    0
 18451, 99259,20200126,  -66,    0
 18451, 99259,20200127,-9999,    9
 18451, 99259,20200128,-9999,    9
 18451, 99259,20200129,  -25,    0
 18451, 99259,20200130,  -17,    0
 18451, 99259,20200131,  -14,    0
 18451, 99259,20200201,   -5,    0
 18451, 99259,20200202,  -22,    0
 18451, 99259,20200203,  -71,    0
 18451, 99259,20200204,  -63,    0
 18451, 99259,20200205,  -58,    0
 18451, 99259,20200206,  -43,    0
 18451, 99259,20200207,   16,    0
 18451, 99259,20200208,   11,    0
 18451, 99259,20200209,   19,    0
 18451, 99259,20200210,    1,    0
 18451, 99259,20200211,    6,    0
 18451, 99259,20200212,  -28,    0
 18451, 99259,20200213,  -51,    0
 18451, 99259,20200214,  -38,    0
 18451, 99259,20200215,  -24,    0
 18451, 99259,20200216,    0,    0
 18451, 99259,20200217,   -1,    0
 18451, 99259,20200218,  -11,    0
 18451, 99259,20200219,  -98,    0
 18451, 99259,20200220,  -42,    0
 18451, 99259,20200221,   10,    0
 18451, 99259,20200222,    2,    0
 18451, 99259,20200223,   -5,    0
 18451, 99259,20200224,  -35,    0
 18451, 99259,20200225,  -60,    0
 18451, 99259,20200226,  -51,    0
 18451, 99259,20200227,  -31,    0
 18451, 99259,20200228,  -37,    0
 18451, 99259,20200229,  -58,    0
 18451, 99259,20200301,  -79,    0
 18451, 99259,20200302, -101,    0
 18451, 99259,20200303,  -72,    0
 18451, 99259,20200304,  -23,    0
 18451, 99259,20200305,  -39,    0
 18451, 99259,20200306,  -26,    0
 18451, 99259,20200307,   -4,    0
 18451, 99259,20200308,    3,    0
 18451, 99259,20200309,   25,    0
 18451, 99259,20200310,    4,    0
 18451, 99259,20200311,    2,    0
 18451, 99259,20200312,  -34,    0
 18451, 99259,20200313,  -72,    0
 18451, 99259,20200314,  -55,    0
 18451, 99259,20200315,  -14,    0
 18451, 99259,20200316,  -21,    0
 18451, 99259,20200317,   -7,    0
 18451, 99259,20200318,   -5,    0
 18451, 99259,20200319,  -48,    0
 18451, 99259,20200320,-9999,    9
 18451, 99259,20200321,-9999,    9
 18451, 99259,20200322,-9999,    9
 18451, 99259,20200323,-9999,    9
 18451, 99259,20200324,-9999,    9
 18451, 99259,20200325,-9999,    9
 18451, 99259,20200326,-9999,    9
 18451, 99259,20200327,    2,    0
 18451, 99259,20200328,  -50,    0
 18451, 99259,20200329,  -75,    0
 18451, 99259,20200330,  -59,    0
 18451, 99259,20200331,   -3,    0
 18451, 99259,20200401,  -31,    0
 18451, 99259,20200402,  -40,    0
 18451, 99259,20200403,  -57,    0
 18451, 99259,20200404,  -56,    0
 18451, 99259,20200405,  -54,    0
 18451, 99259,20200406,   22,    0
 18451, 99259,20200407,   32,    0
 18451, 99259,20200408,   12,    0
 18451, 99259,20200409,  -15,    0
 18451, 99259,20200410,  -29,    0
 18451, 99259,20200411,-9999,    9
 18451, 99259,20200412,-9999,    9
 18451, 99259,20200413,-9999,    9
 18451, 99259,20200414,-9999,    9
 18451, 99259,20200415,-9999,    9
 18451, 99259,20200416,-9999,    9
 18451, 99259,20200417,   -1,    0
 18451, 99259,20200418,    8,    0
 18451, 99259,20200419,   22,    0
 18451, 99259,20200420,   32,    0
 18451, 99259,20200421,   26,    0
 18451, 99259,20200422,   15,    0
 18451, 99259,20200423,   11,    0
 18451, 99259,20200424,   10,    0
 18451, 99259,20200425,    5,    0
 18451, 99259,20200426,    2,    0
 18451, 99259,20200427,    2,    0
 18451, 99259,20200428,  -17,    0
 18451, 99259,20200429,   -9,    0
 18451, 99259,20200430,    9,    0
 18451, 99259,20200501,   22,    0
 18451, 99259,20200502,   31,    0
 18451, 99259,20200503,   24,    0
 18451, 99259,20200504,    9,    0
 18451, 99259,20200505,   10,    0
 18451, 99259,20200506,    4,    0
 18451, 99259,20200507,   -9,    0
 18451, 99259,20200508,   -8,    0
 18451, 99259,20200509,  -24,    0
 18451, 99259,20200510,  -17,    0
 18451, 99259,20200511,  -19,    0
 18451, 99259,20200512,   -8,    0
 18451, 99259,20200513,  -13,    0
 18451, 99259,20200514,   -6,    0
 18451, 99259,20200515,  -10,    0
 18451, 99259,20200516,   20,    0
 18451, 99259,20200517,   32,    0
 18451, 99259,20200518,    7,    0
 18451, 99259,20200519,   18,    0
 18451, 99259,20200520,   24,    0
 18451, 99259,20200521,   32,    0
 18451, 99259,20200522,   75,    0
 18451, 99259,20200523,   97,    0
 18451, 99259,20200524,   75,    0
 18451, 99259,20200525,   64,    0
 18451, 99259,20200526,   79,    0
 18451, 99259,20200527,   42,    0
 18451, 99259,20200528,   33,    0
 18451, 99259,20200529,   44,    0
 18451, 99259,20200530,   59,    0
 18451, 99259,20200531,   96,    0
 18451, 99259,20200601,  115,    0
 18451, 99259,20200602,   77,    0
 18451, 99259,20200603,   60,    0
 18451, 99259,20200604,  108,    0
 18451, 99259,20200605,  125,    0
 18451, 99259,20200606,  107,    0
 18451, 99259,20200607,   65,    0
 18451, 99259,20200608,   40,    0
 18451, 99259,20200609,   53,    0
 18451, 99259,20200610,   85,    0
 18451, 99259,20200611,   79,    0
 18451, 99259,20200612,  103,    0
 18451, 99259,20200613,  153,    0
 18451, 99259,20200614,  126,    0
 18451, 99259,20200615,   64,    0
 18451, 99259,20200616,   99,    0
 18451, 99259,20200617,  139,    0
 18451, 99259,20200618,  131,    0
 18451, 99259,20200619,  108,    0
 18451, 99259,20200620,  148,    0
 18451, 99259,20200621,  166,    0
 18451, 99259,20200622,  182,    0
 18451, 99259,20200623,  144,    0
 18451, 99259,20200624,  131,    0
 18451, 99259,20200625,  122,    0
 18451, 99259,20200626,  109,    0
 18451, 99259,20200627,-9999,    9
 18451, 99259,20200628,  158,    0
 18451, 99259,20200629,  154,    0
 18451, 99259,20200630,-9999,    9
 18451, 99259,20200701,   63,    0
 18451, 99259,20200702,   64,    0
 18451, 99259,20200703,   91,    0
 18451, 99259,20200704,   88,    0
 18451, 99259,20200705,   90,    0
 18451, 99259,20200706,  130,    0
 18451, 99259,20200707,   91,    0
 18451, 99259,20200708,   91,    0
 18451, 99259,20200709,  100,    0
 18451, 99259,20200710,   90,    0
 18451, 99259,20200711,  110,    0
 18451, 99259,20200712,   99,    0
 18451, 99259,20200713,  112,    0
 18451, 99259,20200714,  140,    0
 18451, 99259,20200715,  139,    0
 18451, 99259,20200716,  160,    0
 18451, 99259,20200717,  137,    0
 18451, 99259,20200718,  127,    0
 18451, 99259,20200719,  124,    0
 18451, 99259,20200720,  109,    0
 18451, 99259,20200721,   89,    0
 18451, 99259,20200722,   92,    0
 18451, 99259,20200723,   88,    0
 18451, 99259,20200724,  119,    0
 18451, 99259,20200725,  128,    0
 18451, 99259,20200726,  158,    0
 18451, 99259,20200727,  169,    0
 18451, 99259,20200728,  170,    0
 18451, 99259,20200729,  182,    0
 18451, 99259,20200730,  181,    0
 18451, 99259,20200731,  145,    0
 18451, 99259,20200801,  152,    0
 18451, 99259,20200802,  182,    0
 18451, 99259,20200803,  168,    0
 18451, 99259,20200804,  110,    0
 18451, 99259,20200805,  126,    0
 18451, 99259,20200806,  137,    0
 18451, 99259,20200807,  147,    0
 18451, 99259,20200808,  183,    0
 18451, 99259,20200809,  103,    0
 18451, 99259,20200810,  116,    0
 18451, 99259,20200811,  149,    0
 18451, 99259,20200812,  122,    0
 18451, 99259,20200813,  121,    0
 18451, 99259,20200814,  117,    0
 18451, 99259,20200815,  107,    0
 18451, 99259,20200816,   78,    0
 18451, 99259,20200817,   82,    0
 18451, 99259,20200818,   99,    0
 18451, 99259,20200819,   96,    0
 18451, 99259,20200820,   92,    0
 18451, 99259,20200821,  162,    0
 18451, 99259,20200822,  161,    0
 18451, 99259,20200823,  118,    0
 18451, 99259,20200824,-9999,    9
 18451, 99259,20200825,-9999,    9
 18451, 99259,20200826,   80,    0
 18451, 99259,20200827,   65,    0
 18451, 99259,20200828,   67,    0
 18451, 99259,20200829,   74,    0
 18451, 99259,20200830,   59,    0
 18451, 99259,20200831,   57,    0
 18451, 99259,20200901,   97,    0
 18451, 99259,20200902,  109,    0
 18451, 99259,20200903,  137,    0
 18451, 99259,20200904,  128,    0
 18451, 99259,20200905,  110,    0
 18451, 99259,20200906,   93,    0
 18451, 99259,20200907,  101,    0
 18451, 99259,20200908,   95,    0
 18451, 99259,20200909,   64,    0
 18451, 99259,20200910,   63,    0
 18451, 99259,20200911,   61,    0
 18451, 99259,20200912,   80,    0
 18451, 99259,20200913,   65,    0
 18451, 99259,20200914,   70,    0
 18451, 99259,20200915,   56,    0
 18451, 99259,20200916,   48,    0
 18451, 99259,20200917,   49,    0
 18451, 99259,20200918,   71,    0
 18451, 99259,20200919,   53,    0
 18451, 99259,20200920,   60,    0
 18451, 99259,20200921,   68,    0
 18451, 99259,20200922,   39,    0
 18451, 99259,20200923,   74,    0
 18451, 99259,20200924,   42,    0
 18451, 99259,20200925,   72,    0
 18451, 99259,20200926,   29,    0
 18451, 99259,20200927,   63,    0
 18451, 99259,20200928,  129,    0
 18451, 99259,20200929,  113,    0
 18451, 99259,20200930,  103,    0
 18451, 99259,20201001,  108,    0
 18451, 99259,20201002,  124,    0
 18451, 99259,20201003,  112,    0
 18451, 99259,20201004,  123,    0
 18451, 99259,20201005,  123,    0
 18451, 99259,20201006,  121,    0
 18451, 99259,20201007,  120,    0
 18451, 99259,20201008,  113,    0
 18451, 99259,20201009,   90,    0
 18451, 99259,20201010,   72,    0
 18451, 99259,20201011,   65,    0
 18451, 99259,20201012,   51,    0
 18451, 99259,20201013,   29,    0
 18451, 99259,20201014,   46,    0
 18451, 99259,20201015,   33,    0
 18451, 99259,20201016,   39,    0
 18451, 99259,20201017,   16,    0
 18451, 99259,20201018,  -10,    0
 18451, 99259,20201019,  -13,    0
 18451, 99259,20201020,    3,    0
 18451, 99259,20201021,   -1,    0
 18451, 99259,20201022,   -6,    0
 18451, 99259,20201023,  -14,    0
 18451, 99259,20201024,  -10,    0
 18451, 99259,20201025,   21,    0
 18451, 99259,20201026,   48,    0
 18451, 99259,20201027,   34,    0
 18451, 99259,20201028,    6,    0
 18451, 99259,20201029,   -1,    0
 18451, 99259,20201030,  -12,    0
 18451, 99259,20201031,   29,    0
 18451, 99259,20201101,   78,    0
 18451, 99259,20201102,   73,    0
 18451, 99259,20201103,   44,    0
 18451, 99259,20201104,   36,    0
 18451, 99259,20201105,   33,    0
 18451, 99259,20201106,   50,    0
 18451, 99259,20201107,   28,    0
 18451, 99259,20201108,   15,    0
 18451, 99259,20201109,   25,    0
 18451, 99259,20201110,   15,    0
 18451, 99259,20201111,   52,    0
 18451, 99259,20201112,   65,    0
 18451, 99259,20201113,   50,    0
 18451, 99259,20201114,   45,    0
 18451, 99259,20201115,   55,    0
 18451, 99259,20201116,   85,    0
 18451, 99259,20201117,   77,    0
 18451, 99259,20201118,   14,    0
 18451, 99259,20201119,  -48,    0
 18451, 99259,20201120,  -11,    0
 18451, 99259,20201121,    5,    0
 18451, 99259,20201122,   26,    0
 18451, 99259,20201123,    3,    0
 18451, 99259,20201124,    0,    0
 18451, 99259,20201125,   13,    0
 18451, 99259,20201126,   -3,    0
 18451, 99259,20201127,   27,    0
 18451, 99259,20201128,   37,    0
 18451, 99259,20201129,   35,    0
 18451, 99259,20201130,   31,    0
 18451, 99259,20201201,  -11,    0
 18451, 99259,20201202,   27,    0
 18451, 99259,20201203,   21,    0
 18451, 99259,20201204,   10,    0
 18451, 99259,20201205,    2,    0
 18451, 99259,20201206,   -9,    0
 18451, 99259,20201207,-9999,    9
 18451, 99259,20201208,-9999,    9
 18451, 99259,20201209,   14,    0
 18451, 99259,20201210,   -7,    0
 18451, 99259,20201211,    5,    0
 18451, 99259,20201212,  -29,    0
 18451, 99259,20201213,  -11,    0
 18451, 99259,20201214,-9999,    9
 18451, 99259,20201215,   -5,    0
 18451, 99259,20201216,   -5,    0
 18451, 99259,20201217,  -12,    0
 18451, 99259,20201218,   -8,    0
 18451, 99259,20201219,   11,    0
 18451, 99259,20201220,   32,    0
 18451, 99259,20201221,   21,    0
 18451, 99259,20201222,-9999,    9
 18451, 99259,20201223,    6,    0
 18451, 99259,20201224,  -29,    0
 18451, 99259,20201225,  -42,    0
 18451, 99259,20201226,  -33,    0
 18451, 99259,20201227,-9999,    9
 18451, 99259,20201228,   31,    0
 18451, 99259,20201229,   21,    0
 18451, 99259,20201230,  -14,    0
 18451, 99259,20201231,  -14,    0
 18451, 99259,20210101,  -27,    0
 18451, 99259,20210102,  -36,    0
 18451, 99259,20210103,  -13,    0
 18451, 99259,20210104,    6,    0
 18451, 99259,20210105,   12,    0
 18451, 99259,20210106,   14,    0
 18451, 99259,20210107,  -34,    0
 18451, 99259,20210108,  -91,    0
 18451, 99259,20210109,  -55,    0
 18451, 99259,20210110,  -27,    0
 18451, 99259,20210111,  -56,    0
 18451, 99259,20210112,  -39,    0
 18451, 99259,20210113,  -49,    0
 18451, 99259,20210114,  -48,    0
 18451, 99259,20210115,  -18,    0
 18451, 99259,20210116,  -41,    0
 18451, 99259,20210117,  -78,    0
 18451, 99259,20210118, -101,    0
 18451, 99259,20210119,  -50,    0
 18451, 99259,20210120,  -58,    0
 18451, 99259,20210121,  -64,    0
 18451, 99259,20210122,  -70,    0
 18451, 99259,20210123,  -68,    0
 18451, 99259,20210124,  -96,    0
 18451, 99259,20210125,  -80,    0
 18451, 99259,20210126,  -76,    0
 18451, 99259,20210127,  -74,    0
 18451, 99259,20210128,  -78,    0
 18451, 99259,20210129, -123,    0
 18451, 99259,20210130, -115,    0
 18451, 99259,20210131,  -96,    0
 18451, 99259,20210201,  -94,    0
 18451, 99259,20210202,  -77,    0
 18451, 99259,20210203, -100,    0
 18451, 99259,20210204,  -72,    0
 18451, 99259,20210205,  -46,    0
 18451, 99259,20210206,  -39,    0
 18451, 99259,20210207,  -41,    0
 18451, 99259,20210208,  -47,    0
 18451, 99259,20210209, -110,    0
 18451, 99259,20210210, -121,    0
 18451, 99259,20210211,  -54,    0
 18451, 99259,20210212,  -15,    0
 18451, 99259,20210213,  -48,    0
 18451, 99259,20210214,  -52,    0
 18451, 99259,20210215,  -45,    0
 18451, 99259,20210216,  -49,    0
 18451, 99259,20210217,  -62,    0
 18451, 99259,20210218,  -94,    0
 18451, 99259,20210219,  -55,    0
 18451, 99259,20210220,  -27,    0
 18451, 99259,20210221,  -45,    0
 18451, 99259,20210222,   -9,    0
 18451, 99259,20210223,  -22,    0
 18451, 99259,20210224,   25,    0
 18451, 99259,20210225,   30,    0
 18451, 99259,20210226,   12,    0
 18451, 99259,20210227,   17,    0
 18451, 99259,20210228,   45,    0
 18451, 99259,20210301,   13,    0
 18451, 99259,20210302,    7,    0
 18451, 99259,20210303,  -15,    0
 18451, 99259,20210304,  -48,    0
 18451, 99259,20210305,  -53,    0
 18451, 99259,20210306,  -61,    0
 18451, 99259,20210307,  -73,    0
 18451, 99259,20210308,-9999,    9
 18451, 99259,20210309,  -84,    0
 18451, 99259,20210310,  -84,    0
 18451, 99259,20210311,-9999,    9
 18451, 99259,20210312,  -11,    0
 18451, 99259,20210313,    6,    0
 18451, 99259,20210314,    1,    0
 18451, 99259,20210315,  -11,    0
 18451, 99259,20210316,  -34,    0
 18451, 99259,20210317,  -33,    0
 18451, 99259,20210318,  -65,    0
 18451, 99259,20210319,  -20,    0
 18451, 99259,20210320,    7,    0
 18451, 99259,20210321,-9999,    9
 18451, 99259,20210322,   -8,    0
 18451, 99259,20210323,   25,    0
 18451, 99259,20210324,   25,    0
 18451, 99259,20210325,   -9,    0
 18451, 99259,20210326,   28,    0
 18451, 99259,20210327,   27,    0
 18451, 99259,20210328,   19,    0
 18451, 99259,20210329,   28,    0
 18451, 99259,20210330,   12,    0
 18451, 99259,20210331,   19,    0
 18451, 99259,20210401,    4,    0
 18451, 99259,20210402,   -3,    0
 18451, 99259,20210403,    1,    0
 18451, 99259,20210404,  -11,    0
 18451, 99259,20210405,  -20,    0
 18451, 99259,20210406,   -1,    0
 18451, 99259,20210407,  -19,    0
 18451, 99259,20210408,  -44,    0
 18451, 99259,20210409,  -40,    0
 18451, 99259,20210410,  -25,    0
 18451, 99259,20210411,    0,    0
 18451, 99259,20210412,  -15,    0
 18451, 99259,20210413,  -27,    0
 18451, 99259,20210414,   -6,    0
 18451, 99259,20210415,   28,    0
 18451, 99259,20210416,   31,    0
 18451, 99259,20210417,-9999,    9
 18451, 99259,20210418,   50,    0
 18451, 99259,20210419,   72,    0
 18451, 99259,20210420,   78,    0
 18451, 99259,20210421,    5,    0
 18451, 99259,20210422,  -10,    0
 18451, 99259,20210423,   -7,    0
 18451, 99259,20210424,   -6,    0
 18451, 99259,20210425,   -1,    0
 18451, 99259,20210426,   -1,    0
 18451, 99259,20210427,-9999,    9
 18451, 99259,20210428,-9999,    9
 18451, 99259,20210429,  -12,    0
 18451, 99259,20210430,  -16,    0
 18451, 99259,20210501,  -21,    0
 18451, 99259,20210502,  -17,    0
 18451, 99259,20210503,  -11,    0
 18451, 99259,20210504,    8,    0
 18451, 99259,20210505,   21,    0
 18451, 99259,20210506,   -3,    0
 18451, 99259,20210507,    0,    0
 18451, 99259,20210508,    1,    0
 18451, 99259,20210509,    6,    0
 18451, 99259,20210510,-9999,    9
 18451, 99259,20210511,-9999,    9
 18451, 99259,20210512,   82,    0
 18451, 99259,20210513,   41,    0
 18451, 99259,20210514,   64,    0
 18451, 99259,20210515,   84,    0
 18451, 99259,20210516,   95,    0
 18451, 99259,20210517,   90,    0
 18451, 99259,20210518,   85,    0
 18451, 99259,20210519,   62,    0
 18451, 99259,20210520,   46,    0
 18451, 99259,20210521,   73,    0
 18451, 99259,20210522,   50,    0
 18451, 99259,20210523,   39,    0
 18451, 99259,20210524,   53,    0
 18451, 99259,20210525,   78,    0
 18451, 99259,20210526,   87,    0
 18451, 99259,20210527,   76,    0
 18451, 99259,20210528,   54,    0
 18451, 99259,20210529,   55,    0
 18451, 99259,20210530,   53,    0
 18451, 99259,20210531,   71,    0
 18451, 99259,20210601,  122,    0
 18451, 99259,20210602,  172,    0
 18451, 99259,20210603,  158,    0
 18451, 99259,20210604,  169,    0
 18451, 99259,20210605,  138,    0
 18451, 99259,20210606,  156,    0
 18451, 99259,20210607,  110,    0
 18451, 99259,20210608,  124,    0
 18451, 99259,20210609,  119,    0
 18451, 99259,20210610,  148,    0
 18451, 99259,20210611,  141,    0
 18451, 99259,20210612,   95,    0
 18451, 99259,20210613,   59,    0
 18451, 99259,20210614,   71,    0
 18451, 99259,20210615,   58,    0
 18451, 99259,20210616,   44,    0
 18451, 99259,20210617,-9999,    9
 18451, 99259,20210618,   86,    0
 18451, 99259,20210619,   77,    0
 18451, 99259,20210620,  108,    0
 18451, 99259,20210621,  108,    0
 18451, 99259,20210622,   84,    0
 18451, 99259,20210623,  122,    0
 18451, 99259,20210624,   97,    0
 18451, 99259,20210625,   86,    0
 18451, 99259,20210626,   89,    0
 18451, 99259,20210627,   87,    0
 18451, 99259,20210628,   77,    0
 18451, 99259,20210629,   70,    0
 18451, 99259,20210630,   86,    0
 18451, 99259,20210701,  124,    0
 18451, 99259,20210702,  140,    0
 18451, 99259,20210703,  177,    0
 18451, 99259,20210704,  210,    0
 18451, 99259,20210705,  215,    0
 18451, 99259,20210706,  220,    0
 18451, 99259,20210707,  185,    0
 18451, 99259,20210708,  118,    0
 18451, 99259,20210709,  137,    0
 18451, 99259,20210710,  174,    0
 18451, 99259,20210711,  182,    0
 18451, 99259,20210712,  133,    0
 18451, 99259,20210713,  117,    0
 18451, 99259,20210714,  147,    0
 18451, 99259,20210715,  134,    0
 18451, 99259,20210716,   93,    0
 18451, 99259,20210717,  102,    0
 18451, 99259,20210718,   82,    0
 18451, 99259,20210719,   70,    0
 18451, 99259,20210720,   59,    0
 18451, 99259,20210721,   75,    0
 18451, 99259,20210722,   76,    0
 18451, 99259,20210723,   70,    0
 18451, 99259,20210724,   96,    0
 18451, 99259,20210725,  131,    0
 18451, 99259,20210726,  164,    0
 18451, 99259,20210727,  192,    0
 18451, 99259,20210728,  192,    0
 18451, 99259,20210729,  163,    0
 18451, 99259,20210730,  143,    0
 18451, 99259,20210731,   90,    0
 18451, 99259,20210801,   68,    0
 18451, 99259,20210802,   65,    0
 18451, 99259,20210803,   71,    0
 18451, 99259,20210804,   81,    0
 18451, 99259,20210805,  101,    0
 18451, 99259,20210806,  146,    0
 18451, 99259,20210807,  164,    0
 18451, 99259,20210808,  161,    0
 18451, 99259,20210809,  156,    0
 18451, 99259,20210810,  145,    0
 18451, 99259,20210811,  110,    0
 18451, 99259,20210812,  106,    0
 18451, 99259,20210813,  118,    0
 18451, 99259,20210814,  116,    0
 18451, 99259,20210815,  127,    0
 18451, 99259,20210816,  112,    0
 18451, 99259,20210817,  117,    0
 18451, 99259,20210818,  105,    0
 18451, 99259,20210819,  123,    0
 18451, 99259,20210820,   88,    0
 18451, 99259,20210821,   73,    0
 18451, 99259,20210822,   69,    0
 18451, 99259,20210823,   68,    0
 18451, 99259,20210824,   76,    0
 18451, 99259,20210825,   95,    0
 18451, 99259,20210826,   97,    0
 18451, 99259,20210827,  105,    0
 18451, 99259,20210828,  102,    0
 18451, 99259,20210829,   94,    0
 18451, 99259,20210830,   87,    0
 18451, 99259,20210831,   73,    0
 18451, 99259,20210901,   54,    0
 18451, 99259,20210902,   47,    0
 18451, 99259,20210903,   46,    0
 18451, 99259,20210904,   50,    0
 18451, 99259,20210905,   68,    0
 18451, 99259,20210906,   87,    0
 18451, 99259,20210907,   92,    0
 18451, 99259,20210908,   74,    0
 18451, 99259,20210909,   61,    0
 18451, 99259,20210910,   59,    0
 18451, 99259,20210911,   76,    0
 18451, 99259,20210912,   69,    0
 18451, 99259,20210913,   32,    0
 18451, 99259,20210914,   38,    0
 18451, 99259,20210915,   53,    0
 18451, 99259,20210916,   66,    0
 18451, 99259,20210917,   74,    0
 18451, 99259,20210918,   78,    0
 18451, 99259,20210919,   84,    0
 18451, 99259,20210920,   66,    0
 18451, 99259,20210921,   58,    0
 18451, 99259,20210922,   82,    0
 18451, 99259,20210923,   77,    0
 18451, 99259,20210924,   58,    0
 18451, 99259,20210925,   54,    0
 18451, 99259,20210926,   77,    0
 18451, 99259,20210927,  130,    0
 18451, 99259,20210928,  114,    0
 18451, 99259,20210929,   95,    0
 18451, 99259,20210930,   82,    0
 18451, 99259,20211001,   77,    0
 18451, 99259,20211002,  102,    0
 18451, 99259,20211003,   87,    0
 18451, 99259,20211004,  115,    0
 18451, 99259,20211005,   92,    0
 18451, 99259,20211006,   72,    0
 18451, 99259,20211007,   27,    0
 18451, 99259,20211008,   52,    0
 18451, 99259,20211009,   83,    0
 18451, 99259,20211010,   79,    0
 18451, 99259,20211011,   54,    0
 18451, 99259,20211012,   27,    0
 18451, 99259,20211013,   10,    0
 18451, 99259,20211014,   15,    0
 18451, 99259,20211015,   -4,    0
 18451, 99259,20211016,    0,    0
 18451, 99259,20211017,   11,    0
 18451, 99259,20211018,   -4,    0
 18451, 99259,20211019,  -15,    0
 18451, 99259,20211020,   -5,    0
 18451, 99259,20211021,   -2,    0
 18451, 99259,20211022,  -11,    0
 18451, 99259,20211023,  -29,    0
 18451, 99259,20211024,   11,    0
 18451, 99259,20211025,   40,    0
 18451, 99259,20211026,   43,    0
 18451, 99259,20211027,   24,    0
 18451, 99259,20211028,   41,    0
 18451, 99259,20211029,   39,    0
 18451, 99259,20211030,   49,    0
 18451, 99259,20211031,   51,    0
 18451, 99259,20211101,   44,    0
 18451, 99259,20211102,   59,    0
 18451, 99259,20211103,   53,    0
 18451, 99259,20211104,   37,    0
 18451, 99259,20211105,   17,    0
 18451, 99259,20211106,    2,    0
 18451, 99259,20211107,  -14,    0
 18451, 99259,20211108,  -33,    0
 18451, 99259,20211109,   -8,    0
 18451, 99259,20211110,    2,    0
 18451, 99259,20211111,-9999,    9
 18451, 99259,20211112,    8,    0
 18451, 99259,20211113,    4,    0
 18451, 99259,20211114,   -9,    0
 18451, 99259,20211115,   34,    0
 18451, 99259,20211116,   40,    0
 18451, 99259,20211117,   32,    0
 18451, 99259,20211118,    7,    0
 18451, 99259,20211119,   14,    0
 18451, 99259,20211120,   -6,    0
 18451, 99259,20211121,  -32,    0
 18451, 99259,20211122,  -53,    0
 18451, 99259,20211123,   -4,    0
 18451, 99259,20211124,  -53,    0
 18451, 99259,20211125,  -77,    0
 18451, 99259,20211126,  -87,    0
 18451, 99259,20211127, -130,    0
 18451, 99259,20211128,  -82,    0
 18451, 99259,20211129,  -61,    0
 18451, 99259,20211130,  -80,    0
 18451, 99259,20211201, -108,    0
 18451, 99259,20211202,  -51,    0
 18451, 99259,20211203,  -80,    0
 18451, 99259,20211204, -100,    0
 18451, 99259,20211205, -137,    0
 18451, 99259,20211206, -152,    0
 18451, 99259,20211207, -137,    0
 18451, 99259,20211208, -123,    0
 18451, 99259,20211209, -106,    0
 18451, 99259,20211210,  -53,    0
 18451, 99259,20211211,  -58,    0
 18451, 99259,20211212,  -58,    0
 18451, 99259,20211213,-9999,    9
 18451, 99259,20211214,   20,    0
 18451, 99259,20211215,   11,    0
 18451, 99259,20211216,   21,    0
 18451, 99259,20211217,   27,    0
 18451, 99259,20211218,   17,    0
 18451, 99259,20211219,    6,    0
 18451, 99259,20211220,  -94,    0
 18451, 99259,20211221, -113,    0
 18451, 99259,20211222, -128,    0
 18451, 99259,20211223,  -93,    0
 18451, 99259,20211224,  -81,    0
 18451, 99259,20211225,  -57,    0
 18451, 99259,20211226, -156,    0
 18451, 99259,20211227, -134,    0
 18451, 99259,20211228,  -79,    0
 18451, 99259,20211229,  -98,    0
 18451, 99259,20211230,  -48,    0
 18451, 99259,20211231,  -98,    0
 18451, 99259,20220101, -117,    0
 18451, 99259,20220102,  -40,    0
 18451, 99259,20220103,  -22,    0
 18451, 99259,20220104,  -51,    0
 18451, 99259,20220105,  -60,    0
 18451, 99259,20220106,  -81,    0
 18451, 99259,20220107, -138,    0
 18451, 99259,20220108, -121,    0
 18451, 99259,20220109, -134,    0
 18451, 99259,20220110, -125,    0
 18451, 99259,20220111,  -11,    0
 18451, 99259,20220112,   11,    0
 18451, 99259,20220113,  -15,    0
 18451, 99259,20220114,  -12,    0
 18451, 99259,20220115,  -17,    0
 18451, 99259,20220116,  -12,    0
 18451, 99259,20220117,  -38,    0
 18451, 99259,20220118,    5,    0
 18451, 99259,20220119,  -16,    0
 18451, 99259,20220120,  -31,    0
 18451, 99259,20220121,  -71,    0
 18451, 99259,20220122,    4,    0
 18451, 99259,20220123,   40,    0
 18451, 99259,20220124,  -20,    0
 18451, 99259,20220125,  -29,    0
 18451, 99259,20220126,  -21,    0
 18451, 99259,20220127,  -63,    0
 18451, 99259,20220128,  -64,    0
 18451, 99259,20220129,  -38,    0
 18451, 99259,20220130,  -78,    0
 18451, 99259,20220131, -123,    0
 18451, 99259,20220201,  -71,    0
 18451, 99259,20220202,  -73,    0
 18451, 99259,20220203,  -87,    0
 18451, 99259,20220204,  -70,    0
 18451, 99259,20220205,  -15,    0
 18451, 99259,20220206,  -23,    0
 18451, 99259,20220207,  -57,    0
 18451, 99259,20220208,  -24,    0
 18451, 99259,20220209,  -23,    0
 18451, 99259,20220210,  -19,    0
 18451, 99259,20220211,  -58,    0
 18451, 99259,20220212,  -76,    0
 18451, 99259,20220213,  -44,    0
 18451, 99259,20220214,  -74,    0
 18451, 99259,20220215, -116,    0
 18451, 99259,20220216,  -44,    0
 18451, 99259,20220217,  -41,    0
 18451, 99259,20220218,  -57,    0
 18451, 99259,20220219,  -50,    0
 18451, 99259,20220220,  -57,    0
 18451, 99259,20220221,  -78,    0
 18451, 99259,20220222, -124,    0
 18451, 99259,20220223,  -55,    0
 18451, 99259,20220224,  -11,    0
 18451, 99259,20220225,  -41,    0
 18451, 99259,20220226,  -47,    0
 18451, 99259,20220227,   32,    0
 18451, 99259,20220228,   23,    0
 18451, 99259,20220301,    2,    0
 18451, 99259,20220302,    3,    0
 18451, 99259,20220303,-9999,    9
 18451, 99259,20220304,  -28,    0
 18451, 99259,20220305,   -5,    0
 18451, 99259,20220306,   -2,    0
 18451, 99259,20220307,  -25,    0
 18451, 99259,20220308,  -16,    0
 18451, 99259,20220309,    7,    0
 18451, 99259,20220310,-9999,    9
 18451, 99259,20220311,   25,    0
 18451, 99259,20220312,   30,    0
 18451, 99259,20220313,   10,    0
 18451, 99259,20220314,   18,    0
 18451, 99259,20220315,   36,    0
 18451, 99259,20220316,   21,    0
 18451, 99259,20220317,   45,    0
 18451, 99259,20220318,   17,    0
 18451, 99259,20220319,   41,    0
 18451, 99259,20220320,   60,    0
 18451, 99259,20220321,   23,    0
 18451, 99259,20220322,   19,    0
 18451, 99259,20220323,   28,    0
 18451, 99259,20220324,   -8,    0
 18451, 99259,20220325,  -13,    0
 18451, 99259,20220326,  -39,    0
 18451, 99259,20220327,-9999,    9
 18451, 99259,20220328,  -82,    0
 18451, 99259,20220329,  -72,    0
 18451, 99259,20220330,  -35,    0
 18451, 99259,20220331,  -65,    0
 18451, 99259,20220401,  -62,    0
 18451, 99259,20220402,  -36,    0
 18451, 99259,20220403,  -50,    0
 18451, 99259,20220404,  -61,    0
 18451, 99259,20220405,  -91,    0
 18451, 99259,20220406,  -30,    0
 18451, 99259,20220407,  -24,    0
 18451, 99259,20220408,  -26,    0
 18451, 99259,20220409,   15,    0
 18451, 99259,20220410,   -9,    0
 18451, 99259,20220411,  -16,    0
 18451, 99259,20220412,    4,    0
 18451, 99259,20220413,   -8,    0
 18451, 99259,20220414,  -11,    0
 18451, 99259,20220415,-9999,    9
 18451, 99259,20220416,-9999,    9
 18451, 99259,20220417,   35,    0
 18451, 99259,20220418,   40,    0
 18451, 99259,20220419,   66,    0
 18451, 99259,20220420,   55,    0
 18451, 99259,20220421,   28,    0
 18451, 99259,20220422,   23,    0
 18451, 99259,20220423,   31,    0
 18451, 99259,20220424,   26,    0
 18451, 99259,20220425,    1,    0
 18451, 99259,20220426,  -41,    0
 18451, 99259,20220427,  -35,    0
 18451, 99259,20220428,  -28,    0
 18451, 99259,20220429,  -18,    0
 18451, 99259,20220430,   -8,    0
 18451, 99259,20220501,-9999,    9
 18451, 99259,20220502,-9999,    9
 18451, 99259,20220503,-9999,    9
 18451, 99259,20220504,-9999,    9
 18451, 99259,20220505,-9999,    9
 18451, 99259,20220506,-9999,    9
 18451, 99259,20220507,-9999,    9
 18451, 99259,20220508,-9999,    9
 18451, 99259,20220509,-9999,    9
 18451, 99259,20220510,-9999,    9
 18451, 99259,20220511,-9999,    9
 18451, 99259,20220512,-9999,    9
 18451, 99259,20220513,-9999,    9
 18451, 99259,20220514,-9999,    9
 18451, 99259,20220515,   22,    0
 18451, 99259,20220516,    9,    0
 18451, 99259,20220517,    6,    0
 18451, 99259,20220518,   32,    0
 18451, 99259,20220519,-9999,    9
 18451, 99259,20220520,-9999,    9
 18451, 99259,20220521,   78,    0
 18451, 99259,20220522,   70,    0
 18451, 99259,20220523,   99,    0
 18451, 99259,20220524,  110,    0
 18451, 99259,20220525,  106,    0
 18451, 99259,20220526,   81,    0
 18451, 99259,20220527,   75,    0
 18451, 99259,20220528,   52,    0
 18451, 99259,20220529,   91,    0
 18451, 99259,20220530,  103,    0
 18451, 99259,20220531,  120,    0
 18451, 99259,20220601,  117,    0
 18451, 99259,20220602,  123,    0
 18451, 99259,20220603,   95,    0
 18451, 99259,20220604,   60,    0
 18451, 99259,20220605,   26,    0
 18451, 99259,20220606,   60,    0
 18451, 99259,20220607,   33,    0
 18451, 99259,20220608,   52,    0
 18451, 99259,20220609,   65,    0
 18451, 99259,20220610,   87,    0
 18451, 99259,20220611,   94,    0
 18451, 99259,20220612,  111,    0
 18451, 99259,20220613,  111,    0
 18451, 99259,20220614,-9999,    9
 18451, 99259,20220615,   86,    0
 18451, 99259,20220616,-9999,    9
 18451, 99259,20220617,   93,    0
 18451, 99259,20220618,   97,    0
 18451, 99259,20220619,   85,    0
 18451, 99259,20220620,   80,    0
 18451, 99259,20220621,   79,    0
 18451, 99259,20220622,   79,    0
 18451, 99259,20220623,   85,    0
 18451, 99259,20220624,   90,    0
 18451, 99259,20220625,  186,    0
 18451, 99259,20220626,  200,    0
 18451, 99259,20220627,  222,    0
 18451, 99259,20220628,  239,    0
 18451, 99259,20220629,  139,    0
 18451, 99259,20220630,  176,    0
 18451, 99259,20220701,  223,    0
 18451, 99259,20220702,  212,    0
 18451, 99259,20220703,  141,    0
 18451, 99259,20220704,  157,    0
 18451, 99259,20220705,  138,    0
 18451, 99259,20220706,   89,    0
 18451, 99259,20220707,   79,    0
 18451, 99259,20220708,   85,    0
 18451, 99259,20220709,  113,    0
 18451, 99259,20220710,  114,    0
 18451, 99259,20220711,  123,    0
 18451, 99259,20220712,  174,    0
 18451, 99259,20220713,  118,    0
 18451, 99259,20220714,   94,    0
 18451, 99259,20220715,   86,    0
 18451, 99259,20220716,   89,    0
 18451, 99259,20220717,   79,    0
 18451, 99259,20220718,   96,    0
 18451, 99259,20220719,  102,    0
 18451, 99259,20220720,  141,    0
 18451, 99259,20220721,  108,    0
 18451, 99259,20220722,   89,    0
 18451, 99259,20220723,   94,    0
 18451, 99259,20220724,  115,    0
 18451, 99259,20220725,  136,    0
 18451, 99259,20220726,  139,    0
 18451, 99259,20220727,   97,    0
 18451, 99259,20220728,   86,    0
 18451, 99259,20220729,  117,    0
 18451, 99259,20220730,  156,    0
 18451, 99259,20220731,  158,    0
 18451, 99259,20220801,  148,    0
 18451, 99259,20220802,   89,    0
 18451, 99259,20220803,  136,    0
 18451, 99259,20220804,  123,    0
 18451, 99259,20220805,  102,    0
 18451, 99259,20220806,  102,    0
 18451, 99259,20220807,-9999,    9
 18451, 99259,20220808,   97,    0
 18451, 99259,20220809,-9999,    9
 18451, 99259,20220810,-9999,    9
 18451, 99259,20220811,   94,    0
 18451, 99259,20220812,   79,    0
 18451, 99259,20220813,   91,    0
 18451, 99259,20220814,  106,    0
 18451, 99259,20220815,-9999,    9
 18451, 99259,20220816,  186,    0
 18451, 99259,20220817,-9999,    9
 18451, 99259,20220818,  119,    0
 18451, 99259,20220819,  157,    0
 18451, 99259,20220820,  157,    0
 18451, 99259,20220821,  165,    0
 18451, 99259,20220822,  100,    0
 18451, 99259,20220823,   80,    0
 18451, 99259,20220824,  123,    0
 18451, 99259,20220825,  157,    0
 18451, 99259,20220826,  164,    0
 18451, 99259,20220827,  101,    0
 18451, 99259,20220828,   84,    0
 18451, 99259,20220829,   83,    0
 18451, 99259,20220830,   78,    0
 18451, 99259,20220831,   65,    0
 18451, 99259,20220901,   69,    0
 18451, 99259,20220902,   71,    0
 18451, 99259,20220903,   71,    0
 18451, 99259,20220904,   78,    0
 18451, 99259,20220905,   76,    0
 18451, 99259,20220906,   71,    0
 18451, 99259,20220907,   75,    0
 18451, 99259,20220908,   85,    0
 18451, 99259,20220909,   62,    0
 18451, 99259,20220910,   74,    0
 18451, 99259,20220911,   70,    0
 18451, 99259,20220912,   78,    0
 18451, 99259,20220913,  100,    0
 18451, 99259,20220914,  102,    0
 18451, 99259,20220915,   96,    0
 18451, 99259,20220916,   98,    0
 18451, 99259,20220917,   90,    0
 18451, 99259,20220918,   72,    0
 18451, 99259,20220919,   65,    0
 18451, 99259,20220920,   45,    0
 18451, 99259,20220921,   65,    0
 18451, 99259,20220922,  115,    0
 18451, 99259,20220923,   93,    0
 18451, 99259,20220924,   78,    0
 18451, 99259,20220925,  102,    0
 18451, 99259,20220926,  103,    0
 18451, 99259,20220927,   90,    0
 18451, 99259,20220928,   71,    0
 18451, 99259,20220929,   81,    0
 18451, 99259,20220930,   49,    0
 18451, 99259,20221001,   51,    0
 18451, 99259,20221002,   61,    0
 18451, 99259,20221003,   71,    0
 18451, 99259,20221004,   78,    0
 18451, 99259,20221005,   67,    0
 18451, 99259,20221006,   54,    0
 18451, 99259,20221007,   59,    0
 18451, 99259,20221008,   38,    0
 18451, 99259,20221009,   42,    0
 18451, 99259,20221010,   75,    0
 18451, 99259,20221011,   53,    0
 18451, 99259,20221012,   27,    0
 18451, 99259,20221013,   50,    0
 18451, 99259,20221014,   40,    0
 18451, 99259,20221015,   70,    0
 18451, 99259,20221016,   36,    0
 18451, 99259,20221017,   32,    0
 18451, 99259,20221018,    8,    0
 18451, 99259,20221019,   42,    0
 18451, 99259,20221020,   34,    0
 18451, 99259,20221021,   39,    0
 18451, 99259,20221022,   17,    0
 18451, 99259,20221023,   -5,    0
 18451, 99259,20221024,  -31,    0
 18451, 99259,20221025,   -1,    0
 18451, 99259,20221026,   20,    0
 18451, 99259,20221027,   24,    0
 18451, 99259,20221028,   51,    0
 18451, 99259,20221029,   18,    0
 18451, 99259,20221030,-9999,    9
 18451, 99259,20221031,   28,    0
