EUROPEAN CLIMATE ASSESSMENT & DATASET (ECA&D), file created on: 16-11-2022
THESE DATA CAN BE USED FOR NON-COMMERCIAL RESEARCH AND EDUCATION PROVIDED THAT THE FOLLOWING SOURCE IS ACKNOWLEDGED: 

Klein Tank, A.M.G. and Coauthors, 2002. Daily dataset of 20th-century surface
air temperature and precipitation series for the European Climate Assessment.
Int. J. of Climatol., 22, 1441-1453.
Data and metadata available at http://www.ecad.eu

FILE FORMAT (MISSING VALUE CODE = -9999):

01-06 STAID: Station identifier
08-13 SOUID: Source identifier
15-22 DATE : Date YYYYMMDD
24-28 TG   : Mean temperature in 0.1 &#176;C
30-34 Q_TG : quality code for TG (0='valid'; 1='suspect'; 9='missing')

This is the blended series of station KORNAT, AUSTRIA (STAID: 24653)
Blended and updated with sources:134085 
See files sources.txt and stations.txt for more info.

STAID, SOUID,    DATE,   TG, Q_TG
 24653,134085,20170501,-9999,    9
 24653,134085,20170502,-9999,    9
 24653,134085,20170503,-9999,    9
 24653,134085,20170504,-9999,    9
 24653,134085,20170505,-9999,    9
 24653,134085,20170506,-9999,    9
 24653,134085,20170507,-9999,    9
 24653,134085,20170508,-9999,    9
 24653,134085,20170509,-9999,    9
 24653,134085,20170510,-9999,    9
 24653,134085,20170511,-9999,    9
 24653,134085,20170512,-9999,    9
 24653,134085,20170513,-9999,    9
 24653,134085,20170514,-9999,    9
 24653,134085,20170515,-9999,    9
 24653,134085,20170516,-9999,    9
 24653,134085,20170517,-9999,    9
 24653,134085,20170518,-9999,    9
 24653,134085,20170519,-9999,    9
 24653,134085,20170520,-9999,    9
 24653,134085,20170521,-9999,    9
 24653,134085,20170522,    0,    0
 24653,134085,20170523,-9999,    9
 24653,134085,20170524,  158,    0
 24653,134085,20170525,  143,    0
 24653,134085,20170526,  143,    0
 24653,134085,20170527,  162,    0
 24653,134085,20170528,  177,    0
 24653,134085,20170529,  193,    0
 24653,134085,20170530,  195,    0
 24653,134085,20170531,  191,    0
 24653,134085,20170601,  191,    0
 24653,134085,20170602,  166,    0
 24653,134085,20170603,  167,    0
 24653,134085,20170604,  158,    0
 24653,134085,20170605,  134,    0
 24653,134085,20170606,  137,    0
 24653,134085,20170607,   99,    0
 24653,134085,20170608,  113,    0
 24653,134085,20170609,  153,    0
 24653,134085,20170610,  183,    0
 24653,134085,20170611,  179,    0
 24653,134085,20170612,  203,    0
 24653,134085,20170613,  212,    0
 24653,134085,20170614,  194,    0
 24653,134085,20170615,  199,    0
 24653,134085,20170616,  199,    0
 24653,134085,20170617,  180,    0
 24653,134085,20170618,  160,    0
 24653,134085,20170619,  187,    0
 24653,134085,20170620,  213,    0
 24653,134085,20170621,  218,    0
 24653,134085,20170622,  221,    0
 24653,134085,20170623,  241,    0
 24653,134085,20170624,  224,    0
 24653,134085,20170625,  167,    0
 24653,134085,20170626,  178,    0
 24653,134085,20170627,  189,    0
 24653,134085,20170628,  183,    0
 24653,134085,20170629,  144,    0
 24653,134085,20170630,  142,    0
 24653,134085,20170701,  136,    0
 24653,134085,20170702,  133,    0
 24653,134085,20170703,  169,    0
 24653,134085,20170704,  176,    0
 24653,134085,20170705,  195,    0
 24653,134085,20170706,  202,    0
 24653,134085,20170707,  216,    0
 24653,134085,20170708,  205,    0
 24653,134085,20170709,  209,    0
 24653,134085,20170710,  188,    0
 24653,134085,20170711,  188,    0
 24653,134085,20170712,  177,    0
 24653,134085,20170713,  183,    0
 24653,134085,20170714,  157,    0
 24653,134085,20170715,  152,    0
 24653,134085,20170716,  139,    0
 24653,134085,20170717,  157,    0
 24653,134085,20170718,  198,    0
 24653,134085,20170719,  195,    0
 24653,134085,20170720,  198,    0
 24653,134085,20170721,  188,    0
 24653,134085,20170722,  194,    0
 24653,134085,20170723,  198,    0
 24653,134085,20170724,  147,    0
 24653,134085,20170725,  129,    0
 24653,134085,20170726,  133,    0
 24653,134085,20170727,  158,    0
 24653,134085,20170728,  181,    0
 24653,134085,20170729,  200,    0
 24653,134085,20170730,  200,    0
 24653,134085,20170731,  206,    0
 24653,134085,20170801,  227,    0
 24653,134085,20170802,  236,    0
 24653,134085,20170803,  220,    0
 24653,134085,20170804,  244,    0
 24653,134085,20170805,  222,    0
 24653,134085,20170806,  184,    0
 24653,134085,20170807,  166,    0
 24653,134085,20170808,  196,    0
 24653,134085,20170809,  205,    0
 24653,134085,20170810,  176,    0
 24653,134085,20170811,  165,    0
 24653,134085,20170812,  145,    0
 24653,134085,20170813,  159,    0
 24653,134085,20170814,  173,    0
 24653,134085,20170815,  191,    0
 24653,134085,20170816,  186,    0
 24653,134085,20170817,  176,    0
 24653,134085,20170818,  204,    0
 24653,134085,20170819,  166,    0
 24653,134085,20170820,  130,    0
 24653,134085,20170821,  120,    0
 24653,134085,20170822,  133,    0
 24653,134085,20170823,  150,    0
 24653,134085,20170824,  188,    0
 24653,134085,20170825,  195,    0
 24653,134085,20170826,  207,    0
 24653,134085,20170827,  200,    0
 24653,134085,20170828,  175,    0
 24653,134085,20170829,  145,    0
 24653,134085,20170830,  183,    0
 24653,134085,20170831,  198,    0
 24653,134085,20170901,  162,    0
 24653,134085,20170902,  101,    0
 24653,134085,20170903,  104,    0
 24653,134085,20170904,  106,    0
 24653,134085,20170905,  132,    0
 24653,134085,20170906,  153,    0
 24653,134085,20170907,  140,    0
 24653,134085,20170908,  128,    0
 24653,134085,20170909,  135,    0
 24653,134085,20170910,  125,    0
 24653,134085,20170911,  128,    0
 24653,134085,20170912,   94,    0
 24653,134085,20170913,   88,    0
 24653,134085,20170914,  111,    0
 24653,134085,20170915,   80,    0
 24653,134085,20170916,   87,    0
 24653,134085,20170917,   88,    0
 24653,134085,20170918,   80,    0
 24653,134085,20170919,   52,    0
 24653,134085,20170920,   82,    0
 24653,134085,20170921,   96,    0
 24653,134085,20170922,   94,    0
 24653,134085,20170923,  116,    0
 24653,134085,20170924,  102,    0
 24653,134085,20170925,   90,    0
 24653,134085,20170926,  103,    0
 24653,134085,20170927,  108,    0
 24653,134085,20170928,  115,    0
 24653,134085,20170929,  107,    0
 24653,134085,20170930,   95,    0
 24653,134085,20171001,   90,    0
 24653,134085,20171002,  113,    0
 24653,134085,20171003,  105,    0
 24653,134085,20171004,  101,    0
 24653,134085,20171005,  122,    0
 24653,134085,20171006,  104,    0
 24653,134085,20171007,   92,    0
 24653,134085,20171008,   97,    0
 24653,134085,20171009,  101,    0
 24653,134085,20171010,  104,    0
 24653,134085,20171011,  104,    0
 24653,134085,20171012,  118,    0
 24653,134085,20171013,  128,    0
 24653,134085,20171014,  123,    0
 24653,134085,20171015,  133,    0
 24653,134085,20171016,  141,    0
 24653,134085,20171017,  131,    0
 24653,134085,20171018,  132,    0
 24653,134085,20171019,  120,    0
 24653,134085,20171020,  122,    0
 24653,134085,20171021,  119,    0
 24653,134085,20171022,   63,    0
 24653,134085,20171023,   58,    0
 24653,134085,20171024,   99,    0
 24653,134085,20171025,   92,    0
 24653,134085,20171026,  115,    0
 24653,134085,20171027,  126,    0
 24653,134085,20171028,   68,    0
 24653,134085,20171029,  112,    0
 24653,134085,20171030,   67,    0
 24653,134085,20171031,   32,    0
 24653,134085,20171101,   46,    0
 24653,134085,20171102,   70,    0
 24653,134085,20171103,   70,    0
 24653,134085,20171104,   66,    0
 24653,134085,20171105,   67,    0
 24653,134085,20171106,   34,    0
 24653,134085,20171107,    2,    0
 24653,134085,20171108,   26,    0
 24653,134085,20171109,   21,    0
 24653,134085,20171110,   18,    0
 24653,134085,20171111,   31,    0
 24653,134085,20171112,   33,    0
 24653,134085,20171113,    8,    0
 24653,134085,20171114,  -13,    0
 24653,134085,20171115,  -20,    0
 24653,134085,20171116,    4,    0
 24653,134085,20171117,   16,    0
 24653,134085,20171118,   26,    0
 24653,134085,20171119,   10,    0
 24653,134085,20171120,   15,    0
 24653,134085,20171121,   32,    0
 24653,134085,20171122,   53,    0
 24653,134085,20171123,   34,    0
 24653,134085,20171124,   47,    0
 24653,134085,20171125,   26,    0
 24653,134085,20171126,   -4,    0
 24653,134085,20171127,  -32,    0
 24653,134085,20171128,  -26,    0
 24653,134085,20171129,  -13,    0
 24653,134085,20171130,  -23,    0
 24653,134085,20171201,  -62,    0
 24653,134085,20171202,  -34,    0
 24653,134085,20171203,  -62,    0
 24653,134085,20171204,  -26,    0
 24653,134085,20171205,   11,    0
 24653,134085,20171206,   39,    0
 24653,134085,20171207,   25,    0
 24653,134085,20171208,   -3,    0
 24653,134085,20171209,  -25,    0
 24653,134085,20171210,  -62,    0
 24653,134085,20171211,    5,    0
 24653,134085,20171212,   35,    0
 24653,134085,20171213,   -1,    0
 24653,134085,20171214,    2,    0
 24653,134085,20171215,   -1,    0
 24653,134085,20171216,  -20,    0
 24653,134085,20171217,  -38,    0
 24653,134085,20171218,  -46,    0
 24653,134085,20171219,  -57,    0
 24653,134085,20171220,  -41,    0
 24653,134085,20171221,  -26,    0
 24653,134085,20171222,   14,    0
 24653,134085,20171223,   31,    0
 24653,134085,20171224,   66,    0
 24653,134085,20171225,   47,    0
 24653,134085,20171226,   15,    0
 24653,134085,20171227,    1,    0
 24653,134085,20171228,   -8,    0
 24653,134085,20171229,  -52,    0
 24653,134085,20171230,  -48,    0
 24653,134085,20171231,   12,    0
 24653,134085,20180101,   -8,    0
 24653,134085,20180102,    5,    0
 24653,134085,20180103,  -13,    0
 24653,134085,20180104,  -10,    0
 24653,134085,20180105,    9,    0
 24653,134085,20180106,   35,    0
 24653,134085,20180107,   37,    0
 24653,134085,20180108,   34,    0
 24653,134085,20180109,   17,    0
 24653,134085,20180110,   20,    0
 24653,134085,20180111,   -5,    0
 24653,134085,20180112,   -8,    0
 24653,134085,20180113,   -2,    0
 24653,134085,20180114,  -14,    0
 24653,134085,20180115,  -32,    0
 24653,134085,20180116,  -12,    0
 24653,134085,20180117,    0,    0
 24653,134085,20180118,   -3,    0
 24653,134085,20180119,   -5,    0
 24653,134085,20180120,  -32,    0
 24653,134085,20180121,   -5,    0
 24653,134085,20180122,  -19,    0
 24653,134085,20180123,   32,    0
 24653,134085,20180124,   27,    0
 24653,134085,20180125,   35,    0
 24653,134085,20180126,   27,    0
 24653,134085,20180127,   33,    0
 24653,134085,20180128,   46,    0
 24653,134085,20180129,   68,    0
 24653,134085,20180130,   62,    0
 24653,134085,20180131,   22,    0
 24653,134085,20180201,   15,    0
 24653,134085,20180202,  -11,    0
 24653,134085,20180203,  -31,    0
 24653,134085,20180204,  -49,    0
 24653,134085,20180205,  -54,    0
 24653,134085,20180206,  -61,    0
 24653,134085,20180207,  -35,    0
 24653,134085,20180208,    1,    0
 24653,134085,20180209,   -2,    0
 24653,134085,20180210,   -8,    0
 24653,134085,20180211,  -48,    0
 24653,134085,20180212,  -37,    0
 24653,134085,20180213,  -48,    0
 24653,134085,20180214,  -61,    0
 24653,134085,20180215,  -70,    0
 24653,134085,20180216,  -12,    0
 24653,134085,20180217,   16,    0
 24653,134085,20180218,   -6,    0
 24653,134085,20180219,  -35,    0
 24653,134085,20180220,  -35,    0
 24653,134085,20180221,  -20,    0
 24653,134085,20180222,  -29,    0
 24653,134085,20180223,  -40,    0
 24653,134085,20180224,  -28,    0
 24653,134085,20180225,  -73,    0
 24653,134085,20180226, -133,    0
 24653,134085,20180227, -109,    0
 24653,134085,20180228, -122,    0
 24653,134085,20180301,  -76,    0
 24653,134085,20180302,  -53,    0
 24653,134085,20180303,  -21,    0
 24653,134085,20180304,  -16,    0
 24653,134085,20180305,  -20,    0
 24653,134085,20180306,   -3,    0
 24653,134085,20180307,   13,    0
 24653,134085,20180308,   34,    0
 24653,134085,20180309,   36,    0
 24653,134085,20180310,   35,    0
 24653,134085,20180311,   37,    0
 24653,134085,20180312,   35,    0
 24653,134085,20180313,   52,    0
 24653,134085,20180314,   47,    0
 24653,134085,20180315,   40,    0
 24653,134085,20180316,   27,    0
 24653,134085,20180317,    9,    0
 24653,134085,20180318,   -4,    0
 24653,134085,20180319,  -27,    0
 24653,134085,20180320,  -20,    0
 24653,134085,20180321,  -33,    0
 24653,134085,20180322,  -38,    0
 24653,134085,20180323,    7,    0
 24653,134085,20180324,    8,    0
 24653,134085,20180325,   20,    0
 24653,134085,20180326,   18,    0
 24653,134085,20180327,   37,    0
 24653,134085,20180328,   49,    0
 24653,134085,20180329,   52,    0
 24653,134085,20180330,   31,    0
 24653,134085,20180331,   30,    0
 24653,134085,20180401,   52,    0
 24653,134085,20180402,   55,    0
 24653,134085,20180403,   67,    0
 24653,134085,20180404,   65,    0
 24653,134085,20180405,   82,    0
 24653,134085,20180406,   77,    0
 24653,134085,20180407,   82,    0
 24653,134085,20180408,   95,    0
 24653,134085,20180409,   92,    0
 24653,134085,20180410,   82,    0
 24653,134085,20180411,   81,    0
 24653,134085,20180412,   52,    0
 24653,134085,20180413,   62,    0
 24653,134085,20180414,   88,    0
 24653,134085,20180415,  104,    0
 24653,134085,20180416,  120,    0
 24653,134085,20180417,  113,    0
 24653,134085,20180418,  123,    0
 24653,134085,20180419,  129,    0
 24653,134085,20180420,  147,    0
 24653,134085,20180421,  161,    0
 24653,134085,20180422,  162,    0
 24653,134085,20180423,  160,    0
 24653,134085,20180424,  142,    0
 24653,134085,20180425,  146,    0
 24653,134085,20180426,  140,    0
 24653,134085,20180427,   94,    0
 24653,134085,20180428,  134,    0
 24653,134085,20180429,  143,    0
 24653,134085,20180430,  128,    0
 24653,134085,20180501,   93,    0
 24653,134085,20180502,   96,    0
 24653,134085,20180503,  144,    0
 24653,134085,20180504,  124,    0
 24653,134085,20180505,  123,    0
 24653,134085,20180506,  147,    0
 24653,134085,20180507,  147,    0
 24653,134085,20180508,  137,    0
 24653,134085,20180509,  110,    0
 24653,134085,20180510,  123,    0
 24653,134085,20180511,  133,    0
 24653,134085,20180512,  146,    0
 24653,134085,20180513,  129,    0
 24653,134085,20180514,  120,    0
 24653,134085,20180515,   72,    0
 24653,134085,20180516,   89,    0
 24653,134085,20180517,  108,    0
 24653,134085,20180518,  115,    0
 24653,134085,20180519,  122,    0
 24653,134085,20180520,  125,    0
 24653,134085,20180521,  128,    0
 24653,134085,20180522,  110,    0
 24653,134085,20180523,  133,    0
 24653,134085,20180524,  138,    0
 24653,134085,20180525,  161,    0
 24653,134085,20180526,  166,    0
 24653,134085,20180527,  165,    0
 24653,134085,20180528,  148,    0
 24653,134085,20180529,  134,    0
 24653,134085,20180530,  169,    0
 24653,134085,20180531,  181,    0
 24653,134085,20180601,  173,    0
 24653,134085,20180602,  171,    0
 24653,134085,20180603,  160,    0
 24653,134085,20180604,  179,    0
 24653,134085,20180605,  174,    0
 24653,134085,20180606,  171,    0
 24653,134085,20180607,  174,    0
 24653,134085,20180608,  161,    0
 24653,134085,20180609,  182,    0
 24653,134085,20180610,  190,    0
 24653,134085,20180611,  207,    0
 24653,134085,20180612,  171,    0
 24653,134085,20180613,  144,    0
 24653,134085,20180614,  145,    0
 24653,134085,20180615,  140,    0
 24653,134085,20180616,  151,    0
 24653,134085,20180617,  172,    0
 24653,134085,20180618,  187,    0
 24653,134085,20180619,  183,    0
 24653,134085,20180620,  186,    0
 24653,134085,20180621,  201,    0
 24653,134085,20180622,  167,    0
 24653,134085,20180623,  131,    0
 24653,134085,20180624,  148,    0
 24653,134085,20180625,  139,    0
 24653,134085,20180626,  126,    0
 24653,134085,20180627,  146,    0
 24653,134085,20180628,  132,    0
 24653,134085,20180629,  180,    0
 24653,134085,20180630,  207,    0
 24653,134085,20180701,  184,    0
 24653,134085,20180702,  177,    0
 24653,134085,20180703,  173,    0
 24653,134085,20180704,  181,    0
 24653,134085,20180705,  178,    0
 24653,134085,20180706,  150,    0
 24653,134085,20180707,  188,    0
 24653,134085,20180708,  169,    0
 24653,134085,20180709,  181,    0
 24653,134085,20180710,  158,    0
 24653,134085,20180711,  152,    0
 24653,134085,20180712,  168,    0
 24653,134085,20180713,  171,    0
 24653,134085,20180714,  187,    0
 24653,134085,20180715,  186,    0
 24653,134085,20180716,  169,    0
 24653,134085,20180717,  166,    0
 24653,134085,20180718,  197,    0
 24653,134085,20180719,  204,    0
 24653,134085,20180720,  186,    0
 24653,134085,20180721,  162,    0
 24653,134085,20180722,  177,    0
 24653,134085,20180723,  177,    0
 24653,134085,20180724,  194,    0
 24653,134085,20180725,  199,    0
 24653,134085,20180726,  191,    0
 24653,134085,20180727,  187,    0
 24653,134085,20180728,  209,    0
 24653,134085,20180729,  210,    0
 24653,134085,20180730,  232,    0
 24653,134085,20180731,  238,    0
 24653,134085,20180801,  242,    0
 24653,134085,20180802,  218,    0
 24653,134085,20180803,  215,    0
 24653,134085,20180804,  221,    0
 24653,134085,20180805,  225,    0
 24653,134085,20180806,  222,    0
 24653,134085,20180807,  225,    0
 24653,134085,20180808,  220,    0
 24653,134085,20180809,  199,    0
 24653,134085,20180810,  185,    0
 24653,134085,20180811,  182,    0
 24653,134085,20180812,  202,    0
 24653,134085,20180813,  201,    0
 24653,134085,20180814,  180,    0
 24653,134085,20180815,  167,    0
 24653,134085,20180816,  168,    0
 24653,134085,20180817,  186,    0
 24653,134085,20180818,  204,    0
 24653,134085,20180819,  201,    0
 24653,134085,20180820,  205,    0
 24653,134085,20180821,  212,    0
 24653,134085,20180822,  211,    0
 24653,134085,20180823,  211,    0
 24653,134085,20180824,  186,    0
 24653,134085,20180825,  137,    0
 24653,134085,20180826,   80,    0
 24653,134085,20180827,  112,    0
 24653,134085,20180828,  162,    0
 24653,134085,20180829,  172,    0
 24653,134085,20180830,  159,    0
 24653,134085,20180831,  133,    0
 24653,134085,20180901,  124,    0
 24653,134085,20180902,  140,    0
 24653,134085,20180903,  125,    0
 24653,134085,20180904,  152,    0
 24653,134085,20180905,  158,    0
 24653,134085,20180906,  164,    0
 24653,134085,20180907,  154,    0
 24653,134085,20180908,  165,    0
 24653,134085,20180909,  169,    0
 24653,134085,20180910,  174,    0
 24653,134085,20180911,  175,    0
 24653,134085,20180912,  183,    0
 24653,134085,20180913,  187,    0
 24653,134085,20180914,  176,    0
 24653,134085,20180915,  163,    0
 24653,134085,20180916,  180,    0
 24653,134085,20180917,  175,    0
 24653,134085,20180918,  172,    0
 24653,134085,20180919,  174,    0
 24653,134085,20180920,  167,    0
 24653,134085,20180921,  177,    0
 24653,134085,20180922,  134,    0
 24653,134085,20180923,  146,    0
 24653,134085,20180924,  122,    0
 24653,134085,20180925,   73,    0
 24653,134085,20180926,   63,    0
 24653,134085,20180927,  111,    0
 24653,134085,20180928,  133,    0
 24653,134085,20180929,  137,    0
 24653,134085,20180930,  100,    0
 24653,134085,20181001,   93,    0
 24653,134085,20181002,   74,    0
 24653,134085,20181003,   90,    0
 24653,134085,20181004,   97,    0
 24653,134085,20181005,   97,    0
 24653,134085,20181006,  116,    0
 24653,134085,20181007,  124,    0
 24653,134085,20181008,  130,    0
 24653,134085,20181009,  142,    0
 24653,134085,20181010,  129,    0
 24653,134085,20181011,  116,    0
 24653,134085,20181012,  128,    0
 24653,134085,20181013,  114,    0
 24653,134085,20181014,  109,    0
 24653,134085,20181015,   90,    0
 24653,134085,20181016,   89,    0
 24653,134085,20181017,   90,    0
 24653,134085,20181018,  125,    0
 24653,134085,20181019,  129,    0
 24653,134085,20181020,  118,    0
 24653,134085,20181021,   81,    0
 24653,134085,20181022,   57,    0
 24653,134085,20181023,   76,    0
 24653,134085,20181024,  137,    0
 24653,134085,20181025,  140,    0
 24653,134085,20181026,   96,    0
 24653,134085,20181027,   89,    0
 24653,134085,20181028,   90,    0
 24653,134085,20181029,  103,    0
 24653,134085,20181030,  105,    0
 24653,134085,20181031,   69,    0
 24653,134085,20181101,   59,    0
 24653,134085,20181102,   68,    0
 24653,134085,20181103,   98,    0
 24653,134085,20181104,   87,    0
 24653,134085,20181105,   84,    0
 24653,134085,20181106,   82,    0
 24653,134085,20181107,   96,    0
 24653,134085,20181108,   86,    0
 24653,134085,20181109,   67,    0
 24653,134085,20181110,   87,    0
 24653,134085,20181111,   90,    0
 24653,134085,20181112,   97,    0
 24653,134085,20181113,   90,    0
 24653,134085,20181114,   75,    0
 24653,134085,20181115,   61,    0
 24653,134085,20181116,   30,    0
 24653,134085,20181117,   25,    0
 24653,134085,20181118,   -3,    0
 24653,134085,20181119,  -20,    0
 24653,134085,20181120,  -27,    0
 24653,134085,20181121,  -11,    0
 24653,134085,20181122,    8,    0
 24653,134085,20181123,   23,    0
 24653,134085,20181124,   29,    0
 24653,134085,20181125,   14,    0
 24653,134085,20181126,   21,    0
 24653,134085,20181127,   21,    0
 24653,134085,20181128,   -9,    0
 24653,134085,20181129,  -35,    0
 24653,134085,20181130,  -37,    0
 24653,134085,20181201,   -4,    0
 24653,134085,20181202,   21,    0
 24653,134085,20181203,   40,    0
 24653,134085,20181204,   41,    0
 24653,134085,20181205,   18,    0
 24653,134085,20181206,   27,    0
 24653,134085,20181207,   48,    0
 24653,134085,20181208,   18,    0
 24653,134085,20181209,   11,    0
 24653,134085,20181210,   24,    0
 24653,134085,20181211,    3,    0
 24653,134085,20181212,    1,    0
 24653,134085,20181213,  -35,    0
 24653,134085,20181214,  -45,    0
 24653,134085,20181215,  -55,    0
 24653,134085,20181216,  -49,    0
 24653,134085,20181217,  -24,    0
 24653,134085,20181218,  -13,    0
 24653,134085,20181219,  -44,    0
 24653,134085,20181220,   -1,    0
 24653,134085,20181221,   -6,    0
 24653,134085,20181222,   11,    0
 24653,134085,20181223,   38,    0
 24653,134085,20181224,   46,    0
 24653,134085,20181225,    9,    0
 24653,134085,20181226,   20,    0
 24653,134085,20181227,   35,    0
 24653,134085,20181228,   48,    0
 24653,134085,20181229,   42,    0
 24653,134085,20181230,   24,    0
 24653,134085,20181231,   43,    0
 24653,134085,20190101,   12,    0
 24653,134085,20190102,   19,    0
 24653,134085,20190103,  -32,    0
 24653,134085,20190104,  -26,    0
 24653,134085,20190105,   13,    0
 24653,134085,20190106,   37,    0
 24653,134085,20190107,   27,    0
 24653,134085,20190108,   -7,    0
 24653,134085,20190109,    0,    0
 24653,134085,20190110,   -7,    0
 24653,134085,20190111,  -19,    0
 24653,134085,20190112,   17,    0
 24653,134085,20190113,   28,    0
 24653,134085,20190114,   28,    0
 24653,134085,20190115,   14,    0
 24653,134085,20190116,   15,    0
 24653,134085,20190117,   -2,    0
 24653,134085,20190118,   -4,    0
 24653,134085,20190119,  -39,    0
 24653,134085,20190120,  -57,    0
 24653,134085,20190121,  -70,    0
 24653,134085,20190122,  -79,    0
 24653,134085,20190123,  -70,    0
 24653,134085,20190124,  -62,    0
 24653,134085,20190125,  -65,    0
 24653,134085,20190126,  -48,    0
 24653,134085,20190127,   -8,    0
 24653,134085,20190128,  -15,    0
 24653,134085,20190129,  -42,    0
 24653,134085,20190130,  -48,    0
 24653,134085,20190131,  -45,    0
 24653,134085,20190201,  -23,    0
 24653,134085,20190202,    9,    0
 24653,134085,20190203,    6,    0
 24653,134085,20190204,  -23,    0
 24653,134085,20190205,  -28,    0
 24653,134085,20190206,  -10,    0
 24653,134085,20190207,  -11,    0
 24653,134085,20190208,   14,    0
 24653,134085,20190209,   21,    0
 24653,134085,20190210,   10,    0
 24653,134085,20190211,   10,    0
 24653,134085,20190212,   16,    0
 24653,134085,20190213,   -1,    0
 24653,134085,20190214,   46,    0
 24653,134085,20190215,   51,    0
 24653,134085,20190216,   41,    0
 24653,134085,20190217,   61,    0
 24653,134085,20190218,   50,    0
 24653,134085,20190219,   56,    0
 24653,134085,20190220,   47,    0
 24653,134085,20190221,   57,    0
 24653,134085,20190222,   73,    0
 24653,134085,20190223,   18,    0
 24653,134085,20190224,   -6,    0
 24653,134085,20190225,   54,    0
 24653,134085,20190226,   87,    0
 24653,134085,20190227,   96,    0
 24653,134085,20190228,  110,    0
 24653,134085,20190301,   66,    0
 24653,134085,20190302,   71,    0
 24653,134085,20190303,   57,    0
 24653,134085,20190304,   47,    0
 24653,134085,20190305,   37,    0
 24653,134085,20190306,   44,    0
 24653,134085,20190307,   50,    0
 24653,134085,20190308,   55,    0
 24653,134085,20190309,   65,    0
 24653,134085,20190310,   55,    0
 24653,134085,20190311,   47,    0
 24653,134085,20190312,   32,    0
 24653,134085,20190313,   20,    0
 24653,134085,20190314,   22,    0
 24653,134085,20190315,   60,    0
 24653,134085,20190316,  105,    0
 24653,134085,20190317,   76,    0
 24653,134085,20190318,   30,    0
 24653,134085,20190319,   -8,    0
 24653,134085,20190320,    6,    0
 24653,134085,20190321,   23,    0
 24653,134085,20190322,   62,    0
 24653,134085,20190323,   89,    0
 24653,134085,20190324,  109,    0
 24653,134085,20190325,   99,    0
 24653,134085,20190326,   45,    0
 24653,134085,20190327,   32,    0
 24653,134085,20190328,   44,    0
 24653,134085,20190329,   66,    0
 24653,134085,20190330,   83,    0
 24653,134085,20190331,   98,    0
 24653,134085,20190401,   89,    0
 24653,134085,20190402,   86,    0
 24653,134085,20190403,   83,    0
 24653,134085,20190404,   39,    0
 24653,134085,20190405,   37,    0
 24653,134085,20190406,   67,    0
 24653,134085,20190407,   74,    0
 24653,134085,20190408,   64,    0
 24653,134085,20190409,   83,    0
 24653,134085,20190410,   67,    0
 24653,134085,20190411,   59,    0
 24653,134085,20190412,   64,    0
 24653,134085,20190413,   45,    0
 24653,134085,20190414,   29,    0
 24653,134085,20190415,   68,    0
 24653,134085,20190416,   73,    0
 24653,134085,20190417,   93,    0
 24653,134085,20190418,   85,    0
 24653,134085,20190419,   98,    0
 24653,134085,20190420,  117,    0
 24653,134085,20190421,  119,    0
 24653,134085,20190422,  113,    0
 24653,134085,20190423,   89,    0
 24653,134085,20190424,   89,    0
 24653,134085,20190425,  116,    0
 24653,134085,20190426,  119,    0
 24653,134085,20190427,   87,    0
 24653,134085,20190428,   48,    0
 24653,134085,20190429,   48,    0
 24653,134085,20190430,   78,    0
 24653,134085,20190501,  106,    0
 24653,134085,20190502,  101,    0
 24653,134085,20190503,   90,    0
 24653,134085,20190504,   74,    0
 24653,134085,20190505,   36,    0
 24653,134085,20190506,   43,    0
 24653,134085,20190507,   55,    0
 24653,134085,20190508,   55,    0
 24653,134085,20190509,   87,    0
 24653,134085,20190510,   97,    0
 24653,134085,20190511,  108,    0
 24653,134085,20190512,   51,    0
 24653,134085,20190513,   66,    0
 24653,134085,20190514,   45,    0
 24653,134085,20190515,   40,    0
 24653,134085,20190516,   80,    0
 24653,134085,20190517,   96,    0
 24653,134085,20190518,   71,    0
 24653,134085,20190519,  104,    0
 24653,134085,20190520,   96,    0
 24653,134085,20190521,   99,    0
 24653,134085,20190522,  126,    0
 24653,134085,20190523,  135,    0
 24653,134085,20190524,  139,    0
 24653,134085,20190525,  140,    0
 24653,134085,20190526,  131,    0
 24653,134085,20190527,  112,    0
 24653,134085,20190528,  109,    0
 24653,134085,20190529,   73,    0
 24653,134085,20190530,   96,    0
 24653,134085,20190531,  121,    0
 24653,134085,20190601,  159,    0
 24653,134085,20190602,  169,    0
 24653,134085,20190603,  175,    0
 24653,134085,20190604,  193,    0
 24653,134085,20190605,  188,    0
 24653,134085,20190606,  170,    0
 24653,134085,20190607,  161,    0
 24653,134085,20190608,  182,    0
 24653,134085,20190609,  183,    0
 24653,134085,20190610,  196,    0
 24653,134085,20190611,  199,    0
 24653,134085,20190612,  188,    0
 24653,134085,20190613,  191,    0
 24653,134085,20190614,  202,    0
 24653,134085,20190615,  213,    0
 24653,134085,20190616,  207,    0
 24653,134085,20190617,  173,    0
 24653,134085,20190618,  194,    0
 24653,134085,20190619,  184,    0
 24653,134085,20190620,  183,    0
 24653,134085,20190621,  168,    0
 24653,134085,20190622,  148,    0
 24653,134085,20190623,  173,    0
 24653,134085,20190624,  192,    0
 24653,134085,20190625,  221,    0
 24653,134085,20190626,  235,    0
 24653,134085,20190627,  265,    0
 24653,134085,20190628,  251,    0
 24653,134085,20190629,  206,    0
 24653,134085,20190630,  231,    0
 24653,134085,20190701,  236,    0
 24653,134085,20190702,  216,    0
 24653,134085,20190703,  168,    0
 24653,134085,20190704,  168,    0
 24653,134085,20190705,  205,    0
 24653,134085,20190706,  217,    0
 24653,134085,20190707,  184,    0
 24653,134085,20190708,  163,    0
 24653,134085,20190709,  158,    0
 24653,134085,20190710,  168,    0
 24653,134085,20190711,  146,    0
 24653,134085,20190712,  166,    0
 24653,134085,20190713,  167,    0
 24653,134085,20190714,  157,    0
 24653,134085,20190715,  147,    0
 24653,134085,20190716,  165,    0
 24653,134085,20190717,  183,    0
 24653,134085,20190718,  178,    0
 24653,134085,20190719,  182,    0
 24653,134085,20190720,  203,    0
 24653,134085,20190721,  207,    0
 24653,134085,20190722,  213,    0
 24653,134085,20190723,  232,    0
 24653,134085,20190724,  250,    0
 24653,134085,20190725,  237,    0
 24653,134085,20190726,  244,    0
 24653,134085,20190727,  212,    0
 24653,134085,20190728,  156,    0
 24653,134085,20190729,  188,    0
 24653,134085,20190730,  208,    0
 24653,134085,20190731,  188,    0
 24653,134085,20190801,  187,    0
 24653,134085,20190802,  169,    0
 24653,134085,20190803,  165,    0
 24653,134085,20190804,  169,    0
 24653,134085,20190805,  188,    0
 24653,134085,20190806,  193,    0
 24653,134085,20190807,  195,    0
 24653,134085,20190808,  191,    0
 24653,134085,20190809,  207,    0
 24653,134085,20190810,  224,    0
 24653,134085,20190811,  222,    0
 24653,134085,20190812,  217,    0
 24653,134085,20190813,  173,    0
 24653,134085,20190814,  148,    0
 24653,134085,20190815,  159,    0
 24653,134085,20190816,  157,    0
 24653,134085,20190817,  175,    0
 24653,134085,20190818,  193,    0
 24653,134085,20190819,  195,    0
 24653,134085,20190820,  192,    0
 24653,134085,20190821,  169,    0
 24653,134085,20190822,  168,    0
 24653,134085,20190823,  168,    0
 24653,134085,20190824,  175,    0
 24653,134085,20190825,  167,    0
 24653,134085,20190826,  187,    0
 24653,134085,20190827,  183,    0
 24653,134085,20190828,  197,    0
 24653,134085,20190829,  195,    0
 24653,134085,20190830,  177,    0
 24653,134085,20190831,  189,    0
 24653,134085,20190901,  186,    0
 24653,134085,20190902,  153,    0
 24653,134085,20190903,  135,    0
 24653,134085,20190904,  141,    0
 24653,134085,20190905,  151,    0
 24653,134085,20190906,  132,    0
 24653,134085,20190907,  132,    0
 24653,134085,20190908,  101,    0
 24653,134085,20190909,  120,    0
 24653,134085,20190910,  118,    0
 24653,134085,20190911,  123,    0
 24653,134085,20190912,  142,    0
 24653,134085,20190913,  156,    0
 24653,134085,20190914,  162,    0
 24653,134085,20190915,  188,    0
 24653,134085,20190916,  189,    0
 24653,134085,20190917,  192,    0
 24653,134085,20190918,  142,    0
 24653,134085,20190919,  116,    0
 24653,134085,20190920,   97,    0
 24653,134085,20190921,   95,    0
 24653,134085,20190922,  122,    0
 24653,134085,20190923,  120,    0
 24653,134085,20190924,  127,    0
 24653,134085,20190925,  104,    0
 24653,134085,20190926,  110,    0
 24653,134085,20190927,  132,    0
 24653,134085,20190928,  149,    0
 24653,134085,20190929,  154,    0
 24653,134085,20190930,  153,    0
 24653,134085,20191001,  143,    0
 24653,134085,20191002,  117,    0
 24653,134085,20191003,   84,    0
 24653,134085,20191004,   60,    0
 24653,134085,20191005,   99,    0
 24653,134085,20191006,   58,    0
 24653,134085,20191007,   80,    0
 24653,134085,20191008,   92,    0
 24653,134085,20191009,   82,    0
 24653,134085,20191010,   89,    0
 24653,134085,20191011,   99,    0
 24653,134085,20191012,  113,    0
 24653,134085,20191013,  122,    0
 24653,134085,20191014,  142,    0
 24653,134085,20191015,  108,    0
 24653,134085,20191016,  127,    0
 24653,134085,20191017,  113,    0
 24653,134085,20191018,  102,    0
 24653,134085,20191019,  105,    0
 24653,134085,20191020,  138,    0
 24653,134085,20191021,  150,    0
 24653,134085,20191022,  148,    0
 24653,134085,20191023,  147,    0
 24653,134085,20191024,  132,    0
 24653,134085,20191025,  123,    0
 24653,134085,20191026,  118,    0
 24653,134085,20191027,  133,    0
 24653,134085,20191028,   97,    0
 24653,134085,20191029,   80,    0
 24653,134085,20191030,   43,    0
 24653,134085,20191031,   18,    0
 24653,134085,20191101,   28,    0
 24653,134085,20191102,   55,    0
 24653,134085,20191103,   81,    0
 24653,134085,20191104,   79,    0
 24653,134085,20191105,   65,    0
 24653,134085,20191106,   38,    0
 24653,134085,20191107,   35,    0
 24653,134085,20191108,   18,    0
 24653,134085,20191109,    7,    0
 24653,134085,20191110,   17,    0
 24653,134085,20191111,   -3,    0
 24653,134085,20191112,    4,    0
 24653,134085,20191113,    0,    0
 24653,134085,20191114,    2,    0
 24653,134085,20191115,   -3,    0
 24653,134085,20191116,   10,    0
 24653,134085,20191117,   30,    0
 24653,134085,20191118,   26,    0
 24653,134085,20191119,   10,    0
 24653,134085,20191120,   35,    0
 24653,134085,20191121,   42,    0
 24653,134085,20191122,   27,    0
 24653,134085,20191123,   28,    0
 24653,134085,20191124,   38,    0
 24653,134085,20191125,   45,    0
 24653,134085,20191126,    9,    0
 24653,134085,20191127,   25,    0
 24653,134085,20191128,   39,    0
 24653,134085,20191129,   26,    0
 24653,134085,20191130,   12,    0
 24653,134085,20191201,    6,    0
 24653,134085,20191202,   19,    0
 24653,134085,20191203,  -14,    0
 24653,134085,20191204,  -39,    0
 24653,134085,20191205,  -21,    0
 24653,134085,20191206,   23,    0
 24653,134085,20191207,   12,    0
 24653,134085,20191208,   30,    0
 24653,134085,20191209,    4,    0
 24653,134085,20191210,    9,    0
 24653,134085,20191211,  -45,    0
 24653,134085,20191212,  -62,    0
 24653,134085,20191213,  -33,    0
 24653,134085,20191214,  -12,    0
 24653,134085,20191215,    3,    0
 24653,134085,20191216,   27,    0
 24653,134085,20191217,   44,    0
 24653,134085,20191218,   55,    0
 24653,134085,20191219,   44,    0
 24653,134085,20191220,   38,    0
 24653,134085,20191221,   19,    0
 24653,134085,20191222,    9,    0
 24653,134085,20191223,   34,    0
 24653,134085,20191224,   39,    0
 24653,134085,20191225,   34,    0
 24653,134085,20191226,   21,    0
 24653,134085,20191227,   -1,    0
 24653,134085,20191228,    1,    0
 24653,134085,20191229,  -24,    0
 24653,134085,20191230,  -17,    0
 24653,134085,20191231,   44,    0
 24653,134085,20200101,   20,    0
 24653,134085,20200102,   21,    0
 24653,134085,20200103,   38,    0
 24653,134085,20200104,   39,    0
 24653,134085,20200105,   31,    0
 24653,134085,20200106,  -13,    0
 24653,134085,20200107,   -1,    0
 24653,134085,20200108,    9,    0
 24653,134085,20200109,   52,    0
 24653,134085,20200110,   32,    0
 24653,134085,20200111,   29,    0
 24653,134085,20200112,   -7,    0
 24653,134085,20200113,    5,    0
 24653,134085,20200114,    4,    0
 24653,134085,20200115,   23,    0
 24653,134085,20200116,   32,    0
 24653,134085,20200117,   29,    0
 24653,134085,20200118,    0,    0
 24653,134085,20200119,    4,    0
 24653,134085,20200120,  -20,    0
 24653,134085,20200121,  -14,    0
 24653,134085,20200122,   47,    0
 24653,134085,20200123,    6,    0
 24653,134085,20200124,   33,    0
 24653,134085,20200125,   33,    0
 24653,134085,20200126,   34,    0
 24653,134085,20200127,   36,    0
 24653,134085,20200128,   31,    0
 24653,134085,20200129,   22,    0
 24653,134085,20200130,   27,    0
 24653,134085,20200131,   46,    0
 24653,134085,20200201,   55,    0
 24653,134085,20200202,   58,    0
 24653,134085,20200203,   59,    0
 24653,134085,20200204,   35,    0
 24653,134085,20200205,   -5,    0
 24653,134085,20200206,   -1,    0
 24653,134085,20200207,   19,    0
 24653,134085,20200208,   13,    0
 24653,134085,20200209,   26,    0
 24653,134085,20200210,   28,    0
 24653,134085,20200211,   55,    0
 24653,134085,20200212,   25,    0
 24653,134085,20200213,   27,    0
 24653,134085,20200214,   42,    0
 24653,134085,20200215,   34,    0
 24653,134085,20200216,   52,    0
 24653,134085,20200217,   47,    0
 24653,134085,20200218,   65,    0
 24653,134085,20200219,   27,    0
 24653,134085,20200220,   21,    0
 24653,134085,20200221,   40,    0
 24653,134085,20200222,   47,    0
 24653,134085,20200223,   95,    0
 24653,134085,20200224,   90,    0
 24653,134085,20200225,   42,    0
 24653,134085,20200226,   18,    0
 24653,134085,20200227,    9,    0
 24653,134085,20200228,   15,    0
 24653,134085,20200229,   16,    0
 24653,134085,20200301,   16,    0
 24653,134085,20200302,   19,    0
 24653,134085,20200303,    7,    0
 24653,134085,20200304,   11,    0
 24653,134085,20200305,  -12,    0
 24653,134085,20200306,   13,    0
 24653,134085,20200307,   26,    0
 24653,134085,20200308,   19,    0
 24653,134085,20200309,   34,    0
 24653,134085,20200310,   35,    0
 24653,134085,20200311,   88,    0
 24653,134085,20200312,   83,    0
 24653,134085,20200313,   65,    0
 24653,134085,20200314,   37,    0
 24653,134085,20200315,   40,    0
 24653,134085,20200316,   51,    0
 24653,134085,20200317,   86,    0
 24653,134085,20200318,   94,    0
 24653,134085,20200319,   95,    0
 24653,134085,20200320,   98,    0
 24653,134085,20200321,   94,    0
 24653,134085,20200322,   45,    0
 24653,134085,20200323,  -13,    0
 24653,134085,20200324,  -16,    0
 24653,134085,20200325,  -30,    0
 24653,134085,20200326,  -34,    0
 24653,134085,20200327,    4,    0
 24653,134085,20200328,   58,    0
 24653,134085,20200329,   77,    0
 24653,134085,20200330,   39,    0
 24653,134085,20200331,  -14,    0
 24653,134085,20200401,  -17,    0
 24653,134085,20200402,   26,    0
 24653,134085,20200403,   59,    0
 24653,134085,20200404,   65,    0
 24653,134085,20200405,   64,    0
 24653,134085,20200406,   79,    0
 24653,134085,20200407,   89,    0
 24653,134085,20200408,   87,    0
 24653,134085,20200409,  106,    0
 24653,134085,20200410,  122,    0
 24653,134085,20200411,  121,    0
 24653,134085,20200412,  116,    0
 24653,134085,20200413,  118,    0
 24653,134085,20200414,   88,    0
 24653,134085,20200415,   65,    0
 24653,134085,20200416,  113,    0
 24653,134085,20200417,  139,    0
 24653,134085,20200418,  148,    0
 24653,134085,20200419,  139,    0
 24653,134085,20200420,   95,    0
 24653,134085,20200421,   85,    0
 24653,134085,20200422,   79,    0
 24653,134085,20200423,   89,    0
 24653,134085,20200424,  115,    0
 24653,134085,20200425,  136,    0
 24653,134085,20200426,  118,    0
 24653,134085,20200427,  121,    0
 24653,134085,20200428,  106,    0
 24653,134085,20200429,   94,    0
 24653,134085,20200430,   83,    0
 24653,134085,20200501,   87,    0
 24653,134085,20200502,  104,    0
 24653,134085,20200503,   84,    0
 24653,134085,20200504,  104,    0
 24653,134085,20200505,   99,    0
 24653,134085,20200506,  113,    0
 24653,134085,20200507,  122,    0
 24653,134085,20200508,  145,    0
 24653,134085,20200509,  158,    0
 24653,134085,20200510,  142,    0
 24653,134085,20200511,  124,    0
 24653,134085,20200512,   80,    0
 24653,134085,20200513,   83,    0
 24653,134085,20200514,  141,    0
 24653,134085,20200515,  117,    0
 24653,134085,20200516,   80,    0
 24653,134085,20200517,  118,    0
 24653,134085,20200518,  131,    0
 24653,134085,20200519,  137,    0
 24653,134085,20200520,  142,    0
 24653,134085,20200521,  138,    0
 24653,134085,20200522,  149,    0
 24653,134085,20200523,  178,    0
 24653,134085,20200524,  115,    0
 24653,134085,20200525,  134,    0
 24653,134085,20200526,  117,    0
 24653,134085,20200527,  117,    0
 24653,134085,20200528,  120,    0
 24653,134085,20200529,   87,    0
 24653,134085,20200530,   86,    0
 24653,134085,20200531,  100,    0
 24653,134085,20200601,  125,    0
 24653,134085,20200602,  146,    0
 24653,134085,20200603,  153,    0
 24653,134085,20200604,  129,    0
 24653,134085,20200605,  103,    0
 24653,134085,20200606,  136,    0
 24653,134085,20200607,  142,    0
 24653,134085,20200608,  113,    0
 24653,134085,20200609,  126,    0
 24653,134085,20200610,  124,    0
 24653,134085,20200611,  115,    0
 24653,134085,20200612,  140,    0
 24653,134085,20200613,  168,    0
 24653,134085,20200614,  163,    0
 24653,134085,20200615,  139,    0
 24653,134085,20200616,  142,    0
 24653,134085,20200617,  155,    0
 24653,134085,20200618,  149,    0
 24653,134085,20200619,  137,    0
 24653,134085,20200620,  150,    0
 24653,134085,20200621,  155,    0
 24653,134085,20200622,  176,    0
 24653,134085,20200623,  194,    0
 24653,134085,20200624,  171,    0
 24653,134085,20200625,  152,    0
 24653,134085,20200626,  151,    0
 24653,134085,20200627,  187,    0
 24653,134085,20200628,  200,    0
 24653,134085,20200629,  174,    0
 24653,134085,20200630,  168,    0
 24653,134085,20200701,  199,    0
 24653,134085,20200702,  168,    0
 24653,134085,20200703,  153,    0
 24653,134085,20200704,  173,    0
 24653,134085,20200705,  184,    0
 24653,134085,20200706,  202,    0
 24653,134085,20200707,  140,    0
 24653,134085,20200708,  157,    0
 24653,134085,20200709,  194,    0
 24653,134085,20200710,  204,    0
 24653,134085,20200711,  169,    0
 24653,134085,20200712,  128,    0
 24653,134085,20200713,  146,    0
 24653,134085,20200714,  149,    0
 24653,134085,20200715,  159,    0
 24653,134085,20200716,  138,    0
 24653,134085,20200717,  149,    0
 24653,134085,20200718,  124,    0
 24653,134085,20200719,  146,    0
 24653,134085,20200720,  180,    0
 24653,134085,20200721,  201,    0
 24653,134085,20200722,  191,    0
 24653,134085,20200723,  179,    0
 24653,134085,20200724,  169,    0
 24653,134085,20200725,  171,    0
 24653,134085,20200726,  172,    0
 24653,134085,20200727,  185,    0
 24653,134085,20200728,  218,    0
 24653,134085,20200729,  202,    0
 24653,134085,20200730,  215,    0
 24653,134085,20200731,  232,    0
 24653,134085,20200801,  233,    0
 24653,134085,20200802,  197,    0
 24653,134085,20200803,  168,    0
 24653,134085,20200804,  155,    0
 24653,134085,20200805,  125,    0
 24653,134085,20200806,  167,    0
 24653,134085,20200807,  198,    0
 24653,134085,20200808,  200,    0
 24653,134085,20200809,  213,    0
 24653,134085,20200810,  209,    0
 24653,134085,20200811,  186,    0
 24653,134085,20200812,  192,    0
 24653,134085,20200813,  194,    0
 24653,134085,20200814,  173,    0
 24653,134085,20200815,  178,    0
 24653,134085,20200816,  187,    0
 24653,134085,20200817,  180,    0
 24653,134085,20200818,  166,    0
 24653,134085,20200819,  171,    0
 24653,134085,20200820,  188,    0
 24653,134085,20200821,  218,    0
 24653,134085,20200822,  215,    0
 24653,134085,20200823,  172,    0
 24653,134085,20200824,  156,    0
 24653,134085,20200825,  148,    0
 24653,134085,20200826,  173,    0
 24653,134085,20200827,  175,    0
 24653,134085,20200828,  168,    0
 24653,134085,20200829,  164,    0
 24653,134085,20200830,  151,    0
 24653,134085,20200831,  120,    0
 24653,134085,20200901,  140,    0
 24653,134085,20200902,  122,    0
 24653,134085,20200903,  126,    0
 24653,134085,20200904,  150,    0
 24653,134085,20200905,  181,    0
 24653,134085,20200906,  163,    0
 24653,134085,20200907,  133,    0
 24653,134085,20200908,  143,    0
 24653,134085,20200909,  163,    0
 24653,134085,20200910,  163,    0
 24653,134085,20200911,  178,    0
 24653,134085,20200912,  177,    0
 24653,134085,20200913,  172,    0
 24653,134085,20200914,  174,    0
 24653,134085,20200915,  168,    0
 24653,134085,20200916,  174,    0
 24653,134085,20200917,  159,    0
 24653,134085,20200918,  144,    0
 24653,134085,20200919,  143,    0
 24653,134085,20200920,  152,    0
 24653,134085,20200921,  150,    0
 24653,134085,20200922,  144,    0
 24653,134085,20200923,  140,    0
 24653,134085,20200924,  143,    0
 24653,134085,20200925,  103,    0
 24653,134085,20200926,   56,    0
 24653,134085,20200927,   49,    0
 24653,134085,20200928,   53,    0
 24653,134085,20200929,   92,    0
 24653,134085,20200930,  102,    0
 24653,134085,20201001,  105,    0
 24653,134085,20201002,   96,    0
 24653,134085,20201003,  126,    0
 24653,134085,20201004,   83,    0
 24653,134085,20201005,   79,    0
 24653,134085,20201006,   89,    0
 24653,134085,20201007,   96,    0
 24653,134085,20201008,   90,    0
 24653,134085,20201009,  104,    0
 24653,134085,20201010,  114,    0
 24653,134085,20201011,   49,    0
 24653,134085,20201012,   49,    0
 24653,134085,20201013,   56,    0
 24653,134085,20201014,   66,    0
 24653,134085,20201015,   20,    0
 24653,134085,20201016,   37,    0
 24653,134085,20201017,   51,    0
 24653,134085,20201018,   74,    0
 24653,134085,20201019,   59,    0
 24653,134085,20201020,   67,    0
 24653,134085,20201021,   83,    0
 24653,134085,20201022,   96,    0
 24653,134085,20201023,   99,    0
 24653,134085,20201024,  107,    0
 24653,134085,20201025,  108,    0
 24653,134085,20201026,  101,    0
 24653,134085,20201027,   59,    0
 24653,134085,20201028,   62,    0
 24653,134085,20201029,   68,    0
 24653,134085,20201030,   83,    0
 24653,134085,20201031,  118,    0
 24653,134085,20201101,   86,    0
 24653,134085,20201102,  122,    0
 24653,134085,20201103,  125,    0
 24653,134085,20201104,   99,    0
 24653,134085,20201105,   77,    0
 24653,134085,20201106,   84,    0
 24653,134085,20201107,   78,    0
 24653,134085,20201108,   77,    0
 24653,134085,20201109,   57,    0
 24653,134085,20201110,   32,    0
 24653,134085,20201111,  -16,    0
 24653,134085,20201112,   16,    0
 24653,134085,20201113,   31,    0
 24653,134085,20201114,   54,    0
 24653,134085,20201115,   50,    0
 24653,134085,20201116,   34,    0
 24653,134085,20201117,   26,    0
 24653,134085,20201118,   30,    0
 24653,134085,20201119,   48,    0
 24653,134085,20201120,   32,    0
 24653,134085,20201121,   -8,    0
 24653,134085,20201122,    2,    0
 24653,134085,20201123,   23,    0
 24653,134085,20201124,    7,    0
 24653,134085,20201125,   19,    0
 24653,134085,20201126,   48,    0
 24653,134085,20201127,   28,    0
 24653,134085,20201128,   13,    0
 24653,134085,20201129,  -23,    0
 24653,134085,20201130,  -22,    0
 24653,134085,20201201,  -48,    0
 24653,134085,20201202,  -50,    0
 24653,134085,20201203,  -48,    0
 24653,134085,20201204,  -29,    0
 24653,134085,20201205,  -15,    0
 24653,134085,20201206,   23,    0
 24653,134085,20201207,    3,    0
 24653,134085,20201208,  -13,    0
 24653,134085,20201209,  -10,    0
 24653,134085,20201210,  -18,    0
 24653,134085,20201211,  -23,    0
 24653,134085,20201212,  -19,    0
 24653,134085,20201213,  -20,    0
 24653,134085,20201214,  -15,    0
 24653,134085,20201215,   -7,    0
 24653,134085,20201216,   28,    0
 24653,134085,20201217,   20,    0
 24653,134085,20201218,   22,    0
 24653,134085,20201219,   17,    0
 24653,134085,20201220,    5,    0
 24653,134085,20201221,   10,    0
 24653,134085,20201222,   22,    0
 24653,134085,20201223,   39,    0
 24653,134085,20201224,   27,    0
 24653,134085,20201225,    4,    0
 24653,134085,20201226,  -39,    0
 24653,134085,20201227,  -82,    0
 24653,134085,20201228,  -74,    0
 24653,134085,20201229,  -26,    0
 24653,134085,20201230,  -10,    0
 24653,134085,20201231,  -11,    0
 24653,134085,20210101,  -28,    0
 24653,134085,20210102,  -18,    0
 24653,134085,20210103,   -6,    0
 24653,134085,20210104,  -35,    0
 24653,134085,20210105,  -29,    0
 24653,134085,20210106,  -23,    0
 24653,134085,20210107,  -51,    0
 24653,134085,20210108,  -69,    0
 24653,134085,20210109,  -90,    0
 24653,134085,20210110,  -89,    0
 24653,134085,20210111,  -82,    0
 24653,134085,20210112,  -82,    0
 24653,134085,20210113,  -38,    0
 24653,134085,20210114,  -26,    0
 24653,134085,20210115,  -65,    0
 24653,134085,20210116,  -74,    0
 24653,134085,20210117,  -84,    0
 24653,134085,20210118,  -40,    0
 24653,134085,20210119,  -27,    0
 24653,134085,20210120,   -7,    0
 24653,134085,20210121,    8,    0
 24653,134085,20210122,   25,    0
 24653,134085,20210123,   -3,    0
 24653,134085,20210124,  -29,    0
 24653,134085,20210125,  -57,    0
 24653,134085,20210126,  -33,    0
 24653,134085,20210127,  -40,    0
 24653,134085,20210128,  -30,    0
 24653,134085,20210129,    6,    0
 24653,134085,20210130,   40,    0
 24653,134085,20210131,    1,    0
 24653,134085,20210201,  -38,    0
 24653,134085,20210202,    4,    0
 24653,134085,20210203,   14,    0
 24653,134085,20210204,   45,    0
 24653,134085,20210205,   51,    0
 24653,134085,20210206,   40,    0
 24653,134085,20210207,   15,    0
 24653,134085,20210208,    4,    0
 24653,134085,20210209,   13,    0
 24653,134085,20210210,    6,    0
 24653,134085,20210211,  -19,    0
 24653,134085,20210212,  -83,    0
 24653,134085,20210213,  -91,    0
 24653,134085,20210214,  -67,    0
 24653,134085,20210215,  -60,    0
 24653,134085,20210216,   -7,    0
 24653,134085,20210217,   53,    0
 24653,134085,20210218,   30,    0
 24653,134085,20210219,   41,    0
 24653,134085,20210220,   46,    0
 24653,134085,20210221,   34,    0
 24653,134085,20210222,   60,    0
 24653,134085,20210223,   83,    0
 24653,134085,20210224,   86,    0
 24653,134085,20210225,   92,    0
 24653,134085,20210226,   86,    0
 24653,134085,20210227,   58,    0
 24653,134085,20210228,   19,    0
 24653,134085,20210301,   30,    0
 24653,134085,20210302,   36,    0
 24653,134085,20210303,   49,    0
 24653,134085,20210304,   58,    0
 24653,134085,20210305,   45,    0
 24653,134085,20210306,    7,    0
 24653,134085,20210307,    5,    0
 24653,134085,20210308,   31,    0
 24653,134085,20210309,   13,    0
 24653,134085,20210310,   19,    0
 24653,134085,20210311,    5,    0
 24653,134085,20210312,   30,    0
 24653,134085,20210313,   34,    0
 24653,134085,20210314,   15,    0
 24653,134085,20210315,   14,    0
 24653,134085,20210316,   16,    0
 24653,134085,20210317,    8,    0
 24653,134085,20210318,  -12,    0
 24653,134085,20210319,  -21,    0
 24653,134085,20210320,  -26,    0
 24653,134085,20210321,  -50,    0
 24653,134085,20210322,    7,    0
 24653,134085,20210323,   27,    0
 24653,134085,20210324,   49,    0
 24653,134085,20210325,   78,    0
 24653,134085,20210326,   74,    0
 24653,134085,20210327,   67,    0
 24653,134085,20210328,   60,    0
 24653,134085,20210329,   89,    0
 24653,134085,20210330,  109,    0
 24653,134085,20210331,  114,    0
 24653,134085,20210401,  127,    0
 24653,134085,20210402,  115,    0
 24653,134085,20210403,   63,    0
 24653,134085,20210404,   38,    0
 24653,134085,20210405,   40,    0
 24653,134085,20210406,   15,    0
 24653,134085,20210407,  -16,    0
 24653,134085,20210408,   23,    0
 24653,134085,20210409,   31,    0
 24653,134085,20210410,   45,    0
 24653,134085,20210411,   50,    0
 24653,134085,20210412,   50,    0
 24653,134085,20210413,   12,    0
 24653,134085,20210414,   17,    0
 24653,134085,20210415,   13,    0
 24653,134085,20210416,   26,    0
 24653,134085,20210417,   34,    0
 24653,134085,20210418,   46,    0
 24653,134085,20210419,   55,    0
 24653,134085,20210420,   67,    0
 24653,134085,20210421,   69,    0
 24653,134085,20210422,   71,    0
 24653,134085,20210423,   82,    0
 24653,134085,20210424,   90,    0
 24653,134085,20210425,  107,    0
 24653,134085,20210426,   68,    0
 24653,134085,20210427,   34,    0
 24653,134085,20210428,   67,    0
 24653,134085,20210429,   99,    0
 24653,134085,20210430,   95,    0
 24653,134085,20210501,  108,    0
 24653,134085,20210502,   56,    0
 24653,134085,20210503,   58,    0
 24653,134085,20210504,   75,    0
 24653,134085,20210505,   81,    0
 24653,134085,20210506,   49,    0
 24653,134085,20210507,   83,    0
 24653,134085,20210508,   74,    0
 24653,134085,20210509,  117,    0
 24653,134085,20210510,  134,    0
 24653,134085,20210511,  129,    0
 24653,134085,20210512,   97,    0
 24653,134085,20210513,  103,    0
 24653,134085,20210514,   89,    0
 24653,134085,20210515,   80,    0
 24653,134085,20210516,   94,    0
 24653,134085,20210517,  104,    0
 24653,134085,20210518,   98,    0
 24653,134085,20210519,   76,    0
 24653,134085,20210520,  102,    0
 24653,134085,20210521,   92,    0
 24653,134085,20210522,   96,    0
 24653,134085,20210523,   77,    0
 24653,134085,20210524,   53,    0
 24653,134085,20210525,   72,    0
 24653,134085,20210526,   76,    0
 24653,134085,20210527,   99,    0
 24653,134085,20210528,  102,    0
 24653,134085,20210529,  116,    0
 24653,134085,20210530,  105,    0
 24653,134085,20210531,  105,    0
 24653,134085,20210601,  127,    0
 24653,134085,20210602,  143,    0
 24653,134085,20210603,  159,    0
 24653,134085,20210604,  165,    0
 24653,134085,20210605,  171,    0
 24653,134085,20210606,  121,    0
 24653,134085,20210607,  148,    0
 24653,134085,20210608,  161,    0
 24653,134085,20210609,  175,    0
 24653,134085,20210610,  164,    0
 24653,134085,20210611,  160,    0
 24653,134085,20210612,  182,    0
 24653,134085,20210613,  196,    0
 24653,134085,20210614,  172,    0
 24653,134085,20210615,  172,    0
 24653,134085,20210616,  190,    0
 24653,134085,20210617,  198,    0
 24653,134085,20210618,  192,    0
 24653,134085,20210619,  214,    0
 24653,134085,20210620,  219,    0
 24653,134085,20210621,  213,    0
 24653,134085,20210622,  203,    0
 24653,134085,20210623,  203,    0
 24653,134085,20210624,  201,    0
 24653,134085,20210625,  179,    0
 24653,134085,20210626,  167,    0
 24653,134085,20210627,  175,    0
 24653,134085,20210628,  205,    0
 24653,134085,20210629,  204,    0
 24653,134085,20210630,  161,    0
 24653,134085,20210701,  133,    0
 24653,134085,20210702,  163,    0
 24653,134085,20210703,  170,    0
 24653,134085,20210704,  168,    0
 24653,134085,20210705,  162,    0
 24653,134085,20210706,  196,    0
 24653,134085,20210707,  208,    0
 24653,134085,20210708,  194,    0
 24653,134085,20210709,  178,    0
 24653,134085,20210710,  177,    0
 24653,134085,20210711,  179,    0
 24653,134085,20210712,  192,    0
 24653,134085,20210713,  192,    0
 24653,134085,20210714,  136,    0
 24653,134085,20210715,  137,    0
 24653,134085,20210716,  151,    0
 24653,134085,20210717,  167,    0
 24653,134085,20210718,  189,    0
 24653,134085,20210719,  199,    0
 24653,134085,20210720,  185,    0
 24653,134085,20210721,  187,    0
 24653,134085,20210722,  194,    0
 24653,134085,20210723,  177,    0
 24653,134085,20210724,  202,    0
 24653,134085,20210725,  193,    0
 24653,134085,20210726,  180,    0
 24653,134085,20210727,  177,    0
 24653,134085,20210728,  189,    0
 24653,134085,20210729,  179,    0
 24653,134085,20210730,  198,    0
 24653,134085,20210731,  164,    0
 24653,134085,20210801,  154,    0
 24653,134085,20210802,  122,    0
 24653,134085,20210803,  128,    0
 24653,134085,20210804,  135,    0
 24653,134085,20210805,  164,    0
 24653,134085,20210806,  162,    0
 24653,134085,20210807,  176,    0
 24653,134085,20210808,  175,    0
 24653,134085,20210809,  175,    0
 24653,134085,20210810,  183,    0
 24653,134085,20210811,  202,    0
 24653,134085,20210812,  205,    0
 24653,134085,20210813,  225,    0
 24653,134085,20210814,  217,    0
 24653,134085,20210815,  219,    0
 24653,134085,20210816,  181,    0
 24653,134085,20210817,  147,    0
 24653,134085,20210818,  159,    0
 24653,134085,20210819,  166,    0
 24653,134085,20210820,  177,    0
 24653,134085,20210821,  181,    0
 24653,134085,20210822,  184,    0
 24653,134085,20210823,  157,    0
 24653,134085,20210824,  139,    0
 24653,134085,20210825,  141,    0
 24653,134085,20210826,  140,    0
 24653,134085,20210827,  132,    0
 24653,134085,20210828,  128,    0
 24653,134085,20210829,  116,    0
 24653,134085,20210830,  108,    0
 24653,134085,20210831,  136,    0
 24653,134085,20210901,  144,    0
 24653,134085,20210902,  136,    0
 24653,134085,20210903,  148,    0
 24653,134085,20210904,  167,    0
 24653,134085,20210905,  153,    0
 24653,134085,20210906,  148,    0
 24653,134085,20210907,  145,    0
 24653,134085,20210908,  151,    0
 24653,134085,20210909,  142,    0
 24653,134085,20210910,  154,    0
 24653,134085,20210911,  158,    0
 24653,134085,20210912,  171,    0
 24653,134085,20210913,  174,    0
 24653,134085,20210914,  182,    0
 24653,134085,20210915,  174,    0
 24653,134085,20210916,  168,    0
 24653,134085,20210917,  161,    0
 24653,134085,20210918,  153,    0
 24653,134085,20210919,  127,    0
 24653,134085,20210920,  119,    0
 24653,134085,20210921,  117,    0
 24653,134085,20210922,  101,    0
 24653,134085,20210923,  115,    0
 24653,134085,20210924,  140,    0
 24653,134085,20210925,  147,    0
 24653,134085,20210926,  148,    0
 24653,134085,20210927,  164,    0
 24653,134085,20210928,  153,    0
 24653,134085,20210929,  139,    0
 24653,134085,20210930,  116,    0
 24653,134085,20211001,  118,    0
 24653,134085,20211002,  121,    0
 24653,134085,20211003,  123,    0
 24653,134085,20211004,  143,    0
 24653,134085,20211005,  128,    0
 24653,134085,20211006,   68,    0
 24653,134085,20211007,   60,    0
 24653,134085,20211008,   77,    0
 24653,134085,20211009,   81,    0
 24653,134085,20211010,   41,    0
 24653,134085,20211011,   62,    0
 24653,134085,20211012,   48,    0
 24653,134085,20211013,   64,    0
 24653,134085,20211014,   51,    0
 24653,134085,20211015,   58,    0
 24653,134085,20211016,   68,    0
 24653,134085,20211017,   68,    0
 24653,134085,20211018,   76,    0
 24653,134085,20211019,   80,    0
 24653,134085,20211020,  114,    0
 24653,134085,20211021,   95,    0
 24653,134085,20211022,   88,    0
 24653,134085,20211023,   83,    0
 24653,134085,20211024,   60,    0
 24653,134085,20211025,   38,    0
 24653,134085,20211026,   49,    0
 24653,134085,20211027,   63,    0
 24653,134085,20211028,   58,    0
 24653,134085,20211029,   50,    0
 24653,134085,20211030,   55,    0
 24653,134085,20211031,   91,    0
 24653,134085,20211101,   60,    0
 24653,134085,20211102,   46,    0
 24653,134085,20211103,   37,    0
 24653,134085,20211104,   42,    0
 24653,134085,20211105,   43,    0
 24653,134085,20211106,   13,    0
 24653,134085,20211107,   53,    0
 24653,134085,20211108,   31,    0
 24653,134085,20211109,   37,    0
 24653,134085,20211110,   40,    0
 24653,134085,20211111,   84,    0
 24653,134085,20211112,   74,    0
 24653,134085,20211113,   76,    0
 24653,134085,20211114,   52,    0
 24653,134085,20211115,   41,    0
 24653,134085,20211116,   33,    0
 24653,134085,20211117,   32,    0
 24653,134085,20211118,   37,    0
 24653,134085,20211119,   55,    0
 24653,134085,20211120,   84,    0
 24653,134085,20211121,   64,    0
 24653,134085,20211122,   27,    0
 24653,134085,20211123,   28,    0
 24653,134085,20211124,    6,    0
 24653,134085,20211125,   15,    0
 24653,134085,20211126,   13,    0
 24653,134085,20211127,   -6,    0
 24653,134085,20211128,   -9,    0
 24653,134085,20211129,  -26,    0
 24653,134085,20211130,  -29,    0
 24653,134085,20211201,   12,    0
 24653,134085,20211202,   -2,    0
 24653,134085,20211203,  -31,    0
 24653,134085,20211204,  -47,    0
 24653,134085,20211205,  -20,    0
 24653,134085,20211206,  -33,    0
 24653,134085,20211207,  -47,    0
 24653,134085,20211208,  -50,    0
 24653,134085,20211209,  -43,    0
 24653,134085,20211210,  -45,    0
 24653,134085,20211211,  -34,    0
 24653,134085,20211212,  -10,    0
 24653,134085,20211213,   10,    0
 24653,134085,20211214,   14,    0
 24653,134085,20211215,  -19,    0
 24653,134085,20211216,  -43,    0
 24653,134085,20211217,   -3,    0
 24653,134085,20211218,    3,    0
 24653,134085,20211219,   57,    0
 24653,134085,20211220,   30,    0
 24653,134085,20211221,  -38,    0
 24653,134085,20211222,  -76,    0
 24653,134085,20211223,  -53,    0
 24653,134085,20211224,  -12,    0
 24653,134085,20211225,   30,    0
 24653,134085,20211226,    2,    0
 24653,134085,20211227,  -20,    0
 24653,134085,20211228,   22,    0
 24653,134085,20211229,   30,    0
 24653,134085,20211230,   28,    0
 24653,134085,20211231,   68,    0
 24653,134085,20220101,-9999,    9
 24653,134085,20220102,-9999,    9
 24653,134085,20220103,-9999,    9
 24653,134085,20220104,-9999,    9
 24653,134085,20220105,-9999,    9
 24653,134085,20220106,-9999,    9
 24653,134085,20220107,-9999,    9
 24653,134085,20220108,-9999,    9
 24653,134085,20220109,-9999,    9
 24653,134085,20220110,-9999,    9
 24653,134085,20220111,-9999,    9
 24653,134085,20220112,-9999,    9
 24653,134085,20220113,-9999,    9
 24653,134085,20220114,-9999,    9
 24653,134085,20220115,-9999,    9
 24653,134085,20220116,-9999,    9
 24653,134085,20220117,-9999,    9
 24653,134085,20220118,-9999,    9
 24653,134085,20220119,-9999,    9
 24653,134085,20220120,-9999,    9
 24653,134085,20220121,-9999,    9
 24653,134085,20220122,-9999,    9
 24653,134085,20220123,-9999,    9
 24653,134085,20220124,-9999,    9
 24653,134085,20220125,-9999,    9
 24653,134085,20220126,-9999,    9
 24653,134085,20220127,-9999,    9
 24653,134085,20220128,-9999,    9
 24653,134085,20220129,-9999,    9
 24653,134085,20220130,-9999,    9
 24653,134085,20220131,-9999,    9
 24653,134085,20220201,-9999,    9
 24653,134085,20220202,-9999,    9
 24653,134085,20220203,-9999,    9
 24653,134085,20220204,-9999,    9
 24653,134085,20220205,-9999,    9
 24653,134085,20220206,-9999,    9
 24653,134085,20220207,-9999,    9
 24653,134085,20220208,-9999,    9
 24653,134085,20220209,-9999,    9
 24653,134085,20220210,-9999,    9
 24653,134085,20220211,-9999,    9
 24653,134085,20220212,-9999,    9
 24653,134085,20220213,-9999,    9
 24653,134085,20220214,-9999,    9
 24653,134085,20220215,-9999,    9
 24653,134085,20220216,-9999,    9
 24653,134085,20220217,-9999,    9
 24653,134085,20220218,-9999,    9
 24653,134085,20220219,-9999,    9
 24653,134085,20220220,-9999,    9
 24653,134085,20220221,-9999,    9
 24653,134085,20220222,-9999,    9
 24653,134085,20220223,-9999,    9
 24653,134085,20220224,-9999,    9
 24653,134085,20220225,-9999,    9
 24653,134085,20220226,-9999,    9
 24653,134085,20220227,-9999,    9
 24653,134085,20220228,-9999,    9
 24653,134085,20220301,-9999,    9
 24653,134085,20220302,-9999,    9
 24653,134085,20220303,-9999,    9
 24653,134085,20220304,-9999,    9
 24653,134085,20220305,-9999,    9
 24653,134085,20220306,-9999,    9
 24653,134085,20220307,-9999,    9
 24653,134085,20220308,-9999,    9
 24653,134085,20220309,-9999,    9
 24653,134085,20220310,-9999,    9
 24653,134085,20220311,-9999,    9
 24653,134085,20220312,-9999,    9
 24653,134085,20220313,-9999,    9
 24653,134085,20220314,-9999,    9
 24653,134085,20220315,-9999,    9
 24653,134085,20220316,-9999,    9
 24653,134085,20220317,-9999,    9
 24653,134085,20220318,-9999,    9
 24653,134085,20220319,-9999,    9
 24653,134085,20220320,-9999,    9
 24653,134085,20220321,-9999,    9
 24653,134085,20220322,-9999,    9
 24653,134085,20220323,-9999,    9
 24653,134085,20220324,-9999,    9
 24653,134085,20220325,-9999,    9
 24653,134085,20220326,-9999,    9
 24653,134085,20220327,-9999,    9
 24653,134085,20220328,-9999,    9
 24653,134085,20220329,-9999,    9
 24653,134085,20220330,-9999,    9
 24653,134085,20220331,-9999,    9
 24653,134085,20220401,-9999,    9
 24653,134085,20220402,-9999,    9
 24653,134085,20220403,-9999,    9
 24653,134085,20220404,-9999,    9
 24653,134085,20220405,-9999,    9
 24653,134085,20220406,-9999,    9
 24653,134085,20220407,-9999,    9
 24653,134085,20220408,-9999,    9
 24653,134085,20220409,-9999,    9
 24653,134085,20220410,-9999,    9
 24653,134085,20220411,-9999,    9
 24653,134085,20220412,-9999,    9
 24653,134085,20220413,-9999,    9
 24653,134085,20220414,-9999,    9
 24653,134085,20220415,-9999,    9
 24653,134085,20220416,-9999,    9
 24653,134085,20220417,-9999,    9
 24653,134085,20220418,-9999,    9
 24653,134085,20220419,-9999,    9
 24653,134085,20220420,-9999,    9
 24653,134085,20220421,-9999,    9
 24653,134085,20220422,-9999,    9
 24653,134085,20220423,-9999,    9
 24653,134085,20220424,-9999,    9
 24653,134085,20220425,-9999,    9
 24653,134085,20220426,-9999,    9
 24653,134085,20220427,-9999,    9
 24653,134085,20220428,-9999,    9
 24653,134085,20220429,-9999,    9
 24653,134085,20220430,-9999,    9
 24653,134085,20220501,-9999,    9
 24653,134085,20220502,-9999,    9
 24653,134085,20220503,-9999,    9
 24653,134085,20220504,-9999,    9
 24653,134085,20220505,-9999,    9
 24653,134085,20220506,-9999,    9
 24653,134085,20220507,-9999,    9
 24653,134085,20220508,-9999,    9
 24653,134085,20220509,-9999,    9
 24653,134085,20220510,-9999,    9
 24653,134085,20220511,-9999,    9
 24653,134085,20220512,-9999,    9
 24653,134085,20220513,-9999,    9
 24653,134085,20220514,-9999,    9
 24653,134085,20220515,-9999,    9
 24653,134085,20220516,-9999,    9
 24653,134085,20220517,-9999,    9
 24653,134085,20220518,-9999,    9
 24653,134085,20220519,-9999,    9
 24653,134085,20220520,-9999,    9
 24653,134085,20220521,-9999,    9
 24653,134085,20220522,-9999,    9
 24653,134085,20220523,-9999,    9
 24653,134085,20220524,-9999,    9
 24653,134085,20220525,-9999,    9
 24653,134085,20220526,-9999,    9
 24653,134085,20220527,-9999,    9
 24653,134085,20220528,-9999,    9
 24653,134085,20220529,-9999,    9
 24653,134085,20220530,-9999,    9
 24653,134085,20220531,-9999,    9
 24653,134085,20220601,-9999,    9
 24653,134085,20220602,-9999,    9
 24653,134085,20220603,-9999,    9
 24653,134085,20220604,-9999,    9
 24653,134085,20220605,-9999,    9
 24653,134085,20220606,-9999,    9
 24653,134085,20220607,-9999,    9
 24653,134085,20220608,-9999,    9
 24653,134085,20220609,-9999,    9
 24653,134085,20220610,-9999,    9
 24653,134085,20220611,-9999,    9
 24653,134085,20220612,-9999,    9
 24653,134085,20220613,-9999,    9
 24653,134085,20220614,-9999,    9
 24653,134085,20220615,-9999,    9
 24653,134085,20220616,-9999,    9
 24653,134085,20220617,-9999,    9
 24653,134085,20220618,-9999,    9
 24653,134085,20220619,-9999,    9
 24653,134085,20220620,-9999,    9
 24653,134085,20220621,-9999,    9
 24653,134085,20220622,-9999,    9
 24653,134085,20220623,-9999,    9
 24653,134085,20220624,-9999,    9
 24653,134085,20220625,-9999,    9
 24653,134085,20220626,-9999,    9
 24653,134085,20220627,-9999,    9
 24653,134085,20220628,-9999,    9
 24653,134085,20220629,-9999,    9
 24653,134085,20220630,-9999,    9
 24653,134085,20220701,-9999,    9
 24653,134085,20220702,-9999,    9
 24653,134085,20220703,-9999,    9
 24653,134085,20220704,-9999,    9
 24653,134085,20220705,-9999,    9
 24653,134085,20220706,-9999,    9
 24653,134085,20220707,-9999,    9
 24653,134085,20220708,-9999,    9
 24653,134085,20220709,-9999,    9
 24653,134085,20220710,-9999,    9
 24653,134085,20220711,-9999,    9
 24653,134085,20220712,-9999,    9
 24653,134085,20220713,-9999,    9
 24653,134085,20220714,-9999,    9
 24653,134085,20220715,-9999,    9
 24653,134085,20220716,-9999,    9
 24653,134085,20220717,-9999,    9
 24653,134085,20220718,-9999,    9
 24653,134085,20220719,-9999,    9
 24653,134085,20220720,-9999,    9
 24653,134085,20220721,-9999,    9
 24653,134085,20220722,-9999,    9
 24653,134085,20220723,-9999,    9
 24653,134085,20220724,-9999,    9
 24653,134085,20220725,-9999,    9
 24653,134085,20220726,-9999,    9
 24653,134085,20220727,-9999,    9
 24653,134085,20220728,-9999,    9
 24653,134085,20220729,-9999,    9
 24653,134085,20220730,-9999,    9
 24653,134085,20220731,-9999,    9
 24653,134085,20220801,-9999,    9
 24653,134085,20220802,-9999,    9
 24653,134085,20220803,-9999,    9
 24653,134085,20220804,-9999,    9
 24653,134085,20220805,-9999,    9
 24653,134085,20220806,-9999,    9
 24653,134085,20220807,-9999,    9
 24653,134085,20220808,-9999,    9
 24653,134085,20220809,-9999,    9
 24653,134085,20220810,-9999,    9
 24653,134085,20220811,-9999,    9
 24653,134085,20220812,-9999,    9
 24653,134085,20220813,-9999,    9
 24653,134085,20220814,-9999,    9
 24653,134085,20220815,-9999,    9
 24653,134085,20220816,-9999,    9
 24653,134085,20220817,-9999,    9
 24653,134085,20220818,-9999,    9
 24653,134085,20220819,-9999,    9
 24653,134085,20220820,-9999,    9
 24653,134085,20220821,-9999,    9
 24653,134085,20220822,-9999,    9
 24653,134085,20220823,-9999,    9
 24653,134085,20220824,-9999,    9
 24653,134085,20220825,-9999,    9
 24653,134085,20220826,-9999,    9
 24653,134085,20220827,-9999,    9
 24653,134085,20220828,-9999,    9
 24653,134085,20220829,-9999,    9
 24653,134085,20220830,-9999,    9
 24653,134085,20220831,-9999,    9
 24653,134085,20220901,-9999,    9
 24653,134085,20220902,-9999,    9
 24653,134085,20220903,-9999,    9
 24653,134085,20220904,-9999,    9
 24653,134085,20220905,-9999,    9
 24653,134085,20220906,-9999,    9
 24653,134085,20220907,-9999,    9
 24653,134085,20220908,-9999,    9
 24653,134085,20220909,-9999,    9
 24653,134085,20220910,-9999,    9
 24653,134085,20220911,-9999,    9
 24653,134085,20220912,-9999,    9
 24653,134085,20220913,-9999,    9
 24653,134085,20220914,-9999,    9
 24653,134085,20220915,-9999,    9
 24653,134085,20220916,-9999,    9
 24653,134085,20220917,-9999,    9
 24653,134085,20220918,-9999,    9
 24653,134085,20220919,-9999,    9
 24653,134085,20220920,-9999,    9
 24653,134085,20220921,-9999,    9
 24653,134085,20220922,-9999,    9
 24653,134085,20220923,-9999,    9
 24653,134085,20220924,-9999,    9
 24653,134085,20220925,-9999,    9
 24653,134085,20220926,-9999,    9
 24653,134085,20220927,-9999,    9
 24653,134085,20220928,-9999,    9
 24653,134085,20220929,-9999,    9
 24653,134085,20220930,-9999,    9
 24653,134085,20221001,-9999,    9
 24653,134085,20221002,-9999,    9
 24653,134085,20221003,-9999,    9
 24653,134085,20221004,-9999,    9
 24653,134085,20221005,-9999,    9
 24653,134085,20221006,-9999,    9
 24653,134085,20221007,-9999,    9
 24653,134085,20221008,-9999,    9
 24653,134085,20221009,-9999,    9
 24653,134085,20221010,-9999,    9
 24653,134085,20221011,-9999,    9
 24653,134085,20221012,-9999,    9
 24653,134085,20221013,-9999,    9
 24653,134085,20221014,-9999,    9
 24653,134085,20221015,-9999,    9
 24653,134085,20221016,-9999,    9
 24653,134085,20221017,-9999,    9
 24653,134085,20221018,-9999,    9
 24653,134085,20221019,-9999,    9
 24653,134085,20221020,-9999,    9
 24653,134085,20221021,-9999,    9
 24653,134085,20221022,-9999,    9
 24653,134085,20221023,-9999,    9
 24653,134085,20221024,-9999,    9
 24653,134085,20221025,-9999,    9
 24653,134085,20221026,-9999,    9
 24653,134085,20221027,-9999,    9
 24653,134085,20221028,-9999,    9
 24653,134085,20221029,-9999,    9
 24653,134085,20221030,-9999,    9
 24653,134085,20221031,-9999,    9
