EUROPEAN CLIMATE ASSESSMENT & DATASET (ECA&D), file created on: 16-11-2022
THESE DATA CAN BE USED FOR NON-COMMERCIAL RESEARCH AND EDUCATION PROVIDED THAT THE FOLLOWING SOURCE IS ACKNOWLEDGED: 

Klein Tank, A.M.G. and Coauthors, 2002. Daily dataset of 20th-century surface
air temperature and precipitation series for the European Climate Assessment.
Int. J. of Climatol., 22, 1441-1453.
Data and metadata available at http://www.ecad.eu

FILE FORMAT (MISSING VALUE CODE = -9999):

01-06 STAID: Station identifier
08-13 SOUID: Source identifier
15-22 DATE : Date YYYYMMDD
24-28 TG   : Mean temperature in 0.1 &#176;C
30-34 Q_TG : quality code for TG (0='valid'; 1='suspect'; 9='missing')

This is the blended series of station E6 DJUPVIK, NORWAY (STAID: 18549)
Blended and updated with sources:99443 
See files sources.txt and stations.txt for more info.

STAID, SOUID,    DATE,   TG, Q_TG
 18549, 99443,20151101,-9999,    9
 18549, 99443,20151102,-9999,    9
 18549, 99443,20151103,-9999,    9
 18549, 99443,20151104,-9999,    9
 18549, 99443,20151105,-9999,    9
 18549, 99443,20151106,-9999,    9
 18549, 99443,20151107,-9999,    9
 18549, 99443,20151108,-9999,    9
 18549, 99443,20151109,-9999,    9
 18549, 99443,20151110,-9999,    9
 18549, 99443,20151111,-9999,    9
 18549, 99443,20151112,-9999,    9
 18549, 99443,20151113,-9999,    9
 18549, 99443,20151114,-9999,    9
 18549, 99443,20151115,-9999,    9
 18549, 99443,20151116,-9999,    9
 18549, 99443,20151117,-9999,    9
 18549, 99443,20151118,    6,    0
 18549, 99443,20151119,-9999,    9
 18549, 99443,20151120,-9999,    9
 18549, 99443,20151121,-9999,    9
 18549, 99443,20151122,-9999,    9
 18549, 99443,20151123,-9999,    9
 18549, 99443,20151124,-9999,    9
 18549, 99443,20151125,-9999,    9
 18549, 99443,20151126,-9999,    9
 18549, 99443,20151127,   31,    0
 18549, 99443,20151128,   -2,    0
 18549, 99443,20151129,   -1,    0
 18549, 99443,20151130,   15,    0
 18549, 99443,20151201,    2,    0
 18549, 99443,20151202,   14,    0
 18549, 99443,20151203,-9999,    9
 18549, 99443,20151204,   38,    0
 18549, 99443,20151205,   11,    0
 18549, 99443,20151206,   23,    0
 18549, 99443,20151207,    9,    0
 18549, 99443,20151208,    3,    0
 18549, 99443,20151209,   -2,    0
 18549, 99443,20151210,   -3,    0
 18549, 99443,20151211,-9999,    9
 18549, 99443,20151212,  -23,    0
 18549, 99443,20151213,  -22,    0
 18549, 99443,20151214,  -37,    0
 18549, 99443,20151215,  -44,    0
 18549, 99443,20151216,  -40,    0
 18549, 99443,20151217,-9999,    9
 18549, 99443,20151218,    6,    0
 18549, 99443,20151219,   21,    0
 18549, 99443,20151220,-9999,    9
 18549, 99443,20151221,-9999,    9
 18549, 99443,20151222,-9999,    9
 18549, 99443,20151223,   -1,    0
 18549, 99443,20151224,   22,    0
 18549, 99443,20151225,   13,    0
 18549, 99443,20151226,  -40,    0
 18549, 99443,20151227,  -46,    0
 18549, 99443,20151228,  -22,    0
 18549, 99443,20151229,  -16,    0
 18549, 99443,20151230,  -13,    0
 18549, 99443,20151231,   29,    0
 18549, 99443,20160101,   34,    0
 18549, 99443,20160102,   12,    0
 18549, 99443,20160103,  -34,    0
 18549, 99443,20160104,  -76,    0
 18549, 99443,20160105,  -87,    0
 18549, 99443,20160106, -109,    0
 18549, 99443,20160107, -153,    0
 18549, 99443,20160108,  -92,    0
 18549, 99443,20160109,  -20,    0
 18549, 99443,20160110,  -35,    0
 18549, 99443,20160111,  -75,    0
 18549, 99443,20160112,  -99,    0
 18549, 99443,20160113, -113,    0
 18549, 99443,20160114,  -86,    0
 18549, 99443,20160115,  -51,    0
 18549, 99443,20160116,  -19,    0
 18549, 99443,20160117,-9999,    9
 18549, 99443,20160118, -114,    0
 18549, 99443,20160119, -123,    0
 18549, 99443,20160120, -102,    0
 18549, 99443,20160121,  -48,    0
 18549, 99443,20160122,-9999,    9
 18549, 99443,20160123,    1,    0
 18549, 99443,20160124,  -49,    0
 18549, 99443,20160125,-9999,    9
 18549, 99443,20160126,  -17,    0
 18549, 99443,20160127,-9999,    9
 18549, 99443,20160128,-9999,    9
 18549, 99443,20160129,   -4,    0
 18549, 99443,20160130,  -17,    0
 18549, 99443,20160131,  -13,    0
 18549, 99443,20160201,   -7,    0
 18549, 99443,20160202,  -62,    0
 18549, 99443,20160203,  -32,    0
 18549, 99443,20160204,  -42,    0
 18549, 99443,20160205,-9999,    9
 18549, 99443,20160206,-9999,    9
 18549, 99443,20160207,-9999,    9
 18549, 99443,20160208,-9999,    9
 18549, 99443,20160209,    3,    0
 18549, 99443,20160210,-9999,    9
 18549, 99443,20160211,-9999,    9
 18549, 99443,20160212,-9999,    9
 18549, 99443,20160213,  -46,    0
 18549, 99443,20160214,  -24,    0
 18549, 99443,20160215,  -30,    0
 18549, 99443,20160216,-9999,    9
 18549, 99443,20160217,-9999,    9
 18549, 99443,20160218,-9999,    9
 18549, 99443,20160219,-9999,    9
 18549, 99443,20160220,-9999,    9
 18549, 99443,20160221,-9999,    9
 18549, 99443,20160222,-9999,    9
 18549, 99443,20160223,-9999,    9
 18549, 99443,20160224,-9999,    9
 18549, 99443,20160225,-9999,    9
 18549, 99443,20160226,-9999,    9
 18549, 99443,20160227,-9999,    9
 18549, 99443,20160228,-9999,    9
 18549, 99443,20160229,-9999,    9
 18549, 99443,20160301,-9999,    9
 18549, 99443,20160302,-9999,    9
 18549, 99443,20160303,-9999,    9
 18549, 99443,20160304,-9999,    9
 18549, 99443,20160305,  -11,    0
 18549, 99443,20160306,   -3,    0
 18549, 99443,20160307,    1,    0
 18549, 99443,20160308,   -4,    0
 18549, 99443,20160309,  -14,    0
 18549, 99443,20160310,  -19,    0
 18549, 99443,20160311,   -1,    0
 18549, 99443,20160312,   51,    0
 18549, 99443,20160313,   44,    0
 18549, 99443,20160314,   45,    0
 18549, 99443,20160315,   56,    0
 18549, 99443,20160316,    0,    0
 18549, 99443,20160317,  -48,    0
 18549, 99443,20160318,  -49,    0
 18549, 99443,20160319,  -44,    0
 18549, 99443,20160320,  -45,    0
 18549, 99443,20160321,  -52,    0
 18549, 99443,20160322,  -52,    0
 18549, 99443,20160323,  -36,    0
 18549, 99443,20160324,  -35,    0
 18549, 99443,20160325,  -32,    0
 18549, 99443,20160326,   32,    0
 18549, 99443,20160327,-9999,    9
 18549, 99443,20160328,   61,    0
 18549, 99443,20160329,-9999,    9
 18549, 99443,20160330,-9999,    9
 18549, 99443,20160331,-9999,    9
 18549, 99443,20160401,   19,    0
 18549, 99443,20160402,   11,    0
 18549, 99443,20160403,   22,    0
 18549, 99443,20160404,   31,    0
 18549, 99443,20160405,   10,    0
 18549, 99443,20160406,    8,    0
 18549, 99443,20160407,-9999,    9
 18549, 99443,20160408,-9999,    9
 18549, 99443,20160409,   29,    0
 18549, 99443,20160410,   20,    0
 18549, 99443,20160411,   21,    0
 18549, 99443,20160412,  -10,    0
 18549, 99443,20160413,  -24,    0
 18549, 99443,20160414,   -3,    0
 18549, 99443,20160415,    7,    0
 18549, 99443,20160416,   12,    0
 18549, 99443,20160417,   10,    0
 18549, 99443,20160418,   14,    0
 18549, 99443,20160419,   10,    0
 18549, 99443,20160420,    9,    0
 18549, 99443,20160421,    8,    0
 18549, 99443,20160422,   20,    0
 18549, 99443,20160423,    9,    0
 18549, 99443,20160424,   10,    0
 18549, 99443,20160425,   22,    0
 18549, 99443,20160426,   30,    0
 18549, 99443,20160427,   70,    0
 18549, 99443,20160428,   81,    0
 18549, 99443,20160429,   98,    0
 18549, 99443,20160430,   94,    0
 18549, 99443,20160501,   86,    0
 18549, 99443,20160502,-9999,    9
 18549, 99443,20160503,-9999,    9
 18549, 99443,20160504,   73,    0
 18549, 99443,20160505,   83,    0
 18549, 99443,20160506,   88,    0
 18549, 99443,20160507,   90,    0
 18549, 99443,20160508,   70,    0
 18549, 99443,20160509,   53,    0
 18549, 99443,20160510,   43,    0
 18549, 99443,20160511,   55,    0
 18549, 99443,20160512,   62,    0
 18549, 99443,20160513,-9999,    9
 18549, 99443,20160514,   72,    0
 18549, 99443,20160515,-9999,    9
 18549, 99443,20160516,   59,    0
 18549, 99443,20160517,   50,    0
 18549, 99443,20160518,   47,    0
 18549, 99443,20160519,-9999,    9
 18549, 99443,20160520,-9999,    9
 18549, 99443,20160521,   99,    0
 18549, 99443,20160522,  123,    0
 18549, 99443,20160523,  112,    0
 18549, 99443,20160524,   81,    0
 18549, 99443,20160525,   73,    0
 18549, 99443,20160526,-9999,    9
 18549, 99443,20160527,-9999,    9
 18549, 99443,20160528,-9999,    9
 18549, 99443,20160529,-9999,    9
 18549, 99443,20160530,-9999,    9
 18549, 99443,20160531,-9999,    9
 18549, 99443,20160601,-9999,    9
 18549, 99443,20160602,-9999,    9
 18549, 99443,20160603,-9999,    9
 18549, 99443,20160604,-9999,    9
 18549, 99443,20160605,-9999,    9
 18549, 99443,20160606,-9999,    9
 18549, 99443,20160607,-9999,    9
 18549, 99443,20160608,-9999,    9
 18549, 99443,20160609,-9999,    9
 18549, 99443,20160610,-9999,    9
 18549, 99443,20160611,-9999,    9
 18549, 99443,20160612,-9999,    9
 18549, 99443,20160613,-9999,    9
 18549, 99443,20160614,-9999,    9
 18549, 99443,20160615,-9999,    9
 18549, 99443,20160616,-9999,    9
 18549, 99443,20160617,-9999,    9
 18549, 99443,20160618,-9999,    9
 18549, 99443,20160619,-9999,    9
 18549, 99443,20160620,-9999,    9
 18549, 99443,20160621,-9999,    9
 18549, 99443,20160622,-9999,    9
 18549, 99443,20160623,-9999,    9
 18549, 99443,20160624,-9999,    9
 18549, 99443,20160625,-9999,    9
 18549, 99443,20160626,-9999,    9
 18549, 99443,20160627,-9999,    9
 18549, 99443,20160628,-9999,    9
 18549, 99443,20160629,-9999,    9
 18549, 99443,20160630,-9999,    9
 18549, 99443,20160701,-9999,    9
 18549, 99443,20160702,-9999,    9
 18549, 99443,20160703,-9999,    9
 18549, 99443,20160704,-9999,    9
 18549, 99443,20160705,-9999,    9
 18549, 99443,20160706,-9999,    9
 18549, 99443,20160707,-9999,    9
 18549, 99443,20160708,-9999,    9
 18549, 99443,20160709,-9999,    9
 18549, 99443,20160710,-9999,    9
 18549, 99443,20160711,-9999,    9
 18549, 99443,20160712,-9999,    9
 18549, 99443,20160713,-9999,    9
 18549, 99443,20160714,-9999,    9
 18549, 99443,20160715,-9999,    9
 18549, 99443,20160716,-9999,    9
 18549, 99443,20160717,-9999,    9
 18549, 99443,20160718,-9999,    9
 18549, 99443,20160719,-9999,    9
 18549, 99443,20160720,-9999,    9
 18549, 99443,20160721,-9999,    9
 18549, 99443,20160722,-9999,    9
 18549, 99443,20160723,-9999,    9
 18549, 99443,20160724,-9999,    9
 18549, 99443,20160725,-9999,    9
 18549, 99443,20160726,-9999,    9
 18549, 99443,20160727,-9999,    9
 18549, 99443,20160728,-9999,    9
 18549, 99443,20160729,-9999,    9
 18549, 99443,20160730,-9999,    9
 18549, 99443,20160731,-9999,    9
 18549, 99443,20160801,-9999,    9
 18549, 99443,20160802,-9999,    9
 18549, 99443,20160803,-9999,    9
 18549, 99443,20160804,-9999,    9
 18549, 99443,20160805,-9999,    9
 18549, 99443,20160806,-9999,    9
 18549, 99443,20160807,-9999,    9
 18549, 99443,20160808,-9999,    9
 18549, 99443,20160809,-9999,    9
 18549, 99443,20160810,-9999,    9
 18549, 99443,20160811,-9999,    9
 18549, 99443,20160812,-9999,    9
 18549, 99443,20160813,-9999,    9
 18549, 99443,20160814,-9999,    9
 18549, 99443,20160815,-9999,    9
 18549, 99443,20160816,-9999,    9
 18549, 99443,20160817,-9999,    9
 18549, 99443,20160818,-9999,    9
 18549, 99443,20160819,-9999,    9
 18549, 99443,20160820,-9999,    9
 18549, 99443,20160821,-9999,    9
 18549, 99443,20160822,-9999,    9
 18549, 99443,20160823,-9999,    9
 18549, 99443,20160824,-9999,    9
 18549, 99443,20160825,-9999,    9
 18549, 99443,20160826,-9999,    9
 18549, 99443,20160827,-9999,    9
 18549, 99443,20160828,-9999,    9
 18549, 99443,20160829,-9999,    9
 18549, 99443,20160830,-9999,    9
 18549, 99443,20160831,-9999,    9
 18549, 99443,20160901,-9999,    9
 18549, 99443,20160902,-9999,    9
 18549, 99443,20160903,-9999,    9
 18549, 99443,20160904,-9999,    9
 18549, 99443,20160905,-9999,    9
 18549, 99443,20160906,-9999,    9
 18549, 99443,20160907,-9999,    9
 18549, 99443,20160908,   91,    0
 18549, 99443,20160909,  114,    0
 18549, 99443,20160910,  116,    0
 18549, 99443,20160911,  114,    0
 18549, 99443,20160912,   97,    0
 18549, 99443,20160913,-9999,    9
 18549, 99443,20160914,-9999,    9
 18549, 99443,20160915,  117,    0
 18549, 99443,20160916,-9999,    9
 18549, 99443,20160917,-9999,    9
 18549, 99443,20160918,-9999,    9
 18549, 99443,20160919,  146,    0
 18549, 99443,20160920,  107,    0
 18549, 99443,20160921,  124,    0
 18549, 99443,20160922,  108,    0
 18549, 99443,20160923,  106,    0
 18549, 99443,20160924,   88,    0
 18549, 99443,20160925,   95,    0
 18549, 99443,20160926,  136,    0
 18549, 99443,20160927,  104,    0
 18549, 99443,20160928,  112,    0
 18549, 99443,20160929,   97,    0
 18549, 99443,20160930,   74,    0
 18549, 99443,20161001,   72,    0
 18549, 99443,20161002,   60,    0
 18549, 99443,20161003,   36,    0
 18549, 99443,20161004,   51,    0
 18549, 99443,20161005,   98,    0
 18549, 99443,20161006,   98,    0
 18549, 99443,20161007,   91,    0
 18549, 99443,20161008,   69,    0
 18549, 99443,20161009,   30,    0
 18549, 99443,20161010,   24,    0
 18549, 99443,20161011,   61,    0
 18549, 99443,20161012,   89,    0
 18549, 99443,20161013,   80,    0
 18549, 99443,20161014,   69,    0
 18549, 99443,20161015,   43,    0
 18549, 99443,20161016,   41,    0
 18549, 99443,20161017,   19,    0
 18549, 99443,20161018,   23,    0
 18549, 99443,20161019,   52,    0
 18549, 99443,20161020,-9999,    9
 18549, 99443,20161021,-9999,    9
 18549, 99443,20161022,-9999,    9
 18549, 99443,20161023,-9999,    9
 18549, 99443,20161024,-9999,    9
 18549, 99443,20161025,-9999,    9
 18549, 99443,20161026,-9999,    9
 18549, 99443,20161027,   30,    0
 18549, 99443,20161028,   50,    0
 18549, 99443,20161029,   45,    0
 18549, 99443,20161030,   29,    0
 18549, 99443,20161031,   20,    0
 18549, 99443,20161101,   -6,    0
 18549, 99443,20161102,   -4,    0
 18549, 99443,20161103,  -21,    0
 18549, 99443,20161104,  -39,    0
 18549, 99443,20161105,  -31,    0
 18549, 99443,20161106,  -30,    0
 18549, 99443,20161107,  -30,    0
 18549, 99443,20161108,  -19,    0
 18549, 99443,20161109,  -13,    0
 18549, 99443,20161110,  -13,    0
 18549, 99443,20161111,  -25,    0
 18549, 99443,20161112,    6,    0
 18549, 99443,20161113,   46,    0
 18549, 99443,20161114,   35,    0
 18549, 99443,20161115,   48,    0
 18549, 99443,20161116,   45,    0
 18549, 99443,20161117,   28,    0
 18549, 99443,20161118,   31,    0
 18549, 99443,20161119,   19,    0
 18549, 99443,20161120,   19,    0
 18549, 99443,20161121,   -7,    0
 18549, 99443,20161122,    1,    0
 18549, 99443,20161123,   12,    0
 18549, 99443,20161124,    6,    0
 18549, 99443,20161125,   -1,    0
 18549, 99443,20161126,  -28,    0
 18549, 99443,20161127,   -9,    0
 18549, 99443,20161128,   -8,    0
 18549, 99443,20161129,   23,    0
 18549, 99443,20161130,   34,    0
 18549, 99443,20161201,-9999,    9
 18549, 99443,20161202,  -36,    0
 18549, 99443,20161203,  -53,    0
 18549, 99443,20161204,  -20,    0
 18549, 99443,20161205,  -38,    0
 18549, 99443,20161206,   -4,    0
 18549, 99443,20161207,    7,    0
 18549, 99443,20161208,    2,    0
 18549, 99443,20161209,  -25,    0
 18549, 99443,20161210,  -20,    0
 18549, 99443,20161211,  -28,    0
 18549, 99443,20161212,   -7,    0
 18549, 99443,20161213,    6,    0
 18549, 99443,20161214,   27,    0
 18549, 99443,20161215,   45,    0
 18549, 99443,20161216,   55,    0
 18549, 99443,20161217,   48,    0
 18549, 99443,20161218,   31,    0
 18549, 99443,20161219,   70,    0
 18549, 99443,20161220,   40,    0
 18549, 99443,20161221,   46,    0
 18549, 99443,20161222,   33,    0
 18549, 99443,20161223,    0,    0
 18549, 99443,20161224,  -15,    0
 18549, 99443,20161225,  -19,    0
 18549, 99443,20161226,  -18,    0
 18549, 99443,20161227,   -2,    0
 18549, 99443,20161228,   18,    0
 18549, 99443,20161229,   12,    0
 18549, 99443,20161230,   23,    0
 18549, 99443,20161231,    9,    0
 18549, 99443,20170101,-9999,    9
 18549, 99443,20170102,-9999,    9
 18549, 99443,20170103,-9999,    9
 18549, 99443,20170104,-9999,    9
 18549, 99443,20170105,-9999,    9
 18549, 99443,20170106,-9999,    9
 18549, 99443,20170107,-9999,    9
 18549, 99443,20170108,-9999,    9
 18549, 99443,20170109,-9999,    9
 18549, 99443,20170110,-9999,    9
 18549, 99443,20170111,-9999,    9
 18549, 99443,20170112,-9999,    9
 18549, 99443,20170113,-9999,    9
 18549, 99443,20170114,-9999,    9
 18549, 99443,20170115,-9999,    9
 18549, 99443,20170116,-9999,    9
 18549, 99443,20170117,-9999,    9
 18549, 99443,20170118,-9999,    9
 18549, 99443,20170119,-9999,    9
 18549, 99443,20170120,-9999,    9
 18549, 99443,20170121,-9999,    9
 18549, 99443,20170122,-9999,    9
 18549, 99443,20170123,-9999,    9
 18549, 99443,20170124,-9999,    9
 18549, 99443,20170125,-9999,    9
 18549, 99443,20170126,-9999,    9
 18549, 99443,20170127,-9999,    9
 18549, 99443,20170128,-9999,    9
 18549, 99443,20170129,-9999,    9
 18549, 99443,20170130,-9999,    9
 18549, 99443,20170131,-9999,    9
 18549, 99443,20170201,-9999,    9
 18549, 99443,20170202,-9999,    9
 18549, 99443,20170203,-9999,    9
 18549, 99443,20170204,-9999,    9
 18549, 99443,20170205,-9999,    9
 18549, 99443,20170206,-9999,    9
 18549, 99443,20170207,-9999,    9
 18549, 99443,20170208,-9999,    9
 18549, 99443,20170209,-9999,    9
 18549, 99443,20170210,-9999,    9
 18549, 99443,20170211,-9999,    9
 18549, 99443,20170212,-9999,    9
 18549, 99443,20170213,-9999,    9
 18549, 99443,20170214,-9999,    9
 18549, 99443,20170215,-9999,    9
 18549, 99443,20170216,-9999,    9
 18549, 99443,20170217,-9999,    9
 18549, 99443,20170218,-9999,    9
 18549, 99443,20170219,-9999,    9
 18549, 99443,20170220,-9999,    9
 18549, 99443,20170221,-9999,    9
 18549, 99443,20170222,-9999,    9
 18549, 99443,20170223,-9999,    9
 18549, 99443,20170224,-9999,    9
 18549, 99443,20170225,-9999,    9
 18549, 99443,20170226,-9999,    9
 18549, 99443,20170227,-9999,    9
 18549, 99443,20170228,-9999,    9
 18549, 99443,20170301,-9999,    9
 18549, 99443,20170302,-9999,    9
 18549, 99443,20170303,-9999,    9
 18549, 99443,20170304,-9999,    9
 18549, 99443,20170305,-9999,    9
 18549, 99443,20170306,-9999,    9
 18549, 99443,20170307,-9999,    9
 18549, 99443,20170308,-9999,    9
 18549, 99443,20170309,-9999,    9
 18549, 99443,20170310,-9999,    9
 18549, 99443,20170311,-9999,    9
 18549, 99443,20170312,-9999,    9
 18549, 99443,20170313,   -5,    0
 18549, 99443,20170314,-9999,    9
 18549, 99443,20170315,-9999,    9
 18549, 99443,20170316,-9999,    9
 18549, 99443,20170317,-9999,    9
 18549, 99443,20170318,-9999,    9
 18549, 99443,20170319,-9999,    9
 18549, 99443,20170320,-9999,    9
 18549, 99443,20170321,-9999,    9
 18549, 99443,20170322,-9999,    9
 18549, 99443,20170323,-9999,    9
 18549, 99443,20170324,-9999,    9
 18549, 99443,20170325,-9999,    9
 18549, 99443,20170326,-9999,    9
 18549, 99443,20170327,-9999,    9
 18549, 99443,20170328,-9999,    9
 18549, 99443,20170329,-9999,    9
 18549, 99443,20170330,-9999,    9
 18549, 99443,20170331,-9999,    9
 18549, 99443,20170401,-9999,    9
 18549, 99443,20170402,-9999,    9
 18549, 99443,20170403,   16,    0
 18549, 99443,20170404,   53,    0
 18549, 99443,20170405,   23,    0
 18549, 99443,20170406,   -8,    0
 18549, 99443,20170407,   -8,    0
 18549, 99443,20170408,   -8,    0
 18549, 99443,20170409,  -10,    0
 18549, 99443,20170410,   -1,    0
 18549, 99443,20170411,  -15,    0
 18549, 99443,20170412,   -9,    0
 18549, 99443,20170413,  -21,    0
 18549, 99443,20170414,  -13,    0
 18549, 99443,20170415,  -10,    0
 18549, 99443,20170416,  -15,    0
 18549, 99443,20170417,  -16,    0
 18549, 99443,20170418,  -14,    0
 18549, 99443,20170419,    8,    0
 18549, 99443,20170420,   25,    0
 18549, 99443,20170421,   17,    0
 18549, 99443,20170422,   14,    0
 18549, 99443,20170423,   -3,    0
 18549, 99443,20170424,  -13,    0
 18549, 99443,20170425,   -9,    0
 18549, 99443,20170426,   -1,    0
 18549, 99443,20170427,-9999,    9
 18549, 99443,20170428,   21,    0
 18549, 99443,20170429,   29,    0
 18549, 99443,20170430,   15,    0
 18549, 99443,20170501,    9,    0
 18549, 99443,20170502,   22,    0
 18549, 99443,20170503,   36,    0
 18549, 99443,20170504,   57,    0
 18549, 99443,20170505,   47,    0
 18549, 99443,20170506,   -1,    0
 18549, 99443,20170507,  -18,    0
 18549, 99443,20170508,  -10,    0
 18549, 99443,20170509,    8,    0
 18549, 99443,20170510,   10,    0
 18549, 99443,20170511,    6,    0
 18549, 99443,20170512,   14,    0
 18549, 99443,20170513,   26,    0
 18549, 99443,20170514,   31,    0
 18549, 99443,20170515,-9999,    9
 18549, 99443,20170516,   58,    0
 18549, 99443,20170517,   79,    0
 18549, 99443,20170518,   84,    0
 18549, 99443,20170519,   59,    0
 18549, 99443,20170520,-9999,    9
 18549, 99443,20170521,   69,    0
 18549, 99443,20170522,   66,    0
 18549, 99443,20170523,   29,    0
 18549, 99443,20170524,   46,    0
 18549, 99443,20170525,   41,    0
 18549, 99443,20170526,   28,    0
 18549, 99443,20170527,   47,    0
 18549, 99443,20170528,   41,    0
 18549, 99443,20170529,   14,    0
 18549, 99443,20170530,    9,    0
 18549, 99443,20170531,   34,    0
 18549, 99443,20170601,   46,    0
 18549, 99443,20170602,   44,    0
 18549, 99443,20170603,   47,    0
 18549, 99443,20170604,   48,    0
 18549, 99443,20170605,   43,    0
 18549, 99443,20170606,   95,    0
 18549, 99443,20170607,  150,    0
 18549, 99443,20170608,  172,    0
 18549, 99443,20170609,-9999,    9
 18549, 99443,20170610,  120,    0
 18549, 99443,20170611,  127,    0
 18549, 99443,20170612,  122,    0
 18549, 99443,20170613,   81,    0
 18549, 99443,20170614,  104,    0
 18549, 99443,20170615,  114,    0
 18549, 99443,20170616,   76,    0
 18549, 99443,20170617,   85,    0
 18549, 99443,20170618,   91,    0
 18549, 99443,20170619,  100,    0
 18549, 99443,20170620,  106,    0
 18549, 99443,20170621,   61,    0
 18549, 99443,20170622,   65,    0
 18549, 99443,20170623,-9999,    9
 18549, 99443,20170624,   98,    0
 18549, 99443,20170625,  101,    0
 18549, 99443,20170626,  118,    0
 18549, 99443,20170627,   97,    0
 18549, 99443,20170628,   94,    0
 18549, 99443,20170629,  109,    0
 18549, 99443,20170630,  106,    0
 18549, 99443,20170701,  127,    0
 18549, 99443,20170702,  155,    0
 18549, 99443,20170703,   89,    0
 18549, 99443,20170704,   80,    0
 18549, 99443,20170705,   73,    0
 18549, 99443,20170706,   84,    0
 18549, 99443,20170707,   96,    0
 18549, 99443,20170708,  110,    0
 18549, 99443,20170709,  163,    0
 18549, 99443,20170710,  157,    0
 18549, 99443,20170711,  141,    0
 18549, 99443,20170712,  125,    0
 18549, 99443,20170713,   92,    0
 18549, 99443,20170714,  103,    0
 18549, 99443,20170715,  139,    0
 18549, 99443,20170716,  150,    0
 18549, 99443,20170717,   99,    0
 18549, 99443,20170718,   98,    0
 18549, 99443,20170719,  105,    0
 18549, 99443,20170720,   91,    0
 18549, 99443,20170721,   91,    0
 18549, 99443,20170722,  118,    0
 18549, 99443,20170723,  154,    0
 18549, 99443,20170724,  145,    0
 18549, 99443,20170725,  122,    0
 18549, 99443,20170726,   96,    0
 18549, 99443,20170727,   98,    0
 18549, 99443,20170728,  104,    0
 18549, 99443,20170729,  114,    0
 18549, 99443,20170730,  103,    0
 18549, 99443,20170731,  103,    0
 18549, 99443,20170801,  152,    0
 18549, 99443,20170802,  128,    0
 18549, 99443,20170803,  116,    0
 18549, 99443,20170804,  119,    0
 18549, 99443,20170805,  153,    0
 18549, 99443,20170806,  148,    0
 18549, 99443,20170807,  129,    0
 18549, 99443,20170808,  117,    0
 18549, 99443,20170809,  100,    0
 18549, 99443,20170810,  131,    0
 18549, 99443,20170811,  129,    0
 18549, 99443,20170812,  141,    0
 18549, 99443,20170813,  117,    0
 18549, 99443,20170814,  103,    0
 18549, 99443,20170815,   93,    0
 18549, 99443,20170816,  120,    0
 18549, 99443,20170817,-9999,    9
 18549, 99443,20170818,  122,    0
 18549, 99443,20170819,  117,    0
 18549, 99443,20170820,  105,    0
 18549, 99443,20170821,   75,    0
 18549, 99443,20170822,   80,    0
 18549, 99443,20170823,   91,    0
 18549, 99443,20170824,   83,    0
 18549, 99443,20170825,   65,    0
 18549, 99443,20170826,   72,    0
 18549, 99443,20170827,   80,    0
 18549, 99443,20170828,   88,    0
 18549, 99443,20170829,  119,    0
 18549, 99443,20170830,  114,    0
 18549, 99443,20170831,   92,    0
 18549, 99443,20170901,   76,    0
 18549, 99443,20170902,   91,    0
 18549, 99443,20170903,  123,    0
 18549, 99443,20170904,  124,    0
 18549, 99443,20170905,  131,    0
 18549, 99443,20170906,  113,    0
 18549, 99443,20170907,  118,    0
 18549, 99443,20170908,  112,    0
 18549, 99443,20170909,   94,    0
 18549, 99443,20170910,  104,    0
 18549, 99443,20170911,  120,    0
 18549, 99443,20170912,  121,    0
 18549, 99443,20170913,  105,    0
 18549, 99443,20170914,   91,    0
 18549, 99443,20170915,   59,    0
 18549, 99443,20170916,   78,    0
 18549, 99443,20170917,   84,    0
 18549, 99443,20170918,   81,    0
 18549, 99443,20170919,   67,    0
 18549, 99443,20170920,   59,    0
 18549, 99443,20170921,   77,    0
 18549, 99443,20170922,   97,    0
 18549, 99443,20170923,  106,    0
 18549, 99443,20170924,  113,    0
 18549, 99443,20170925,   99,    0
 18549, 99443,20170926,   92,    0
 18549, 99443,20170927,   77,    0
 18549, 99443,20170928,   72,    0
 18549, 99443,20170929,   77,    0
 18549, 99443,20170930,  115,    0
 18549, 99443,20171001,  121,    0
 18549, 99443,20171002,   93,    0
 18549, 99443,20171003,   88,    0
 18549, 99443,20171004,-9999,    9
 18549, 99443,20171005,   65,    0
 18549, 99443,20171006,   57,    0
 18549, 99443,20171007,   62,    0
 18549, 99443,20171008,   55,    0
 18549, 99443,20171009,   56,    0
 18549, 99443,20171010,   46,    0
 18549, 99443,20171011,   54,    0
 18549, 99443,20171012,   60,    0
 18549, 99443,20171013,   45,    0
 18549, 99443,20171014,-9999,    9
 18549, 99443,20171015,   58,    0
 18549, 99443,20171016,   41,    0
 18549, 99443,20171017,-9999,    9
 18549, 99443,20171018,-9999,    9
 18549, 99443,20171019,-9999,    9
 18549, 99443,20171020,-9999,    9
 18549, 99443,20171021,-9999,    9
 18549, 99443,20171022,-9999,    9
 18549, 99443,20171023,-9999,    9
 18549, 99443,20171024,-9999,    9
 18549, 99443,20171025,   41,    0
 18549, 99443,20171026,   33,    0
 18549, 99443,20171027,   49,    0
 18549, 99443,20171028,   14,    0
 18549, 99443,20171029,   -5,    0
 18549, 99443,20171030,  -14,    0
 18549, 99443,20171031,  -11,    0
 18549, 99443,20171101,-9999,    9
 18549, 99443,20171102,-9999,    9
 18549, 99443,20171103,   40,    0
 18549, 99443,20171104,   45,    0
 18549, 99443,20171105,   31,    0
 18549, 99443,20171106,   11,    0
 18549, 99443,20171107,   25,    0
 18549, 99443,20171108,   40,    0
 18549, 99443,20171109,   28,    0
 18549, 99443,20171110,   29,    0
 18549, 99443,20171111,    0,    0
 18549, 99443,20171112,  -12,    0
 18549, 99443,20171113,   -5,    0
 18549, 99443,20171114,   22,    0
 18549, 99443,20171115,   20,    0
 18549, 99443,20171116,  -17,    0
 18549, 99443,20171117,  -30,    0
 18549, 99443,20171118,  -31,    0
 18549, 99443,20171119,  -29,    0
 18549, 99443,20171120,  -49,    0
 18549, 99443,20171121,  -18,    0
 18549, 99443,20171122,  -36,    0
 18549, 99443,20171123,  -29,    0
 18549, 99443,20171124,  -18,    0
 18549, 99443,20171125,    6,    0
 18549, 99443,20171126,    5,    0
 18549, 99443,20171127,    5,    0
 18549, 99443,20171128,-9999,    9
 18549, 99443,20171129,-9999,    9
 18549, 99443,20171130,  -41,    0
 18549, 99443,20171201,  -11,    0
 18549, 99443,20171202,    9,    0
 18549, 99443,20171203,  -10,    0
 18549, 99443,20171204,  -11,    0
 18549, 99443,20171205,  -12,    0
 18549, 99443,20171206,  -11,    0
 18549, 99443,20171207,  -27,    0
 18549, 99443,20171208,  -32,    0
 18549, 99443,20171209,  -15,    0
 18549, 99443,20171210,   14,    0
 18549, 99443,20171211,    1,    0
 18549, 99443,20171212,  -23,    0
 18549, 99443,20171213,  -33,    0
 18549, 99443,20171214,   11,    0
 18549, 99443,20171215,  -24,    0
 18549, 99443,20171216,  -33,    0
 18549, 99443,20171217,   -9,    0
 18549, 99443,20171218,   -9,    0
 18549, 99443,20171219,   24,    0
 18549, 99443,20171220,   40,    0
 18549, 99443,20171221,   26,    0
 18549, 99443,20171222,   -8,    0
 18549, 99443,20171223,  -21,    0
 18549, 99443,20171224,  -33,    0
 18549, 99443,20171225,  -70,    0
 18549, 99443,20171226,  -37,    0
 18549, 99443,20171227,  -53,    0
 18549, 99443,20171228,  -50,    0
 18549, 99443,20171229,  -66,    0
 18549, 99443,20171230,  -33,    0
 18549, 99443,20171231,   -5,    0
 18549, 99443,20180101,  -35,    0
 18549, 99443,20180102,  -35,    0
 18549, 99443,20180103,  -37,    0
 18549, 99443,20180104,  -19,    0
 18549, 99443,20180105,  -54,    0
 18549, 99443,20180106,  -42,    0
 18549, 99443,20180107,  -41,    0
 18549, 99443,20180108,  -89,    0
 18549, 99443,20180109,-9999,    9
 18549, 99443,20180110,-9999,    9
 18549, 99443,20180111,-9999,    9
 18549, 99443,20180112,-9999,    9
 18549, 99443,20180113,-9999,    9
 18549, 99443,20180114,-9999,    9
 18549, 99443,20180115,-9999,    9
 18549, 99443,20180116,-9999,    9
 18549, 99443,20180117,-9999,    9
 18549, 99443,20180118,-9999,    9
 18549, 99443,20180119,-9999,    9
 18549, 99443,20180120,-9999,    9
 18549, 99443,20180121,-9999,    9
 18549, 99443,20180122,-9999,    9
 18549, 99443,20180123,-9999,    9
 18549, 99443,20180124,-9999,    9
 18549, 99443,20180125,-9999,    9
 18549, 99443,20180126,-9999,    9
 18549, 99443,20180127,-9999,    9
 18549, 99443,20180128,-9999,    9
 18549, 99443,20180129,-9999,    9
 18549, 99443,20180130,-9999,    9
 18549, 99443,20180131,-9999,    9
 18549, 99443,20180201,-9999,    9
 18549, 99443,20180202,-9999,    9
 18549, 99443,20180203,-9999,    9
 18549, 99443,20180204,-9999,    9
 18549, 99443,20180205,-9999,    9
 18549, 99443,20180206,-9999,    9
 18549, 99443,20180207,-9999,    9
 18549, 99443,20180208,-9999,    9
 18549, 99443,20180209,-9999,    9
 18549, 99443,20180210,-9999,    9
 18549, 99443,20180211,-9999,    9
 18549, 99443,20180212,-9999,    9
 18549, 99443,20180213,-9999,    9
 18549, 99443,20180214,-9999,    9
 18549, 99443,20180215,-9999,    9
 18549, 99443,20180216,-9999,    9
 18549, 99443,20180217,  -73,    0
 18549, 99443,20180218,  -99,    0
 18549, 99443,20180219,  -77,    0
 18549, 99443,20180220,  -74,    0
 18549, 99443,20180221,  -63,    0
 18549, 99443,20180222,  -60,    0
 18549, 99443,20180223,  -70,    0
 18549, 99443,20180224,  -83,    0
 18549, 99443,20180225,  -89,    0
 18549, 99443,20180226,  -66,    0
 18549, 99443,20180227,  -44,    0
 18549, 99443,20180228,-9999,    9
 18549, 99443,20180301,-9999,    9
 18549, 99443,20180302,  -26,    0
 18549, 99443,20180303,-9999,    9
 18549, 99443,20180304,  -87,    0
 18549, 99443,20180305,  -82,    0
 18549, 99443,20180306,  -79,    0
 18549, 99443,20180307,  -87,    0
 18549, 99443,20180308,  -99,    0
 18549, 99443,20180309,  -96,    0
 18549, 99443,20180310,-9999,    9
 18549, 99443,20180311,  -54,    0
 18549, 99443,20180312,  -52,    0
 18549, 99443,20180313,  -59,    0
 18549, 99443,20180314,  -66,    0
 18549, 99443,20180315,  -60,    0
 18549, 99443,20180316,  -46,    0
 18549, 99443,20180317,-9999,    9
 18549, 99443,20180318,  -34,    0
 18549, 99443,20180319,  -44,    0
 18549, 99443,20180320,  -47,    0
 18549, 99443,20180321,  -27,    0
 18549, 99443,20180322,  -36,    0
 18549, 99443,20180323,  -39,    0
 18549, 99443,20180324,  -53,    0
 18549, 99443,20180325,-9999,    9
 18549, 99443,20180326,  -54,    0
 18549, 99443,20180327,  -26,    0
 18549, 99443,20180328,   -9,    0
 18549, 99443,20180329,  -22,    0
 18549, 99443,20180330,  -22,    0
 18549, 99443,20180331,  -19,    0
 18549, 99443,20180401,  -26,    0
 18549, 99443,20180402,  -31,    0
 18549, 99443,20180403,  -34,    0
 18549, 99443,20180404,   -7,    0
 18549, 99443,20180405,    5,    0
 18549, 99443,20180406,    2,    0
 18549, 99443,20180407,-9999,    9
 18549, 99443,20180408,   -5,    0
 18549, 99443,20180409,   -6,    0
 18549, 99443,20180410,   12,    0
 18549, 99443,20180411,   25,    0
 18549, 99443,20180412,   33,    0
 18549, 99443,20180413,   38,    0
 18549, 99443,20180414,   42,    0
 18549, 99443,20180415,   28,    0
 18549, 99443,20180416,   23,    0
 18549, 99443,20180417,   32,    0
 18549, 99443,20180418,   31,    0
 18549, 99443,20180419,   16,    0
 18549, 99443,20180420,   28,    0
 18549, 99443,20180421,   37,    0
 18549, 99443,20180422,   18,    0
 18549, 99443,20180423,   41,    0
 18549, 99443,20180424,   38,    0
 18549, 99443,20180425,   33,    0
 18549, 99443,20180426,   31,    0
 18549, 99443,20180427,   21,    0
 18549, 99443,20180428,    4,    0
 18549, 99443,20180429,   15,    0
 18549, 99443,20180430,   23,    0
 18549, 99443,20180501,   38,    0
 18549, 99443,20180502,-9999,    9
 18549, 99443,20180503,   54,    0
 18549, 99443,20180504,   63,    0
 18549, 99443,20180505,-9999,    9
 18549, 99443,20180506,   69,    0
 18549, 99443,20180507,   43,    0
 18549, 99443,20180508,   68,    0
 18549, 99443,20180509,  113,    0
 18549, 99443,20180510,  153,    0
 18549, 99443,20180511,  118,    0
 18549, 99443,20180512,   99,    0
 18549, 99443,20180513,  111,    0
 18549, 99443,20180514,  127,    0
 18549, 99443,20180515,  116,    0
 18549, 99443,20180516,-9999,    9
 18549, 99443,20180517,   86,    0
 18549, 99443,20180518,   77,    0
 18549, 99443,20180519,-9999,    9
 18549, 99443,20180520,   86,    0
 18549, 99443,20180521,   84,    0
 18549, 99443,20180522,   69,    0
 18549, 99443,20180523,   49,    0
 18549, 99443,20180524,   78,    0
 18549, 99443,20180525,  115,    0
 18549, 99443,20180526,-9999,    9
 18549, 99443,20180527,   74,    0
 18549, 99443,20180528,  133,    0
 18549, 99443,20180529,   90,    0
 18549, 99443,20180530,-9999,    9
 18549, 99443,20180531,   99,    0
 18549, 99443,20180601,  102,    0
 18549, 99443,20180602,   83,    0
 18549, 99443,20180603,   63,    0
 18549, 99443,20180604,   35,    0
 18549, 99443,20180605,   31,    0
 18549, 99443,20180606,-9999,    9
 18549, 99443,20180607,   33,    0
 18549, 99443,20180608,   50,    0
 18549, 99443,20180609,   66,    0
 18549, 99443,20180610,   79,    0
 18549, 99443,20180611,   62,    0
 18549, 99443,20180612,   45,    0
 18549, 99443,20180613,   54,    0
 18549, 99443,20180614,  109,    0
 18549, 99443,20180615,  124,    0
 18549, 99443,20180616,  124,    0
 18549, 99443,20180617,  103,    0
 18549, 99443,20180618,  123,    0
 18549, 99443,20180619,  119,    0
 18549, 99443,20180620,   82,    0
 18549, 99443,20180621,   76,    0
 18549, 99443,20180622,   74,    0
 18549, 99443,20180623,   65,    0
 18549, 99443,20180624,   82,    0
 18549, 99443,20180625,  108,    0
 18549, 99443,20180626,  106,    0
 18549, 99443,20180627,   81,    0
 18549, 99443,20180628,   72,    0
 18549, 99443,20180629,   65,    0
 18549, 99443,20180630,   83,    0
 18549, 99443,20180701,  127,    0
 18549, 99443,20180702,  150,    0
 18549, 99443,20180703,  122,    0
 18549, 99443,20180704,   91,    0
 18549, 99443,20180705,  108,    0
 18549, 99443,20180706,  141,    0
 18549, 99443,20180707,   98,    0
 18549, 99443,20180708,-9999,    9
 18549, 99443,20180709,  131,    0
 18549, 99443,20180710,  136,    0
 18549, 99443,20180711,  124,    0
 18549, 99443,20180712,  107,    0
 18549, 99443,20180713,  100,    0
 18549, 99443,20180714,   99,    0
 18549, 99443,20180715,  122,    0
 18549, 99443,20180716,  152,    0
 18549, 99443,20180717,-9999,    9
 18549, 99443,20180718,-9999,    9
 18549, 99443,20180719,-9999,    9
 18549, 99443,20180720,-9999,    9
 18549, 99443,20180721,-9999,    9
 18549, 99443,20180722,-9999,    9
 18549, 99443,20180723,-9999,    9
 18549, 99443,20180724,-9999,    9
 18549, 99443,20180725,-9999,    9
 18549, 99443,20180726,-9999,    9
 18549, 99443,20180727,-9999,    9
 18549, 99443,20180728,-9999,    9
 18549, 99443,20180729,-9999,    9
 18549, 99443,20180730,-9999,    9
 18549, 99443,20180731,-9999,    9
 18549, 99443,20180801,-9999,    9
 18549, 99443,20180802,-9999,    9
 18549, 99443,20180803,-9999,    9
 18549, 99443,20180804,-9999,    9
 18549, 99443,20180805,-9999,    9
 18549, 99443,20180806,-9999,    9
 18549, 99443,20180807,-9999,    9
 18549, 99443,20180808,-9999,    9
 18549, 99443,20180809,-9999,    9
 18549, 99443,20180810,-9999,    9
 18549, 99443,20180811,-9999,    9
 18549, 99443,20180812,-9999,    9
 18549, 99443,20180813,-9999,    9
 18549, 99443,20180814,-9999,    9
 18549, 99443,20180815,-9999,    9
 18549, 99443,20180816,-9999,    9
 18549, 99443,20180817,-9999,    9
 18549, 99443,20180818,-9999,    9
 18549, 99443,20180819,-9999,    9
 18549, 99443,20180820,-9999,    9
 18549, 99443,20180821,-9999,    9
 18549, 99443,20180822,-9999,    9
 18549, 99443,20180823,-9999,    9
 18549, 99443,20180824,-9999,    9
 18549, 99443,20180825,-9999,    9
 18549, 99443,20180826,-9999,    9
 18549, 99443,20180827,-9999,    9
 18549, 99443,20180828,   90,    0
 18549, 99443,20180829,  137,    0
 18549, 99443,20180830,  133,    0
 18549, 99443,20180831,   90,    0
 18549, 99443,20180901,  109,    0
 18549, 99443,20180902,  129,    0
 18549, 99443,20180903,  141,    0
 18549, 99443,20180904,  100,    0
 18549, 99443,20180905,   99,    0
 18549, 99443,20180906,  104,    0
 18549, 99443,20180907,   89,    0
 18549, 99443,20180908,   86,    0
 18549, 99443,20180909,  106,    0
 18549, 99443,20180910,  153,    0
 18549, 99443,20180911,  137,    0
 18549, 99443,20180912,   97,    0
 18549, 99443,20180913,   94,    0
 18549, 99443,20180914,   92,    0
 18549, 99443,20180915,   92,    0
 18549, 99443,20180916,   82,    0
 18549, 99443,20180917,   68,    0
 18549, 99443,20180918,   75,    0
 18549, 99443,20180919,   82,    0
 18549, 99443,20180920,  100,    0
 18549, 99443,20180921,  107,    0
 18549, 99443,20180922,   91,    0
 18549, 99443,20180923,   88,    0
 18549, 99443,20180924,   37,    0
 18549, 99443,20180925,   45,    0
 18549, 99443,20180926,-9999,    9
 18549, 99443,20180927,-9999,    9
 18549, 99443,20180928,-9999,    9
 18549, 99443,20180929,-9999,    9
 18549, 99443,20180930,-9999,    9
 18549, 99443,20181001,-9999,    9
 18549, 99443,20181002,-9999,    9
 18549, 99443,20181003,-9999,    9
 18549, 99443,20181004,   25,    0
 18549, 99443,20181005,   20,    0
 18549, 99443,20181006,   18,    0
 18549, 99443,20181007,   28,    0
 18549, 99443,20181008,   44,    0
 18549, 99443,20181009,   66,    0
 18549, 99443,20181010,   46,    0
 18549, 99443,20181011,-9999,    9
 18549, 99443,20181012,   70,    0
 18549, 99443,20181013,   84,    0
 18549, 99443,20181014,  110,    0
 18549, 99443,20181015,   73,    0
 18549, 99443,20181016,   74,    0
 18549, 99443,20181017,-9999,    9
 18549, 99443,20181018,-9999,    9
 18549, 99443,20181019,   61,    0
 18549, 99443,20181020,   62,    0
 18549, 99443,20181021,   66,    0
 18549, 99443,20181022,-9999,    9
 18549, 99443,20181023,   35,    0
 18549, 99443,20181024,    3,    0
 18549, 99443,20181025,    3,    0
 18549, 99443,20181026,    8,    0
 18549, 99443,20181027,   -5,    0
 18549, 99443,20181028,   -7,    0
 18549, 99443,20181029,   31,    0
 18549, 99443,20181030,   -7,    0
 18549, 99443,20181031,   -5,    0
 18549, 99443,20181101,   27,    0
 18549, 99443,20181102,   58,    0
 18549, 99443,20181103,   46,    0
 18549, 99443,20181104,   54,    0
 18549, 99443,20181105,   87,    0
 18549, 99443,20181106,   69,    0
 18549, 99443,20181107,   32,    0
 18549, 99443,20181108,    6,    0
 18549, 99443,20181109,   38,    0
 18549, 99443,20181110,   55,    0
 18549, 99443,20181111,   55,    0
 18549, 99443,20181112,   56,    0
 18549, 99443,20181113,   44,    0
 18549, 99443,20181114,   61,    0
 18549, 99443,20181115,   70,    0
 18549, 99443,20181116,   91,    0
 18549, 99443,20181117,   50,    0
 18549, 99443,20181118,   41,    0
 18549, 99443,20181119,   82,    0
 18549, 99443,20181120,   29,    0
 18549, 99443,20181121,   45,    0
 18549, 99443,20181122,   52,    0
 18549, 99443,20181123,   22,    0
 18549, 99443,20181124, -199,    0
 18549, 99443,20181125, -398,    0
 18549, 99443,20181126, -398,    0
 18549, 99443,20181127,-9999,    9
 18549, 99443,20181128,-9999,    9
 18549, 99443,20181129,-9999,    9
 18549, 99443,20181130,-9999,    9
 18549, 99443,20181201,-9999,    9
 18549, 99443,20181202,-9999,    9
 18549, 99443,20181203,-9999,    9
 18549, 99443,20181204,-9999,    9
 18549, 99443,20181205,-9999,    9
 18549, 99443,20181206,-9999,    9
 18549, 99443,20181207,-9999,    9
 18549, 99443,20181208,-9999,    9
 18549, 99443,20181209,-9999,    9
 18549, 99443,20181210,-9999,    9
 18549, 99443,20181211,-9999,    9
 18549, 99443,20181212,-9999,    9
 18549, 99443,20181213,-9999,    9
 18549, 99443,20181214,-9999,    9
 18549, 99443,20181215,-9999,    9
 18549, 99443,20181216,-9999,    9
 18549, 99443,20181217,-9999,    9
 18549, 99443,20181218,-9999,    9
 18549, 99443,20181219,-9999,    9
 18549, 99443,20181220,  -16,    0
 18549, 99443,20181221,   -8,    0
 18549, 99443,20181222,  -27,    0
 18549, 99443,20181223,   -4,    0
 18549, 99443,20181224,  -16,    0
 18549, 99443,20181225,    5,    0
 18549, 99443,20181226,   -7,    0
 18549, 99443,20181227,  -27,    0
 18549, 99443,20181228,   10,    0
 18549, 99443,20181229,   13,    0
 18549, 99443,20181230,  -28,    0
 18549, 99443,20181231,  -20,    0
 18549, 99443,20190101,  -38,    0
 18549, 99443,20190102,  -39,    0
 18549, 99443,20190103,    0,    0
 18549, 99443,20190104,   15,    0
 18549, 99443,20190105,   27,    0
 18549, 99443,20190106,   48,    0
 18549, 99443,20190107,    3,    0
 18549, 99443,20190108,  -12,    0
 18549, 99443,20190109,  -14,    0
 18549, 99443,20190110,   11,    0
 18549, 99443,20190111,    0,    0
 18549, 99443,20190112,   -9,    0
 18549, 99443,20190113,  -46,    0
 18549, 99443,20190114,  -48,    0
 18549, 99443,20190115,  -39,    0
 18549, 99443,20190116,  -50,    0
 18549, 99443,20190117,  -66,    0
 18549, 99443,20190118,-9999,    9
 18549, 99443,20190119,-9999,    9
 18549, 99443,20190120,  -53,    0
 18549, 99443,20190121,  -43,    0
 18549, 99443,20190122,  -52,    0
 18549, 99443,20190123, -104,    0
 18549, 99443,20190124,  -88,    0
 18549, 99443,20190125,  -67,    0
 18549, 99443,20190126,  -81,    0
 18549, 99443,20190127, -122,    0
 18549, 99443,20190128, -127,    0
 18549, 99443,20190129,  -90,    0
 18549, 99443,20190130,-9999,    9
 18549, 99443,20190131,  -86,    0
 18549, 99443,20190201,  -87,    0
 18549, 99443,20190202,  -74,    0
 18549, 99443,20190203,  -83,    0
 18549, 99443,20190204,  -82,    0
 18549, 99443,20190205, -105,    0
 18549, 99443,20190206,  -38,    0
 18549, 99443,20190207,  -33,    0
 18549, 99443,20190208,  -79,    0
 18549, 99443,20190209,  -74,    0
 18549, 99443,20190210,  -51,    0
 18549, 99443,20190211,  -24,    0
 18549, 99443,20190212,   -8,    0
 18549, 99443,20190213,-9999,    9
 18549, 99443,20190214,-9999,    9
 18549, 99443,20190215,-9999,    9
 18549, 99443,20190216,    2,    0
 18549, 99443,20190217,  -27,    0
 18549, 99443,20190218,  -48,    0
 18549, 99443,20190219,  -74,    0
 18549, 99443,20190220,  -72,    0
 18549, 99443,20190221,  -62,    0
 18549, 99443,20190222,   13,    0
 18549, 99443,20190223,   58,    0
 18549, 99443,20190224,   50,    0
 18549, 99443,20190225,   15,    0
 18549, 99443,20190226,    3,    0
 18549, 99443,20190227,    7,    0
 18549, 99443,20190228,  -45,    0
 18549, 99443,20190301,  -40,    0
 18549, 99443,20190302,  -89,    0
 18549, 99443,20190303,  -63,    0
 18549, 99443,20190304,  -80,    0
 18549, 99443,20190305,  -71,    0
 18549, 99443,20190306,  -52,    0
 18549, 99443,20190307,  -58,    0
 18549, 99443,20190308,  -97,    0
 18549, 99443,20190309,  -52,    0
 18549, 99443,20190310,  -64,    0
 18549, 99443,20190311,  -53,    0
 18549, 99443,20190312,  -26,    0
 18549, 99443,20190313,  -38,    0
 18549, 99443,20190314,  -29,    0
 18549, 99443,20190315,  -26,    0
 18549, 99443,20190316,  -18,    0
 18549, 99443,20190317,  -29,    0
 18549, 99443,20190318,  -49,    0
 18549, 99443,20190319,  -16,    0
 18549, 99443,20190320,   15,    0
 18549, 99443,20190321,   21,    0
 18549, 99443,20190322,    7,    0
 18549, 99443,20190323,   37,    0
 18549, 99443,20190324,    3,    0
 18549, 99443,20190325,  -21,    0
 18549, 99443,20190326,  -15,    0
 18549, 99443,20190327,    5,    0
 18549, 99443,20190328,   27,    0
 18549, 99443,20190329,   -7,    0
 18549, 99443,20190330,   -7,    0
 18549, 99443,20190331,-9999,    9
 18549, 99443,20190401,   -3,    0
 18549, 99443,20190402,   -1,    0
 18549, 99443,20190403,   24,    0
 18549, 99443,20190404,   -9,    0
 18549, 99443,20190405,   -6,    0
 18549, 99443,20190406,    4,    0
 18549, 99443,20190407,  -14,    0
 18549, 99443,20190408,  -13,    0
 18549, 99443,20190409,-9999,    9
 18549, 99443,20190410,-9999,    9
 18549, 99443,20190411,-9999,    9
 18549, 99443,20190412,   25,    0
 18549, 99443,20190413,   34,    0
 18549, 99443,20190414,   52,    0
 18549, 99443,20190415,   44,    0
 18549, 99443,20190416,   24,    0
 18549, 99443,20190417,   19,    0
 18549, 99443,20190418,   42,    0
 18549, 99443,20190419,   49,    0
 18549, 99443,20190420,   86,    0
 18549, 99443,20190421,   57,    0
 18549, 99443,20190422,   50,    0
 18549, 99443,20190423,   77,    0
 18549, 99443,20190424,   59,    0
 18549, 99443,20190425,   81,    0
 18549, 99443,20190426,   59,    0
 18549, 99443,20190427,   51,    0
 18549, 99443,20190428,   58,    0
 18549, 99443,20190429,   35,    0
 18549, 99443,20190430,-9999,    9
 18549, 99443,20190501,   -4,    0
 18549, 99443,20190502,  -11,    0
 18549, 99443,20190503,  -14,    0
 18549, 99443,20190504,  -12,    0
 18549, 99443,20190505,   -2,    0
 18549, 99443,20190506,   11,    0
 18549, 99443,20190507,   54,    0
 18549, 99443,20190508,   23,    0
 18549, 99443,20190509,   41,    0
 18549, 99443,20190510,   87,    0
 18549, 99443,20190511,   86,    0
 18549, 99443,20190512,   54,    0
 18549, 99443,20190513,   41,    0
 18549, 99443,20190514,   40,    0
 18549, 99443,20190515,   49,    0
 18549, 99443,20190516,   66,    0
 18549, 99443,20190517,   81,    0
 18549, 99443,20190518,   69,    0
 18549, 99443,20190519,   82,    0
 18549, 99443,20190520,  107,    0
 18549, 99443,20190521,   78,    0
 18549, 99443,20190522,   57,    0
 18549, 99443,20190523,   62,    0
 18549, 99443,20190524,   57,    0
 18549, 99443,20190525,   41,    0
 18549, 99443,20190526,   45,    0
 18549, 99443,20190527,   65,    0
 18549, 99443,20190528,  105,    0
 18549, 99443,20190529,-9999,    9
 18549, 99443,20190530,-9999,    9
 18549, 99443,20190531,-9999,    9
 18549, 99443,20190601,   63,    0
 18549, 99443,20190602,   43,    0
 18549, 99443,20190603,   69,    0
 18549, 99443,20190604,   94,    0
 18549, 99443,20190605,   89,    0
 18549, 99443,20190606,   91,    0
 18549, 99443,20190607,  107,    0
 18549, 99443,20190608,   93,    0
 18549, 99443,20190609,   81,    0
 18549, 99443,20190610,   41,    0
 18549, 99443,20190611,   53,    0
 18549, 99443,20190612,   73,    0
 18549, 99443,20190613,   87,    0
 18549, 99443,20190614,   76,    0
 18549, 99443,20190615,   84,    0
 18549, 99443,20190616,   85,    0
 18549, 99443,20190617,   86,    0
 18549, 99443,20190618,   84,    0
 18549, 99443,20190619,   65,    0
 18549, 99443,20190620,   97,    0
 18549, 99443,20190621,  124,    0
 18549, 99443,20190622,   96,    0
 18549, 99443,20190623,   91,    0
 18549, 99443,20190624,  104,    0
 18549, 99443,20190625,  100,    0
 18549, 99443,20190626,   99,    0
 18549, 99443,20190627,   64,    0
 18549, 99443,20190628,   75,    0
 18549, 99443,20190629,   49,    0
 18549, 99443,20190630,   74,    0
 18549, 99443,20190701,   94,    0
 18549, 99443,20190702,   87,    0
 18549, 99443,20190703,   83,    0
 18549, 99443,20190704,   81,    0
 18549, 99443,20190705,  108,    0
 18549, 99443,20190706,   82,    0
 18549, 99443,20190707,  145,    0
 18549, 99443,20190708,  152,    0
 18549, 99443,20190709,  121,    0
 18549, 99443,20190710,  107,    0
 18549, 99443,20190711,  105,    0
 18549, 99443,20190712,   99,    0
 18549, 99443,20190713,  100,    0
 18549, 99443,20190714,   84,    0
 18549, 99443,20190715,   88,    0
 18549, 99443,20190716,   93,    0
 18549, 99443,20190717,   93,    0
 18549, 99443,20190718,  111,    0
 18549, 99443,20190719,  167,    0
 18549, 99443,20190720,  170,    0
 18549, 99443,20190721,  175,    0
 18549, 99443,20190722,  181,    0
 18549, 99443,20190723,  161,    0
 18549, 99443,20190724,  144,    0
 18549, 99443,20190725,  146,    0
 18549, 99443,20190726,  161,    0
 18549, 99443,20190727,  119,    0
 18549, 99443,20190728,  128,    0
 18549, 99443,20190729,   99,    0
 18549, 99443,20190730,   94,    0
 18549, 99443,20190731,  107,    0
 18549, 99443,20190801,  108,    0
 18549, 99443,20190802,  103,    0
 18549, 99443,20190803,  109,    0
 18549, 99443,20190804,   97,    0
 18549, 99443,20190805,   83,    0
 18549, 99443,20190806,   97,    0
 18549, 99443,20190807,  107,    0
 18549, 99443,20190808,  111,    0
 18549, 99443,20190809,  116,    0
 18549, 99443,20190810,  122,    0
 18549, 99443,20190811,  155,    0
 18549, 99443,20190812,  137,    0
 18549, 99443,20190813,  124,    0
 18549, 99443,20190814,  114,    0
 18549, 99443,20190815,   88,    0
 18549, 99443,20190816,   94,    0
 18549, 99443,20190817,  122,    0
 18549, 99443,20190818,  166,    0
 18549, 99443,20190819,  135,    0
 18549, 99443,20190820,  128,    0
 18549, 99443,20190821,  118,    0
 18549, 99443,20190822,-9999,    9
 18549, 99443,20190823,  101,    0
 18549, 99443,20190824,   71,    0
 18549, 99443,20190825,   99,    0
 18549, 99443,20190826,  118,    0
 18549, 99443,20190827,  130,    0
 18549, 99443,20190828,  134,    0
 18549, 99443,20190829,  184,    0
 18549, 99443,20190830,  138,    0
 18549, 99443,20190831,  131,    0
 18549, 99443,20190901,  155,    0
 18549, 99443,20190902,  112,    0
 18549, 99443,20190903,  109,    0
 18549, 99443,20190904,  112,    0
 18549, 99443,20190905,   94,    0
 18549, 99443,20190906,   74,    0
 18549, 99443,20190907,   71,    0
 18549, 99443,20190908,   76,    0
 18549, 99443,20190909,  122,    0
 18549, 99443,20190910,  113,    0
 18549, 99443,20190911,  153,    0
 18549, 99443,20190912,  116,    0
 18549, 99443,20190913,   78,    0
 18549, 99443,20190914,   63,    0
 18549, 99443,20190915,   67,    0
 18549, 99443,20190916,   53,    0
 18549, 99443,20190917,   64,    0
 18549, 99443,20190918,   41,    0
 18549, 99443,20190919,   30,    0
 18549, 99443,20190920,   40,    0
 18549, 99443,20190921,   31,    0
 18549, 99443,20190922,   35,    0
 18549, 99443,20190923,   33,    0
 18549, 99443,20190924,   35,    0
 18549, 99443,20190925,   84,    0
 18549, 99443,20190926,   92,    0
 18549, 99443,20190927,   66,    0
 18549, 99443,20190928,   51,    0
 18549, 99443,20190929,   34,    0
 18549, 99443,20190930,   36,    0
 18549, 99443,20191001,   43,    0
 18549, 99443,20191002,   28,    0
 18549, 99443,20191003,   19,    0
 18549, 99443,20191004,   24,    0
 18549, 99443,20191005,   44,    0
 18549, 99443,20191006,   50,    0
 18549, 99443,20191007,   40,    0
 18549, 99443,20191008,   26,    0
 18549, 99443,20191009,   30,    0
 18549, 99443,20191010,   15,    0
 18549, 99443,20191011,    8,    0
 18549, 99443,20191012,   -7,    0
 18549, 99443,20191013,    2,    0
 18549, 99443,20191014,    3,    0
 18549, 99443,20191015,   -6,    0
 18549, 99443,20191016,   -8,    0
 18549, 99443,20191017,  -12,    0
 18549, 99443,20191018,   13,    0
 18549, 99443,20191019,  -17,    0
 18549, 99443,20191020,   -7,    0
 18549, 99443,20191021,    2,    0
 18549, 99443,20191022,    0,    0
 18549, 99443,20191023,-9999,    9
 18549, 99443,20191024,-9999,    9
 18549, 99443,20191025,-9999,    9
 18549, 99443,20191026,-9999,    9
 18549, 99443,20191027,  -43,    0
 18549, 99443,20191028,  -20,    0
 18549, 99443,20191029,  -20,    0
 18549, 99443,20191030,  -34,    0
 18549, 99443,20191031,  -36,    0
 18549, 99443,20191101,    2,    0
 18549, 99443,20191102,   -4,    0
 18549, 99443,20191103,  -14,    0
 18549, 99443,20191104,  -22,    0
 18549, 99443,20191105,   -6,    0
 18549, 99443,20191106,  -36,    0
 18549, 99443,20191107,  -70,    0
 18549, 99443,20191108,  -70,    0
 18549, 99443,20191109,  -75,    0
 18549, 99443,20191110,  -60,    0
 18549, 99443,20191111,  -54,    0
 18549, 99443,20191112,  -29,    0
 18549, 99443,20191113,   -9,    0
 18549, 99443,20191114,   -5,    0
 18549, 99443,20191115,   22,    0
 18549, 99443,20191116,  -24,    0
 18549, 99443,20191117,   -8,    0
 18549, 99443,20191118,  -16,    0
 18549, 99443,20191119,   20,    0
 18549, 99443,20191120,   41,    0
 18549, 99443,20191121,   51,    0
 18549, 99443,20191122,    7,    0
 18549, 99443,20191123,   18,    0
 18549, 99443,20191124,   24,    0
 18549, 99443,20191125,   25,    0
 18549, 99443,20191126,   -6,    0
 18549, 99443,20191127,  -33,    0
 18549, 99443,20191128,  -49,    0
 18549, 99443,20191129,  -50,    0
 18549, 99443,20191130,  -36,    0
 18549, 99443,20191201,   -4,    0
 18549, 99443,20191202,  -11,    0
 18549, 99443,20191203,  -10,    0
 18549, 99443,20191204,   45,    0
 18549, 99443,20191205,   37,    0
 18549, 99443,20191206,   -2,    0
 18549, 99443,20191207,-9999,    9
 18549, 99443,20191208,  -35,    0
 18549, 99443,20191209,  -59,    0
 18549, 99443,20191210,  -42,    0
 18549, 99443,20191211,  -14,    0
 18549, 99443,20191212,   17,    0
 18549, 99443,20191213,    5,    0
 18549, 99443,20191214,-9999,    9
 18549, 99443,20191215,   19,    0
 18549, 99443,20191216,    3,    0
 18549, 99443,20191217,  -27,    0
 18549, 99443,20191218,  -18,    0
 18549, 99443,20191219,  -25,    0
 18549, 99443,20191220,  -34,    0
 18549, 99443,20191221,-9999,    9
 18549, 99443,20191222,-9999,    9
 18549, 99443,20191223,-9999,    9
 18549, 99443,20191224,    3,    0
 18549, 99443,20191225,    5,    0
 18549, 99443,20191226,  -21,    0
 18549, 99443,20191227,  -34,    0
 18549, 99443,20191228,   12,    0
 18549, 99443,20191229,   34,    0
 18549, 99443,20191230,   -6,    0
 18549, 99443,20191231,-9999,    9
 18549, 99443,20200101,  -19,    0
 18549, 99443,20200102,   33,    0
 18549, 99443,20200103,   12,    0
 18549, 99443,20200104,  -26,    0
 18549, 99443,20200105,-9999,    9
 18549, 99443,20200106,-9999,    9
 18549, 99443,20200107,   40,    0
 18549, 99443,20200108,   34,    0
 18549, 99443,20200109,   11,    0
 18549, 99443,20200110,    7,    0
 18549, 99443,20200111,    1,    0
 18549, 99443,20200112,-9999,    9
 18549, 99443,20200113,-9999,    9
 18549, 99443,20200114,-9999,    9
 18549, 99443,20200115,-9999,    9
 18549, 99443,20200116,  -29,    0
 18549, 99443,20200117,  -41,    0
 18549, 99443,20200118,  -34,    0
 18549, 99443,20200119,  -15,    0
 18549, 99443,20200120,   22,    0
 18549, 99443,20200121,   -8,    0
 18549, 99443,20200122,  -25,    0
 18549, 99443,20200123,  -19,    0
 18549, 99443,20200124,  -13,    0
 18549, 99443,20200125,  -46,    0
 18549, 99443,20200126,  -97,    0
 18549, 99443,20200127,-9999,    9
 18549, 99443,20200128,-9999,    9
 18549, 99443,20200129,  -69,    0
 18549, 99443,20200130,  -41,    0
 18549, 99443,20200131,  -40,    0
 18549, 99443,20200201,  -40,    0
 18549, 99443,20200202,  -28,    0
 18549, 99443,20200203,  -39,    0
 18549, 99443,20200204,  -47,    0
 18549, 99443,20200205,  -57,    0
 18549, 99443,20200206,  -35,    0
 18549, 99443,20200207,   14,    0
 18549, 99443,20200208,   46,    0
 18549, 99443,20200209,    6,    0
 18549, 99443,20200210,   -1,    0
 18549, 99443,20200211,    7,    0
 18549, 99443,20200212,   12,    0
 18549, 99443,20200213,   -7,    0
 18549, 99443,20200214,  -17,    0
 18549, 99443,20200215,  -52,    0
 18549, 99443,20200216,  -46,    0
 18549, 99443,20200217,    0,    0
 18549, 99443,20200218,  -15,    0
 18549, 99443,20200219,  -39,    0
 18549, 99443,20200220,  -28,    0
 18549, 99443,20200221,   13,    0
 18549, 99443,20200222,   37,    0
 18549, 99443,20200223,    9,    0
 18549, 99443,20200224,  -22,    0
 18549, 99443,20200225,  -40,    0
 18549, 99443,20200226,  -25,    0
 18549, 99443,20200227,    6,    0
 18549, 99443,20200228,  -31,    0
 18549, 99443,20200229,  -41,    0
 18549, 99443,20200301,  -54,    0
 18549, 99443,20200302,  -42,    0
 18549, 99443,20200303,  -32,    0
 18549, 99443,20200304,  -33,    0
 18549, 99443,20200305,  -43,    0
 18549, 99443,20200306,  -13,    0
 18549, 99443,20200307,   21,    0
 18549, 99443,20200308,   -1,    0
 18549, 99443,20200309,   30,    0
 18549, 99443,20200310,  -32,    0
 18549, 99443,20200311,  -42,    0
 18549, 99443,20200312,  -36,    0
 18549, 99443,20200313,  -71,    0
 18549, 99443,20200314,  -53,    0
 18549, 99443,20200315,  -26,    0
 18549, 99443,20200316,  -29,    0
 18549, 99443,20200317,   -5,    0
 18549, 99443,20200318,   -1,    0
 18549, 99443,20200319,  -53,    0
 18549, 99443,20200320,-9999,    9
 18549, 99443,20200321,-9999,    9
 18549, 99443,20200322,-9999,    9
 18549, 99443,20200323,-9999,    9
 18549, 99443,20200324,-9999,    9
 18549, 99443,20200325,-9999,    9
 18549, 99443,20200326,-9999,    9
 18549, 99443,20200327,   17,    0
 18549, 99443,20200328,  -37,    0
 18549, 99443,20200329,-9999,    9
 18549, 99443,20200330,  -34,    0
 18549, 99443,20200331,  -20,    0
 18549, 99443,20200401,  -28,    0
 18549, 99443,20200402,  -52,    0
 18549, 99443,20200403,  -46,    0
 18549, 99443,20200404,  -43,    0
 18549, 99443,20200405,  -36,    0
 18549, 99443,20200406,  -15,    0
 18549, 99443,20200407,   36,    0
 18549, 99443,20200408,   18,    0
 18549, 99443,20200409,  -23,    0
 18549, 99443,20200410,  -27,    0
 18549, 99443,20200411,-9999,    9
 18549, 99443,20200412,-9999,    9
 18549, 99443,20200413,-9999,    9
 18549, 99443,20200414,-9999,    9
 18549, 99443,20200415,-9999,    9
 18549, 99443,20200416,-9999,    9
 18549, 99443,20200417,   17,    0
 18549, 99443,20200418,   31,    0
 18549, 99443,20200419,   53,    0
 18549, 99443,20200420,   53,    0
 18549, 99443,20200421,   36,    0
 18549, 99443,20200422,   35,    0
 18549, 99443,20200423,   12,    0
 18549, 99443,20200424,    3,    0
 18549, 99443,20200425,    0,    0
 18549, 99443,20200426,    4,    0
 18549, 99443,20200427,    0,    0
 18549, 99443,20200428,   -4,    0
 18549, 99443,20200429,   -2,    0
 18549, 99443,20200430,   11,    0
 18549, 99443,20200501,   20,    0
 18549, 99443,20200502,   33,    0
 18549, 99443,20200503,   39,    0
 18549, 99443,20200504,   31,    0
 18549, 99443,20200505,   38,    0
 18549, 99443,20200506,   29,    0
 18549, 99443,20200507,   16,    0
 18549, 99443,20200508,    8,    0
 18549, 99443,20200509,    7,    0
 18549, 99443,20200510,   14,    0
 18549, 99443,20200511,    3,    0
 18549, 99443,20200512,   -6,    0
 18549, 99443,20200513,   23,    0
 18549, 99443,20200514,   11,    0
 18549, 99443,20200515,   17,    0
 18549, 99443,20200516,   49,    0
 18549, 99443,20200517,   19,    0
 18549, 99443,20200518,-9999,    9
 18549, 99443,20200519,   32,    0
 18549, 99443,20200520,   37,    0
 18549, 99443,20200521,   48,    0
 18549, 99443,20200522,   65,    0
 18549, 99443,20200523,   99,    0
 18549, 99443,20200524,   99,    0
 18549, 99443,20200525,  102,    0
 18549, 99443,20200526,  108,    0
 18549, 99443,20200527,   83,    0
 18549, 99443,20200528,   73,    0
 18549, 99443,20200529,   61,    0
 18549, 99443,20200530,   77,    0
 18549, 99443,20200531,  116,    0
 18549, 99443,20200601,  139,    0
 18549, 99443,20200602,-9999,    9
 18549, 99443,20200603,-9999,    9
 18549, 99443,20200604,   96,    0
 18549, 99443,20200605,  128,    0
 18549, 99443,20200606,  113,    0
 18549, 99443,20200607,  120,    0
 18549, 99443,20200608,   94,    0
 18549, 99443,20200609,   77,    0
 18549, 99443,20200610,   75,    0
 18549, 99443,20200611,   80,    0
 18549, 99443,20200612,  105,    0
 18549, 99443,20200613,  148,    0
 18549, 99443,20200614,  127,    0
 18549, 99443,20200615,   80,    0
 18549, 99443,20200616,   85,    0
 18549, 99443,20200617,  115,    0
 18549, 99443,20200618,  100,    0
 18549, 99443,20200619,   81,    0
 18549, 99443,20200620,  114,    0
 18549, 99443,20200621,  137,    0
 18549, 99443,20200622,  117,    0
 18549, 99443,20200623,  151,    0
 18549, 99443,20200624,  128,    0
 18549, 99443,20200625,-9999,    9
 18549, 99443,20200626,   96,    0
 18549, 99443,20200627,   92,    0
 18549, 99443,20200628,  124,    0
 18549, 99443,20200629,  112,    0
 18549, 99443,20200630,-9999,    9
 18549, 99443,20200701,   72,    0
 18549, 99443,20200702,-9999,    9
 18549, 99443,20200703,   99,    0
 18549, 99443,20200704,   78,    0
 18549, 99443,20200705,   90,    0
 18549, 99443,20200706,   92,    0
 18549, 99443,20200707,  105,    0
 18549, 99443,20200708,  117,    0
 18549, 99443,20200709,  122,    0
 18549, 99443,20200710,  103,    0
 18549, 99443,20200711,  123,    0
 18549, 99443,20200712,  121,    0
 18549, 99443,20200713,  127,    0
 18549, 99443,20200714,  138,    0
 18549, 99443,20200715,-9999,    9
 18549, 99443,20200716,  156,    0
 18549, 99443,20200717,  155,    0
 18549, 99443,20200718,  150,    0
 18549, 99443,20200719,  145,    0
 18549, 99443,20200720,  132,    0
 18549, 99443,20200721,  120,    0
 18549, 99443,20200722,   98,    0
 18549, 99443,20200723,   95,    0
 18549, 99443,20200724,  142,    0
 18549, 99443,20200725,  162,    0
 18549, 99443,20200726,  171,    0
 18549, 99443,20200727,  185,    0
 18549, 99443,20200728,  193,    0
 18549, 99443,20200729,  189,    0
 18549, 99443,20200730,  190,    0
 18549, 99443,20200731,  179,    0
 18549, 99443,20200801,-9999,    9
 18549, 99443,20200802,  145,    0
 18549, 99443,20200803,  149,    0
 18549, 99443,20200804,  139,    0
 18549, 99443,20200805,  121,    0
 18549, 99443,20200806,  147,    0
 18549, 99443,20200807,  135,    0
 18549, 99443,20200808,  162,    0
 18549, 99443,20200809,  124,    0
 18549, 99443,20200810,-9999,    9
 18549, 99443,20200811,  126,    0
 18549, 99443,20200812,-9999,    9
 18549, 99443,20200813,  121,    0
 18549, 99443,20200814,  124,    0
 18549, 99443,20200815,  110,    0
 18549, 99443,20200816,   85,    0
 18549, 99443,20200817,   85,    0
 18549, 99443,20200818,   96,    0
 18549, 99443,20200819,  121,    0
 18549, 99443,20200820,  104,    0
 18549, 99443,20200821,  119,    0
 18549, 99443,20200822,  161,    0
 18549, 99443,20200823,  135,    0
 18549, 99443,20200824,  108,    0
 18549, 99443,20200825,  102,    0
 18549, 99443,20200826,   79,    0
 18549, 99443,20200827,   78,    0
 18549, 99443,20200828,   81,    0
 18549, 99443,20200829,   87,    0
 18549, 99443,20200830,-9999,    9
 18549, 99443,20200831,   78,    0
 18549, 99443,20200901,  100,    0
 18549, 99443,20200902,  125,    0
 18549, 99443,20200903,  138,    0
 18549, 99443,20200904,-9999,    9
 18549, 99443,20200905,  110,    0
 18549, 99443,20200906,   99,    0
 18549, 99443,20200907,  102,    0
 18549, 99443,20200908,  112,    0
 18549, 99443,20200909,  101,    0
 18549, 99443,20200910,   90,    0
 18549, 99443,20200911,   83,    0
 18549, 99443,20200912,   83,    0
 18549, 99443,20200913,   77,    0
 18549, 99443,20200914,   81,    0
 18549, 99443,20200915,   78,    0
 18549, 99443,20200916,   65,    0
 18549, 99443,20200917,   73,    0
 18549, 99443,20200918,   67,    0
 18549, 99443,20200919,   59,    0
 18549, 99443,20200920,   67,    0
 18549, 99443,20200921,   70,    0
 18549, 99443,20200922,   60,    0
 18549, 99443,20200923,   78,    0
 18549, 99443,20200924,   61,    0
 18549, 99443,20200925,   61,    0
 18549, 99443,20200926,   52,    0
 18549, 99443,20200927,   54,    0
 18549, 99443,20200928,   88,    0
 18549, 99443,20200929,  108,    0
 18549, 99443,20200930,   99,    0
 18549, 99443,20201001,   94,    0
 18549, 99443,20201002,-9999,    9
 18549, 99443,20201003,  103,    0
 18549, 99443,20201004,  100,    0
 18549, 99443,20201005,   89,    0
 18549, 99443,20201006,   93,    0
 18549, 99443,20201007,  109,    0
 18549, 99443,20201008,  124,    0
 18549, 99443,20201009,  112,    0
 18549, 99443,20201010,   82,    0
 18549, 99443,20201011,   68,    0
 18549, 99443,20201012,   50,    0
 18549, 99443,20201013,   35,    0
 18549, 99443,20201014,   47,    0
 18549, 99443,20201015,   41,    0
 18549, 99443,20201016,   32,    0
 18549, 99443,20201017,    8,    0
 18549, 99443,20201018,    3,    0
 18549, 99443,20201019,  -13,    0
 18549, 99443,20201020,  -10,    0
 18549, 99443,20201021,  -12,    0
 18549, 99443,20201022,  -16,    0
 18549, 99443,20201023,    5,    0
 18549, 99443,20201024,   27,    0
 18549, 99443,20201025,-9999,    9
 18549, 99443,20201026,   41,    0
 18549, 99443,20201027,   20,    0
 18549, 99443,20201028,   15,    0
 18549, 99443,20201029,    4,    0
 18549, 99443,20201030,   -9,    0
 18549, 99443,20201031,   18,    0
 18549, 99443,20201101,   42,    0
 18549, 99443,20201102,   83,    0
 18549, 99443,20201103,   65,    0
 18549, 99443,20201104,   63,    0
 18549, 99443,20201105,   35,    0
 18549, 99443,20201106,   49,    0
 18549, 99443,20201107,   20,    0
 18549, 99443,20201108,   16,    0
 18549, 99443,20201109,   20,    0
 18549, 99443,20201110,   10,    0
 18549, 99443,20201111,   21,    0
 18549, 99443,20201112,   45,    0
 18549, 99443,20201113,   42,    0
 18549, 99443,20201114,   45,    0
 18549, 99443,20201115,   60,    0
 18549, 99443,20201116,   57,    0
 18549, 99443,20201117,   81,    0
 18549, 99443,20201118,   44,    0
 18549, 99443,20201119,   -4,    0
 18549, 99443,20201120,   -7,    0
 18549, 99443,20201121,    1,    0
 18549, 99443,20201122,   -6,    0
 18549, 99443,20201123,    9,    0
 18549, 99443,20201124,   -2,    0
 18549, 99443,20201125,  -11,    0
 18549, 99443,20201126,  -26,    0
 18549, 99443,20201127,   34,    0
 18549, 99443,20201128,   48,    0
 18549, 99443,20201129,   56,    0
 18549, 99443,20201130,   27,    0
 18549, 99443,20201201,   -1,    0
 18549, 99443,20201202,   26,    0
 18549, 99443,20201203,   26,    0
 18549, 99443,20201204,   16,    0
 18549, 99443,20201205,   10,    0
 18549, 99443,20201206,  -15,    0
 18549, 99443,20201207,-9999,    9
 18549, 99443,20201208,-9999,    9
 18549, 99443,20201209,   34,    0
 18549, 99443,20201210,   22,    0
 18549, 99443,20201211,   -4,    0
 18549, 99443,20201212,    0,    0
 18549, 99443,20201213,   -1,    0
 18549, 99443,20201214,-9999,    9
 18549, 99443,20201215,   -7,    0
 18549, 99443,20201216,  -15,    0
 18549, 99443,20201217,  -44,    0
 18549, 99443,20201218,  -49,    0
 18549, 99443,20201219,  -21,    0
 18549, 99443,20201220,   11,    0
 18549, 99443,20201221,   42,    0
 18549, 99443,20201222,-9999,    9
 18549, 99443,20201223,   12,    0
 18549, 99443,20201224,    9,    0
 18549, 99443,20201225,  -23,    0
 18549, 99443,20201226,-9999,    9
 18549, 99443,20201227,-9999,    9
 18549, 99443,20201228,   12,    0
 18549, 99443,20201229,   12,    0
 18549, 99443,20201230,    8,    0
 18549, 99443,20201231,    1,    0
 18549, 99443,20210101,  -25,    0
 18549, 99443,20210102,  -21,    0
 18549, 99443,20210103,   24,    0
 18549, 99443,20210104,   48,    0
 18549, 99443,20210105,   48,    0
 18549, 99443,20210106,   41,    0
 18549, 99443,20210107,  -18,    0
 18549, 99443,20210108,  -42,    0
 18549, 99443,20210109,  -53,    0
 18549, 99443,20210110,  -42,    0
 18549, 99443,20210111,  -66,    0
 18549, 99443,20210112,  -60,    0
 18549, 99443,20210113,  -61,    0
 18549, 99443,20210114,   -7,    0
 18549, 99443,20210115,   23,    0
 18549, 99443,20210116,   21,    0
 18549, 99443,20210117,    9,    0
 18549, 99443,20210118,   -1,    0
 18549, 99443,20210119,  -40,    0
 18549, 99443,20210120,  -58,    0
 18549, 99443,20210121,  -77,    0
 18549, 99443,20210122,  -94,    0
 18549, 99443,20210123,  -96,    0
 18549, 99443,20210124,  -95,    0
 18549, 99443,20210125, -101,    0
 18549, 99443,20210126,  -75,    0
 18549, 99443,20210127,  -50,    0
 18549, 99443,20210128,  -60,    0
 18549, 99443,20210129,  -85,    0
 18549, 99443,20210130,  -77,    0
 18549, 99443,20210131,  -50,    0
 18549, 99443,20210201,  -37,    0
 18549, 99443,20210202,  -71,    0
 18549, 99443,20210203,  -66,    0
 18549, 99443,20210204,  -14,    0
 18549, 99443,20210205,  -14,    0
 18549, 99443,20210206,  -29,    0
 18549, 99443,20210207,  -29,    0
 18549, 99443,20210208,  -41,    0
 18549, 99443,20210209,  -66,    0
 18549, 99443,20210210,  -52,    0
 18549, 99443,20210211,  -33,    0
 18549, 99443,20210212,  -21,    0
 18549, 99443,20210213,  -45,    0
 18549, 99443,20210214,  -34,    0
 18549, 99443,20210215,   -2,    0
 18549, 99443,20210216,  -44,    0
 18549, 99443,20210217,  -86,    0
 18549, 99443,20210218,  -57,    0
 18549, 99443,20210219,  -76,    0
 18549, 99443,20210220,  -79,    0
 18549, 99443,20210221,  -92,    0
 18549, 99443,20210222,  -70,    0
 18549, 99443,20210223,  -49,    0
 18549, 99443,20210224,   -5,    0
 18549, 99443,20210225,   38,    0
 18549, 99443,20210226,   16,    0
 18549, 99443,20210227,-9999,    9
 18549, 99443,20210228,   48,    0
 18549, 99443,20210301,    1,    0
 18549, 99443,20210302,   -6,    0
 18549, 99443,20210303,  -26,    0
 18549, 99443,20210304,  -45,    0
 18549, 99443,20210305,  -30,    0
 18549, 99443,20210306,  -44,    0
 18549, 99443,20210307,  -32,    0
 18549, 99443,20210308,  -52,    0
 18549, 99443,20210309,  -74,    0
 18549, 99443,20210310,  -65,    0
 18549, 99443,20210311,  -44,    0
 18549, 99443,20210312,  -24,    0
 18549, 99443,20210313,  -35,    0
 18549, 99443,20210314,  -11,    0
 18549, 99443,20210315,-9999,    9
 18549, 99443,20210316,-9999,    9
 18549, 99443,20210317,  -53,    0
 18549, 99443,20210318,  -47,    0
 18549, 99443,20210319,    6,    0
 18549, 99443,20210320,    5,    0
 18549, 99443,20210321,-9999,    9
 18549, 99443,20210322,   -5,    0
 18549, 99443,20210323,   21,    0
 18549, 99443,20210324,-9999,    9
 18549, 99443,20210325,    0,    0
 18549, 99443,20210326,    8,    0
 18549, 99443,20210327,   35,    0
 18549, 99443,20210328,-9999,    9
 18549, 99443,20210329,   27,    0
 18549, 99443,20210330,   23,    0
 18549, 99443,20210331,   19,    0
 18549, 99443,20210401,   22,    0
 18549, 99443,20210402,   15,    0
 18549, 99443,20210403,   14,    0
 18549, 99443,20210404,   -8,    0
 18549, 99443,20210405,  -11,    0
 18549, 99443,20210406,   12,    0
 18549, 99443,20210407,   -9,    0
 18549, 99443,20210408,  -10,    0
 18549, 99443,20210409,  -31,    0
 18549, 99443,20210410,   -9,    0
 18549, 99443,20210411,    6,    0
 18549, 99443,20210412,   -4,    0
 18549, 99443,20210413,    3,    0
 18549, 99443,20210414,   -7,    0
 18549, 99443,20210415,   23,    0
 18549, 99443,20210416,   49,    0
 18549, 99443,20210417,-9999,    9
 18549, 99443,20210418,   52,    0
 18549, 99443,20210419,   79,    0
 18549, 99443,20210420,   83,    0
 18549, 99443,20210421,   37,    0
 18549, 99443,20210422,   11,    0
 18549, 99443,20210423,    8,    0
 18549, 99443,20210424,   -1,    0
 18549, 99443,20210425,    5,    0
 18549, 99443,20210426,    3,    0
 18549, 99443,20210427,    0,    0
 18549, 99443,20210428,  -10,    0
 18549, 99443,20210429,  -12,    0
 18549, 99443,20210430,  -37,    0
 18549, 99443,20210501,  -19,    0
 18549, 99443,20210502,   -7,    0
 18549, 99443,20210503,    1,    0
 18549, 99443,20210504,    9,    0
 18549, 99443,20210505,   16,    0
 18549, 99443,20210506,   14,    0
 18549, 99443,20210507,   11,    0
 18549, 99443,20210508,   19,    0
 18549, 99443,20210509,   34,    0
 18549, 99443,20210510,-9999,    9
 18549, 99443,20210511,-9999,    9
 18549, 99443,20210512,   64,    0
 18549, 99443,20210513,   34,    0
 18549, 99443,20210514,   35,    0
 18549, 99443,20210515,   41,    0
 18549, 99443,20210516,   58,    0
 18549, 99443,20210517,   87,    0
 18549, 99443,20210518,   93,    0
 18549, 99443,20210519,   99,    0
 18549, 99443,20210520,   52,    0
 18549, 99443,20210521,   56,    0
 18549, 99443,20210522,   27,    0
 18549, 99443,20210523,   33,    0
 18549, 99443,20210524,-9999,    9
 18549, 99443,20210525,   51,    0
 18549, 99443,20210526,   63,    0
 18549, 99443,20210527,   56,    0
 18549, 99443,20210528,   41,    0
 18549, 99443,20210529,   65,    0
 18549, 99443,20210530,   72,    0
 18549, 99443,20210531,   92,    0
 18549, 99443,20210601,  118,    0
 18549, 99443,20210602,  160,    0
 18549, 99443,20210603,  170,    0
 18549, 99443,20210604,  157,    0
 18549, 99443,20210605,   91,    0
 18549, 99443,20210606,   87,    0
 18549, 99443,20210607,  135,    0
 18549, 99443,20210608,  115,    0
 18549, 99443,20210609,  124,    0
 18549, 99443,20210610,  152,    0
 18549, 99443,20210611,  162,    0
 18549, 99443,20210612,  100,    0
 18549, 99443,20210613,   88,    0
 18549, 99443,20210614,   82,    0
 18549, 99443,20210615,   66,    0
 18549, 99443,20210616,   63,    0
 18549, 99443,20210617,   84,    0
 18549, 99443,20210618,  100,    0
 18549, 99443,20210619,  103,    0
 18549, 99443,20210620,  105,    0
 18549, 99443,20210621,  120,    0
 18549, 99443,20210622,  102,    0
 18549, 99443,20210623,  116,    0
 18549, 99443,20210624,  123,    0
 18549, 99443,20210625,  101,    0
 18549, 99443,20210626,   91,    0
 18549, 99443,20210627,  111,    0
 18549, 99443,20210628,  109,    0
 18549, 99443,20210629,   93,    0
 18549, 99443,20210630,  100,    0
 18549, 99443,20210701,  153,    0
 18549, 99443,20210702,  125,    0
 18549, 99443,20210703,  108,    0
 18549, 99443,20210704,  122,    0
 18549, 99443,20210705,  164,    0
 18549, 99443,20210706,  198,    0
 18549, 99443,20210707,  206,    0
 18549, 99443,20210708,  150,    0
 18549, 99443,20210709,  139,    0
 18549, 99443,20210710,  135,    0
 18549, 99443,20210711,  130,    0
 18549, 99443,20210712,  135,    0
 18549, 99443,20210713,  141,    0
 18549, 99443,20210714,  136,    0
 18549, 99443,20210715,  151,    0
 18549, 99443,20210716,  119,    0
 18549, 99443,20210717,  122,    0
 18549, 99443,20210718,  114,    0
 18549, 99443,20210719,   88,    0
 18549, 99443,20210720,   63,    0
 18549, 99443,20210721,   80,    0
 18549, 99443,20210722,   80,    0
 18549, 99443,20210723,   85,    0
 18549, 99443,20210724,  110,    0
 18549, 99443,20210725,  101,    0
 18549, 99443,20210726,  119,    0
 18549, 99443,20210727,  119,    0
 18549, 99443,20210728,   86,    0
 18549, 99443,20210729,-9999,    9
 18549, 99443,20210730,  120,    0
 18549, 99443,20210731,   87,    0
 18549, 99443,20210801,   90,    0
 18549, 99443,20210802,-9999,    9
 18549, 99443,20210803,  105,    0
 18549, 99443,20210804,  108,    0
 18549, 99443,20210805,  119,    0
 18549, 99443,20210806,  146,    0
 18549, 99443,20210807,  168,    0
 18549, 99443,20210808,  188,    0
 18549, 99443,20210809,  158,    0
 18549, 99443,20210810,  157,    0
 18549, 99443,20210811,  142,    0
 18549, 99443,20210812,-9999,    9
 18549, 99443,20210813,  115,    0
 18549, 99443,20210814,  103,    0
 18549, 99443,20210815,   99,    0
 18549, 99443,20210816,   93,    0
 18549, 99443,20210817,   93,    0
 18549, 99443,20210818,  106,    0
 18549, 99443,20210819,  115,    0
 18549, 99443,20210820,   91,    0
 18549, 99443,20210821,   76,    0
 18549, 99443,20210822,   72,    0
 18549, 99443,20210823,   86,    0
 18549, 99443,20210824,   92,    0
 18549, 99443,20210825,  104,    0
 18549, 99443,20210826,  104,    0
 18549, 99443,20210827,  133,    0
 18549, 99443,20210828,  105,    0
 18549, 99443,20210829,   96,    0
 18549, 99443,20210830,  109,    0
 18549, 99443,20210831,-9999,    9
 18549, 99443,20210901,   69,    0
 18549, 99443,20210902,   64,    0
 18549, 99443,20210903,   55,    0
 18549, 99443,20210904,   55,    0
 18549, 99443,20210905,   81,    0
 18549, 99443,20210906,   97,    0
 18549, 99443,20210907,   88,    0
 18549, 99443,20210908,   79,    0
 18549, 99443,20210909,   69,    0
 18549, 99443,20210910,   70,    0
 18549, 99443,20210911,   61,    0
 18549, 99443,20210912,   67,    0
 18549, 99443,20210913,   47,    0
 18549, 99443,20210914,   53,    0
 18549, 99443,20210915,   60,    0
 18549, 99443,20210916,   63,    0
 18549, 99443,20210917,   74,    0
 18549, 99443,20210918,   79,    0
 18549, 99443,20210919,   83,    0
 18549, 99443,20210920,   83,    0
 18549, 99443,20210921,   74,    0
 18549, 99443,20210922,  106,    0
 18549, 99443,20210923,   96,    0
 18549, 99443,20210924,   70,    0
 18549, 99443,20210925,   76,    0
 18549, 99443,20210926,   85,    0
 18549, 99443,20210927,  144,    0
 18549, 99443,20210928,  121,    0
 18549, 99443,20210929,   74,    0
 18549, 99443,20210930,   82,    0
 18549, 99443,20211001,-9999,    9
 18549, 99443,20211002,  110,    0
 18549, 99443,20211003,  110,    0
 18549, 99443,20211004,-9999,    9
 18549, 99443,20211005,  110,    0
 18549, 99443,20211006,   75,    0
 18549, 99443,20211007,   34,    0
 18549, 99443,20211008,   35,    0
 18549, 99443,20211009,   59,    0
 18549, 99443,20211010,   63,    0
 18549, 99443,20211011,   61,    0
 18549, 99443,20211012,   44,    0
 18549, 99443,20211013,   28,    0
 18549, 99443,20211014,   18,    0
 18549, 99443,20211015,   15,    0
 18549, 99443,20211016,   22,    0
 18549, 99443,20211017,   23,    0
 18549, 99443,20211018,    0,    0
 18549, 99443,20211019,  -19,    0
 18549, 99443,20211020,  -22,    0
 18549, 99443,20211021,  -14,    0
 18549, 99443,20211022,   -2,    0
 18549, 99443,20211023,   -5,    0
 18549, 99443,20211024,   -7,    0
 18549, 99443,20211025,  -19,    0
 18549, 99443,20211026,  -10,    0
 18549, 99443,20211027,    7,    0
 18549, 99443,20211028,   23,    0
 18549, 99443,20211029,   51,    0
 18549, 99443,20211030,   11,    0
 18549, 99443,20211031,-9999,    9
 18549, 99443,20211101,-9999,    9
 18549, 99443,20211102,   71,    0
 18549, 99443,20211103,   59,    0
 18549, 99443,20211104,   32,    0
 18549, 99443,20211105,   30,    0
 18549, 99443,20211106,    8,    0
 18549, 99443,20211107,-9999,    9
 18549, 99443,20211108,-9999,    9
 18549, 99443,20211109,  -12,    0
 18549, 99443,20211110,   47,    0
 18549, 99443,20211111,   16,    0
 18549, 99443,20211112,    4,    0
 18549, 99443,20211113,   17,    0
 18549, 99443,20211114,   -8,    0
 18549, 99443,20211115,   30,    0
 18549, 99443,20211116,   47,    0
 18549, 99443,20211117,   41,    0
 18549, 99443,20211118,   12,    0
 18549, 99443,20211119,   -5,    0
 18549, 99443,20211120,   -1,    0
 18549, 99443,20211121,  -32,    0
 18549, 99443,20211122,  -36,    0
 18549, 99443,20211123,  -17,    0
 18549, 99443,20211124,  -37,    0
 18549, 99443,20211125,  -58,    0
 18549, 99443,20211126,  -68,    0
 18549, 99443,20211127,  -67,    0
 18549, 99443,20211128,  -84,    0
 18549, 99443,20211129,  -63,    0
 18549, 99443,20211130,-9999,    9
 18549, 99443,20211201,  -63,    0
 18549, 99443,20211202,  -25,    0
 18549, 99443,20211203,  -61,    0
 18549, 99443,20211204,  -62,    0
 18549, 99443,20211205,  -86,    0
 18549, 99443,20211206,  -91,    0
 18549, 99443,20211207,  -71,    0
 18549, 99443,20211208,  -64,    0
 18549, 99443,20211209,-9999,    9
 18549, 99443,20211210,  -28,    0
 18549, 99443,20211211,  -33,    0
 18549, 99443,20211212,   -6,    0
 18549, 99443,20211213,   -7,    0
 18549, 99443,20211214,   -2,    0
 18549, 99443,20211215,    1,    0
 18549, 99443,20211216,   27,    0
 18549, 99443,20211217,   27,    0
 18549, 99443,20211218,   15,    0
 18549, 99443,20211219,  -10,    0
 18549, 99443,20211220,  -42,    0
 18549, 99443,20211221,  -73,    0
 18549, 99443,20211222,  -67,    0
 18549, 99443,20211223,  -77,    0
 18549, 99443,20211224,  -40,    0
 18549, 99443,20211225,  -64,    0
 18549, 99443,20211226,  -59,    0
 18549, 99443,20211227,  -33,    0
 18549, 99443,20211228,  -72,    0
 18549, 99443,20211229, -105,    0
 18549, 99443,20211230,  -76,    0
 18549, 99443,20211231,  -60,    0
 18549, 99443,20220101,  -28,    0
 18549, 99443,20220102,  -35,    0
 18549, 99443,20220103,  -56,    0
 18549, 99443,20220104,  -76,    0
 18549, 99443,20220105,  -57,    0
 18549, 99443,20220106,  -43,    0
 18549, 99443,20220107,  -59,    0
 18549, 99443,20220108,  -31,    0
 18549, 99443,20220109,  -53,    0
 18549, 99443,20220110,  -61,    0
 18549, 99443,20220111,  -26,    0
 18549, 99443,20220112,   24,    0
 18549, 99443,20220113,   -5,    0
 18549, 99443,20220114,-9999,    9
 18549, 99443,20220115,  -24,    0
 18549, 99443,20220116,  -41,    0
 18549, 99443,20220117,-9999,    9
 18549, 99443,20220118,    6,    0
 18549, 99443,20220119,   -1,    0
 18549, 99443,20220120,   -8,    0
 18549, 99443,20220121,  -25,    0
 18549, 99443,20220122,    4,    0
 18549, 99443,20220123,   36,    0
 18549, 99443,20220124,  -12,    0
 18549, 99443,20220125,  -31,    0
 18549, 99443,20220126,  -43,    0
 18549, 99443,20220127,  -51,    0
 18549, 99443,20220128,  -41,    0
 18549, 99443,20220129,  -79,    0
 18549, 99443,20220130,  -53,    0
 18549, 99443,20220131,  -42,    0
 18549, 99443,20220201,  -44,    0
 18549, 99443,20220202,  -76,    0
 18549, 99443,20220203,  -76,    0
 18549, 99443,20220204,  -69,    0
 18549, 99443,20220205,  -20,    0
 18549, 99443,20220206,   -8,    0
 18549, 99443,20220207,  -34,    0
 18549, 99443,20220208,  -15,    0
 18549, 99443,20220209,  -23,    0
 18549, 99443,20220210,  -40,    0
 18549, 99443,20220211,  -31,    0
 18549, 99443,20220212,  -56,    0
 18549, 99443,20220213,  -61,    0
 18549, 99443,20220214,  -26,    0
 18549, 99443,20220215,  -40,    0
 18549, 99443,20220216,  -91,    0
 18549, 99443,20220217,  -47,    0
 18549, 99443,20220218,  -31,    0
 18549, 99443,20220219,  -42,    0
 18549, 99443,20220220,  -81,    0
 18549, 99443,20220221,  -76,    0
 18549, 99443,20220222,  -91,    0
 18549, 99443,20220223,  -77,    0
 18549, 99443,20220224,  -49,    0
 18549, 99443,20220225,  -44,    0
 18549, 99443,20220226,  -33,    0
 18549, 99443,20220227,   53,    0
 18549, 99443,20220228,   29,    0
 18549, 99443,20220301,   32,    0
 18549, 99443,20220302,   15,    0
 18549, 99443,20220303,-9999,    9
 18549, 99443,20220304,  -23,    0
 18549, 99443,20220305,   -2,    0
 18549, 99443,20220306,   -3,    0
 18549, 99443,20220307,  -10,    0
 18549, 99443,20220308,   -1,    0
 18549, 99443,20220309,   -2,    0
 18549, 99443,20220310,   30,    0
 18549, 99443,20220311,   38,    0
 18549, 99443,20220312,   46,    0
 18549, 99443,20220313,   39,    0
 18549, 99443,20220314,   33,    0
 18549, 99443,20220315,   49,    0
 18549, 99443,20220316,   26,    0
 18549, 99443,20220317,   43,    0
 18549, 99443,20220318,   32,    0
 18549, 99443,20220319,   26,    0
 18549, 99443,20220320,   68,    0
 18549, 99443,20220321,   50,    0
 18549, 99443,20220322,   24,    0
 18549, 99443,20220323,    2,    0
 18549, 99443,20220324,   -7,    0
 18549, 99443,20220325,  -22,    0
 18549, 99443,20220326,  -47,    0
 18549, 99443,20220327,-9999,    9
 18549, 99443,20220328,  -49,    0
 18549, 99443,20220329,  -35,    0
 18549, 99443,20220330,  -34,    0
 18549, 99443,20220331,  -41,    0
 18549, 99443,20220401,  -17,    0
 18549, 99443,20220402,   -9,    0
 18549, 99443,20220403,  -35,    0
 18549, 99443,20220404,  -45,    0
 18549, 99443,20220405,  -49,    0
 18549, 99443,20220406,  -14,    0
 18549, 99443,20220407,   -9,    0
 18549, 99443,20220408,   -7,    0
 18549, 99443,20220409,    9,    0
 18549, 99443,20220410,   23,    0
 18549, 99443,20220411,   10,    0
 18549, 99443,20220412,    0,    0
 18549, 99443,20220413,   13,    0
 18549, 99443,20220414,   16,    0
 18549, 99443,20220415,   22,    0
 18549, 99443,20220416,   45,    0
 18549, 99443,20220417,   64,    0
 18549, 99443,20220418,   68,    0
 18549, 99443,20220419,   69,    0
 18549, 99443,20220420,   68,    0
 18549, 99443,20220421,   49,    0
 18549, 99443,20220422,   35,    0
 18549, 99443,20220423,-9999,    9
 18549, 99443,20220424,   41,    0
 18549, 99443,20220425,   -3,    0
 18549, 99443,20220426,  -48,    0
 18549, 99443,20220427,  -40,    0
 18549, 99443,20220428,  -31,    0
 18549, 99443,20220429,  -17,    0
 18549, 99443,20220430,  -10,    0
 18549, 99443,20220501,-9999,    9
 18549, 99443,20220502,-9999,    9
 18549, 99443,20220503,-9999,    9
 18549, 99443,20220504,-9999,    9
 18549, 99443,20220505,-9999,    9
 18549, 99443,20220506,-9999,    9
 18549, 99443,20220507,-9999,    9
 18549, 99443,20220508,-9999,    9
 18549, 99443,20220509,-9999,    9
 18549, 99443,20220510,-9999,    9
 18549, 99443,20220511,-9999,    9
 18549, 99443,20220512,-9999,    9
 18549, 99443,20220513,-9999,    9
 18549, 99443,20220514,-9999,    9
 18549, 99443,20220515,   42,    0
 18549, 99443,20220516,-9999,    9
 18549, 99443,20220517,-9999,    9
 18549, 99443,20220518,-9999,    9
 18549, 99443,20220519,-9999,    9
 18549, 99443,20220520,-9999,    9
 18549, 99443,20220521,-9999,    9
 18549, 99443,20220522,-9999,    9
 18549, 99443,20220523,-9999,    9
 18549, 99443,20220524,-9999,    9
 18549, 99443,20220525,-9999,    9
 18549, 99443,20220526,-9999,    9
 18549, 99443,20220527,-9999,    9
 18549, 99443,20220528,-9999,    9
 18549, 99443,20220529,-9999,    9
 18549, 99443,20220530,-9999,    9
 18549, 99443,20220531,-9999,    9
 18549, 99443,20220601,-9999,    9
 18549, 99443,20220602,-9999,    9
 18549, 99443,20220603,-9999,    9
 18549, 99443,20220604,-9999,    9
 18549, 99443,20220605,-9999,    9
 18549, 99443,20220606,-9999,    9
 18549, 99443,20220607,-9999,    9
 18549, 99443,20220608,-9999,    9
 18549, 99443,20220609,-9999,    9
 18549, 99443,20220610,-9999,    9
 18549, 99443,20220611,-9999,    9
 18549, 99443,20220612,-9999,    9
 18549, 99443,20220613,-9999,    9
 18549, 99443,20220614,-9999,    9
 18549, 99443,20220615,-9999,    9
 18549, 99443,20220616,-9999,    9
 18549, 99443,20220617,-9999,    9
 18549, 99443,20220618,-9999,    9
 18549, 99443,20220619,-9999,    9
 18549, 99443,20220620,-9999,    9
 18549, 99443,20220621,-9999,    9
 18549, 99443,20220622,-9999,    9
 18549, 99443,20220623,-9999,    9
 18549, 99443,20220624,-9999,    9
 18549, 99443,20220625,-9999,    9
 18549, 99443,20220626,-9999,    9
 18549, 99443,20220627,-9999,    9
 18549, 99443,20220628,-9999,    9
 18549, 99443,20220629,-9999,    9
 18549, 99443,20220630,-9999,    9
 18549, 99443,20220701,-9999,    9
 18549, 99443,20220702,-9999,    9
 18549, 99443,20220703,-9999,    9
 18549, 99443,20220704,-9999,    9
 18549, 99443,20220705,-9999,    9
 18549, 99443,20220706,-9999,    9
 18549, 99443,20220707,-9999,    9
 18549, 99443,20220708,-9999,    9
 18549, 99443,20220709,-9999,    9
 18549, 99443,20220710,-9999,    9
 18549, 99443,20220711,-9999,    9
 18549, 99443,20220712,-9999,    9
 18549, 99443,20220713,-9999,    9
 18549, 99443,20220714,-9999,    9
 18549, 99443,20220715,-9999,    9
 18549, 99443,20220716,-9999,    9
 18549, 99443,20220717,-9999,    9
 18549, 99443,20220718,-9999,    9
 18549, 99443,20220719,-9999,    9
 18549, 99443,20220720,-9999,    9
 18549, 99443,20220721,-9999,    9
 18549, 99443,20220722,-9999,    9
 18549, 99443,20220723,-9999,    9
 18549, 99443,20220724,-9999,    9
 18549, 99443,20220725,-9999,    9
 18549, 99443,20220726,-9999,    9
 18549, 99443,20220727,-9999,    9
 18549, 99443,20220728,-9999,    9
 18549, 99443,20220729,-9999,    9
 18549, 99443,20220730,-9999,    9
 18549, 99443,20220731,-9999,    9
 18549, 99443,20220801,-9999,    9
 18549, 99443,20220802,-9999,    9
 18549, 99443,20220803,-9999,    9
 18549, 99443,20220804,-9999,    9
 18549, 99443,20220805,-9999,    9
 18549, 99443,20220806,-9999,    9
 18549, 99443,20220807,-9999,    9
 18549, 99443,20220808,-9999,    9
 18549, 99443,20220809,-9999,    9
 18549, 99443,20220810,-9999,    9
 18549, 99443,20220811,-9999,    9
 18549, 99443,20220812,-9999,    9
 18549, 99443,20220813,-9999,    9
 18549, 99443,20220814,-9999,    9
 18549, 99443,20220815,-9999,    9
 18549, 99443,20220816,-9999,    9
 18549, 99443,20220817,-9999,    9
 18549, 99443,20220818,-9999,    9
 18549, 99443,20220819,-9999,    9
 18549, 99443,20220820,-9999,    9
 18549, 99443,20220821,-9999,    9
 18549, 99443,20220822,-9999,    9
 18549, 99443,20220823,-9999,    9
 18549, 99443,20220824,-9999,    9
 18549, 99443,20220825,-9999,    9
 18549, 99443,20220826,-9999,    9
 18549, 99443,20220827,-9999,    9
 18549, 99443,20220828,-9999,    9
 18549, 99443,20220829,-9999,    9
 18549, 99443,20220830,-9999,    9
 18549, 99443,20220831,-9999,    9
 18549, 99443,20220901,-9999,    9
 18549, 99443,20220902,-9999,    9
 18549, 99443,20220903,-9999,    9
 18549, 99443,20220904,-9999,    9
 18549, 99443,20220905,-9999,    9
 18549, 99443,20220906,-9999,    9
 18549, 99443,20220907,-9999,    9
 18549, 99443,20220908,-9999,    9
 18549, 99443,20220909,-9999,    9
 18549, 99443,20220910,-9999,    9
 18549, 99443,20220911,-9999,    9
 18549, 99443,20220912,-9999,    9
 18549, 99443,20220913,-9999,    9
 18549, 99443,20220914,-9999,    9
 18549, 99443,20220915,-9999,    9
 18549, 99443,20220916,-9999,    9
 18549, 99443,20220917,-9999,    9
 18549, 99443,20220918,-9999,    9
 18549, 99443,20220919,-9999,    9
 18549, 99443,20220920,-9999,    9
 18549, 99443,20220921,-9999,    9
 18549, 99443,20220922,-9999,    9
 18549, 99443,20220923,-9999,    9
 18549, 99443,20220924,-9999,    9
 18549, 99443,20220925,-9999,    9
 18549, 99443,20220926,-9999,    9
 18549, 99443,20220927,-9999,    9
 18549, 99443,20220928,-9999,    9
 18549, 99443,20220929,-9999,    9
 18549, 99443,20220930,-9999,    9
 18549, 99443,20221001,-9999,    9
 18549, 99443,20221002,-9999,    9
 18549, 99443,20221003,-9999,    9
 18549, 99443,20221004,-9999,    9
 18549, 99443,20221005,-9999,    9
 18549, 99443,20221006,-9999,    9
 18549, 99443,20221007,-9999,    9
 18549, 99443,20221008,-9999,    9
 18549, 99443,20221009,-9999,    9
 18549, 99443,20221010,-9999,    9
 18549, 99443,20221011,-9999,    9
 18549, 99443,20221012,-9999,    9
 18549, 99443,20221013,-9999,    9
 18549, 99443,20221014,-9999,    9
 18549, 99443,20221015,-9999,    9
 18549, 99443,20221016,-9999,    9
 18549, 99443,20221017,-9999,    9
 18549, 99443,20221018,-9999,    9
 18549, 99443,20221019,-9999,    9
 18549, 99443,20221020,-9999,    9
 18549, 99443,20221021,-9999,    9
 18549, 99443,20221022,-9999,    9
 18549, 99443,20221023,-9999,    9
 18549, 99443,20221024,-9999,    9
 18549, 99443,20221025,-9999,    9
 18549, 99443,20221026,-9999,    9
 18549, 99443,20221027,-9999,    9
 18549, 99443,20221028,-9999,    9
 18549, 99443,20221029,-9999,    9
 18549, 99443,20221030,-9999,    9
 18549, 99443,20221031,-9999,    9
