EUROPEAN CLIMATE ASSESSMENT & DATASET (ECA&D), file created on: 16-11-2022
THESE DATA CAN BE USED FOR NON-COMMERCIAL RESEARCH AND EDUCATION PROVIDED THAT THE FOLLOWING SOURCE IS ACKNOWLEDGED: 

Klein Tank, A.M.G. and Coauthors, 2002. Daily dataset of 20th-century surface
air temperature and precipitation series for the European Climate Assessment.
Int. J. of Climatol., 22, 1441-1453.
Data and metadata available at http://www.ecad.eu

FILE FORMAT (MISSING VALUE CODE = -9999):

01-06 STAID: Station identifier
08-13 SOUID: Source identifier
15-22 DATE : Date YYYYMMDD
24-28 TG   : Mean temperature in 0.1 &#176;C
30-34 Q_TG : quality code for TG (0='valid'; 1='suspect'; 9='missing')

This is the blended series of station KVITEBJOERNFELTET, NORWAY (STAID: 18697)
Blended and updated with sources:99707 
See files sources.txt and stations.txt for more info.

STAID, SOUID,    DATE,   TG, Q_TG
 18697, 99707,20170701,-9999,    9
 18697, 99707,20170702,  112,    0
 18697, 99707,20170703,-9999,    9
 18697, 99707,20170704,  125,    0
 18697, 99707,20170705,  127,    0
 18697, 99707,20170706,  124,    0
 18697, 99707,20170707,  121,    0
 18697, 99707,20170708,  118,    0
 18697, 99707,20170709,  119,    0
 18697, 99707,20170710,  116,    0
 18697, 99707,20170711,  129,    0
 18697, 99707,20170712,  126,    0
 18697, 99707,20170713,  122,    0
 18697, 99707,20170714,  132,    0
 18697, 99707,20170715,  128,    0
 18697, 99707,20170716,  123,    0
 18697, 99707,20170717,  118,    0
 18697, 99707,20170718,  119,    0
 18697, 99707,20170719,  139,    0
 18697, 99707,20170720,  167,    0
 18697, 99707,20170721,  148,    0
 18697, 99707,20170722,  147,    0
 18697, 99707,20170723,  136,    0
 18697, 99707,20170724,  146,    0
 18697, 99707,20170725,  159,    0
 18697, 99707,20170726,  160,    0
 18697, 99707,20170727,  145,    0
 18697, 99707,20170728,  149,    0
 18697, 99707,20170729,  148,    0
 18697, 99707,20170730,  153,    0
 18697, 99707,20170731,  128,    0
 18697, 99707,20170801,  140,    0
 18697, 99707,20170802,  139,    0
 18697, 99707,20170803,  154,    0
 18697, 99707,20170804,  153,    0
 18697, 99707,20170805,  149,    0
 18697, 99707,20170806,  134,    0
 18697, 99707,20170807,  136,    0
 18697, 99707,20170808,  142,    0
 18697, 99707,20170809,  154,    0
 18697, 99707,20170810,  134,    0
 18697, 99707,20170811,  135,    0
 18697, 99707,20170812,  151,    0
 18697, 99707,20170813,  122,    0
 18697, 99707,20170814,  131,    0
 18697, 99707,20170815,  138,    0
 18697, 99707,20170816,  137,    0
 18697, 99707,20170817,  139,    0
 18697, 99707,20170818,  141,    0
 18697, 99707,20170819,  135,    0
 18697, 99707,20170820,  145,    0
 18697, 99707,20170821,  139,    0
 18697, 99707,20170822,  142,    0
 18697, 99707,20170823,  133,    0
 18697, 99707,20170824,  140,    0
 18697, 99707,20170825,  144,    0
 18697, 99707,20170826,  144,    0
 18697, 99707,20170827,  132,    0
 18697, 99707,20170828,  141,    0
 18697, 99707,20170829,  132,    0
 18697, 99707,20170830,  131,    0
 18697, 99707,20170831,  134,    0
 18697, 99707,20170901,  119,    0
 18697, 99707,20170902,  127,    0
 18697, 99707,20170903,  133,    0
 18697, 99707,20170904,  139,    0
 18697, 99707,20170905,  132,    0
 18697, 99707,20170906,  128,    0
 18697, 99707,20170907,  128,    0
 18697, 99707,20170908,  141,    0
 18697, 99707,20170909,  133,    0
 18697, 99707,20170910,  118,    0
 18697, 99707,20170911,  135,    0
 18697, 99707,20170912,  133,    0
 18697, 99707,20170913,  133,    0
 18697, 99707,20170914,  128,    0
 18697, 99707,20170915,  130,    0
 18697, 99707,20170916,  137,    0
 18697, 99707,20170917,  130,    0
 18697, 99707,20170918,  128,    0
 18697, 99707,20170919,  134,    0
 18697, 99707,20170920,  129,    0
 18697, 99707,20170921,  129,    0
 18697, 99707,20170922,  126,    0
 18697, 99707,20170923,  131,    0
 18697, 99707,20170924,  137,    0
 18697, 99707,20170925,  147,    0
 18697, 99707,20170926,  147,    0
 18697, 99707,20170927,  164,    0
 18697, 99707,20170928,  159,    0
 18697, 99707,20170929,  154,    0
 18697, 99707,20170930,  126,    0
 18697, 99707,20171001,  126,    0
 18697, 99707,20171002,  113,    0
 18697, 99707,20171003,  108,    0
 18697, 99707,20171004,   95,    0
 18697, 99707,20171005,  116,    0
 18697, 99707,20171006,  106,    0
 18697, 99707,20171007,  101,    0
 18697, 99707,20171008,  124,    0
 18697, 99707,20171009,  106,    0
 18697, 99707,20171010,  104,    0
 18697, 99707,20171011,  109,    0
 18697, 99707,20171012,  106,    0
 18697, 99707,20171013,  120,    0
 18697, 99707,20171014,  118,    0
 18697, 99707,20171015,  111,    0
 18697, 99707,20171016,  104,    0
 18697, 99707,20171017,   99,    0
 18697, 99707,20171018,  106,    0
 18697, 99707,20171019,  119,    0
 18697, 99707,20171020,  123,    0
 18697, 99707,20171021,  131,    0
 18697, 99707,20171022,  126,    0
 18697, 99707,20171023,  107,    0
 18697, 99707,20171024,  107,    0
 18697, 99707,20171025,  106,    0
 18697, 99707,20171026,  103,    0
 18697, 99707,20171027,   95,    0
 18697, 99707,20171028,   84,    0
 18697, 99707,20171029,   70,    0
 18697, 99707,20171030,   69,    0
 18697, 99707,20171031,   95,    0
 18697, 99707,20171101,  102,    0
 18697, 99707,20171102,   76,    0
 18697, 99707,20171103,   86,    0
 18697, 99707,20171104,   90,    0
 18697, 99707,20171105,   81,    0
 18697, 99707,20171106,   80,    0
 18697, 99707,20171107,   90,    0
 18697, 99707,20171108,   90,    0
 18697, 99707,20171109,   78,    0
 18697, 99707,20171110,   59,    0
 18697, 99707,20171111,   70,    0
 18697, 99707,20171112,   65,    0
 18697, 99707,20171113,   54,    0
 18697, 99707,20171114,   81,    0
 18697, 99707,20171115,   75,    0
 18697, 99707,20171116,   77,    0
 18697, 99707,20171117,   63,    0
 18697, 99707,20171118,   70,    0
 18697, 99707,20171119,   61,    0
 18697, 99707,20171120,   55,    0
 18697, 99707,20171121,   55,    0
 18697, 99707,20171122,   51,    0
 18697, 99707,20171123,   57,    0
 18697, 99707,20171124,   51,    0
 18697, 99707,20171125,   56,    0
 18697, 99707,20171126,   72,    0
 18697, 99707,20171127,   64,    0
 18697, 99707,20171128,   69,    0
 18697, 99707,20171129,   43,    0
 18697, 99707,20171130,   47,    0
 18697, 99707,20171201,   64,    0
 18697, 99707,20171202,   78,    0
 18697, 99707,20171203,   51,    0
 18697, 99707,20171204,   59,    0
 18697, 99707,20171205,   77,    0
 18697, 99707,20171206,   78,    0
 18697, 99707,20171207,   69,    0
 18697, 99707,20171208,   59,    0
 18697, 99707,20171209,   34,    0
 18697, 99707,20171210,   45,    0
 18697, 99707,20171211,   53,    0
 18697, 99707,20171212,   58,    0
 18697, 99707,20171213,   59,    0
 18697, 99707,20171214,   67,    0
 18697, 99707,20171215,   57,    0
 18697, 99707,20171216,   48,    0
 18697, 99707,20171217,   56,    0
 18697, 99707,20171218,   68,    0
 18697, 99707,20171219,   90,    0
 18697, 99707,20171220,   83,    0
 18697, 99707,20171221,   68,    0
 18697, 99707,20171222,   78,    0
 18697, 99707,20171223,   73,    0
 18697, 99707,20171224,   68,    0
 18697, 99707,20171225,   56,    0
 18697, 99707,20171226,   43,    0
 18697, 99707,20171227,   39,    0
 18697, 99707,20171228,   42,    0
 18697, 99707,20171229,   39,    0
 18697, 99707,20171230,   47,    0
 18697, 99707,20171231,   58,    0
 18697, 99707,20180101,   73,    0
 18697, 99707,20180102,   58,    0
 18697, 99707,20180103,   63,    0
 18697, 99707,20180104,   60,    0
 18697, 99707,20180105,   53,    0
 18697, 99707,20180106,   26,    0
 18697, 99707,20180107,   51,    0
 18697, 99707,20180108,   57,    0
 18697, 99707,20180109,   72,    0
 18697, 99707,20180110,   68,    0
 18697, 99707,20180111,   65,    0
 18697, 99707,20180112,   62,    0
 18697, 99707,20180113,   46,    0
 18697, 99707,20180114,   52,    0
 18697, 99707,20180115,   50,    0
 18697, 99707,20180116,   36,    0
 18697, 99707,20180117,   29,    0
 18697, 99707,20180118,   39,    0
 18697, 99707,20180119,   35,    0
 18697, 99707,20180120,   30,    0
 18697, 99707,20180121,   38,    0
 18697, 99707,20180122,   44,    0
 18697, 99707,20180123,   69,    0
 18697, 99707,20180124,   63,    0
 18697, 99707,20180125,   63,    0
 18697, 99707,20180126,   41,    0
 18697, 99707,20180127,   53,    0
 18697, 99707,20180128,   67,    0
 18697, 99707,20180129,   48,    0
 18697, 99707,20180130,   54,    0
 18697, 99707,20180131,   56,    0
 18697, 99707,20180201,   56,    0
 18697, 99707,20180202,   58,    0
 18697, 99707,20180203,   39,    0
 18697, 99707,20180204,   50,    0
 18697, 99707,20180205,   47,    0
 18697, 99707,20180206,   29,    0
 18697, 99707,20180207,   36,    0
 18697, 99707,20180208,   56,    0
 18697, 99707,20180209,   51,    0
 18697, 99707,20180210,   43,    0
 18697, 99707,20180211,   34,    0
 18697, 99707,20180212,   34,    0
 18697, 99707,20180213,   53,    0
 18697, 99707,20180214,   48,    0
 18697, 99707,20180215,   41,    0
 18697, 99707,20180216,   61,    0
 18697, 99707,20180217,   55,    0
 18697, 99707,20180218,   51,    0
 18697, 99707,20180219,   56,    0
 18697, 99707,20180220,   47,    0
 18697, 99707,20180221,   72,    0
 18697, 99707,20180222,   52,    0
 18697, 99707,20180223,   53,    0
 18697, 99707,20180224,   54,    0
 18697, 99707,20180225,   43,    0
 18697, 99707,20180226,   43,    0
 18697, 99707,20180227,   10,    0
 18697, 99707,20180228,  -39,    0
 18697, 99707,20180301,  -25,    0
 18697, 99707,20180302,    1,    0
 18697, 99707,20180303,    7,    0
 18697, 99707,20180304,   18,    0
 18697, 99707,20180305,   16,    0
 18697, 99707,20180306,   17,    0
 18697, 99707,20180307,   24,    0
 18697, 99707,20180308,   35,    0
 18697, 99707,20180309,   44,    0
 18697, 99707,20180310,   46,    0
 18697, 99707,20180311,   46,    0
 18697, 99707,20180312,   45,    0
 18697, 99707,20180313,   50,    0
 18697, 99707,20180314,   43,    0
 18697, 99707,20180315,   39,    0
 18697, 99707,20180316,   23,    0
 18697, 99707,20180317,   -1,    0
 18697, 99707,20180318,   19,    0
 18697, 99707,20180319,   52,    0
 18697, 99707,20180320,   49,    0
 18697, 99707,20180321,   61,    0
 18697, 99707,20180322,   53,    0
 18697, 99707,20180323,   55,    0
 18697, 99707,20180324,   62,    0
 18697, 99707,20180325,   56,    0
 18697, 99707,20180326,   48,    0
 18697, 99707,20180327,   37,    0
 18697, 99707,20180328,   34,    0
 18697, 99707,20180329,   44,    0
 18697, 99707,20180330,   37,    0
 18697, 99707,20180331,   43,    0
 18697, 99707,20180401,   32,    0
 18697, 99707,20180402,   40,    0
 18697, 99707,20180403,   27,    0
 18697, 99707,20180404,   41,    0
 18697, 99707,20180405,   39,    0
 18697, 99707,20180406,   44,    0
 18697, 99707,20180407,   63,    0
 18697, 99707,20180408,   64,    0
 18697, 99707,20180409,   55,    0
 18697, 99707,20180410,   64,    0
 18697, 99707,20180411,   73,    0
 18697, 99707,20180412,   83,    0
 18697, 99707,20180413,   86,    0
 18697, 99707,20180414,   90,    0
 18697, 99707,20180415,   95,    0
 18697, 99707,20180416,   77,    0
 18697, 99707,20180417,   67,    0
 18697, 99707,20180418,   78,    0
 18697, 99707,20180419,   78,    0
 18697, 99707,20180420,   83,    0
 18697, 99707,20180421,   73,    0
 18697, 99707,20180422,   71,    0
 18697, 99707,20180423,   70,    0
 18697, 99707,20180424,   65,    0
 18697, 99707,20180425,   71,    0
 18697, 99707,20180426,   71,    0
 18697, 99707,20180427,   69,    0
 18697, 99707,20180428,   71,    0
 18697, 99707,20180429,   75,    0
 18697, 99707,20180430,   72,    0
 18697, 99707,20180501,   80,    0
 18697, 99707,20180502,   73,    0
 18697, 99707,20180503,   69,    0
 18697, 99707,20180504,   79,    0
 18697, 99707,20180505,   86,    0
 18697, 99707,20180506,   91,    0
 18697, 99707,20180507,   86,    0
 18697, 99707,20180508,   95,    0
 18697, 99707,20180509,   87,    0
 18697, 99707,20180510,   85,    0
 18697, 99707,20180511,  102,    0
 18697, 99707,20180512,   92,    0
 18697, 99707,20180513,  117,    0
 18697, 99707,20180514,  114,    0
 18697, 99707,20180515,   85,    0
 18697, 99707,20180516,   98,    0
 18697, 99707,20180517,  101,    0
 18697, 99707,20180518,   98,    0
 18697, 99707,20180519,   99,    0
 18697, 99707,20180520,  101,    0
 18697, 99707,20180521,   94,    0
 18697, 99707,20180522,   88,    0
 18697, 99707,20180523,   95,    0
 18697, 99707,20180524,   87,    0
 18697, 99707,20180525,  113,    0
 18697, 99707,20180526,  100,    0
 18697, 99707,20180527,  127,    0
 18697, 99707,20180528,  157,    0
 18697, 99707,20180529,  127,    0
 18697, 99707,20180530,  169,    0
 18697, 99707,20180531,  166,    0
 18697, 99707,20180601,  175,    0
 18697, 99707,20180602,  140,    0
 18697, 99707,20180603,  127,    0
 18697, 99707,20180604,  105,    0
 18697, 99707,20180605,  100,    0
 18697, 99707,20180606,  110,    0
 18697, 99707,20180607,  109,    0
 18697, 99707,20180608,  104,    0
 18697, 99707,20180609,  103,    0
 18697, 99707,20180610,  104,    0
 18697, 99707,20180611,  107,    0
 18697, 99707,20180612,  111,    0
 18697, 99707,20180613,  111,    0
 18697, 99707,20180614,  116,    0
 18697, 99707,20180615,  109,    0
 18697, 99707,20180616,  118,    0
 18697, 99707,20180617,  120,    0
 18697, 99707,20180618,  115,    0
 18697, 99707,20180619,  102,    0
 18697, 99707,20180620,   98,    0
 18697, 99707,20180621,   93,    0
 18697, 99707,20180622,   95,    0
 18697, 99707,20180623,  101,    0
 18697, 99707,20180624,  103,    0
 18697, 99707,20180625,  108,    0
 18697, 99707,20180626,  109,    0
 18697, 99707,20180627,  114,    0
 18697, 99707,20180628,  116,    0
 18697, 99707,20180629,  118,    0
 18697, 99707,20180630,  129,    0
 18697, 99707,20180701,  130,    0
 18697, 99707,20180702,  119,    0
 18697, 99707,20180703,  119,    0
 18697, 99707,20180704,  131,    0
 18697, 99707,20180705,  116,    0
 18697, 99707,20180706,  117,    0
 18697, 99707,20180707,  123,    0
 18697, 99707,20180708,  125,    0
 18697, 99707,20180709,  119,    0
 18697, 99707,20180710,  139,    0
 18697, 99707,20180711,  140,    0
 18697, 99707,20180712,  140,    0
 18697, 99707,20180713,  120,    0
 18697, 99707,20180714,  133,    0
 18697, 99707,20180715,  139,    0
 18697, 99707,20180716,  142,    0
 18697, 99707,20180717,  162,    0
 18697, 99707,20180718,  139,    0
 18697, 99707,20180719,  142,    0
 18697, 99707,20180720,  150,    0
 18697, 99707,20180721,  145,    0
 18697, 99707,20180722,  137,    0
 18697, 99707,20180723,  140,    0
 18697, 99707,20180724,  149,    0
 18697, 99707,20180725,  149,    0
 18697, 99707,20180726,  158,    0
 18697, 99707,20180727,  190,    0
 18697, 99707,20180728,  213,    0
 18697, 99707,20180729,  169,    0
 18697, 99707,20180730,  162,    0
 18697, 99707,20180731,  161,    0
 18697, 99707,20180801,  158,    0
 18697, 99707,20180802,  152,    0
 18697, 99707,20180803,  155,    0
 18697, 99707,20180804,  138,    0
 18697, 99707,20180805,  129,    0
 18697, 99707,20180806,  140,    0
 18697, 99707,20180807,  152,    0
 18697, 99707,20180808,  147,    0
 18697, 99707,20180809,  146,    0
 18697, 99707,20180810,  150,    0
 18697, 99707,20180811,  127,    0
 18697, 99707,20180812,  147,    0
 18697, 99707,20180813,  155,    0
 18697, 99707,20180814,  144,    0
 18697, 99707,20180815,  146,    0
 18697, 99707,20180816,  146,    0
 18697, 99707,20180817,  138,    0
 18697, 99707,20180818,  132,    0
 18697, 99707,20180819,  131,    0
 18697, 99707,20180820,  130,    0
 18697, 99707,20180821,  131,    0
 18697, 99707,20180822,  130,    0
 18697, 99707,20180823,  127,    0
 18697, 99707,20180824,  123,    0
 18697, 99707,20180825,  131,    0
 18697, 99707,20180826,  114,    0
 18697, 99707,20180827,  129,    0
 18697, 99707,20180828,  139,    0
 18697, 99707,20180829,  132,    0
 18697, 99707,20180830,  142,    0
 18697, 99707,20180831,  145,    0
 18697, 99707,20180901,  136,    0
 18697, 99707,20180902,  145,    0
 18697, 99707,20180903,  130,    0
 18697, 99707,20180904,  134,    0
 18697, 99707,20180905,  126,    0
 18697, 99707,20180906,  135,    0
 18697, 99707,20180907,  155,    0
 18697, 99707,20180908,  152,    0
 18697, 99707,20180909,  133,    0
 18697, 99707,20180910,  125,    0
 18697, 99707,20180911,  120,    0
 18697, 99707,20180912,  111,    0
 18697, 99707,20180913,  114,    0
 18697, 99707,20180914,  107,    0
 18697, 99707,20180915,  105,    0
 18697, 99707,20180916,  115,    0
 18697, 99707,20180917,  117,    0
 18697, 99707,20180918,  130,    0
 18697, 99707,20180919,  124,    0
 18697, 99707,20180920,  112,    0
 18697, 99707,20180921,  104,    0
 18697, 99707,20180922,   96,    0
 18697, 99707,20180923,   81,    0
 18697, 99707,20180924,   79,    0
 18697, 99707,20180925,  107,    0
 18697, 99707,20180926,  106,    0
 18697, 99707,20180927,   86,    0
 18697, 99707,20180928,   85,    0
 18697, 99707,20180929,   96,    0
 18697, 99707,20180930,   93,    0
 18697, 99707,20181001,   85,    0
 18697, 99707,20181002,   72,    0
 18697, 99707,20181003,   95,    0
 18697, 99707,20181004,  100,    0
 18697, 99707,20181005,   91,    0
 18697, 99707,20181006,   78,    0
 18697, 99707,20181007,   85,    0
 18697, 99707,20181008,   96,    0
 18697, 99707,20181009,   98,    0
 18697, 99707,20181010,  107,    0
 18697, 99707,20181011,  119,    0
 18697, 99707,20181012,  124,    0
 18697, 99707,20181013,  112,    0
 18697, 99707,20181014,   98,    0
 18697, 99707,20181015,   97,    0
 18697, 99707,20181016,  100,    0
 18697, 99707,20181017,  105,    0
 18697, 99707,20181018,   93,    0
 18697, 99707,20181019,   96,    0
 18697, 99707,20181020,  101,    0
 18697, 99707,20181021,   94,    0
 18697, 99707,20181022,   80,    0
 18697, 99707,20181023,   78,    0
 18697, 99707,20181024,   75,    0
 18697, 99707,20181025,   68,    0
 18697, 99707,20181026,   68,    0
 18697, 99707,20181027,   70,    0
 18697, 99707,20181028,   66,    0
 18697, 99707,20181029,   56,    0
 18697, 99707,20181030,   61,    0
 18697, 99707,20181031,   69,    0
 18697, 99707,20181101,   91,    0
 18697, 99707,20181102,   76,    0
 18697, 99707,20181103,   89,    0
 18697, 99707,20181104,   96,    0
 18697, 99707,20181105,   95,    0
 18697, 99707,20181106,  101,    0
 18697, 99707,20181107,  114,    0
 18697, 99707,20181108,  100,    0
 18697, 99707,20181109,   99,    0
 18697, 99707,20181110,  106,    0
 18697, 99707,20181111,  103,    0
 18697, 99707,20181112,   96,    0
 18697, 99707,20181113,   94,    0
 18697, 99707,20181114,   96,    0
 18697, 99707,20181115,   99,    0
 18697, 99707,20181116,   98,    0
 18697, 99707,20181117,   89,    0
 18697, 99707,20181118,   81,    0
 18697, 99707,20181119,   87,    0
 18697, 99707,20181120,   87,    0
 18697, 99707,20181121,   82,    0
 18697, 99707,20181122,   85,    0
 18697, 99707,20181123,   70,    0
 18697, 99707,20181124,   69,    0
 18697, 99707,20181125,   70,    0
 18697, 99707,20181126,   67,    0
 18697, 99707,20181127,   63,    0
 18697, 99707,20181128,   56,    0
 18697, 99707,20181129,   92,    0
 18697, 99707,20181130,   90,    0
 18697, 99707,20181201,   77,    0
 18697, 99707,20181202,   79,    0
 18697, 99707,20181203,   65,    0
 18697, 99707,20181204,   37,    0
 18697, 99707,20181205,   61,    0
 18697, 99707,20181206,   61,    0
 18697, 99707,20181207,   82,    0
 18697, 99707,20181208,   78,    0
 18697, 99707,20181209,   56,    0
 18697, 99707,20181210,   61,    0
 18697, 99707,20181211,   61,    0
 18697, 99707,20181212,   64,    0
 18697, 99707,20181213,   55,    0
 18697, 99707,20181214,   48,    0
 18697, 99707,20181215,   45,    0
 18697, 99707,20181216,   52,    0
 18697, 99707,20181217,   63,    0
 18697, 99707,20181218,   64,    0
 18697, 99707,20181219,   67,    0
 18697, 99707,20181220,   76,    0
 18697, 99707,20181221,   70,    0
 18697, 99707,20181222,   53,    0
 18697, 99707,20181223,   62,    0
 18697, 99707,20181224,   74,    0
 18697, 99707,20181225,   76,    0
 18697, 99707,20181226,   86,    0
 18697, 99707,20181227,   79,    0
 18697, 99707,20181228,   79,    0
 18697, 99707,20181229,   67,    0
 18697, 99707,20181230,   71,    0
 18697, 99707,20181231,   87,    0
 18697, 99707,20190101,   48,    0
 18697, 99707,20190102,   46,    0
 18697, 99707,20190103,   68,    0
 18697, 99707,20190104,   88,    0
 18697, 99707,20190105,   84,    0
 18697, 99707,20190106,   83,    0
 18697, 99707,20190107,   66,    0
 18697, 99707,20190108,   51,    0
 18697, 99707,20190109,   46,    0
 18697, 99707,20190110,   90,    0
 18697, 99707,20190111,   68,    0
 18697, 99707,20190112,   71,    0
 18697, 99707,20190113,   38,    0
 18697, 99707,20190114,   11,    0
 18697, 99707,20190115,   54,    0
 18697, 99707,20190116,   35,    0
 18697, 99707,20190117,   29,    0
 18697, 99707,20190118,   46,    0
 18697, 99707,20190119,   47,    0
 18697, 99707,20190120,   52,    0
 18697, 99707,20190121,   58,    0
 18697, 99707,20190122,   51,    0
 18697, 99707,20190123,   35,    0
 18697, 99707,20190124,   40,    0
 18697, 99707,20190125,   45,    0
 18697, 99707,20190126,   44,    0
 18697, 99707,20190127,   31,    0
 18697, 99707,20190128,   26,    0
 18697, 99707,20190129,   30,    0
 18697, 99707,20190130,   35,    0
 18697, 99707,20190131,   32,    0
 18697, 99707,20190201,   37,    0
 18697, 99707,20190202,   36,    0
 18697, 99707,20190203,   39,    0
 18697, 99707,20190204,   55,    0
 18697, 99707,20190205,   65,    0
 18697, 99707,20190206,   63,    0
 18697, 99707,20190207,   57,    0
 18697, 99707,20190208,   56,    0
 18697, 99707,20190209,   70,    0
 18697, 99707,20190210,   57,    0
 18697, 99707,20190211,   33,    0
 18697, 99707,20190212,   66,    0
 18697, 99707,20190213,   79,    0
 18697, 99707,20190214,   85,    0
 18697, 99707,20190215,   78,    0
 18697, 99707,20190216,   64,    0
 18697, 99707,20190217,   75,    0
 18697, 99707,20190218,   75,    0
 18697, 99707,20190219,   62,    0
 18697, 99707,20190220,   66,    0
 18697, 99707,20190221,   80,    0
 18697, 99707,20190222,   80,    0
 18697, 99707,20190223,   79,    0
 18697, 99707,20190224,   80,    0
 18697, 99707,20190225,   83,    0
 18697, 99707,20190226,   83,    0
 18697, 99707,20190227,   77,    0
 18697, 99707,20190228,   55,    0
 18697, 99707,20190301,   52,    0
 18697, 99707,20190302,   63,    0
 18697, 99707,20190303,   72,    0
 18697, 99707,20190304,   66,    0
 18697, 99707,20190305,   48,    0
 18697, 99707,20190306,   55,    0
 18697, 99707,20190307,   48,    0
 18697, 99707,20190308,   29,    0
 18697, 99707,20190309,   33,    0
 18697, 99707,20190310,   32,    0
 18697, 99707,20190311,   54,    0
 18697, 99707,20190312,   53,    0
 18697, 99707,20190313,   63,    0
 18697, 99707,20190314,   50,    0
 18697, 99707,20190315,   54,    0
 18697, 99707,20190316,   61,    0
 18697, 99707,20190317,   52,    0
 18697, 99707,20190318,   56,    0
 18697, 99707,20190319,   64,    0
 18697, 99707,20190320,   73,    0
 18697, 99707,20190321,   74,    0
 18697, 99707,20190322,   73,    0
 18697, 99707,20190323,   54,    0
 18697, 99707,20190324,   56,    0
 18697, 99707,20190325,   62,    0
 18697, 99707,20190326,   72,    0
 18697, 99707,20190327,   79,    0
 18697, 99707,20190328,   87,    0
 18697, 99707,20190329,   75,    0
 18697, 99707,20190330,   46,    0
 18697, 99707,20190331,   33,    0
 18697, 99707,20190401,   52,    0
 18697, 99707,20190402,   51,    0
 18697, 99707,20190403,   70,    0
 18697, 99707,20190404,   79,    0
 18697, 99707,20190405,  106,    0
 18697, 99707,20190406,   76,    0
 18697, 99707,20190407,   62,    0
 18697, 99707,20190408,   58,    0
 18697, 99707,20190409,   60,    0
 18697, 99707,20190410,   56,    0
 18697, 99707,20190411,   62,    0
 18697, 99707,20190412,   69,    0
 18697, 99707,20190413,   81,    0
 18697, 99707,20190414,   79,    0
 18697, 99707,20190415,   75,    0
 18697, 99707,20190416,   95,    0
 18697, 99707,20190417,   84,    0
 18697, 99707,20190418,   89,    0
 18697, 99707,20190419,   92,    0
 18697, 99707,20190420,   90,    0
 18697, 99707,20190421,   87,    0
 18697, 99707,20190422,   99,    0
 18697, 99707,20190423,  115,    0
 18697, 99707,20190424,  132,    0
 18697, 99707,20190425,  112,    0
 18697, 99707,20190426,  105,    0
 18697, 99707,20190427,   94,    0
 18697, 99707,20190428,   95,    0
 18697, 99707,20190429,   98,    0
 18697, 99707,20190430,   86,    0
 18697, 99707,20190501,   82,    0
 18697, 99707,20190502,   48,    0
 18697, 99707,20190503,   37,    0
 18697, 99707,20190504,   63,    0
 18697, 99707,20190505,   58,    0
 18697, 99707,20190506,   59,    0
 18697, 99707,20190507,   58,    0
 18697, 99707,20190508,   43,    0
 18697, 99707,20190509,   72,    0
 18697, 99707,20190510,   78,    0
 18697, 99707,20190511,   71,    0
 18697, 99707,20190512,   59,    0
 18697, 99707,20190513,   70,    0
 18697, 99707,20190514,   86,    0
 18697, 99707,20190515,   94,    0
 18697, 99707,20190516,   85,    0
 18697, 99707,20190517,  112,    0
 18697, 99707,20190518,   98,    0
 18697, 99707,20190519,  121,    0
 18697, 99707,20190520,  104,    0
 18697, 99707,20190521,  102,    0
 18697, 99707,20190522,  103,    0
 18697, 99707,20190523,  100,    0
 18697, 99707,20190524,  105,    0
 18697, 99707,20190525,   94,    0
 18697, 99707,20190526,   88,    0
 18697, 99707,20190527,   71,    0
 18697, 99707,20190528,   58,    0
 18697, 99707,20190529,   62,    0
 18697, 99707,20190530,   73,    0
 18697, 99707,20190531,   80,    0
 18697, 99707,20190601,   95,    0
 18697, 99707,20190602,  100,    0
 18697, 99707,20190603,  106,    0
 18697, 99707,20190604,  102,    0
 18697, 99707,20190605,  102,    0
 18697, 99707,20190606,  109,    0
 18697, 99707,20190607,  107,    0
 18697, 99707,20190608,  106,    0
 18697, 99707,20190609,  100,    0
 18697, 99707,20190610,   89,    0
 18697, 99707,20190611,  112,    0
 18697, 99707,20190612,  102,    0
 18697, 99707,20190613,  108,    0
 18697, 99707,20190614,  126,    0
 18697, 99707,20190615,  129,    0
 18697, 99707,20190616,  121,    0
 18697, 99707,20190617,  115,    0
 18697, 99707,20190618,  113,    0
 18697, 99707,20190619,  115,    0
 18697, 99707,20190620,  113,    0
 18697, 99707,20190621,  107,    0
 18697, 99707,20190622,  108,    0
 18697, 99707,20190623,  123,    0
 18697, 99707,20190624,  122,    0
 18697, 99707,20190625,  123,    0
 18697, 99707,20190626,  104,    0
 18697, 99707,20190627,  106,    0
 18697, 99707,20190628,  108,    0
 18697, 99707,20190629,-9999,    9
 18697, 99707,20190630,-9999,    9
 18697, 99707,20190701,-9999,    9
 18697, 99707,20190702,-9999,    9
 18697, 99707,20190703,-9999,    9
 18697, 99707,20190704,-9999,    9
 18697, 99707,20190705,-9999,    9
 18697, 99707,20190706,-9999,    9
 18697, 99707,20190707,-9999,    9
 18697, 99707,20190708,-9999,    9
 18697, 99707,20190709,-9999,    9
 18697, 99707,20190710,-9999,    9
 18697, 99707,20190711,-9999,    9
 18697, 99707,20190712,-9999,    9
 18697, 99707,20190713,-9999,    9
 18697, 99707,20190714,-9999,    9
 18697, 99707,20190715,-9999,    9
 18697, 99707,20190716,-9999,    9
 18697, 99707,20190717,-9999,    9
 18697, 99707,20190718,-9999,    9
 18697, 99707,20190719,-9999,    9
 18697, 99707,20190720,-9999,    9
 18697, 99707,20190721,-9999,    9
 18697, 99707,20190722,-9999,    9
 18697, 99707,20190723,-9999,    9
 18697, 99707,20190724,-9999,    9
 18697, 99707,20190725,-9999,    9
 18697, 99707,20190726,-9999,    9
 18697, 99707,20190727,-9999,    9
 18697, 99707,20190728,-9999,    9
 18697, 99707,20190729,-9999,    9
 18697, 99707,20190730,-9999,    9
 18697, 99707,20190731,-9999,    9
 18697, 99707,20190801,-9999,    9
 18697, 99707,20190802,-9999,    9
 18697, 99707,20190803,-9999,    9
 18697, 99707,20190804,-9999,    9
 18697, 99707,20190805,-9999,    9
 18697, 99707,20190806,-9999,    9
 18697, 99707,20190807,-9999,    9
 18697, 99707,20190808,-9999,    9
 18697, 99707,20190809,-9999,    9
 18697, 99707,20190810,-9999,    9
 18697, 99707,20190811,-9999,    9
 18697, 99707,20190812,-9999,    9
 18697, 99707,20190813,-9999,    9
 18697, 99707,20190814,-9999,    9
 18697, 99707,20190815,-9999,    9
 18697, 99707,20190816,-9999,    9
 18697, 99707,20190817,-9999,    9
 18697, 99707,20190818,-9999,    9
 18697, 99707,20190819,-9999,    9
 18697, 99707,20190820,-9999,    9
 18697, 99707,20190821,-9999,    9
 18697, 99707,20190822,-9999,    9
 18697, 99707,20190823,-9999,    9
 18697, 99707,20190824,-9999,    9
 18697, 99707,20190825,-9999,    9
 18697, 99707,20190826,-9999,    9
 18697, 99707,20190827,-9999,    9
 18697, 99707,20190828,-9999,    9
 18697, 99707,20190829,-9999,    9
 18697, 99707,20190830,-9999,    9
 18697, 99707,20190831,-9999,    9
 18697, 99707,20190901,-9999,    9
 18697, 99707,20190902,-9999,    9
 18697, 99707,20190903,-9999,    9
 18697, 99707,20190904,-9999,    9
 18697, 99707,20190905,-9999,    9
 18697, 99707,20190906,-9999,    9
 18697, 99707,20190907,-9999,    9
 18697, 99707,20190908,-9999,    9
 18697, 99707,20190909,-9999,    9
 18697, 99707,20190910,-9999,    9
 18697, 99707,20190911,-9999,    9
 18697, 99707,20190912,-9999,    9
 18697, 99707,20190913,-9999,    9
 18697, 99707,20190914,-9999,    9
 18697, 99707,20190915,-9999,    9
 18697, 99707,20190916,-9999,    9
 18697, 99707,20190917,-9999,    9
 18697, 99707,20190918,-9999,    9
 18697, 99707,20190919,-9999,    9
 18697, 99707,20190920,-9999,    9
 18697, 99707,20190921,-9999,    9
 18697, 99707,20190922,-9999,    9
 18697, 99707,20190923,-9999,    9
 18697, 99707,20190924,-9999,    9
 18697, 99707,20190925,-9999,    9
 18697, 99707,20190926,-9999,    9
 18697, 99707,20190927,-9999,    9
 18697, 99707,20190928,-9999,    9
 18697, 99707,20190929,-9999,    9
 18697, 99707,20190930,-9999,    9
 18697, 99707,20191001,-9999,    9
 18697, 99707,20191002,-9999,    9
 18697, 99707,20191003,-9999,    9
 18697, 99707,20191004,-9999,    9
 18697, 99707,20191005,-9999,    9
 18697, 99707,20191006,-9999,    9
 18697, 99707,20191007,-9999,    9
 18697, 99707,20191008,-9999,    9
 18697, 99707,20191009,-9999,    9
 18697, 99707,20191010,-9999,    9
 18697, 99707,20191011,-9999,    9
 18697, 99707,20191012,-9999,    9
 18697, 99707,20191013,-9999,    9
 18697, 99707,20191014,-9999,    9
 18697, 99707,20191015,-9999,    9
 18697, 99707,20191016,-9999,    9
 18697, 99707,20191017,-9999,    9
 18697, 99707,20191018,-9999,    9
 18697, 99707,20191019,-9999,    9
 18697, 99707,20191020,-9999,    9
 18697, 99707,20191021,-9999,    9
 18697, 99707,20191022,-9999,    9
 18697, 99707,20191023,-9999,    9
 18697, 99707,20191024,-9999,    9
 18697, 99707,20191025,-9999,    9
 18697, 99707,20191026,-9999,    9
 18697, 99707,20191027,-9999,    9
 18697, 99707,20191028,-9999,    9
 18697, 99707,20191029,-9999,    9
 18697, 99707,20191030,-9999,    9
 18697, 99707,20191031,-9999,    9
 18697, 99707,20191101,-9999,    9
 18697, 99707,20191102,-9999,    9
 18697, 99707,20191103,-9999,    9
 18697, 99707,20191104,-9999,    9
 18697, 99707,20191105,-9999,    9
 18697, 99707,20191106,-9999,    9
 18697, 99707,20191107,-9999,    9
 18697, 99707,20191108,-9999,    9
 18697, 99707,20191109,-9999,    9
 18697, 99707,20191110,-9999,    9
 18697, 99707,20191111,-9999,    9
 18697, 99707,20191112,-9999,    9
 18697, 99707,20191113,-9999,    9
 18697, 99707,20191114,-9999,    9
 18697, 99707,20191115,-9999,    9
 18697, 99707,20191116,-9999,    9
 18697, 99707,20191117,-9999,    9
 18697, 99707,20191118,-9999,    9
 18697, 99707,20191119,-9999,    9
 18697, 99707,20191120,-9999,    9
 18697, 99707,20191121,-9999,    9
 18697, 99707,20191122,-9999,    9
 18697, 99707,20191123,-9999,    9
 18697, 99707,20191124,-9999,    9
 18697, 99707,20191125,-9999,    9
 18697, 99707,20191126,-9999,    9
 18697, 99707,20191127,-9999,    9
 18697, 99707,20191128,-9999,    9
 18697, 99707,20191129,-9999,    9
 18697, 99707,20191130,-9999,    9
 18697, 99707,20191201,-9999,    9
 18697, 99707,20191202,-9999,    9
 18697, 99707,20191203,-9999,    9
 18697, 99707,20191204,-9999,    9
 18697, 99707,20191205,-9999,    9
 18697, 99707,20191206,-9999,    9
 18697, 99707,20191207,-9999,    9
 18697, 99707,20191208,-9999,    9
 18697, 99707,20191209,-9999,    9
 18697, 99707,20191210,-9999,    9
 18697, 99707,20191211,-9999,    9
 18697, 99707,20191212,-9999,    9
 18697, 99707,20191213,-9999,    9
 18697, 99707,20191214,-9999,    9
 18697, 99707,20191215,-9999,    9
 18697, 99707,20191216,-9999,    9
 18697, 99707,20191217,-9999,    9
 18697, 99707,20191218,-9999,    9
 18697, 99707,20191219,-9999,    9
 18697, 99707,20191220,-9999,    9
 18697, 99707,20191221,-9999,    9
 18697, 99707,20191222,-9999,    9
 18697, 99707,20191223,-9999,    9
 18697, 99707,20191224,-9999,    9
 18697, 99707,20191225,-9999,    9
 18697, 99707,20191226,-9999,    9
 18697, 99707,20191227,-9999,    9
 18697, 99707,20191228,-9999,    9
 18697, 99707,20191229,-9999,    9
 18697, 99707,20191230,-9999,    9
 18697, 99707,20191231,-9999,    9
 18697, 99707,20200101,-9999,    9
 18697, 99707,20200102,-9999,    9
 18697, 99707,20200103,-9999,    9
 18697, 99707,20200104,-9999,    9
 18697, 99707,20200105,-9999,    9
 18697, 99707,20200106,-9999,    9
 18697, 99707,20200107,-9999,    9
 18697, 99707,20200108,-9999,    9
 18697, 99707,20200109,-9999,    9
 18697, 99707,20200110,-9999,    9
 18697, 99707,20200111,-9999,    9
 18697, 99707,20200112,-9999,    9
 18697, 99707,20200113,-9999,    9
 18697, 99707,20200114,-9999,    9
 18697, 99707,20200115,-9999,    9
 18697, 99707,20200116,-9999,    9
 18697, 99707,20200117,-9999,    9
 18697, 99707,20200118,-9999,    9
 18697, 99707,20200119,-9999,    9
 18697, 99707,20200120,-9999,    9
 18697, 99707,20200121,-9999,    9
 18697, 99707,20200122,-9999,    9
 18697, 99707,20200123,-9999,    9
 18697, 99707,20200124,-9999,    9
 18697, 99707,20200125,-9999,    9
 18697, 99707,20200126,-9999,    9
 18697, 99707,20200127,-9999,    9
 18697, 99707,20200128,-9999,    9
 18697, 99707,20200129,-9999,    9
 18697, 99707,20200130,-9999,    9
 18697, 99707,20200131,-9999,    9
 18697, 99707,20200201,-9999,    9
 18697, 99707,20200202,-9999,    9
 18697, 99707,20200203,-9999,    9
 18697, 99707,20200204,-9999,    9
 18697, 99707,20200205,-9999,    9
 18697, 99707,20200206,-9999,    9
 18697, 99707,20200207,-9999,    9
 18697, 99707,20200208,-9999,    9
 18697, 99707,20200209,-9999,    9
 18697, 99707,20200210,-9999,    9
 18697, 99707,20200211,-9999,    9
 18697, 99707,20200212,-9999,    9
 18697, 99707,20200213,-9999,    9
 18697, 99707,20200214,-9999,    9
 18697, 99707,20200215,-9999,    9
 18697, 99707,20200216,-9999,    9
 18697, 99707,20200217,-9999,    9
 18697, 99707,20200218,-9999,    9
 18697, 99707,20200219,-9999,    9
 18697, 99707,20200220,-9999,    9
 18697, 99707,20200221,-9999,    9
 18697, 99707,20200222,-9999,    9
 18697, 99707,20200223,-9999,    9
 18697, 99707,20200224,-9999,    9
 18697, 99707,20200225,-9999,    9
 18697, 99707,20200226,-9999,    9
 18697, 99707,20200227,-9999,    9
 18697, 99707,20200228,-9999,    9
 18697, 99707,20200229,-9999,    9
 18697, 99707,20200301,-9999,    9
 18697, 99707,20200302,-9999,    9
 18697, 99707,20200303,-9999,    9
 18697, 99707,20200304,-9999,    9
 18697, 99707,20200305,-9999,    9
 18697, 99707,20200306,-9999,    9
 18697, 99707,20200307,-9999,    9
 18697, 99707,20200308,-9999,    9
 18697, 99707,20200309,-9999,    9
 18697, 99707,20200310,-9999,    9
 18697, 99707,20200311,-9999,    9
 18697, 99707,20200312,-9999,    9
 18697, 99707,20200313,-9999,    9
 18697, 99707,20200314,-9999,    9
 18697, 99707,20200315,-9999,    9
 18697, 99707,20200316,-9999,    9
 18697, 99707,20200317,-9999,    9
 18697, 99707,20200318,-9999,    9
 18697, 99707,20200319,-9999,    9
 18697, 99707,20200320,-9999,    9
 18697, 99707,20200321,-9999,    9
 18697, 99707,20200322,-9999,    9
 18697, 99707,20200323,-9999,    9
 18697, 99707,20200324,-9999,    9
 18697, 99707,20200325,-9999,    9
 18697, 99707,20200326,-9999,    9
 18697, 99707,20200327,-9999,    9
 18697, 99707,20200328,-9999,    9
 18697, 99707,20200329,-9999,    9
 18697, 99707,20200330,-9999,    9
 18697, 99707,20200331,-9999,    9
 18697, 99707,20200401,-9999,    9
 18697, 99707,20200402,-9999,    9
 18697, 99707,20200403,-9999,    9
 18697, 99707,20200404,-9999,    9
 18697, 99707,20200405,-9999,    9
 18697, 99707,20200406,-9999,    9
 18697, 99707,20200407,-9999,    9
 18697, 99707,20200408,-9999,    9
 18697, 99707,20200409,-9999,    9
 18697, 99707,20200410,-9999,    9
 18697, 99707,20200411,-9999,    9
 18697, 99707,20200412,-9999,    9
 18697, 99707,20200413,-9999,    9
 18697, 99707,20200414,-9999,    9
 18697, 99707,20200415,-9999,    9
 18697, 99707,20200416,-9999,    9
 18697, 99707,20200417,-9999,    9
 18697, 99707,20200418,-9999,    9
 18697, 99707,20200419,-9999,    9
 18697, 99707,20200420,-9999,    9
 18697, 99707,20200421,-9999,    9
 18697, 99707,20200422,-9999,    9
 18697, 99707,20200423,-9999,    9
 18697, 99707,20200424,-9999,    9
 18697, 99707,20200425,-9999,    9
 18697, 99707,20200426,-9999,    9
 18697, 99707,20200427,-9999,    9
 18697, 99707,20200428,-9999,    9
 18697, 99707,20200429,-9999,    9
 18697, 99707,20200430,-9999,    9
 18697, 99707,20200501,-9999,    9
 18697, 99707,20200502,-9999,    9
 18697, 99707,20200503,-9999,    9
 18697, 99707,20200504,-9999,    9
 18697, 99707,20200505,-9999,    9
 18697, 99707,20200506,-9999,    9
 18697, 99707,20200507,-9999,    9
 18697, 99707,20200508,-9999,    9
 18697, 99707,20200509,-9999,    9
 18697, 99707,20200510,-9999,    9
 18697, 99707,20200511,-9999,    9
 18697, 99707,20200512,-9999,    9
 18697, 99707,20200513,-9999,    9
 18697, 99707,20200514,-9999,    9
 18697, 99707,20200515,-9999,    9
 18697, 99707,20200516,-9999,    9
 18697, 99707,20200517,-9999,    9
 18697, 99707,20200518,-9999,    9
 18697, 99707,20200519,-9999,    9
 18697, 99707,20200520,-9999,    9
 18697, 99707,20200521,-9999,    9
 18697, 99707,20200522,-9999,    9
 18697, 99707,20200523,-9999,    9
 18697, 99707,20200524,-9999,    9
 18697, 99707,20200525,-9999,    9
 18697, 99707,20200526,-9999,    9
 18697, 99707,20200527,-9999,    9
 18697, 99707,20200528,-9999,    9
 18697, 99707,20200529,-9999,    9
 18697, 99707,20200530,-9999,    9
 18697, 99707,20200531,-9999,    9
 18697, 99707,20200601,-9999,    9
 18697, 99707,20200602,-9999,    9
 18697, 99707,20200603,-9999,    9
 18697, 99707,20200604,-9999,    9
 18697, 99707,20200605,-9999,    9
 18697, 99707,20200606,-9999,    9
 18697, 99707,20200607,-9999,    9
 18697, 99707,20200608,-9999,    9
 18697, 99707,20200609,-9999,    9
 18697, 99707,20200610,-9999,    9
 18697, 99707,20200611,-9999,    9
 18697, 99707,20200612,-9999,    9
 18697, 99707,20200613,-9999,    9
 18697, 99707,20200614,-9999,    9
 18697, 99707,20200615,-9999,    9
 18697, 99707,20200616,-9999,    9
 18697, 99707,20200617,-9999,    9
 18697, 99707,20200618,-9999,    9
 18697, 99707,20200619,-9999,    9
 18697, 99707,20200620,-9999,    9
 18697, 99707,20200621,-9999,    9
 18697, 99707,20200622,-9999,    9
 18697, 99707,20200623,-9999,    9
 18697, 99707,20200624,-9999,    9
 18697, 99707,20200625,-9999,    9
 18697, 99707,20200626,-9999,    9
 18697, 99707,20200627,-9999,    9
 18697, 99707,20200628,-9999,    9
 18697, 99707,20200629,-9999,    9
 18697, 99707,20200630,-9999,    9
 18697, 99707,20200701,-9999,    9
 18697, 99707,20200702,-9999,    9
 18697, 99707,20200703,-9999,    9
 18697, 99707,20200704,-9999,    9
 18697, 99707,20200705,-9999,    9
 18697, 99707,20200706,-9999,    9
 18697, 99707,20200707,-9999,    9
 18697, 99707,20200708,-9999,    9
 18697, 99707,20200709,-9999,    9
 18697, 99707,20200710,-9999,    9
 18697, 99707,20200711,-9999,    9
 18697, 99707,20200712,-9999,    9
 18697, 99707,20200713,-9999,    9
 18697, 99707,20200714,-9999,    9
 18697, 99707,20200715,-9999,    9
 18697, 99707,20200716,-9999,    9
 18697, 99707,20200717,-9999,    9
 18697, 99707,20200718,-9999,    9
 18697, 99707,20200719,-9999,    9
 18697, 99707,20200720,-9999,    9
 18697, 99707,20200721,-9999,    9
 18697, 99707,20200722,-9999,    9
 18697, 99707,20200723,-9999,    9
 18697, 99707,20200724,-9999,    9
 18697, 99707,20200725,-9999,    9
 18697, 99707,20200726,-9999,    9
 18697, 99707,20200727,-9999,    9
 18697, 99707,20200728,-9999,    9
 18697, 99707,20200729,-9999,    9
 18697, 99707,20200730,-9999,    9
 18697, 99707,20200731,-9999,    9
 18697, 99707,20200801,-9999,    9
 18697, 99707,20200802,-9999,    9
 18697, 99707,20200803,-9999,    9
 18697, 99707,20200804,-9999,    9
 18697, 99707,20200805,-9999,    9
 18697, 99707,20200806,-9999,    9
 18697, 99707,20200807,-9999,    9
 18697, 99707,20200808,-9999,    9
 18697, 99707,20200809,-9999,    9
 18697, 99707,20200810,-9999,    9
 18697, 99707,20200811,-9999,    9
 18697, 99707,20200812,-9999,    9
 18697, 99707,20200813,-9999,    9
 18697, 99707,20200814,-9999,    9
 18697, 99707,20200815,-9999,    9
 18697, 99707,20200816,-9999,    9
 18697, 99707,20200817,-9999,    9
 18697, 99707,20200818,-9999,    9
 18697, 99707,20200819,-9999,    9
 18697, 99707,20200820,-9999,    9
 18697, 99707,20200821,-9999,    9
 18697, 99707,20200822,-9999,    9
 18697, 99707,20200823,-9999,    9
 18697, 99707,20200824,-9999,    9
 18697, 99707,20200825,-9999,    9
 18697, 99707,20200826,-9999,    9
 18697, 99707,20200827,-9999,    9
 18697, 99707,20200828,-9999,    9
 18697, 99707,20200829,-9999,    9
 18697, 99707,20200830,-9999,    9
 18697, 99707,20200831,-9999,    9
 18697, 99707,20200901,-9999,    9
 18697, 99707,20200902,-9999,    9
 18697, 99707,20200903,-9999,    9
 18697, 99707,20200904,-9999,    9
 18697, 99707,20200905,-9999,    9
 18697, 99707,20200906,-9999,    9
 18697, 99707,20200907,-9999,    9
 18697, 99707,20200908,-9999,    9
 18697, 99707,20200909,-9999,    9
 18697, 99707,20200910,-9999,    9
 18697, 99707,20200911,-9999,    9
 18697, 99707,20200912,-9999,    9
 18697, 99707,20200913,-9999,    9
 18697, 99707,20200914,-9999,    9
 18697, 99707,20200915,-9999,    9
 18697, 99707,20200916,-9999,    9
 18697, 99707,20200917,-9999,    9
 18697, 99707,20200918,-9999,    9
 18697, 99707,20200919,-9999,    9
 18697, 99707,20200920,-9999,    9
 18697, 99707,20200921,-9999,    9
 18697, 99707,20200922,-9999,    9
 18697, 99707,20200923,-9999,    9
 18697, 99707,20200924,-9999,    9
 18697, 99707,20200925,-9999,    9
 18697, 99707,20200926,-9999,    9
 18697, 99707,20200927,-9999,    9
 18697, 99707,20200928,-9999,    9
 18697, 99707,20200929,-9999,    9
 18697, 99707,20200930,-9999,    9
 18697, 99707,20201001,-9999,    9
 18697, 99707,20201002,-9999,    9
 18697, 99707,20201003,-9999,    9
 18697, 99707,20201004,-9999,    9
 18697, 99707,20201005,-9999,    9
 18697, 99707,20201006,-9999,    9
 18697, 99707,20201007,-9999,    9
 18697, 99707,20201008,-9999,    9
 18697, 99707,20201009,-9999,    9
 18697, 99707,20201010,-9999,    9
 18697, 99707,20201011,-9999,    9
 18697, 99707,20201012,-9999,    9
 18697, 99707,20201013,-9999,    9
 18697, 99707,20201014,-9999,    9
 18697, 99707,20201015,-9999,    9
 18697, 99707,20201016,-9999,    9
 18697, 99707,20201017,-9999,    9
 18697, 99707,20201018,-9999,    9
 18697, 99707,20201019,-9999,    9
 18697, 99707,20201020,-9999,    9
 18697, 99707,20201021,-9999,    9
 18697, 99707,20201022,-9999,    9
 18697, 99707,20201023,-9999,    9
 18697, 99707,20201024,-9999,    9
 18697, 99707,20201025,-9999,    9
 18697, 99707,20201026,-9999,    9
 18697, 99707,20201027,-9999,    9
 18697, 99707,20201028,-9999,    9
 18697, 99707,20201029,-9999,    9
 18697, 99707,20201030,-9999,    9
 18697, 99707,20201031,-9999,    9
 18697, 99707,20201101,-9999,    9
 18697, 99707,20201102,-9999,    9
 18697, 99707,20201103,-9999,    9
 18697, 99707,20201104,-9999,    9
 18697, 99707,20201105,-9999,    9
 18697, 99707,20201106,-9999,    9
 18697, 99707,20201107,-9999,    9
 18697, 99707,20201108,-9999,    9
 18697, 99707,20201109,-9999,    9
 18697, 99707,20201110,-9999,    9
 18697, 99707,20201111,-9999,    9
 18697, 99707,20201112,-9999,    9
 18697, 99707,20201113,-9999,    9
 18697, 99707,20201114,-9999,    9
 18697, 99707,20201115,-9999,    9
 18697, 99707,20201116,-9999,    9
 18697, 99707,20201117,-9999,    9
 18697, 99707,20201118,-9999,    9
 18697, 99707,20201119,-9999,    9
 18697, 99707,20201120,-9999,    9
 18697, 99707,20201121,-9999,    9
 18697, 99707,20201122,-9999,    9
 18697, 99707,20201123,-9999,    9
 18697, 99707,20201124,-9999,    9
 18697, 99707,20201125,-9999,    9
 18697, 99707,20201126,-9999,    9
 18697, 99707,20201127,-9999,    9
 18697, 99707,20201128,-9999,    9
 18697, 99707,20201129,-9999,    9
 18697, 99707,20201130,-9999,    9
 18697, 99707,20201201,-9999,    9
 18697, 99707,20201202,-9999,    9
 18697, 99707,20201203,-9999,    9
 18697, 99707,20201204,-9999,    9
 18697, 99707,20201205,-9999,    9
 18697, 99707,20201206,-9999,    9
 18697, 99707,20201207,-9999,    9
 18697, 99707,20201208,-9999,    9
 18697, 99707,20201209,-9999,    9
 18697, 99707,20201210,-9999,    9
 18697, 99707,20201211,-9999,    9
 18697, 99707,20201212,-9999,    9
 18697, 99707,20201213,-9999,    9
 18697, 99707,20201214,-9999,    9
 18697, 99707,20201215,-9999,    9
 18697, 99707,20201216,-9999,    9
 18697, 99707,20201217,-9999,    9
 18697, 99707,20201218,-9999,    9
 18697, 99707,20201219,-9999,    9
 18697, 99707,20201220,-9999,    9
 18697, 99707,20201221,-9999,    9
 18697, 99707,20201222,-9999,    9
 18697, 99707,20201223,-9999,    9
 18697, 99707,20201224,-9999,    9
 18697, 99707,20201225,-9999,    9
 18697, 99707,20201226,-9999,    9
 18697, 99707,20201227,-9999,    9
 18697, 99707,20201228,-9999,    9
 18697, 99707,20201229,-9999,    9
 18697, 99707,20201230,-9999,    9
 18697, 99707,20201231,-9999,    9
 18697, 99707,20210101,-9999,    9
 18697, 99707,20210102,-9999,    9
 18697, 99707,20210103,-9999,    9
 18697, 99707,20210104,-9999,    9
 18697, 99707,20210105,-9999,    9
 18697, 99707,20210106,-9999,    9
 18697, 99707,20210107,-9999,    9
 18697, 99707,20210108,-9999,    9
 18697, 99707,20210109,-9999,    9
 18697, 99707,20210110,-9999,    9
 18697, 99707,20210111,-9999,    9
 18697, 99707,20210112,-9999,    9
 18697, 99707,20210113,-9999,    9
 18697, 99707,20210114,-9999,    9
 18697, 99707,20210115,-9999,    9
 18697, 99707,20210116,-9999,    9
 18697, 99707,20210117,-9999,    9
 18697, 99707,20210118,-9999,    9
 18697, 99707,20210119,-9999,    9
 18697, 99707,20210120,-9999,    9
 18697, 99707,20210121,-9999,    9
 18697, 99707,20210122,-9999,    9
 18697, 99707,20210123,-9999,    9
 18697, 99707,20210124,-9999,    9
 18697, 99707,20210125,-9999,    9
 18697, 99707,20210126,-9999,    9
 18697, 99707,20210127,-9999,    9
 18697, 99707,20210128,-9999,    9
 18697, 99707,20210129,-9999,    9
 18697, 99707,20210130,-9999,    9
 18697, 99707,20210131,-9999,    9
 18697, 99707,20210201,-9999,    9
 18697, 99707,20210202,-9999,    9
 18697, 99707,20210203,-9999,    9
 18697, 99707,20210204,-9999,    9
 18697, 99707,20210205,-9999,    9
 18697, 99707,20210206,-9999,    9
 18697, 99707,20210207,-9999,    9
 18697, 99707,20210208,-9999,    9
 18697, 99707,20210209,-9999,    9
 18697, 99707,20210210,-9999,    9
 18697, 99707,20210211,-9999,    9
 18697, 99707,20210212,-9999,    9
 18697, 99707,20210213,-9999,    9
 18697, 99707,20210214,-9999,    9
 18697, 99707,20210215,-9999,    9
 18697, 99707,20210216,-9999,    9
 18697, 99707,20210217,-9999,    9
 18697, 99707,20210218,-9999,    9
 18697, 99707,20210219,-9999,    9
 18697, 99707,20210220,-9999,    9
 18697, 99707,20210221,-9999,    9
 18697, 99707,20210222,-9999,    9
 18697, 99707,20210223,-9999,    9
 18697, 99707,20210224,-9999,    9
 18697, 99707,20210225,-9999,    9
 18697, 99707,20210226,-9999,    9
 18697, 99707,20210227,-9999,    9
 18697, 99707,20210228,-9999,    9
 18697, 99707,20210301,-9999,    9
 18697, 99707,20210302,-9999,    9
 18697, 99707,20210303,-9999,    9
 18697, 99707,20210304,-9999,    9
 18697, 99707,20210305,-9999,    9
 18697, 99707,20210306,-9999,    9
 18697, 99707,20210307,-9999,    9
 18697, 99707,20210308,-9999,    9
 18697, 99707,20210309,-9999,    9
 18697, 99707,20210310,-9999,    9
 18697, 99707,20210311,-9999,    9
 18697, 99707,20210312,-9999,    9
 18697, 99707,20210313,-9999,    9
 18697, 99707,20210314,-9999,    9
 18697, 99707,20210315,-9999,    9
 18697, 99707,20210316,-9999,    9
 18697, 99707,20210317,-9999,    9
 18697, 99707,20210318,-9999,    9
 18697, 99707,20210319,-9999,    9
 18697, 99707,20210320,-9999,    9
 18697, 99707,20210321,-9999,    9
 18697, 99707,20210322,-9999,    9
 18697, 99707,20210323,-9999,    9
 18697, 99707,20210324,-9999,    9
 18697, 99707,20210325,-9999,    9
 18697, 99707,20210326,-9999,    9
 18697, 99707,20210327,-9999,    9
 18697, 99707,20210328,-9999,    9
 18697, 99707,20210329,-9999,    9
 18697, 99707,20210330,-9999,    9
 18697, 99707,20210331,-9999,    9
 18697, 99707,20210401,-9999,    9
 18697, 99707,20210402,-9999,    9
 18697, 99707,20210403,-9999,    9
 18697, 99707,20210404,-9999,    9
 18697, 99707,20210405,-9999,    9
 18697, 99707,20210406,-9999,    9
 18697, 99707,20210407,-9999,    9
 18697, 99707,20210408,-9999,    9
 18697, 99707,20210409,-9999,    9
 18697, 99707,20210410,-9999,    9
 18697, 99707,20210411,-9999,    9
 18697, 99707,20210412,-9999,    9
 18697, 99707,20210413,-9999,    9
 18697, 99707,20210414,-9999,    9
 18697, 99707,20210415,-9999,    9
 18697, 99707,20210416,-9999,    9
 18697, 99707,20210417,-9999,    9
 18697, 99707,20210418,-9999,    9
 18697, 99707,20210419,-9999,    9
 18697, 99707,20210420,-9999,    9
 18697, 99707,20210421,-9999,    9
 18697, 99707,20210422,-9999,    9
 18697, 99707,20210423,-9999,    9
 18697, 99707,20210424,-9999,    9
 18697, 99707,20210425,-9999,    9
 18697, 99707,20210426,-9999,    9
 18697, 99707,20210427,-9999,    9
 18697, 99707,20210428,-9999,    9
 18697, 99707,20210429,-9999,    9
 18697, 99707,20210430,-9999,    9
 18697, 99707,20210501,-9999,    9
 18697, 99707,20210502,-9999,    9
 18697, 99707,20210503,-9999,    9
 18697, 99707,20210504,-9999,    9
 18697, 99707,20210505,-9999,    9
 18697, 99707,20210506,-9999,    9
 18697, 99707,20210507,-9999,    9
 18697, 99707,20210508,-9999,    9
 18697, 99707,20210509,-9999,    9
 18697, 99707,20210510,-9999,    9
 18697, 99707,20210511,-9999,    9
 18697, 99707,20210512,-9999,    9
 18697, 99707,20210513,-9999,    9
 18697, 99707,20210514,-9999,    9
 18697, 99707,20210515,-9999,    9
 18697, 99707,20210516,-9999,    9
 18697, 99707,20210517,-9999,    9
 18697, 99707,20210518,-9999,    9
 18697, 99707,20210519,-9999,    9
 18697, 99707,20210520,-9999,    9
 18697, 99707,20210521,-9999,    9
 18697, 99707,20210522,-9999,    9
 18697, 99707,20210523,-9999,    9
 18697, 99707,20210524,-9999,    9
 18697, 99707,20210525,-9999,    9
 18697, 99707,20210526,-9999,    9
 18697, 99707,20210527,-9999,    9
 18697, 99707,20210528,-9999,    9
 18697, 99707,20210529,-9999,    9
 18697, 99707,20210530,-9999,    9
 18697, 99707,20210531,-9999,    9
 18697, 99707,20210601,-9999,    9
 18697, 99707,20210602,-9999,    9
 18697, 99707,20210603,-9999,    9
 18697, 99707,20210604,-9999,    9
 18697, 99707,20210605,-9999,    9
 18697, 99707,20210606,-9999,    9
 18697, 99707,20210607,-9999,    9
 18697, 99707,20210608,-9999,    9
 18697, 99707,20210609,-9999,    9
 18697, 99707,20210610,-9999,    9
 18697, 99707,20210611,-9999,    9
 18697, 99707,20210612,-9999,    9
 18697, 99707,20210613,-9999,    9
 18697, 99707,20210614,-9999,    9
 18697, 99707,20210615,-9999,    9
 18697, 99707,20210616,-9999,    9
 18697, 99707,20210617,-9999,    9
 18697, 99707,20210618,-9999,    9
 18697, 99707,20210619,-9999,    9
 18697, 99707,20210620,-9999,    9
 18697, 99707,20210621,-9999,    9
 18697, 99707,20210622,-9999,    9
 18697, 99707,20210623,-9999,    9
 18697, 99707,20210624,-9999,    9
 18697, 99707,20210625,-9999,    9
 18697, 99707,20210626,-9999,    9
 18697, 99707,20210627,-9999,    9
 18697, 99707,20210628,-9999,    9
 18697, 99707,20210629,-9999,    9
 18697, 99707,20210630,-9999,    9
 18697, 99707,20210701,-9999,    9
 18697, 99707,20210702,-9999,    9
 18697, 99707,20210703,-9999,    9
 18697, 99707,20210704,-9999,    9
 18697, 99707,20210705,-9999,    9
 18697, 99707,20210706,-9999,    9
 18697, 99707,20210707,-9999,    9
 18697, 99707,20210708,-9999,    9
 18697, 99707,20210709,-9999,    9
 18697, 99707,20210710,-9999,    9
 18697, 99707,20210711,-9999,    9
 18697, 99707,20210712,-9999,    9
 18697, 99707,20210713,-9999,    9
 18697, 99707,20210714,-9999,    9
 18697, 99707,20210715,  141,    0
 18697, 99707,20210716,-9999,    9
 18697, 99707,20210717,  136,    0
 18697, 99707,20210718,-9999,    9
 18697, 99707,20210719,-9999,    9
 18697, 99707,20210720,-9999,    9
 18697, 99707,20210721,-9999,    9
 18697, 99707,20210722,-9999,    9
 18697, 99707,20210723,-9999,    9
 18697, 99707,20210724,-9999,    9
 18697, 99707,20210725,-9999,    9
 18697, 99707,20210726,-9999,    9
 18697, 99707,20210727,-9999,    9
 18697, 99707,20210728,-9999,    9
 18697, 99707,20210729,-9999,    9
 18697, 99707,20210730,-9999,    9
 18697, 99707,20210731,-9999,    9
 18697, 99707,20210801,-9999,    9
 18697, 99707,20210802,  122,    0
 18697, 99707,20210803,-9999,    9
 18697, 99707,20210804,-9999,    9
 18697, 99707,20210805,  145,    0
 18697, 99707,20210806,  163,    0
 18697, 99707,20210807,  180,    0
 18697, 99707,20210808,  160,    0
 18697, 99707,20210809,  157,    0
 18697, 99707,20210810,  154,    0
 18697, 99707,20210811,  151,    0
 18697, 99707,20210812,  157,    0
 18697, 99707,20210813,-9999,    9
 18697, 99707,20210814,-9999,    9
 18697, 99707,20210815,-9999,    9
 18697, 99707,20210816,  140,    0
 18697, 99707,20210817,  151,    0
 18697, 99707,20210818,  132,    0
 18697, 99707,20210819,-9999,    9
 18697, 99707,20210820,-9999,    9
 18697, 99707,20210821,-9999,    9
 18697, 99707,20210822,-9999,    9
 18697, 99707,20210823,  151,    0
 18697, 99707,20210824,  135,    0
 18697, 99707,20210825,-9999,    9
 18697, 99707,20210826,-9999,    9
 18697, 99707,20210827,-9999,    9
 18697, 99707,20210828,-9999,    9
 18697, 99707,20210829,  137,    0
 18697, 99707,20210830,  135,    0
 18697, 99707,20210831,  144,    0
 18697, 99707,20210901,-9999,    9
 18697, 99707,20210902,-9999,    9
 18697, 99707,20210903,-9999,    9
 18697, 99707,20210904,-9999,    9
 18697, 99707,20210905,-9999,    9
 18697, 99707,20210906,-9999,    9
 18697, 99707,20210907,  143,    0
 18697, 99707,20210908,  142,    0
 18697, 99707,20210909,  139,    0
 18697, 99707,20210910,  141,    0
 18697, 99707,20210911,  146,    0
 18697, 99707,20210912,  129,    0
 18697, 99707,20210913,  121,    0
 18697, 99707,20210914,  125,    0
 18697, 99707,20210915,  129,    0
 18697, 99707,20210916,  137,    0
 18697, 99707,20210917,  137,    0
 18697, 99707,20210918,  133,    0
 18697, 99707,20210919,  137,    0
 18697, 99707,20210920,  134,    0
 18697, 99707,20210921,  124,    0
 18697, 99707,20210922,-9999,    9
 18697, 99707,20210923,-9999,    9
 18697, 99707,20210924,   96,    0
 18697, 99707,20210925,-9999,    9
 18697, 99707,20210926,-9999,    9
 18697, 99707,20210927,  142,    0
 18697, 99707,20210928,-9999,    9
 18697, 99707,20210929,-9999,    9
 18697, 99707,20210930,  133,    0
 18697, 99707,20211001,-9999,    9
 18697, 99707,20211002,-9999,    9
 18697, 99707,20211003,-9999,    9
 18697, 99707,20211004,-9999,    9
 18697, 99707,20211005,-9999,    9
 18697, 99707,20211006,-9999,    9
 18697, 99707,20211007,-9999,    9
 18697, 99707,20211008,-9999,    9
 18697, 99707,20211009,-9999,    9
 18697, 99707,20211010,-9999,    9
 18697, 99707,20211011,   80,    0
 18697, 99707,20211012,-9999,    9
 18697, 99707,20211013,-9999,    9
 18697, 99707,20211014,-9999,    9
 18697, 99707,20211015,-9999,    9
 18697, 99707,20211016,-9999,    9
 18697, 99707,20211017,-9999,    9
 18697, 99707,20211018,-9999,    9
 18697, 99707,20211019,-9999,    9
 18697, 99707,20211020,-9999,    9
 18697, 99707,20211021,-9999,    9
 18697, 99707,20211022,-9999,    9
 18697, 99707,20211023,-9999,    9
 18697, 99707,20211024,-9999,    9
 18697, 99707,20211025,-9999,    9
 18697, 99707,20211026,-9999,    9
 18697, 99707,20211027,-9999,    9
 18697, 99707,20211028,-9999,    9
 18697, 99707,20211029,-9999,    9
 18697, 99707,20211030,-9999,    9
 18697, 99707,20211031,-9999,    9
 18697, 99707,20211101,-9999,    9
 18697, 99707,20211102,-9999,    9
 18697, 99707,20211103,-9999,    9
 18697, 99707,20211104,-9999,    9
 18697, 99707,20211105,-9999,    9
 18697, 99707,20211106,-9999,    9
 18697, 99707,20211107,-9999,    9
 18697, 99707,20211108,-9999,    9
 18697, 99707,20211109,-9999,    9
 18697, 99707,20211110,-9999,    9
 18697, 99707,20211111,-9999,    9
 18697, 99707,20211112,-9999,    9
 18697, 99707,20211113,-9999,    9
 18697, 99707,20211114,-9999,    9
 18697, 99707,20211115,-9999,    9
 18697, 99707,20211116,-9999,    9
 18697, 99707,20211117,-9999,    9
 18697, 99707,20211118,-9999,    9
 18697, 99707,20211119,-9999,    9
 18697, 99707,20211120,-9999,    9
 18697, 99707,20211121,-9999,    9
 18697, 99707,20211122,-9999,    9
 18697, 99707,20211123,-9999,    9
 18697, 99707,20211124,-9999,    9
 18697, 99707,20211125,-9999,    9
 18697, 99707,20211126,-9999,    9
 18697, 99707,20211127,-9999,    9
 18697, 99707,20211128,-9999,    9
 18697, 99707,20211129,-9999,    9
 18697, 99707,20211130,-9999,    9
 18697, 99707,20211201,-9999,    9
 18697, 99707,20211202,-9999,    9
 18697, 99707,20211203,-9999,    9
 18697, 99707,20211204,-9999,    9
 18697, 99707,20211205,-9999,    9
 18697, 99707,20211206,-9999,    9
 18697, 99707,20211207,-9999,    9
 18697, 99707,20211208,-9999,    9
 18697, 99707,20211209,-9999,    9
 18697, 99707,20211210,-9999,    9
 18697, 99707,20211211,-9999,    9
 18697, 99707,20211212,-9999,    9
 18697, 99707,20211213,-9999,    9
 18697, 99707,20211214,-9999,    9
 18697, 99707,20211215,-9999,    9
 18697, 99707,20211216,-9999,    9
 18697, 99707,20211217,-9999,    9
 18697, 99707,20211218,-9999,    9
 18697, 99707,20211219,-9999,    9
 18697, 99707,20211220,-9999,    9
 18697, 99707,20211221,-9999,    9
 18697, 99707,20211222,-9999,    9
 18697, 99707,20211223,-9999,    9
 18697, 99707,20211224,-9999,    9
 18697, 99707,20211225,-9999,    9
 18697, 99707,20211226,-9999,    9
 18697, 99707,20211227,-9999,    9
 18697, 99707,20211228,-9999,    9
 18697, 99707,20211229,-9999,    9
 18697, 99707,20211230,-9999,    9
 18697, 99707,20211231,-9999,    9
 18697, 99707,20220101,-9999,    9
 18697, 99707,20220102,-9999,    9
 18697, 99707,20220103,-9999,    9
 18697, 99707,20220104,-9999,    9
 18697, 99707,20220105,-9999,    9
 18697, 99707,20220106,-9999,    9
 18697, 99707,20220107,-9999,    9
 18697, 99707,20220108,-9999,    9
 18697, 99707,20220109,-9999,    9
 18697, 99707,20220110,-9999,    9
 18697, 99707,20220111,-9999,    9
 18697, 99707,20220112,-9999,    9
 18697, 99707,20220113,-9999,    9
 18697, 99707,20220114,-9999,    9
 18697, 99707,20220115,-9999,    9
 18697, 99707,20220116,-9999,    9
 18697, 99707,20220117,-9999,    9
 18697, 99707,20220118,-9999,    9
 18697, 99707,20220119,-9999,    9
 18697, 99707,20220120,-9999,    9
 18697, 99707,20220121,-9999,    9
 18697, 99707,20220122,-9999,    9
 18697, 99707,20220123,-9999,    9
 18697, 99707,20220124,-9999,    9
 18697, 99707,20220125,-9999,    9
 18697, 99707,20220126,-9999,    9
 18697, 99707,20220127,-9999,    9
 18697, 99707,20220128,-9999,    9
 18697, 99707,20220129,-9999,    9
 18697, 99707,20220130,-9999,    9
 18697, 99707,20220131,-9999,    9
 18697, 99707,20220201,-9999,    9
 18697, 99707,20220202,-9999,    9
 18697, 99707,20220203,-9999,    9
 18697, 99707,20220204,-9999,    9
 18697, 99707,20220205,-9999,    9
 18697, 99707,20220206,-9999,    9
 18697, 99707,20220207,-9999,    9
 18697, 99707,20220208,-9999,    9
 18697, 99707,20220209,-9999,    9
 18697, 99707,20220210,-9999,    9
 18697, 99707,20220211,-9999,    9
 18697, 99707,20220212,-9999,    9
 18697, 99707,20220213,-9999,    9
 18697, 99707,20220214,-9999,    9
 18697, 99707,20220215,-9999,    9
 18697, 99707,20220216,-9999,    9
 18697, 99707,20220217,-9999,    9
 18697, 99707,20220218,-9999,    9
 18697, 99707,20220219,-9999,    9
 18697, 99707,20220220,-9999,    9
 18697, 99707,20220221,-9999,    9
 18697, 99707,20220222,-9999,    9
 18697, 99707,20220223,-9999,    9
 18697, 99707,20220224,-9999,    9
 18697, 99707,20220225,-9999,    9
 18697, 99707,20220226,-9999,    9
 18697, 99707,20220227,-9999,    9
 18697, 99707,20220228,-9999,    9
 18697, 99707,20220301,-9999,    9
 18697, 99707,20220302,-9999,    9
 18697, 99707,20220303,-9999,    9
 18697, 99707,20220304,-9999,    9
 18697, 99707,20220305,-9999,    9
 18697, 99707,20220306,-9999,    9
 18697, 99707,20220307,-9999,    9
 18697, 99707,20220308,-9999,    9
 18697, 99707,20220309,-9999,    9
 18697, 99707,20220310,-9999,    9
 18697, 99707,20220311,-9999,    9
 18697, 99707,20220312,-9999,    9
 18697, 99707,20220313,-9999,    9
 18697, 99707,20220314,-9999,    9
 18697, 99707,20220315,-9999,    9
 18697, 99707,20220316,-9999,    9
 18697, 99707,20220317,-9999,    9
 18697, 99707,20220318,-9999,    9
 18697, 99707,20220319,-9999,    9
 18697, 99707,20220320,-9999,    9
 18697, 99707,20220321,-9999,    9
 18697, 99707,20220322,-9999,    9
 18697, 99707,20220323,-9999,    9
 18697, 99707,20220324,-9999,    9
 18697, 99707,20220325,-9999,    9
 18697, 99707,20220326,-9999,    9
 18697, 99707,20220327,-9999,    9
 18697, 99707,20220328,-9999,    9
 18697, 99707,20220329,-9999,    9
 18697, 99707,20220330,-9999,    9
 18697, 99707,20220331,-9999,    9
 18697, 99707,20220401,-9999,    9
 18697, 99707,20220402,-9999,    9
 18697, 99707,20220403,-9999,    9
 18697, 99707,20220404,-9999,    9
 18697, 99707,20220405,-9999,    9
 18697, 99707,20220406,-9999,    9
 18697, 99707,20220407,-9999,    9
 18697, 99707,20220408,-9999,    9
 18697, 99707,20220409,-9999,    9
 18697, 99707,20220410,-9999,    9
 18697, 99707,20220411,-9999,    9
 18697, 99707,20220412,-9999,    9
 18697, 99707,20220413,-9999,    9
 18697, 99707,20220414,-9999,    9
 18697, 99707,20220415,-9999,    9
 18697, 99707,20220416,-9999,    9
 18697, 99707,20220417,-9999,    9
 18697, 99707,20220418,-9999,    9
 18697, 99707,20220419,-9999,    9
 18697, 99707,20220420,-9999,    9
 18697, 99707,20220421,-9999,    9
 18697, 99707,20220422,-9999,    9
 18697, 99707,20220423,-9999,    9
 18697, 99707,20220424,-9999,    9
 18697, 99707,20220425,-9999,    9
 18697, 99707,20220426,-9999,    9
 18697, 99707,20220427,-9999,    9
 18697, 99707,20220428,-9999,    9
 18697, 99707,20220429,-9999,    9
 18697, 99707,20220430,-9999,    9
 18697, 99707,20220501,-9999,    9
 18697, 99707,20220502,-9999,    9
 18697, 99707,20220503,-9999,    9
 18697, 99707,20220504,-9999,    9
 18697, 99707,20220505,-9999,    9
 18697, 99707,20220506,-9999,    9
 18697, 99707,20220507,-9999,    9
 18697, 99707,20220508,-9999,    9
 18697, 99707,20220509,-9999,    9
 18697, 99707,20220510,-9999,    9
 18697, 99707,20220511,-9999,    9
 18697, 99707,20220512,-9999,    9
 18697, 99707,20220513,-9999,    9
 18697, 99707,20220514,-9999,    9
 18697, 99707,20220515,-9999,    9
 18697, 99707,20220516,-9999,    9
 18697, 99707,20220517,-9999,    9
 18697, 99707,20220518,-9999,    9
 18697, 99707,20220519,-9999,    9
 18697, 99707,20220520,-9999,    9
 18697, 99707,20220521,-9999,    9
 18697, 99707,20220522,-9999,    9
 18697, 99707,20220523,-9999,    9
 18697, 99707,20220524,-9999,    9
 18697, 99707,20220525,-9999,    9
 18697, 99707,20220526,-9999,    9
 18697, 99707,20220527,-9999,    9
 18697, 99707,20220528,-9999,    9
 18697, 99707,20220529,-9999,    9
 18697, 99707,20220530,-9999,    9
 18697, 99707,20220531,-9999,    9
 18697, 99707,20220601,-9999,    9
 18697, 99707,20220602,-9999,    9
 18697, 99707,20220603,-9999,    9
 18697, 99707,20220604,-9999,    9
 18697, 99707,20220605,-9999,    9
 18697, 99707,20220606,-9999,    9
 18697, 99707,20220607,-9999,    9
 18697, 99707,20220608,-9999,    9
 18697, 99707,20220609,-9999,    9
 18697, 99707,20220610,-9999,    9
 18697, 99707,20220611,-9999,    9
 18697, 99707,20220612,-9999,    9
 18697, 99707,20220613,-9999,    9
 18697, 99707,20220614,-9999,    9
 18697, 99707,20220615,-9999,    9
 18697, 99707,20220616,-9999,    9
 18697, 99707,20220617,-9999,    9
 18697, 99707,20220618,-9999,    9
 18697, 99707,20220619,-9999,    9
 18697, 99707,20220620,-9999,    9
 18697, 99707,20220621,-9999,    9
 18697, 99707,20220622,-9999,    9
 18697, 99707,20220623,-9999,    9
 18697, 99707,20220624,-9999,    9
 18697, 99707,20220625,-9999,    9
 18697, 99707,20220626,-9999,    9
 18697, 99707,20220627,-9999,    9
 18697, 99707,20220628,-9999,    9
 18697, 99707,20220629,-9999,    9
 18697, 99707,20220630,-9999,    9
 18697, 99707,20220701,-9999,    9
 18697, 99707,20220702,-9999,    9
 18697, 99707,20220703,-9999,    9
 18697, 99707,20220704,-9999,    9
 18697, 99707,20220705,-9999,    9
 18697, 99707,20220706,-9999,    9
 18697, 99707,20220707,-9999,    9
 18697, 99707,20220708,-9999,    9
 18697, 99707,20220709,-9999,    9
 18697, 99707,20220710,-9999,    9
 18697, 99707,20220711,-9999,    9
 18697, 99707,20220712,-9999,    9
 18697, 99707,20220713,-9999,    9
 18697, 99707,20220714,-9999,    9
 18697, 99707,20220715,-9999,    9
 18697, 99707,20220716,-9999,    9
 18697, 99707,20220717,-9999,    9
 18697, 99707,20220718,-9999,    9
 18697, 99707,20220719,-9999,    9
 18697, 99707,20220720,-9999,    9
 18697, 99707,20220721,-9999,    9
 18697, 99707,20220722,-9999,    9
 18697, 99707,20220723,-9999,    9
 18697, 99707,20220724,-9999,    9
 18697, 99707,20220725,-9999,    9
 18697, 99707,20220726,-9999,    9
 18697, 99707,20220727,-9999,    9
 18697, 99707,20220728,-9999,    9
 18697, 99707,20220729,-9999,    9
 18697, 99707,20220730,-9999,    9
 18697, 99707,20220731,-9999,    9
 18697, 99707,20220801,-9999,    9
 18697, 99707,20220802,-9999,    9
 18697, 99707,20220803,-9999,    9
 18697, 99707,20220804,-9999,    9
 18697, 99707,20220805,-9999,    9
 18697, 99707,20220806,-9999,    9
 18697, 99707,20220807,-9999,    9
 18697, 99707,20220808,-9999,    9
 18697, 99707,20220809,-9999,    9
 18697, 99707,20220810,-9999,    9
 18697, 99707,20220811,-9999,    9
 18697, 99707,20220812,-9999,    9
 18697, 99707,20220813,-9999,    9
 18697, 99707,20220814,-9999,    9
 18697, 99707,20220815,-9999,    9
 18697, 99707,20220816,-9999,    9
 18697, 99707,20220817,-9999,    9
 18697, 99707,20220818,-9999,    9
 18697, 99707,20220819,-9999,    9
 18697, 99707,20220820,-9999,    9
 18697, 99707,20220821,-9999,    9
 18697, 99707,20220822,-9999,    9
 18697, 99707,20220823,-9999,    9
 18697, 99707,20220824,-9999,    9
 18697, 99707,20220825,-9999,    9
 18697, 99707,20220826,-9999,    9
 18697, 99707,20220827,-9999,    9
 18697, 99707,20220828,-9999,    9
 18697, 99707,20220829,-9999,    9
 18697, 99707,20220830,-9999,    9
 18697, 99707,20220831,-9999,    9
 18697, 99707,20220901,-9999,    9
 18697, 99707,20220902,-9999,    9
 18697, 99707,20220903,-9999,    9
 18697, 99707,20220904,-9999,    9
 18697, 99707,20220905,-9999,    9
 18697, 99707,20220906,-9999,    9
 18697, 99707,20220907,-9999,    9
 18697, 99707,20220908,-9999,    9
 18697, 99707,20220909,-9999,    9
 18697, 99707,20220910,-9999,    9
 18697, 99707,20220911,-9999,    9
 18697, 99707,20220912,-9999,    9
 18697, 99707,20220913,-9999,    9
 18697, 99707,20220914,-9999,    9
 18697, 99707,20220915,-9999,    9
 18697, 99707,20220916,-9999,    9
 18697, 99707,20220917,-9999,    9
 18697, 99707,20220918,-9999,    9
 18697, 99707,20220919,-9999,    9
 18697, 99707,20220920,-9999,    9
 18697, 99707,20220921,-9999,    9
 18697, 99707,20220922,-9999,    9
 18697, 99707,20220923,-9999,    9
 18697, 99707,20220924,-9999,    9
 18697, 99707,20220925,-9999,    9
 18697, 99707,20220926,-9999,    9
 18697, 99707,20220927,-9999,    9
 18697, 99707,20220928,-9999,    9
 18697, 99707,20220929,-9999,    9
 18697, 99707,20220930,-9999,    9
 18697, 99707,20221001,-9999,    9
 18697, 99707,20221002,-9999,    9
 18697, 99707,20221003,-9999,    9
 18697, 99707,20221004,-9999,    9
 18697, 99707,20221005,-9999,    9
 18697, 99707,20221006,-9999,    9
 18697, 99707,20221007,-9999,    9
 18697, 99707,20221008,-9999,    9
 18697, 99707,20221009,-9999,    9
 18697, 99707,20221010,-9999,    9
 18697, 99707,20221011,-9999,    9
 18697, 99707,20221012,-9999,    9
 18697, 99707,20221013,-9999,    9
 18697, 99707,20221014,-9999,    9
 18697, 99707,20221015,-9999,    9
 18697, 99707,20221016,-9999,    9
 18697, 99707,20221017,-9999,    9
 18697, 99707,20221018,-9999,    9
 18697, 99707,20221019,-9999,    9
 18697, 99707,20221020,-9999,    9
 18697, 99707,20221021,-9999,    9
 18697, 99707,20221022,-9999,    9
 18697, 99707,20221023,-9999,    9
 18697, 99707,20221024,-9999,    9
 18697, 99707,20221025,-9999,    9
 18697, 99707,20221026,-9999,    9
 18697, 99707,20221027,-9999,    9
 18697, 99707,20221028,-9999,    9
 18697, 99707,20221029,-9999,    9
 18697, 99707,20221030,-9999,    9
 18697, 99707,20221031,-9999,    9
