EUROPEAN CLIMATE ASSESSMENT & DATASET (ECA&D), file created on: 16-11-2022
THESE DATA CAN BE USED FOR NON-COMMERCIAL RESEARCH AND EDUCATION PROVIDED THAT THE FOLLOWING SOURCE IS ACKNOWLEDGED: 

Klein Tank, A.M.G. and Coauthors, 2002. Daily dataset of 20th-century surface
air temperature and precipitation series for the European Climate Assessment.
Int. J. of Climatol., 22, 1441-1453.
Data and metadata available at http://www.ecad.eu

FILE FORMAT (MISSING VALUE CODE = -9999):

01-06 STAID: Station identifier
08-13 SOUID: Source identifier
15-22 DATE : Date YYYYMMDD
24-28 TG   : Mean temperature in 0.1 &#176;C
30-34 Q_TG : quality code for TG (0='valid'; 1='suspect'; 9='missing')

This is the blended series of station HERENTALS_P, BELGIUM (STAID: 20794)
Blended and updated with sources:118283 
See files sources.txt and stations.txt for more info.

STAID, SOUID,    DATE,   TG, Q_TG
 20794,118283,20201001,  135,    0
 20794,118283,20201002,  117,    0
 20794,118283,20201003,  127,    0
 20794,118283,20201004,  117,    0
 20794,118283,20201005,  123,    0
 20794,118283,20201006,  133,    0
 20794,118283,20201007,  123,    0
 20794,118283,20201008,  136,    0
 20794,118283,20201009,  121,    0
 20794,118283,20201010,   94,    0
 20794,118283,20201011,   90,    0
 20794,118283,20201012,  102,    0
 20794,118283,20201013,  103,    0
 20794,118283,20201014,   86,    0
 20794,118283,20201015,   96,    0
 20794,118283,20201016,   88,    0
 20794,118283,20201017,   86,    0
 20794,118283,20201018,   95,    0
 20794,118283,20201019,  100,    0
 20794,118283,20201020,  120,    0
 20794,118283,20201021,  158,    0
 20794,118283,20201022,  142,    0
 20794,118283,20201023,  128,    0
 20794,118283,20201024,  136,    0
 20794,118283,20201025,-9999,    9
 20794,118283,20201026,  105,    0
 20794,118283,20201027,   99,    0
 20794,118283,20201028,  109,    0
 20794,118283,20201029,  105,    0
 20794,118283,20201030,  143,    0
 20794,118283,20201031,  138,    0
 20794,118283,20201101,  144,    0
 20794,118283,20201102,  161,    0
 20794,118283,20201103,   92,    0
 20794,118283,20201104,   66,    0
 20794,118283,20201105,   49,    0
 20794,118283,20201106,   68,    0
 20794,118283,20201107,   87,    0
 20794,118283,20201108,  100,    0
 20794,118283,20201109,  122,    0
 20794,118283,20201110,  115,    0
 20794,118283,20201111,  102,    0
 20794,118283,20201112,  105,    0
 20794,118283,20201113,   99,    0
 20794,118283,20201114,  128,    0
 20794,118283,20201115,  130,    0
 20794,118283,20201116,  104,    0
 20794,118283,20201117,  118,    0
 20794,118283,20201118,  128,    0
 20794,118283,20201119,   84,    0
 20794,118283,20201120,   48,    0
 20794,118283,20201121,   80,    0
 20794,118283,20201122,   92,    0
 20794,118283,20201123,   80,    0
 20794,118283,20201124,   78,    0
 20794,118283,20201125,   67,    0
 20794,118283,20201126,   77,    0
 20794,118283,20201127,   65,    0
 20794,118283,20201128,   52,    0
 20794,118283,20201129,   22,    0
 20794,118283,20201130,   10,    0
 20794,118283,20201201,   77,    0
 20794,118283,20201202,   61,    0
 20794,118283,20201203,   56,    0
 20794,118283,20201204,   56,    0
 20794,118283,20201205,   22,    0
 20794,118283,20201206,    7,    0
 20794,118283,20201207,   14,    0
 20794,118283,20201208,    7,    0
 20794,118283,20201209,    9,    0
 20794,118283,20201210,   21,    0
 20794,118283,20201211,   30,    0
 20794,118283,20201212,   76,    0
 20794,118283,20201213,   69,    0
 20794,118283,20201214,   92,    0
 20794,118283,20201215,   80,    0
 20794,118283,20201216,   74,    0
 20794,118283,20201217,   91,    0
 20794,118283,20201218,   78,    0
 20794,118283,20201219,   85,    0
 20794,118283,20201220,   84,    0
 20794,118283,20201221,   78,    0
 20794,118283,20201222,  126,    0
 20794,118283,20201223,  114,    0
 20794,118283,20201224,   57,    0
 20794,118283,20201225,   30,    0
 20794,118283,20201226,   34,    0
 20794,118283,20201227,   45,    0
 20794,118283,20201228,   24,    0
 20794,118283,20201229,   19,    0
 20794,118283,20201230,   30,    0
 20794,118283,20201231,   22,    0
 20794,118283,20210101,   22,    0
 20794,118283,20210102,   26,    0
 20794,118283,20210103,   28,    0
 20794,118283,20210104,   23,    0
 20794,118283,20210105,   22,    0
 20794,118283,20210106,   24,    0
 20794,118283,20210107,   20,    0
 20794,118283,20210108,   16,    0
 20794,118283,20210109,  -20,    0
 20794,118283,20210110,    3,    0
 20794,118283,20210111,   31,    0
 20794,118283,20210112,   56,    0
 20794,118283,20210113,   25,    0
 20794,118283,20210114,   14,    0
 20794,118283,20210115,    4,    0
 20794,118283,20210116,    0,    0
 20794,118283,20210117,   35,    0
 20794,118283,20210118,   43,    0
 20794,118283,20210119,   65,    0
 20794,118283,20210120,   89,    0
 20794,118283,20210121,   80,    0
 20794,118283,20210122,   36,    0
 20794,118283,20210123,   28,    0
 20794,118283,20210124,   13,    0
 20794,118283,20210125,   20,    0
 20794,118283,20210126,   39,    0
 20794,118283,20210127,   34,    0
 20794,118283,20210128,   77,    0
 20794,118283,20210129,   91,    0
 20794,118283,20210130,   17,    0
 20794,118283,20210131,    3,    0
 20794,118283,20210201,   27,    0
 20794,118283,20210202,   70,    1
 20794,118283,20210203,   81,    0
 20794,118283,20210204,   67,    0
 20794,118283,20210205,   72,    0
 20794,118283,20210206,   42,    0
 20794,118283,20210207,  -24,    0
 20794,118283,20210208,  -53,    0
 20794,118283,20210209,  -56,    0
 20794,118283,20210210,  -56,    0
 20794,118283,20210211,-9999,    9
 20794,118283,20210212,  -50,    0
 20794,118283,20210213,  -38,    0
 20794,118283,20210214,    0,    0
 20794,118283,20210215,   36,    0
 20794,118283,20210216,   83,    1
 20794,118283,20210217,   97,    0
 20794,118283,20210218,   84,    0
 20794,118283,20210219,   70,    0
 20794,118283,20210220,  126,    1
 20794,118283,20210221,  123,    0
 20794,118283,20210222,  130,    0
 20794,118283,20210223,  139,    0
 20794,118283,20210224,  137,    0
 20794,118283,20210225,  115,    0
 20794,118283,20210226,   78,    0
 20794,118283,20210227,   36,    0
 20794,118283,20210228,   59,    0
 20794,118283,20210301,   54,    0
 20794,118283,20210302,   80,    0
 20794,118283,20210303,   92,    0
 20794,118283,20210304,   45,    0
 20794,118283,20210305,   32,    0
 20794,118283,20210306,   21,    0
 20794,118283,20210307,   25,    0
 20794,118283,20210308,   54,    0
 20794,118283,20210309,   55,    0
 20794,118283,20210310,   66,    0
 20794,118283,20210311,   99,    0
 20794,118283,20210312,   72,    0
 20794,118283,20210313,   68,    0
 20794,118283,20210314,   55,    0
 20794,118283,20210315,   64,    0
 20794,118283,20210316,   54,    0
 20794,118283,20210317,   53,    0
 20794,118283,20210318,   43,    0
 20794,118283,20210319,   50,    0
 20794,118283,20210320,   52,    0
 20794,118283,20210321,   63,    0
 20794,118283,20210322,   61,    0
 20794,118283,20210323,   84,    0
 20794,118283,20210324,   90,    0
 20794,118283,20210325,   87,    0
 20794,118283,20210326,   90,    0
 20794,118283,20210327,   73,    0
 20794,118283,20210328,-9999,    9
 20794,118283,20210329,  128,    0
 20794,118283,20210330,  139,    0
 20794,118283,20210331,  152,    0
 20794,118283,20210401,  131,    0
 20794,118283,20210402,   62,    0
 20794,118283,20210403,   75,    0
 20794,118283,20210404,   64,    0
 20794,118283,20210405,   39,    0
 20794,118283,20210406,   11,    0
 20794,118283,20210407,   23,    0
 20794,118283,20210408,   52,    0
 20794,118283,20210409,   82,    0
 20794,118283,20210410,   69,    0
 20794,118283,20210411,   46,    0
 20794,118283,20210412,   36,    0
 20794,118283,20210413,   44,    0
 20794,118283,20210414,   53,    0
 20794,118283,20210415,   51,    0
 20794,118283,20210416,   69,    0
 20794,118283,20210417,   81,    0
 20794,118283,20210418,   94,    0
 20794,118283,20210419,   85,    0
 20794,118283,20210420,  108,    0
 20794,118283,20210421,  109,    0
 20794,118283,20210422,   81,    0
 20794,118283,20210423,   88,    0
 20794,118283,20210424,   93,    0
 20794,118283,20210425,   78,    0
 20794,118283,20210426,   89,    0
 20794,118283,20210427,  107,    0
 20794,118283,20210428,  130,    0
 20794,118283,20210429,   83,    0
 20794,118283,20210430,   71,    0
 20794,118283,20210501,   72,    0
 20794,118283,20210502,   81,    0
 20794,118283,20210503,   89,    0
 20794,118283,20210504,   95,    0
 20794,118283,20210505,   76,    0
 20794,118283,20210506,   75,    0
 20794,118283,20210507,   79,    0
 20794,118283,20210508,  113,    0
 20794,118283,20210509,  189,    0
 20794,118283,20210510,  174,    0
 20794,118283,20210511,  144,    0
 20794,118283,20210512,  123,    0
 20794,118283,20210513,  126,    0
 20794,118283,20210514,  110,    0
 20794,118283,20210515,  106,    0
 20794,118283,20210516,  116,    0
 20794,118283,20210517,  113,    0
 20794,118283,20210518,  130,    0
 20794,118283,20210519,  110,    0
 20794,118283,20210520,  119,    0
 20794,118283,20210521,  137,    0
 20794,118283,20210522,  103,    0
 20794,118283,20210523,  122,    0
 20794,118283,20210524,  116,    0
 20794,118283,20210525,   92,    0
 20794,118283,20210526,  114,    0
 20794,118283,20210527,  115,    0
 20794,118283,20210528,  127,    0
 20794,118283,20210529,  158,    0
 20794,118283,20210530,  167,    0
 20794,118283,20210531,  193,    0
 20794,118283,20210601,  201,    0
 20794,118283,20210602,  219,    0
 20794,118283,20210603,  212,    0
 20794,118283,20210604,  201,    0
 20794,118283,20210605,  157,    0
 20794,118283,20210606,  179,    0
 20794,118283,20210607,  185,    0
 20794,118283,20210608,  211,    0
 20794,118283,20210609,  205,    0
 20794,118283,20210610,  208,    0
 20794,118283,20210611,  209,    0
 20794,118283,20210612,  182,    0
 20794,118283,20210613,  181,    0
 20794,118283,20210614,  217,    0
 20794,118283,20210615,  213,    0
 20794,118283,20210616,  238,    0
 20794,118283,20210617,  252,    0
 20794,118283,20210618,  246,    0
 20794,118283,20210619,  201,    0
 20794,118283,20210620,  207,    0
 20794,118283,20210621,  162,    0
 20794,118283,20210622,  141,    0
 20794,118283,20210623,  143,    0
 20794,118283,20210624,  165,    0
 20794,118283,20210625,  152,    0
 20794,118283,20210626,  196,    0
 20794,118283,20210627,  198,    0
 20794,118283,20210628,  199,    0
 20794,118283,20210629,  198,    0
 20794,118283,20210630,  138,    0
 20794,118283,20210701,  141,    0
 20794,118283,20210702,  179,    0
 20794,118283,20210703,  181,    0
 20794,118283,20210704,  178,    0
 20794,118283,20210705,  170,    0
 20794,118283,20210706,  179,    0
 20794,118283,20210707,  181,    0
 20794,118283,20210708,  196,    0
 20794,118283,20210709,  184,    0
 20794,118283,20210710,  183,    0
 20794,118283,20210711,  181,    0
 20794,118283,20210712,  198,    0
 20794,118283,20210713,  182,    0
 20794,118283,20210714,  172,    0
 20794,118283,20210715,  167,    0
 20794,118283,20210716,  174,    0
 20794,118283,20210717,  210,    0
 20794,118283,20210718,  221,    0
 20794,118283,20210719,  204,    0
 20794,118283,20210720,  200,    0
 20794,118283,20210721,  206,    0
 20794,118283,20210722,  207,    0
 20794,118283,20210723,  196,    0
 20794,118283,20210724,  182,    0
 20794,118283,20210725,  196,    0
 20794,118283,20210726,  184,    0
 20794,118283,20210727,  183,    0
 20794,118283,20210728,  180,    0
 20794,118283,20210729,  180,    0
 20794,118283,20210730,  181,    0
 20794,118283,20210731,  181,    0
 20794,118283,20210801,  153,    0
 20794,118283,20210802,  162,    0
 20794,118283,20210803,  167,    0
 20794,118283,20210804,  181,    0
 20794,118283,20210805,  200,    0
 20794,118283,20210806,  185,    0
 20794,118283,20210807,  171,    0
 20794,118283,20210808,  164,    0
 20794,118283,20210809,  166,    0
 20794,118283,20210810,  169,    0
 20794,118283,20210811,  183,    0
 20794,118283,20210812,  197,    0
 20794,118283,20210813,  193,    0
 20794,118283,20210814,  184,    0
 20794,118283,20210815,  202,    0
 20794,118283,20210816,  152,    0
 20794,118283,20210817,  134,    0
 20794,118283,20210818,  169,    0
 20794,118283,20210819,  174,    0
 20794,118283,20210820,  178,    0
 20794,118283,20210821,  199,    0
 20794,118283,20210822,  177,    0
 20794,118283,20210823,  180,    0
 20794,118283,20210824,  175,    0
 20794,118283,20210825,  177,    0
 20794,118283,20210826,  163,    0
 20794,118283,20210827,  158,    0
 20794,118283,20210828,  167,    0
 20794,118283,20210829,  154,    0
 20794,118283,20210830,  180,    0
 20794,118283,20210831,  176,    0
 20794,118283,20210901,  166,    0
 20794,118283,20210902,  180,    0
 20794,118283,20210903,  189,    0
 20794,118283,20210904,  165,    0
 20794,118283,20210905,  188,    0
 20794,118283,20210906,  188,    0
 20794,118283,20210907,  203,    0
 20794,118283,20210908,  216,    0
 20794,118283,20210909,  204,    0
 20794,118283,20210910,  196,    0
 20794,118283,20210911,  176,    0
 20794,118283,20210912,  165,    0
 20794,118283,20210913,  169,    0
 20794,118283,20210914,  179,    0
 20794,118283,20210915,  182,    0
 20794,118283,20210916,  162,    0
 20794,118283,20210917,  165,    0
 20794,118283,20210918,  174,    0
 20794,118283,20210919,  168,    0
 20794,118283,20210920,  143,    0
 20794,118283,20210921,  134,    0
 20794,118283,20210922,  134,    0
 20794,118283,20210923,  143,    0
 20794,118283,20210924,  170,    0
 20794,118283,20210925,  172,    0
 20794,118283,20210926,  177,    0
 20794,118283,20210927,  155,    0
 20794,118283,20210928,  135,    0
 20794,118283,20210929,  119,    0
 20794,118283,20210930,  107,    0
 20794,118283,20211001,  134,    0
 20794,118283,20211002,  141,    0
 20794,118283,20211003,  132,    0
 20794,118283,20211004,  133,    0
 20794,118283,20211005,  126,    0
 20794,118283,20211006,  113,    0
 20794,118283,20211007,  135,    0
 20794,118283,20211008,  114,    0
 20794,118283,20211009,  125,    0
 20794,118283,20211010,  103,    0
 20794,118283,20211011,  120,    0
 20794,118283,20211012,   99,    0
 20794,118283,20211013,   90,    0
 20794,118283,20211014,  119,    0
 20794,118283,20211015,  116,    0
 20794,118283,20211016,   85,    0
 20794,118283,20211017,   93,    0
 20794,118283,20211018,  108,    0
 20794,118283,20211019,  157,    0
 20794,118283,20211020,  160,    0
 20794,118283,20211021,  102,    0
 20794,118283,20211022,   82,    0
 20794,118283,20211023,   97,    0
 20794,118283,20211024,   82,    0
 20794,118283,20211025,  101,    0
 20794,118283,20211026,  115,    0
 20794,118283,20211027,  133,    0
 20794,118283,20211028,  115,    0
 20794,118283,20211029,  131,    0
 20794,118283,20211030,  122,    0
 20794,118283,20211031,-9999,    9
 20794,118283,20211101,   97,    0
 20794,118283,20211102,   69,    0
 20794,118283,20211103,   51,    0
 20794,118283,20211104,   56,    0
 20794,118283,20211105,   72,    0
 20794,118283,20211106,   73,    0
 20794,118283,20211107,   97,    0
 20794,118283,20211108,   71,    0
 20794,118283,20211109,   61,    0
 20794,118283,20211110,   47,    0
 20794,118283,20211111,   59,    0
 20794,118283,20211112,   58,    0
 20794,118283,20211113,  104,    0
 20794,118283,20211114,   88,    0
 20794,118283,20211115,   64,    0
 20794,118283,20211116,   54,    0
 20794,118283,20211117,   70,    0
 20794,118283,20211118,   77,    0
 20794,118283,20211119,  112,    0
 20794,118283,20211120,   93,    0
 20794,118283,20211121,   69,    0
 20794,118283,20211122,   43,    0
 20794,118283,20211123,   38,    0
 20794,118283,20211124,   62,    0
 20794,118283,20211125,   44,    0
 20794,118283,20211126,   37,    0
 20794,118283,20211127,   23,    0
 20794,118283,20211128,   29,    0
 20794,118283,20211129,   27,    0
 20794,118283,20211130,   72,    0
 20794,118283,20211201,   77,    0
 20794,118283,20211202,   26,    0
 20794,118283,20211203,   26,    0
 20794,118283,20211204,   45,    0
 20794,118283,20211205,   34,    0
 20794,118283,20211206,   24,    0
 20794,118283,20211207,   41,    0
 20794,118283,20211208,   52,    0
 20794,118283,20211209,   31,    0
 20794,118283,20211210,   29,    0
 20794,118283,20211211,   42,    0
 20794,118283,20211212,   79,    0
 20794,118283,20211213,   90,    0
 20794,118283,20211214,   82,    0
 20794,118283,20211215,   90,    0
 20794,118283,20211216,   86,    0
 20794,118283,20211217,   58,    0
 20794,118283,20211218,   66,    0
 20794,118283,20211219,   59,    0
 20794,118283,20211220,   47,    0
 20794,118283,20211221,   -2,    0
 20794,118283,20211222,  -13,    0
 20794,118283,20211223,   21,    0
 20794,118283,20211224,   81,    0
 20794,118283,20211225,   22,    0
 20794,118283,20211226,   25,    0
 20794,118283,20211227,   75,    0
 20794,118283,20211228,   91,    0
 20794,118283,20211229,   97,    0
 20794,118283,20211230,  138,    0
 20794,118283,20211231,  128,    0
 20794,118283,20220101,  122,    0
 20794,118283,20220102,  120,    0
 20794,118283,20220103,   97,    0
 20794,118283,20220104,   65,    0
 20794,118283,20220105,   37,    0
 20794,118283,20220106,   34,    0
 20794,118283,20220107,   40,    0
 20794,118283,20220108,   30,    0
 20794,118283,20220109,   42,    0
 20794,118283,20220110,   -1,    0
 20794,118283,20220111,   13,    0
 20794,118283,20220112,   20,    0
 20794,118283,20220113,   18,    0
 20794,118283,20220114,   23,    0
 20794,118283,20220115,   23,    0
 20794,118283,20220116,   28,    0
 20794,118283,20220117,   59,    0
 20794,118283,20220118,   44,    0
 20794,118283,20220119,   29,    0
 20794,118283,20220120,   34,    0
 20794,118283,20220121,   26,    0
 20794,118283,20220122,   50,    0
 20794,118283,20220123,   49,    0
 20794,118283,20220124,   37,    0
 20794,118283,20220125,   21,    0
 20794,118283,20220126,   26,    0
 20794,118283,20220127,   61,    0
 20794,118283,20220128,   49,    0
 20794,118283,20220129,   86,    0
 20794,118283,20220130,   56,    0
 20794,118283,20220131,   54,    0
 20794,118283,20220201,   65,    0
 20794,118283,20220202,   88,    0
 20794,118283,20220203,   74,    0
 20794,118283,20220204,   66,    0
 20794,118283,20220205,   54,    0
 20794,118283,20220206,   68,    0
 20794,118283,20220207,   58,    0
 20794,118283,20220208,   88,    0
 20794,118283,20220209,   95,    0
 20794,118283,20220210,   61,    0
 20794,118283,20220211,   40,    0
 20794,118283,20220212,   21,    0
 20794,118283,20220213,   56,    0
 20794,118283,20220214,   93,    0
 20794,118283,20220215,   71,    0
 20794,118283,20220216,  110,    0
 20794,118283,20220217,  105,    0
 20794,118283,20220218,   91,    0
 20794,118283,20220219,   61,    0
 20794,118283,20220220,   81,    0
 20794,118283,20220221,   62,    0
 20794,118283,20220222,   69,    0
 20794,118283,20220223,   74,    0
 20794,118283,20220224,   60,    0
 20794,118283,20220225,   44,    0
 20794,118283,20220226,   31,    0
 20794,118283,20220227,   47,    0
 20794,118283,20220228,   43,    0
 20794,118283,20220301,   51,    0
 20794,118283,20220302,   58,    0
 20794,118283,20220303,   52,    0
 20794,118283,20220304,   57,    0
 20794,118283,20220305,   41,    0
 20794,118283,20220306,   25,    0
 20794,118283,20220307,   22,    0
 20794,118283,20220308,   49,    0
 20794,118283,20220309,   76,    0
 20794,118283,20220310,   92,    0
 20794,118283,20220311,  112,    0
 20794,118283,20220312,  118,    0
 20794,118283,20220313,  120,    0
 20794,118283,20220314,   97,    0
 20794,118283,20220315,   79,    0
 20794,118283,20220316,   89,    0
 20794,118283,20220317,   87,    0
 20794,118283,20220318,   79,    0
 20794,118283,20220319,   95,    0
 20794,118283,20220320,   53,    0
 20794,118283,20220321,   91,    0
 20794,118283,20220322,  122,    0
 20794,118283,20220323,  109,    0
 20794,118283,20220324,  111,    0
 20794,118283,20220325,  115,    0
 20794,118283,20220326,  123,    0
 20794,118283,20220327,-9999,    9
 20794,118283,20220328,  110,    0
 20794,118283,20220329,  104,    0
 20794,118283,20220330,   91,    0
 20794,118283,20220331,   44,    0
 20794,118283,20220401,   18,    0
 20794,118283,20220402,   32,    0
 20794,118283,20220403,   34,    0
 20794,118283,20220404,   44,    0
 20794,118283,20220405,  106,    0
 20794,118283,20220406,   98,    0
 20794,118283,20220407,  105,    0
 20794,118283,20220408,   64,    0
 20794,118283,20220409,   61,    0
 20794,118283,20220410,   76,    0
 20794,118283,20220411,  111,    0
 20794,118283,20220412,  148,    0
 20794,118283,20220413,  131,    0
 20794,118283,20220414,  134,    0
 20794,118283,20220415,  100,    0
 20794,118283,20220416,  117,    0
 20794,118283,20220417,  126,    0
 20794,118283,20220418,  133,    0
 20794,118283,20220419,  129,    0
 20794,118283,20220420,  134,    0
 20794,118283,20220421,  135,    0
 20794,118283,20220422,  124,    0
 20794,118283,20220423,  144,    0
 20794,118283,20220424,  144,    0
 20794,118283,20220425,   96,    0
 20794,118283,20220426,  110,    0
 20794,118283,20220427,  112,    0
 20794,118283,20220428,  120,    0
 20794,118283,20220429,  109,    0
 20794,118283,20220430,   91,    0
 20794,118283,20220501,  108,    0
 20794,118283,20220502,  128,    0
 20794,118283,20220503,  127,    0
 20794,118283,20220504,  130,    0
 20794,118283,20220505,  140,    0
 20794,118283,20220506,  147,    0
 20794,118283,20220507,  156,    0
 20794,118283,20220508,  153,    0
 20794,118283,20220509,  173,    0
 20794,118283,20220510,  187,    0
 20794,118283,20220511,  192,    0
 20794,118283,20220512,  158,    0
 20794,118283,20220513,  146,    0
 20794,118283,20220514,  168,    0
 20794,118283,20220515,  205,    0
 20794,118283,20220516,  201,    0
 20794,118283,20220517,  200,    0
 20794,118283,20220518,  221,    0
 20794,118283,20220519,  194,    0
 20794,118283,20220520,  152,    0
 20794,118283,20220521,  153,    0
 20794,118283,20220522,  177,    0
 20794,118283,20220523,  174,    0
 20794,118283,20220524,  138,    0
 20794,118283,20220525,  139,    0
 20794,118283,20220526,  163,    0
 20794,118283,20220527,  154,    0
 20794,118283,20220528,  132,    0
 20794,118283,20220529,  104,    0
 20794,118283,20220530,  121,    0
 20794,118283,20220531,  147,    0
 20794,118283,20220601,  124,    0
 20794,118283,20220602,  148,    0
 20794,118283,20220603,  191,    0
 20794,118283,20220604,  197,    0
 20794,118283,20220605,  174,    0
 20794,118283,20220606,  156,    0
 20794,118283,20220607,  151,    0
 20794,118283,20220608,  149,    0
 20794,118283,20220609,  163,    0
 20794,118283,20220610,  188,    0
 20794,118283,20220611,  193,    0
 20794,118283,20220612,  172,    0
 20794,118283,20220613,  160,    0
 20794,118283,20220614,  166,    0
 20794,118283,20220615,  204,    0
 20794,118283,20220616,  207,    0
 20794,118283,20220617,  235,    0
 20794,118283,20220618,  261,    0
 20794,118283,20220619,  166,    0
 20794,118283,20220620,  174,    0
 20794,118283,20220621,  162,    0
 20794,118283,20220622,  204,    0
 20794,118283,20220623,  244,    0
 20794,118283,20220624,  191,    0
 20794,118283,20220625,  185,    0
 20794,118283,20220626,  175,    0
 20794,118283,20220627,  169,    0
 20794,118283,20220628,  185,    0
 20794,118283,20220629,  221,    0
 20794,118283,20220630,  170,    0
 20794,118283,20220701,  160,    0
 20794,118283,20220702,  187,    0
 20794,118283,20220703,  182,    0
 20794,118283,20220704,  182,    0
 20794,118283,20220705,  173,    0
 20794,118283,20220706,  172,    0
 20794,118283,20220707,  173,    0
 20794,118283,20220708,  188,    0
 20794,118283,20220709,  187,    0
 20794,118283,20220710,  178,    0
 20794,118283,20220711,  198,    0
 20794,118283,20220712,  221,    0
 20794,118283,20220713,  238,    0
 20794,118283,20220714,  201,    0
 20794,118283,20220715,  182,    0
 20794,118283,20220716,  189,    0
 20794,118283,20220717,  202,    0
 20794,118283,20220718,  249,    0
 20794,118283,20220719,  289,    0
 20794,118283,20220720,  234,    0
 20794,118283,20220721,  174,    0
 20794,118283,20220722,  183,    0
 20794,118283,20220723,  208,    0
 20794,118283,20220724,  235,    0
 20794,118283,20220725,  221,    0
 20794,118283,20220726,  182,    0
 20794,118283,20220727,  170,    0
 20794,118283,20220728,  188,    0
 20794,118283,20220729,  214,    0
 20794,118283,20220730,  207,    0
 20794,118283,20220731,  213,    0
 20794,118283,20220801,  219,    0
 20794,118283,20220802,  228,    0
 20794,118283,20220803,  254,    0
 20794,118283,20220804,  235,    0
 20794,118283,20220805,  197,    0
 20794,118283,20220806,  169,    0
 20794,118283,20220807,  195,    0
 20794,118283,20220808,  198,    0
 20794,118283,20220809,  216,    0
 20794,118283,20220810,  238,    0
 20794,118283,20220811,  255,    0
 20794,118283,20220812,  260,    0
 20794,118283,20220813,  259,    0
 20794,118283,20220814,  256,    0
 20794,118283,20220815,  219,    0
 20794,118283,20220816,  225,    0
 20794,118283,20220817,  201,    0
 20794,118283,20220818,  211,    0
 20794,118283,20220819,  195,    0
 20794,118283,20220820,  196,    0
 20794,118283,20220821,  184,    0
 20794,118283,20220822,  210,    0
 20794,118283,20220823,  227,    0
 20794,118283,20220824,  247,    0
 20794,118283,20220825,  262,    0
 20794,118283,20220826,  200,    0
 20794,118283,20220827,  183,    0
 20794,118283,20220828,  189,    0
 20794,118283,20220829,  183,    0
 20794,118283,20220830,  202,    0
 20794,118283,20220831,  200,    0
 20794,118283,20220901,  207,    0
 20794,118283,20220902,  216,    0
 20794,118283,20220903,  212,    0
 20794,118283,20220904,  212,    0
 20794,118283,20220905,  227,    0
 20794,118283,20220906,  217,    0
 20794,118283,20220907,  203,    0
 20794,118283,20220908,  175,    0
 20794,118283,20220909,  153,    0
 20794,118283,20220910,  164,    0
 20794,118283,20220911,  166,    0
 20794,118283,20220912,  184,    0
 20794,118283,20220913,  202,    0
 20794,118283,20220914,  142,    0
 20794,118283,20220915,  146,    0
 20794,118283,20220916,  121,    0
 20794,118283,20220917,  117,    0
 20794,118283,20220918,  111,    0
 20794,118283,20220919,  124,    0
 20794,118283,20220920,  127,    0
 20794,118283,20220921,  118,    0
 20794,118283,20220922,  123,    0
 20794,118283,20220923,  127,    0
 20794,118283,20220924,  125,    0
 20794,118283,20220925,  129,    0
 20794,118283,20220926,  110,    0
 20794,118283,20220927,   91,    0
 20794,118283,20220928,   97,    0
 20794,118283,20220929,  101,    0
 20794,118283,20220930,  110,    0
 20794,118283,20221001,  144,    0
 20794,118283,20221002,  141,    0
 20794,118283,20221003,  119,    0
 20794,118283,20221004,  131,    0
 20794,118283,20221005,  163,    0
 20794,118283,20221006,  132,    0
 20794,118283,20221007,  123,    0
 20794,118283,20221008,  120,    0
 20794,118283,20221009,  107,    0
 20794,118283,20221010,  112,    0
 20794,118283,20221011,   99,    0
 20794,118283,20221012,   95,    0
 20794,118283,20221013,  126,    0
 20794,118283,20221014,  139,    0
 20794,118283,20221015,  144,    0
 20794,118283,20221016,  148,    0
 20794,118283,20221017,  159,    0
 20794,118283,20221018,  158,    0
 20794,118283,20221019,  120,    0
 20794,118283,20221020,  145,    0
 20794,118283,20221021,  159,    0
 20794,118283,20221022,  149,    0
 20794,118283,20221023,  157,    0
 20794,118283,20221024,  159,    0
 20794,118283,20221025,  140,    0
 20794,118283,20221026,  161,    0
 20794,118283,20221027,  168,    0
 20794,118283,20221028,  175,    0
 20794,118283,20221029,  175,    0
 20794,118283,20221030,-9999,    9
 20794,118283,20221031,  141,    0
