EUROPEAN CLIMATE ASSESSMENT & DATASET (ECA&D), file created on: 16-11-2022
THESE DATA CAN BE USED FOR NON-COMMERCIAL RESEARCH AND EDUCATION PROVIDED THAT THE FOLLOWING SOURCE IS ACKNOWLEDGED: 

Klein Tank, A.M.G. and Coauthors, 2002. Daily dataset of 20th-century surface
air temperature and precipitation series for the European Climate Assessment.
Int. J. of Climatol., 22, 1441-1453.
Data and metadata available at http://www.ecad.eu

FILE FORMAT (MISSING VALUE CODE = -9999):

01-06 STAID: Station identifier
08-13 SOUID: Source identifier
15-22 DATE : Date YYYYMMDD
24-28 TG   : Mean temperature in 0.1 &#176;C
30-34 Q_TG : quality code for TG (0='valid'; 1='suspect'; 9='missing')

This is the blended series of station RV36 SELJORD, NORWAY (STAID: 18627)
Blended and updated with sources:99591 
See files sources.txt and stations.txt for more info.

STAID, SOUID,    DATE,   TG, Q_TG
 18627, 99591,20150601,-9999,    9
 18627, 99591,20150602,-9999,    9
 18627, 99591,20150603,   98,    0
 18627, 99591,20150604,-9999,    9
 18627, 99591,20150605,-9999,    9
 18627, 99591,20150606,  123,    0
 18627, 99591,20150607,-9999,    9
 18627, 99591,20150608,  113,    0
 18627, 99591,20150609,  133,    0
 18627, 99591,20150610,  123,    0
 18627, 99591,20150611,-9999,    9
 18627, 99591,20150612,-9999,    9
 18627, 99591,20150613,  149,    0
 18627, 99591,20150614,-9999,    9
 18627, 99591,20150615,  113,    0
 18627, 99591,20150616,  140,    0
 18627, 99591,20150617,-9999,    9
 18627, 99591,20150618,-9999,    9
 18627, 99591,20150619,-9999,    9
 18627, 99591,20150620,-9999,    9
 18627, 99591,20150621,  161,    0
 18627, 99591,20150622,-9999,    9
 18627, 99591,20150623,-9999,    9
 18627, 99591,20150624,-9999,    9
 18627, 99591,20150625,-9999,    9
 18627, 99591,20150626,-9999,    9
 18627, 99591,20150627,-9999,    9
 18627, 99591,20150628,-9999,    9
 18627, 99591,20150629,-9999,    9
 18627, 99591,20150630,-9999,    9
 18627, 99591,20150701,-9999,    9
 18627, 99591,20150702,-9999,    9
 18627, 99591,20150703,-9999,    9
 18627, 99591,20150704,-9999,    9
 18627, 99591,20150705,-9999,    9
 18627, 99591,20150706,-9999,    9
 18627, 99591,20150707,-9999,    9
 18627, 99591,20150708,-9999,    9
 18627, 99591,20150709,-9999,    9
 18627, 99591,20150710,-9999,    9
 18627, 99591,20150711,-9999,    9
 18627, 99591,20150712,-9999,    9
 18627, 99591,20150713,-9999,    9
 18627, 99591,20150714,-9999,    9
 18627, 99591,20150715,-9999,    9
 18627, 99591,20150716,-9999,    9
 18627, 99591,20150717,-9999,    9
 18627, 99591,20150718,-9999,    9
 18627, 99591,20150719,-9999,    9
 18627, 99591,20150720,-9999,    9
 18627, 99591,20150721,-9999,    9
 18627, 99591,20150722,-9999,    9
 18627, 99591,20150723,-9999,    9
 18627, 99591,20150724,-9999,    9
 18627, 99591,20150725,-9999,    9
 18627, 99591,20150726,-9999,    9
 18627, 99591,20150727,-9999,    9
 18627, 99591,20150728,-9999,    9
 18627, 99591,20150729,-9999,    9
 18627, 99591,20150730,-9999,    9
 18627, 99591,20150731,-9999,    9
 18627, 99591,20150801,-9999,    9
 18627, 99591,20150802,-9999,    9
 18627, 99591,20150803,-9999,    9
 18627, 99591,20150804,-9999,    9
 18627, 99591,20150805,-9999,    9
 18627, 99591,20150806,-9999,    9
 18627, 99591,20150807,-9999,    9
 18627, 99591,20150808,-9999,    9
 18627, 99591,20150809,-9999,    9
 18627, 99591,20150810,-9999,    9
 18627, 99591,20150811,-9999,    9
 18627, 99591,20150812,-9999,    9
 18627, 99591,20150813,-9999,    9
 18627, 99591,20150814,-9999,    9
 18627, 99591,20150815,-9999,    9
 18627, 99591,20150816,-9999,    9
 18627, 99591,20150817,-9999,    9
 18627, 99591,20150818,-9999,    9
 18627, 99591,20150819,-9999,    9
 18627, 99591,20150820,-9999,    9
 18627, 99591,20150821,-9999,    9
 18627, 99591,20150822,-9999,    9
 18627, 99591,20150823,-9999,    9
 18627, 99591,20150824,-9999,    9
 18627, 99591,20150825,-9999,    9
 18627, 99591,20150826,-9999,    9
 18627, 99591,20150827,-9999,    9
 18627, 99591,20150828,-9999,    9
 18627, 99591,20150829,-9999,    9
 18627, 99591,20150830,-9999,    9
 18627, 99591,20150831,-9999,    9
 18627, 99591,20150901,-9999,    9
 18627, 99591,20150902,-9999,    9
 18627, 99591,20150903,-9999,    9
 18627, 99591,20150904,-9999,    9
 18627, 99591,20150905,-9999,    9
 18627, 99591,20150906,-9999,    9
 18627, 99591,20150907,-9999,    9
 18627, 99591,20150908,-9999,    9
 18627, 99591,20150909,-9999,    9
 18627, 99591,20150910,-9999,    9
 18627, 99591,20150911,-9999,    9
 18627, 99591,20150912,-9999,    9
 18627, 99591,20150913,-9999,    9
 18627, 99591,20150914,-9999,    9
 18627, 99591,20150915,-9999,    9
 18627, 99591,20150916,-9999,    9
 18627, 99591,20150917,-9999,    9
 18627, 99591,20150918,-9999,    9
 18627, 99591,20150919,-9999,    9
 18627, 99591,20150920,-9999,    9
 18627, 99591,20150921,-9999,    9
 18627, 99591,20150922,-9999,    9
 18627, 99591,20150923,-9999,    9
 18627, 99591,20150924,-9999,    9
 18627, 99591,20150925,-9999,    9
 18627, 99591,20150926,-9999,    9
 18627, 99591,20150927,-9999,    9
 18627, 99591,20150928,-9999,    9
 18627, 99591,20150929,-9999,    9
 18627, 99591,20150930,-9999,    9
 18627, 99591,20151001,-9999,    9
 18627, 99591,20151002,-9999,    9
 18627, 99591,20151003,-9999,    9
 18627, 99591,20151004,-9999,    9
 18627, 99591,20151005,-9999,    9
 18627, 99591,20151006,-9999,    9
 18627, 99591,20151007,-9999,    9
 18627, 99591,20151008,-9999,    9
 18627, 99591,20151009,   56,    0
 18627, 99591,20151010,   63,    0
 18627, 99591,20151011,   62,    0
 18627, 99591,20151012,   60,    0
 18627, 99591,20151013,   46,    0
 18627, 99591,20151014,   33,    0
 18627, 99591,20151015,   30,    0
 18627, 99591,20151016,   32,    0
 18627, 99591,20151017,   39,    0
 18627, 99591,20151018,   40,    0
 18627, 99591,20151019,   33,    0
 18627, 99591,20151020,   34,    0
 18627, 99591,20151021,   32,    0
 18627, 99591,20151022,   83,    0
 18627, 99591,20151023,-9999,    9
 18627, 99591,20151024,-9999,    9
 18627, 99591,20151025,   49,    0
 18627, 99591,20151026,   38,    0
 18627, 99591,20151027,   28,    0
 18627, 99591,20151028,   43,    0
 18627, 99591,20151029,-9999,    9
 18627, 99591,20151030,-9999,    9
 18627, 99591,20151031,   68,    0
 18627, 99591,20151101,   45,    0
 18627, 99591,20151102,   46,    0
 18627, 99591,20151103,   32,    0
 18627, 99591,20151104,   36,    0
 18627, 99591,20151105,-9999,    9
 18627, 99591,20151106,-9999,    9
 18627, 99591,20151107,   76,    0
 18627, 99591,20151108,   60,    0
 18627, 99591,20151109,   49,    0
 18627, 99591,20151110,   49,    0
 18627, 99591,20151111,-9999,    9
 18627, 99591,20151112,   30,    0
 18627, 99591,20151113,   40,    0
 18627, 99591,20151114,    5,    0
 18627, 99591,20151115,    0,    0
 18627, 99591,20151116,    1,    0
 18627, 99591,20151117,    6,    0
 18627, 99591,20151118,   11,    0
 18627, 99591,20151119,   14,    0
 18627, 99591,20151120,  -31,    0
 18627, 99591,20151121,-9999,    9
 18627, 99591,20151122,  -43,    0
 18627, 99591,20151123,  -21,    0
 18627, 99591,20151124,   -3,    0
 18627, 99591,20151125,  -15,    0
 18627, 99591,20151126,  -13,    0
 18627, 99591,20151127,   38,    0
 18627, 99591,20151128,   20,    0
 18627, 99591,20151129,   11,    0
 18627, 99591,20151130,    5,    0
 18627, 99591,20151201,   23,    0
 18627, 99591,20151202,    2,    0
 18627, 99591,20151203,  -18,    0
 18627, 99591,20151204,   12,    0
 18627, 99591,20151205,   32,    0
 18627, 99591,20151206,   38,    0
 18627, 99591,20151207,   18,    0
 18627, 99591,20151208,   11,    0
 18627, 99591,20151209,   22,    0
 18627, 99591,20151210,   35,    0
 18627, 99591,20151211,  -17,    0
 18627, 99591,20151212,  -13,    0
 18627, 99591,20151213,  -21,    0
 18627, 99591,20151214,  -43,    0
 18627, 99591,20151215,  -59,    0
 18627, 99591,20151216,  -26,    0
 18627, 99591,20151217,   -1,    0
 18627, 99591,20151218,    2,    0
 18627, 99591,20151219,   14,    0
 18627, 99591,20151220,-9999,    9
 18627, 99591,20151221,-9999,    9
 18627, 99591,20151222,-9999,    9
 18627, 99591,20151223,   -1,    0
 18627, 99591,20151224,   36,    0
 18627, 99591,20151225,   17,    0
 18627, 99591,20151226,  -34,    0
 18627, 99591,20151227,  -40,    0
 18627, 99591,20151228,  -52,    0
 18627, 99591,20151229,  -10,    0
 18627, 99591,20151230,   27,    0
 18627, 99591,20151231,   15,    0
 18627, 99591,20160101,-9999,    9
 18627, 99591,20160102,-9999,    9
 18627, 99591,20160103,-9999,    9
 18627, 99591,20160104,-9999,    9
 18627, 99591,20160105,-9999,    9
 18627, 99591,20160106,-9999,    9
 18627, 99591,20160107,-9999,    9
 18627, 99591,20160108,-9999,    9
 18627, 99591,20160109,-9999,    9
 18627, 99591,20160110,-9999,    9
 18627, 99591,20160111,-9999,    9
 18627, 99591,20160112,-9999,    9
 18627, 99591,20160113,-9999,    9
 18627, 99591,20160114,-9999,    9
 18627, 99591,20160115,-9999,    9
 18627, 99591,20160116,-9999,    9
 18627, 99591,20160117,-9999,    9
 18627, 99591,20160118,-9999,    9
 18627, 99591,20160119,-9999,    9
 18627, 99591,20160120,-9999,    9
 18627, 99591,20160121,-9999,    9
 18627, 99591,20160122,-9999,    9
 18627, 99591,20160123,-9999,    9
 18627, 99591,20160124,-9999,    9
 18627, 99591,20160125,-9999,    9
 18627, 99591,20160126,-9999,    9
 18627, 99591,20160127,-9999,    9
 18627, 99591,20160128,-9999,    9
 18627, 99591,20160129,-9999,    9
 18627, 99591,20160130,-9999,    9
 18627, 99591,20160131,-9999,    9
 18627, 99591,20160201,-9999,    9
 18627, 99591,20160202,-9999,    9
 18627, 99591,20160203,-9999,    9
 18627, 99591,20160204,-9999,    9
 18627, 99591,20160205,-9999,    9
 18627, 99591,20160206,-9999,    9
 18627, 99591,20160207,-9999,    9
 18627, 99591,20160208,-9999,    9
 18627, 99591,20160209,-9999,    9
 18627, 99591,20160210,-9999,    9
 18627, 99591,20160211,-9999,    9
 18627, 99591,20160212,-9999,    9
 18627, 99591,20160213,-9999,    9
 18627, 99591,20160214,-9999,    9
 18627, 99591,20160215,-9999,    9
 18627, 99591,20160216,-9999,    9
 18627, 99591,20160217,-9999,    9
 18627, 99591,20160218,-9999,    9
 18627, 99591,20160219,-9999,    9
 18627, 99591,20160220,-9999,    9
 18627, 99591,20160221,-9999,    9
 18627, 99591,20160222,-9999,    9
 18627, 99591,20160223,-9999,    9
 18627, 99591,20160224,-9999,    9
 18627, 99591,20160225,-9999,    9
 18627, 99591,20160226,-9999,    9
 18627, 99591,20160227,-9999,    9
 18627, 99591,20160228,-9999,    9
 18627, 99591,20160229,-9999,    9
 18627, 99591,20160301,-9999,    9
 18627, 99591,20160302,-9999,    9
 18627, 99591,20160303,-9999,    9
 18627, 99591,20160304,-9999,    9
 18627, 99591,20160305,-9999,    9
 18627, 99591,20160306,-9999,    9
 18627, 99591,20160307,-9999,    9
 18627, 99591,20160308,-9999,    9
 18627, 99591,20160309,-9999,    9
 18627, 99591,20160310,-9999,    9
 18627, 99591,20160311,-9999,    9
 18627, 99591,20160312,-9999,    9
 18627, 99591,20160313,-9999,    9
 18627, 99591,20160314,-9999,    9
 18627, 99591,20160315,-9999,    9
 18627, 99591,20160316,-9999,    9
 18627, 99591,20160317,-9999,    9
 18627, 99591,20160318,-9999,    9
 18627, 99591,20160319,-9999,    9
 18627, 99591,20160320,-9999,    9
 18627, 99591,20160321,-9999,    9
 18627, 99591,20160322,-9999,    9
 18627, 99591,20160323,-9999,    9
 18627, 99591,20160324,-9999,    9
 18627, 99591,20160325,-9999,    9
 18627, 99591,20160326,-9999,    9
 18627, 99591,20160327,-9999,    9
 18627, 99591,20160328,-9999,    9
 18627, 99591,20160329,-9999,    9
 18627, 99591,20160330,-9999,    9
 18627, 99591,20160331,-9999,    9
 18627, 99591,20160401,-9999,    9
 18627, 99591,20160402,-9999,    9
 18627, 99591,20160403,-9999,    9
 18627, 99591,20160404,-9999,    9
 18627, 99591,20160405,-9999,    9
 18627, 99591,20160406,-9999,    9
 18627, 99591,20160407,-9999,    9
 18627, 99591,20160408,-9999,    9
 18627, 99591,20160409,-9999,    9
 18627, 99591,20160410,-9999,    9
 18627, 99591,20160411,-9999,    9
 18627, 99591,20160412,-9999,    9
 18627, 99591,20160413,-9999,    9
 18627, 99591,20160414,-9999,    9
 18627, 99591,20160415,-9999,    9
 18627, 99591,20160416,-9999,    9
 18627, 99591,20160417,-9999,    9
 18627, 99591,20160418,-9999,    9
 18627, 99591,20160419,-9999,    9
 18627, 99591,20160420,-9999,    9
 18627, 99591,20160421,-9999,    9
 18627, 99591,20160422,-9999,    9
 18627, 99591,20160423,-9999,    9
 18627, 99591,20160424,-9999,    9
 18627, 99591,20160425,-9999,    9
 18627, 99591,20160426,-9999,    9
 18627, 99591,20160427,-9999,    9
 18627, 99591,20160428,-9999,    9
 18627, 99591,20160429,-9999,    9
 18627, 99591,20160430,-9999,    9
 18627, 99591,20160501,-9999,    9
 18627, 99591,20160502,-9999,    9
 18627, 99591,20160503,-9999,    9
 18627, 99591,20160504,-9999,    9
 18627, 99591,20160505,-9999,    9
 18627, 99591,20160506,-9999,    9
 18627, 99591,20160507,-9999,    9
 18627, 99591,20160508,-9999,    9
 18627, 99591,20160509,-9999,    9
 18627, 99591,20160510,-9999,    9
 18627, 99591,20160511,-9999,    9
 18627, 99591,20160512,-9999,    9
 18627, 99591,20160513,-9999,    9
 18627, 99591,20160514,-9999,    9
 18627, 99591,20160515,-9999,    9
 18627, 99591,20160516,-9999,    9
 18627, 99591,20160517,-9999,    9
 18627, 99591,20160518,-9999,    9
 18627, 99591,20160519,-9999,    9
 18627, 99591,20160520,-9999,    9
 18627, 99591,20160521,-9999,    9
 18627, 99591,20160522,-9999,    9
 18627, 99591,20160523,-9999,    9
 18627, 99591,20160524,-9999,    9
 18627, 99591,20160525,-9999,    9
 18627, 99591,20160526,-9999,    9
 18627, 99591,20160527,-9999,    9
 18627, 99591,20160528,-9999,    9
 18627, 99591,20160529,-9999,    9
 18627, 99591,20160530,-9999,    9
 18627, 99591,20160531,-9999,    9
 18627, 99591,20160601,-9999,    9
 18627, 99591,20160602,-9999,    9
 18627, 99591,20160603,-9999,    9
 18627, 99591,20160604,-9999,    9
 18627, 99591,20160605,-9999,    9
 18627, 99591,20160606,-9999,    9
 18627, 99591,20160607,-9999,    9
 18627, 99591,20160608,-9999,    9
 18627, 99591,20160609,-9999,    9
 18627, 99591,20160610,-9999,    9
 18627, 99591,20160611,-9999,    9
 18627, 99591,20160612,-9999,    9
 18627, 99591,20160613,-9999,    9
 18627, 99591,20160614,-9999,    9
 18627, 99591,20160615,-9999,    9
 18627, 99591,20160616,-9999,    9
 18627, 99591,20160617,-9999,    9
 18627, 99591,20160618,-9999,    9
 18627, 99591,20160619,-9999,    9
 18627, 99591,20160620,-9999,    9
 18627, 99591,20160621,-9999,    9
 18627, 99591,20160622,-9999,    9
 18627, 99591,20160623,-9999,    9
 18627, 99591,20160624,-9999,    9
 18627, 99591,20160625,-9999,    9
 18627, 99591,20160626,-9999,    9
 18627, 99591,20160627,-9999,    9
 18627, 99591,20160628,-9999,    9
 18627, 99591,20160629,-9999,    9
 18627, 99591,20160630,-9999,    9
 18627, 99591,20160701,-9999,    9
 18627, 99591,20160702,-9999,    9
 18627, 99591,20160703,-9999,    9
 18627, 99591,20160704,-9999,    9
 18627, 99591,20160705,-9999,    9
 18627, 99591,20160706,-9999,    9
 18627, 99591,20160707,-9999,    9
 18627, 99591,20160708,-9999,    9
 18627, 99591,20160709,-9999,    9
 18627, 99591,20160710,-9999,    9
 18627, 99591,20160711,-9999,    9
 18627, 99591,20160712,-9999,    9
 18627, 99591,20160713,-9999,    9
 18627, 99591,20160714,-9999,    9
 18627, 99591,20160715,-9999,    9
 18627, 99591,20160716,-9999,    9
 18627, 99591,20160717,-9999,    9
 18627, 99591,20160718,-9999,    9
 18627, 99591,20160719,-9999,    9
 18627, 99591,20160720,-9999,    9
 18627, 99591,20160721,-9999,    9
 18627, 99591,20160722,-9999,    9
 18627, 99591,20160723,-9999,    9
 18627, 99591,20160724,-9999,    9
 18627, 99591,20160725,-9999,    9
 18627, 99591,20160726,-9999,    9
 18627, 99591,20160727,-9999,    9
 18627, 99591,20160728,-9999,    9
 18627, 99591,20160729,-9999,    9
 18627, 99591,20160730,-9999,    9
 18627, 99591,20160731,-9999,    9
 18627, 99591,20160801,-9999,    9
 18627, 99591,20160802,-9999,    9
 18627, 99591,20160803,-9999,    9
 18627, 99591,20160804,-9999,    9
 18627, 99591,20160805,-9999,    9
 18627, 99591,20160806,-9999,    9
 18627, 99591,20160807,-9999,    9
 18627, 99591,20160808,-9999,    9
 18627, 99591,20160809,-9999,    9
 18627, 99591,20160810,-9999,    9
 18627, 99591,20160811,-9999,    9
 18627, 99591,20160812,-9999,    9
 18627, 99591,20160813,-9999,    9
 18627, 99591,20160814,-9999,    9
 18627, 99591,20160815,-9999,    9
 18627, 99591,20160816,-9999,    9
 18627, 99591,20160817,-9999,    9
 18627, 99591,20160818,-9999,    9
 18627, 99591,20160819,-9999,    9
 18627, 99591,20160820,-9999,    9
 18627, 99591,20160821,-9999,    9
 18627, 99591,20160822,-9999,    9
 18627, 99591,20160823,-9999,    9
 18627, 99591,20160824,-9999,    9
 18627, 99591,20160825,-9999,    9
 18627, 99591,20160826,-9999,    9
 18627, 99591,20160827,-9999,    9
 18627, 99591,20160828,-9999,    9
 18627, 99591,20160829,-9999,    9
 18627, 99591,20160830,-9999,    9
 18627, 99591,20160831,-9999,    9
 18627, 99591,20160901,-9999,    9
 18627, 99591,20160902,-9999,    9
 18627, 99591,20160903,-9999,    9
 18627, 99591,20160904,-9999,    9
 18627, 99591,20160905,-9999,    9
 18627, 99591,20160906,-9999,    9
 18627, 99591,20160907,-9999,    9
 18627, 99591,20160908,-9999,    9
 18627, 99591,20160909,-9999,    9
 18627, 99591,20160910,-9999,    9
 18627, 99591,20160911,-9999,    9
 18627, 99591,20160912,-9999,    9
 18627, 99591,20160913,-9999,    9
 18627, 99591,20160914,-9999,    9
 18627, 99591,20160915,-9999,    9
 18627, 99591,20160916,-9999,    9
 18627, 99591,20160917,-9999,    9
 18627, 99591,20160918,-9999,    9
 18627, 99591,20160919,-9999,    9
 18627, 99591,20160920,-9999,    9
 18627, 99591,20160921,-9999,    9
 18627, 99591,20160922,-9999,    9
 18627, 99591,20160923,-9999,    9
 18627, 99591,20160924,-9999,    9
 18627, 99591,20160925,-9999,    9
 18627, 99591,20160926,-9999,    9
 18627, 99591,20160927,-9999,    9
 18627, 99591,20160928,-9999,    9
 18627, 99591,20160929,-9999,    9
 18627, 99591,20160930,-9999,    9
 18627, 99591,20161001,-9999,    9
 18627, 99591,20161002,-9999,    9
 18627, 99591,20161003,-9999,    9
 18627, 99591,20161004,-9999,    9
 18627, 99591,20161005,-9999,    9
 18627, 99591,20161006,-9999,    9
 18627, 99591,20161007,-9999,    9
 18627, 99591,20161008,-9999,    9
 18627, 99591,20161009,-9999,    9
 18627, 99591,20161010,-9999,    9
 18627, 99591,20161011,-9999,    9
 18627, 99591,20161012,-9999,    9
 18627, 99591,20161013,-9999,    9
 18627, 99591,20161014,-9999,    9
 18627, 99591,20161015,-9999,    9
 18627, 99591,20161016,-9999,    9
 18627, 99591,20161017,-9999,    9
 18627, 99591,20161018,-9999,    9
 18627, 99591,20161019,-9999,    9
 18627, 99591,20161020,-9999,    9
 18627, 99591,20161021,-9999,    9
 18627, 99591,20161022,-9999,    9
 18627, 99591,20161023,-9999,    9
 18627, 99591,20161024,-9999,    9
 18627, 99591,20161025,-9999,    9
 18627, 99591,20161026,-9999,    9
 18627, 99591,20161027,-9999,    9
 18627, 99591,20161028,-9999,    9
 18627, 99591,20161029,-9999,    9
 18627, 99591,20161030,-9999,    9
 18627, 99591,20161031,-9999,    9
 18627, 99591,20161101,-9999,    9
 18627, 99591,20161102,-9999,    9
 18627, 99591,20161103,-9999,    9
 18627, 99591,20161104,-9999,    9
 18627, 99591,20161105,-9999,    9
 18627, 99591,20161106,-9999,    9
 18627, 99591,20161107,-9999,    9
 18627, 99591,20161108,-9999,    9
 18627, 99591,20161109,-9999,    9
 18627, 99591,20161110,-9999,    9
 18627, 99591,20161111,-9999,    9
 18627, 99591,20161112,-9999,    9
 18627, 99591,20161113,-9999,    9
 18627, 99591,20161114,-9999,    9
 18627, 99591,20161115,-9999,    9
 18627, 99591,20161116,-9999,    9
 18627, 99591,20161117,-9999,    9
 18627, 99591,20161118,-9999,    9
 18627, 99591,20161119,-9999,    9
 18627, 99591,20161120,-9999,    9
 18627, 99591,20161121,-9999,    9
 18627, 99591,20161122,-9999,    9
 18627, 99591,20161123,-9999,    9
 18627, 99591,20161124,-9999,    9
 18627, 99591,20161125,-9999,    9
 18627, 99591,20161126,-9999,    9
 18627, 99591,20161127,-9999,    9
 18627, 99591,20161128,-9999,    9
 18627, 99591,20161129,-9999,    9
 18627, 99591,20161130,-9999,    9
 18627, 99591,20161201,-9999,    9
 18627, 99591,20161202,-9999,    9
 18627, 99591,20161203,-9999,    9
 18627, 99591,20161204,-9999,    9
 18627, 99591,20161205,-9999,    9
 18627, 99591,20161206,-9999,    9
 18627, 99591,20161207,-9999,    9
 18627, 99591,20161208,-9999,    9
 18627, 99591,20161209,-9999,    9
 18627, 99591,20161210,-9999,    9
 18627, 99591,20161211,-9999,    9
 18627, 99591,20161212,-9999,    9
 18627, 99591,20161213,-9999,    9
 18627, 99591,20161214,-9999,    9
 18627, 99591,20161215,-9999,    9
 18627, 99591,20161216,-9999,    9
 18627, 99591,20161217,-9999,    9
 18627, 99591,20161218,-9999,    9
 18627, 99591,20161219,-9999,    9
 18627, 99591,20161220,-9999,    9
 18627, 99591,20161221,-9999,    9
 18627, 99591,20161222,-9999,    9
 18627, 99591,20161223,-9999,    9
 18627, 99591,20161224,-9999,    9
 18627, 99591,20161225,-9999,    9
 18627, 99591,20161226,-9999,    9
 18627, 99591,20161227,-9999,    9
 18627, 99591,20161228,-9999,    9
 18627, 99591,20161229,-9999,    9
 18627, 99591,20161230,-9999,    9
 18627, 99591,20161231,-9999,    9
 18627, 99591,20170101,-9999,    9
 18627, 99591,20170102,-9999,    9
 18627, 99591,20170103,-9999,    9
 18627, 99591,20170104,-9999,    9
 18627, 99591,20170105,-9999,    9
 18627, 99591,20170106,-9999,    9
 18627, 99591,20170107,-9999,    9
 18627, 99591,20170108,-9999,    9
 18627, 99591,20170109,-9999,    9
 18627, 99591,20170110,-9999,    9
 18627, 99591,20170111,-9999,    9
 18627, 99591,20170112,-9999,    9
 18627, 99591,20170113,-9999,    9
 18627, 99591,20170114,-9999,    9
 18627, 99591,20170115,-9999,    9
 18627, 99591,20170116,-9999,    9
 18627, 99591,20170117,-9999,    9
 18627, 99591,20170118,-9999,    9
 18627, 99591,20170119,-9999,    9
 18627, 99591,20170120,-9999,    9
 18627, 99591,20170121,-9999,    9
 18627, 99591,20170122,-9999,    9
 18627, 99591,20170123,-9999,    9
 18627, 99591,20170124,-9999,    9
 18627, 99591,20170125,-9999,    9
 18627, 99591,20170126,-9999,    9
 18627, 99591,20170127,-9999,    9
 18627, 99591,20170128,-9999,    9
 18627, 99591,20170129,-9999,    9
 18627, 99591,20170130,-9999,    9
 18627, 99591,20170131,-9999,    9
 18627, 99591,20170201,-9999,    9
 18627, 99591,20170202,-9999,    9
 18627, 99591,20170203,-9999,    9
 18627, 99591,20170204,-9999,    9
 18627, 99591,20170205,-9999,    9
 18627, 99591,20170206,-9999,    9
 18627, 99591,20170207,-9999,    9
 18627, 99591,20170208,-9999,    9
 18627, 99591,20170209,-9999,    9
 18627, 99591,20170210,-9999,    9
 18627, 99591,20170211,-9999,    9
 18627, 99591,20170212,-9999,    9
 18627, 99591,20170213,-9999,    9
 18627, 99591,20170214,-9999,    9
 18627, 99591,20170215,-9999,    9
 18627, 99591,20170216,-9999,    9
 18627, 99591,20170217,-9999,    9
 18627, 99591,20170218,-9999,    9
 18627, 99591,20170219,-9999,    9
 18627, 99591,20170220,-9999,    9
 18627, 99591,20170221,-9999,    9
 18627, 99591,20170222,-9999,    9
 18627, 99591,20170223,-9999,    9
 18627, 99591,20170224,-9999,    9
 18627, 99591,20170225,-9999,    9
 18627, 99591,20170226,-9999,    9
 18627, 99591,20170227,-9999,    9
 18627, 99591,20170228,-9999,    9
 18627, 99591,20170301,-9999,    9
 18627, 99591,20170302,-9999,    9
 18627, 99591,20170303,-9999,    9
 18627, 99591,20170304,-9999,    9
 18627, 99591,20170305,-9999,    9
 18627, 99591,20170306,-9999,    9
 18627, 99591,20170307,-9999,    9
 18627, 99591,20170308,-9999,    9
 18627, 99591,20170309,-9999,    9
 18627, 99591,20170310,-9999,    9
 18627, 99591,20170311,-9999,    9
 18627, 99591,20170312,-9999,    9
 18627, 99591,20170313,    5,    0
 18627, 99591,20170314,-9999,    9
 18627, 99591,20170315,-9999,    9
 18627, 99591,20170316,-9999,    9
 18627, 99591,20170317,-9999,    9
 18627, 99591,20170318,-9999,    9
 18627, 99591,20170319,-9999,    9
 18627, 99591,20170320,-9999,    9
 18627, 99591,20170321,-9999,    9
 18627, 99591,20170322,-9999,    9
 18627, 99591,20170323,-9999,    9
 18627, 99591,20170324,-9999,    9
 18627, 99591,20170325,-9999,    9
 18627, 99591,20170326,-9999,    9
 18627, 99591,20170327,-9999,    9
 18627, 99591,20170328,-9999,    9
 18627, 99591,20170329,-9999,    9
 18627, 99591,20170330,-9999,    9
 18627, 99591,20170331,-9999,    9
 18627, 99591,20170401,-9999,    9
 18627, 99591,20170402,-9999,    9
 18627, 99591,20170403,   75,    0
 18627, 99591,20170404,   52,    0
 18627, 99591,20170405,-9999,    9
 18627, 99591,20170406,   89,    0
 18627, 99591,20170407,   93,    0
 18627, 99591,20170408,   85,    0
 18627, 99591,20170409,   87,    0
 18627, 99591,20170410,   78,    0
 18627, 99591,20170411,   54,    0
 18627, 99591,20170412,   61,    0
 18627, 99591,20170413,   32,    0
 18627, 99591,20170414,   32,    0
 18627, 99591,20170415,   13,    0
 18627, 99591,20170416,   15,    0
 18627, 99591,20170417,   16,    0
 18627, 99591,20170418,   32,    0
 18627, 99591,20170419,   41,    0
 18627, 99591,20170420,   75,    0
 18627, 99591,20170421,   64,    0
 18627, 99591,20170422,   62,    0
 18627, 99591,20170423,   46,    0
 18627, 99591,20170424,   25,    0
 18627, 99591,20170425,   38,    0
 18627, 99591,20170426,-9999,    9
 18627, 99591,20170427,-9999,    9
 18627, 99591,20170428,   22,    0
 18627, 99591,20170429,   44,    0
 18627, 99591,20170430,   54,    0
 18627, 99591,20170501,   61,    0
 18627, 99591,20170502,   99,    0
 18627, 99591,20170503,  105,    0
 18627, 99591,20170504,  108,    0
 18627, 99591,20170505,  130,    0
 18627, 99591,20170506,  145,    0
 18627, 99591,20170507,  100,    0
 18627, 99591,20170508,   74,    0
 18627, 99591,20170509,   63,    0
 18627, 99591,20170510,   28,    0
 18627, 99591,20170511,   50,    0
 18627, 99591,20170512,   57,    0
 18627, 99591,20170513,   63,    0
 18627, 99591,20170514,   92,    0
 18627, 99591,20170515,  112,    0
 18627, 99591,20170516,   85,    0
 18627, 99591,20170517,  129,    0
 18627, 99591,20170518,-9999,    9
 18627, 99591,20170519,-9999,    9
 18627, 99591,20170520,-9999,    9
 18627, 99591,20170521,  136,    0
 18627, 99591,20170522,  123,    0
 18627, 99591,20170523,  120,    0
 18627, 99591,20170524,  150,    0
 18627, 99591,20170525,  154,    0
 18627, 99591,20170526,  183,    0
 18627, 99591,20170527,  202,    0
 18627, 99591,20170528,  150,    0
 18627, 99591,20170529,  171,    0
 18627, 99591,20170530,  146,    0
 18627, 99591,20170531,  143,    0
 18627, 99591,20170601,  133,    0
 18627, 99591,20170602,   82,    0
 18627, 99591,20170603,  108,    0
 18627, 99591,20170604,  119,    0
 18627, 99591,20170605,  134,    0
 18627, 99591,20170606,  129,    0
 18627, 99591,20170607,  113,    0
 18627, 99591,20170608,  120,    0
 18627, 99591,20170609,-9999,    9
 18627, 99591,20170610,  144,    0
 18627, 99591,20170611,  121,    0
 18627, 99591,20170612,  147,    0
 18627, 99591,20170613,  167,    0
 18627, 99591,20170614,  167,    0
 18627, 99591,20170615,  160,    0
 18627, 99591,20170616,  151,    0
 18627, 99591,20170617,  183,    0
 18627, 99591,20170618,  173,    0
 18627, 99591,20170619,  143,    0
 18627, 99591,20170620,  133,    0
 18627, 99591,20170621,  158,    0
 18627, 99591,20170622,  150,    0
 18627, 99591,20170623,  137,    0
 18627, 99591,20170624,  136,    0
 18627, 99591,20170625,  116,    0
 18627, 99591,20170626,  145,    0
 18627, 99591,20170627,  138,    0
 18627, 99591,20170628,  152,    0
 18627, 99591,20170629,  168,    0
 18627, 99591,20170630,-9999,    9
 18627, 99591,20170701,-9999,    9
 18627, 99591,20170702,-9999,    9
 18627, 99591,20170703,  153,    0
 18627, 99591,20170704,  141,    0
 18627, 99591,20170705,  153,    0
 18627, 99591,20170706,  153,    0
 18627, 99591,20170707,  154,    0
 18627, 99591,20170708,  175,    0
 18627, 99591,20170709,  145,    0
 18627, 99591,20170710,  135,    0
 18627, 99591,20170711,  136,    0
 18627, 99591,20170712,  142,    0
 18627, 99591,20170713,  143,    0
 18627, 99591,20170714,  155,    0
 18627, 99591,20170715,  174,    0
 18627, 99591,20170716,  149,    0
 18627, 99591,20170717,  130,    0
 18627, 99591,20170718,  168,    0
 18627, 99591,20170719,  155,    0
 18627, 99591,20170720,  164,    0
 18627, 99591,20170721,  137,    0
 18627, 99591,20170722,  158,    0
 18627, 99591,20170723,-9999,    9
 18627, 99591,20170724,  162,    0
 18627, 99591,20170725,  172,    0
 18627, 99591,20170726,  162,    0
 18627, 99591,20170727,  141,    0
 18627, 99591,20170728,  151,    0
 18627, 99591,20170729,  139,    0
 18627, 99591,20170730,  136,    0
 18627, 99591,20170731,  141,    0
 18627, 99591,20170801,  135,    0
 18627, 99591,20170802,  146,    0
 18627, 99591,20170803,  115,    0
 18627, 99591,20170804,  148,    0
 18627, 99591,20170805,  158,    0
 18627, 99591,20170806,  152,    0
 18627, 99591,20170807,  116,    0
 18627, 99591,20170808,  142,    0
 18627, 99591,20170809,  139,    0
 18627, 99591,20170810,  166,    0
 18627, 99591,20170811,  156,    0
 18627, 99591,20170812,  150,    0
 18627, 99591,20170813,  144,    0
 18627, 99591,20170814,  132,    0
 18627, 99591,20170815,  127,    0
 18627, 99591,20170816,  152,    0
 18627, 99591,20170817,  119,    0
 18627, 99591,20170818,  148,    0
 18627, 99591,20170819,  136,    0
 18627, 99591,20170820,  128,    0
 18627, 99591,20170821,  139,    0
 18627, 99591,20170822,  141,    0
 18627, 99591,20170823,  142,    0
 18627, 99591,20170824,  106,    0
 18627, 99591,20170825,  141,    0
 18627, 99591,20170826,  127,    0
 18627, 99591,20170827,  138,    0
 18627, 99591,20170828,  134,    0
 18627, 99591,20170829,  142,    0
 18627, 99591,20170830,  124,    0
 18627, 99591,20170831,  119,    0
 18627, 99591,20170901,  121,    0
 18627, 99591,20170902,  125,    0
 18627, 99591,20170903,  105,    0
 18627, 99591,20170904,  110,    0
 18627, 99591,20170905,  114,    0
 18627, 99591,20170906,  127,    0
 18627, 99591,20170907,  101,    0
 18627, 99591,20170908,   96,    0
 18627, 99591,20170909,  116,    0
 18627, 99591,20170910,  111,    0
 18627, 99591,20170911,  115,    0
 18627, 99591,20170912,  118,    0
 18627, 99591,20170913,  105,    0
 18627, 99591,20170914,  105,    0
 18627, 99591,20170915,  101,    0
 18627, 99591,20170916,  106,    0
 18627, 99591,20170917,  101,    0
 18627, 99591,20170918,  110,    0
 18627, 99591,20170919,-9999,    9
 18627, 99591,20170920,-9999,    9
 18627, 99591,20170921,   85,    0
 18627, 99591,20170922,   91,    0
 18627, 99591,20170923,  114,    0
 18627, 99591,20170924,  115,    0
 18627, 99591,20170925,  127,    0
 18627, 99591,20170926,  126,    0
 18627, 99591,20170927,  124,    0
 18627, 99591,20170928,  116,    0
 18627, 99591,20170929,  107,    0
 18627, 99591,20170930,  114,    0
 18627, 99591,20171001,  107,    0
 18627, 99591,20171002,  111,    0
 18627, 99591,20171003,   99,    0
 18627, 99591,20171004,-9999,    9
 18627, 99591,20171005,   73,    0
 18627, 99591,20171006,   86,    0
 18627, 99591,20171007,   79,    0
 18627, 99591,20171008,   68,    0
 18627, 99591,20171009,   44,    0
 18627, 99591,20171010,   22,    0
 18627, 99591,20171011,   39,    0
 18627, 99591,20171012,   82,    0
 18627, 99591,20171013,   58,    0
 18627, 99591,20171014,-9999,    9
 18627, 99591,20171015,   52,    0
 18627, 99591,20171016,   96,    0
 18627, 99591,20171017,-9999,    9
 18627, 99591,20171018,-9999,    9
 18627, 99591,20171019,-9999,    9
 18627, 99591,20171020,-9999,    9
 18627, 99591,20171021,-9999,    9
 18627, 99591,20171022,-9999,    9
 18627, 99591,20171023,-9999,    9
 18627, 99591,20171024,-9999,    9
 18627, 99591,20171025,   51,    0
 18627, 99591,20171026,   45,    0
 18627, 99591,20171027,   57,    0
 18627, 99591,20171028,   82,    0
 18627, 99591,20171029,   59,    0
 18627, 99591,20171030,   25,    0
 18627, 99591,20171031,   38,    0
 18627, 99591,20171101,-9999,    9
 18627, 99591,20171102,-9999,    9
 18627, 99591,20171103,   20,    0
 18627, 99591,20171104,   31,    0
 18627, 99591,20171105,   40,    0
 18627, 99591,20171106,    6,    0
 18627, 99591,20171107,    4,    0
 18627, 99591,20171108,   41,    0
 18627, 99591,20171109,   57,    0
 18627, 99591,20171110,   15,    0
 18627, 99591,20171111,   10,    0
 18627, 99591,20171112,   25,    0
 18627, 99591,20171113,    7,    0
 18627, 99591,20171114,  -21,    0
 18627, 99591,20171115,    7,    0
 18627, 99591,20171116,   -5,    0
 18627, 99591,20171117,   18,    0
 18627, 99591,20171118,   -6,    0
 18627, 99591,20171119,    3,    0
 18627, 99591,20171120,  -30,    0
 18627, 99591,20171121,  -39,    0
 18627, 99591,20171122,  -40,    0
 18627, 99591,20171123,   13,    0
 18627, 99591,20171124,   -6,    0
 18627, 99591,20171125,  -21,    0
 18627, 99591,20171126,   -6,    0
 18627, 99591,20171127,  -33,    0
 18627, 99591,20171128,-9999,    9
 18627, 99591,20171129,-9999,    9
 18627, 99591,20171130,  -27,    0
 18627, 99591,20171201,  -42,    0
 18627, 99591,20171202,  -33,    0
 18627, 99591,20171203,    7,    0
 18627, 99591,20171204,  -11,    0
 18627, 99591,20171205,  -30,    0
 18627, 99591,20171206,    6,    0
 18627, 99591,20171207,   26,    0
 18627, 99591,20171208,   38,    0
 18627, 99591,20171209,   22,    0
 18627, 99591,20171210,  -56,    0
 18627, 99591,20171211,  -46,    0
 18627, 99591,20171212,  -82,    0
 18627, 99591,20171213,  -73,    0
 18627, 99591,20171214,  -26,    0
 18627, 99591,20171215,  -31,    0
 18627, 99591,20171216,  -48,    0
 18627, 99591,20171217,  -71,    0
 18627, 99591,20171218,  -25,    0
 18627, 99591,20171219,  -15,    0
 18627, 99591,20171220,  -13,    0
 18627, 99591,20171221,  -38,    0
 18627, 99591,20171222,  -46,    0
 18627, 99591,20171223,   55,    0
 18627, 99591,20171224,   12,    0
 18627, 99591,20171225,  -20,    0
 18627, 99591,20171226,    9,    0
 18627, 99591,20171227,   -6,    0
 18627, 99591,20171228,   -4,    0
 18627, 99591,20171229,  -51,    0
 18627, 99591,20171230,  -55,    0
 18627, 99591,20171231,  -27,    0
 18627, 99591,20180101,  -11,    0
 18627, 99591,20180102,  -40,    0
 18627, 99591,20180103,  -18,    0
 18627, 99591,20180104,    8,    0
 18627, 99591,20180105,   -8,    0
 18627, 99591,20180106,  -53,    0
 18627, 99591,20180107,  -60,    0
 18627, 99591,20180108,  -32,    0
 18627, 99591,20180109,  -99,    0
 18627, 99591,20180110,  -34,    0
 18627, 99591,20180111,  -19,    0
 18627, 99591,20180112,  -23,    0
 18627, 99591,20180113,  -29,    0
 18627, 99591,20180114,  -24,    0
 18627, 99591,20180115,   -1,    0
 18627, 99591,20180116,   -7,    0
 18627, 99591,20180117,  -51,    0
 18627, 99591,20180118,  -66,    0
 18627, 99591,20180119,  -41,    0
 18627, 99591,20180120,  -24,    0
 18627, 99591,20180121,  -38,    0
 18627, 99591,20180122,  -43,    0
 18627, 99591,20180123,  -16,    0
 18627, 99591,20180124,    4,    0
 18627, 99591,20180125,   17,    0
 18627, 99591,20180126,  -28,    0
 18627, 99591,20180127,  -50,    0
 18627, 99591,20180128,   -4,    0
 18627, 99591,20180129,    3,    0
 18627, 99591,20180130,  -26,    0
 18627, 99591,20180131,    3,    0
 18627, 99591,20180201,   -7,    0
 18627, 99591,20180202,  -45,    0
 18627, 99591,20180203,  -72,    0
 18627, 99591,20180204,  -97,    0
 18627, 99591,20180205,  -75,    0
 18627, 99591,20180206,  -56,    0
 18627, 99591,20180207,  -56,    0
 18627, 99591,20180208,  -60,    0
 18627, 99591,20180209,   -4,    0
 18627, 99591,20180210,  -13,    0
 18627, 99591,20180211,  -13,    0
 18627, 99591,20180212,  -13,    0
 18627, 99591,20180213,  -48,    0
 18627, 99591,20180214,   -2,    0
 18627, 99591,20180215,    0,    0
 18627, 99591,20180216,  -21,    0
 18627, 99591,20180217,  -58,    0
 18627, 99591,20180218,  -35,    0
 18627, 99591,20180219,  -34,    0
 18627, 99591,20180220,  -38,    0
 18627, 99591,20180221,  -43,    0
 18627, 99591,20180222,  -70,    0
 18627, 99591,20180223,  -55,    0
 18627, 99591,20180224,  -36,    0
 18627, 99591,20180225,  -59,    0
 18627, 99591,20180226, -116,    0
 18627, 99591,20180227,  -96,    0
 18627, 99591,20180228, -122,    0
 18627, 99591,20180301, -116,    0
 18627, 99591,20180302,  -65,    0
 18627, 99591,20180303,-9999,    9
 18627, 99591,20180304,  -49,    0
 18627, 99591,20180305,-9999,    9
 18627, 99591,20180306,  -40,    0
 18627, 99591,20180307,  -31,    0
 18627, 99591,20180308,  -22,    0
 18627, 99591,20180309,  -53,    0
 18627, 99591,20180310,-9999,    9
 18627, 99591,20180311,  -38,    0
 18627, 99591,20180312,  -22,    0
 18627, 99591,20180313,  -23,    0
 18627, 99591,20180314,  -32,    0
 18627, 99591,20180315,  -47,    0
 18627, 99591,20180316,  -57,    0
 18627, 99591,20180317,-9999,    9
 18627, 99591,20180318,  -38,    0
 18627, 99591,20180319,   16,    0
 18627, 99591,20180320,    6,    0
 18627, 99591,20180321,    9,    0
 18627, 99591,20180322,    8,    0
 18627, 99591,20180323,   -2,    0
 18627, 99591,20180324,   31,    0
 18627, 99591,20180325,-9999,    9
 18627, 99591,20180326,   -3,    0
 18627, 99591,20180327,  -17,    0
 18627, 99591,20180328,  -44,    0
 18627, 99591,20180329,  -27,    0
 18627, 99591,20180330,  -35,    0
 18627, 99591,20180331,  -25,    0
 18627, 99591,20180401,  -17,    0
 18627, 99591,20180402,  -13,    0
 18627, 99591,20180403,  -29,    0
 18627, 99591,20180404,   18,    0
 18627, 99591,20180405,   19,    0
 18627, 99591,20180406,   39,    0
 18627, 99591,20180407,-9999,    9
 18627, 99591,20180408,   14,    0
 18627, 99591,20180409,   23,    0
 18627, 99591,20180410,   32,    0
 18627, 99591,20180411,   42,    0
 18627, 99591,20180412,   50,    0
 18627, 99591,20180413,   81,    0
 18627, 99591,20180414,   98,    0
 18627, 99591,20180415,   68,    0
 18627, 99591,20180416,   32,    0
 18627, 99591,20180417,   68,    0
 18627, 99591,20180418,   85,    0
 18627, 99591,20180419,  106,    0
 18627, 99591,20180420,   95,    0
 18627, 99591,20180421,   97,    0
 18627, 99591,20180422,   72,    0
 18627, 99591,20180423,   66,    0
 18627, 99591,20180424,   53,    0
 18627, 99591,20180425,   67,    0
 18627, 99591,20180426,   67,    0
 18627, 99591,20180427,   76,    0
 18627, 99591,20180428,   73,    0
 18627, 99591,20180429,   67,    0
 18627, 99591,20180430,   71,    0
 18627, 99591,20180501,   46,    0
 18627, 99591,20180502,   76,    0
 18627, 99591,20180503,   70,    0
 18627, 99591,20180504,   72,    0
 18627, 99591,20180505,-9999,    9
 18627, 99591,20180506,  143,    0
 18627, 99591,20180507,  132,    0
 18627, 99591,20180508,  134,    0
 18627, 99591,20180509,  143,    0
 18627, 99591,20180510,  126,    0
 18627, 99591,20180511,  142,    0
 18627, 99591,20180512,  124,    0
 18627, 99591,20180513,  131,    0
 18627, 99591,20180514,  171,    0
 18627, 99591,20180515,  177,    0
 18627, 99591,20180516,-9999,    9
 18627, 99591,20180517,  153,    0
 18627, 99591,20180518,  139,    0
 18627, 99591,20180519,-9999,    9
 18627, 99591,20180520,  151,    0
 18627, 99591,20180521,  151,    0
 18627, 99591,20180522,  158,    0
 18627, 99591,20180523,  179,    0
 18627, 99591,20180524,  182,    0
 18627, 99591,20180525,  206,    0
 18627, 99591,20180526,-9999,    9
 18627, 99591,20180527,  203,    0
 18627, 99591,20180528,  159,    0
 18627, 99591,20180529,  185,    0
 18627, 99591,20180530,-9999,    9
 18627, 99591,20180531,  208,    0
 18627, 99591,20180601,  211,    0
 18627, 99591,20180602,  221,    0
 18627, 99591,20180603,  247,    0
 18627, 99591,20180604,  220,    0
 18627, 99591,20180605,  158,    0
 18627, 99591,20180606,-9999,    9
 18627, 99591,20180607,  205,    0
 18627, 99591,20180608,  206,    0
 18627, 99591,20180609,  205,    0
 18627, 99591,20180610,-9999,    9
 18627, 99591,20180611,  161,    0
 18627, 99591,20180612,  170,    0
 18627, 99591,20180613,  178,    0
 18627, 99591,20180614,  134,    0
 18627, 99591,20180615,  131,    0
 18627, 99591,20180616,  137,    0
 18627, 99591,20180617,  125,    0
 18627, 99591,20180618,  136,    0
 18627, 99591,20180619,  132,    0
 18627, 99591,20180620,   98,    0
 18627, 99591,20180621,  114,    0
 18627, 99591,20180622,  133,    0
 18627, 99591,20180623,  170,    0
 18627, 99591,20180624,  179,    0
 18627, 99591,20180625,  226,    0
 18627, 99591,20180626,  228,    0
 18627, 99591,20180627,  222,    0
 18627, 99591,20180628,  217,    0
 18627, 99591,20180629,  180,    0
 18627, 99591,20180630,  175,    0
 18627, 99591,20180701,-9999,    9
 18627, 99591,20180702,  206,    0
 18627, 99591,20180703,  237,    0
 18627, 99591,20180704,  225,    0
 18627, 99591,20180705,  211,    0
 18627, 99591,20180706,  226,    0
 18627, 99591,20180707,  212,    0
 18627, 99591,20180708,  217,    0
 18627, 99591,20180709,  184,    0
 18627, 99591,20180710,  221,    0
 18627, 99591,20180711,  233,    0
 18627, 99591,20180712,  216,    0
 18627, 99591,20180713,  217,    0
 18627, 99591,20180714,  210,    0
 18627, 99591,20180715,  216,    0
 18627, 99591,20180716,  208,    0
 18627, 99591,20180717,  198,    0
 18627, 99591,20180718,  209,    0
 18627, 99591,20180719,  207,    0
 18627, 99591,20180720,  195,    0
 18627, 99591,20180721,  216,    0
 18627, 99591,20180722,  226,    0
 18627, 99591,20180723,  236,    0
 18627, 99591,20180724,  234,    0
 18627, 99591,20180725,  232,    0
 18627, 99591,20180726,  229,    0
 18627, 99591,20180727,  234,    0
 18627, 99591,20180728,  215,    0
 18627, 99591,20180729,  203,    0
 18627, 99591,20180730,  177,    0
 18627, 99591,20180731,  192,    0
 18627, 99591,20180801,  195,    0
 18627, 99591,20180802,  189,    0
 18627, 99591,20180803,  189,    0
 18627, 99591,20180804,  205,    0
 18627, 99591,20180805,  176,    0
 18627, 99591,20180806,  149,    0
 18627, 99591,20180807,  165,    0
 18627, 99591,20180808,  165,    0
 18627, 99591,20180809,  175,    0
 18627, 99591,20180810,  132,    0
 18627, 99591,20180811,  131,    0
 18627, 99591,20180812,  141,    0
 18627, 99591,20180813,  137,    0
 18627, 99591,20180814,  162,    0
 18627, 99591,20180815,  158,    0
 18627, 99591,20180816,  168,    0
 18627, 99591,20180817,  138,    0
 18627, 99591,20180818,  131,    0
 18627, 99591,20180819,  143,    0
 18627, 99591,20180820,  143,    0
 18627, 99591,20180821,  139,    0
 18627, 99591,20180822,  123,    0
 18627, 99591,20180823,  135,    0
 18627, 99591,20180824,  131,    0
 18627, 99591,20180825,  116,    0
 18627, 99591,20180826,  128,    0
 18627, 99591,20180827,   98,    0
 18627, 99591,20180828,  142,    0
 18627, 99591,20180829,  138,    0
 18627, 99591,20180830,  141,    0
 18627, 99591,20180831,  130,    0
 18627, 99591,20180901,  129,    0
 18627, 99591,20180902,  141,    0
 18627, 99591,20180903,  132,    0
 18627, 99591,20180904,  142,    0
 18627, 99591,20180905,  153,    0
 18627, 99591,20180906,  144,    0
 18627, 99591,20180907,  145,    0
 18627, 99591,20180908,  125,    0
 18627, 99591,20180909,  127,    0
 18627, 99591,20180910,  131,    0
 18627, 99591,20180911,  112,    0
 18627, 99591,20180912,  103,    0
 18627, 99591,20180913,  100,    0
 18627, 99591,20180914,  106,    0
 18627, 99591,20180915,   92,    0
 18627, 99591,20180916,   64,    0
 18627, 99591,20180917,   96,    0
 18627, 99591,20180918,  145,    0
 18627, 99591,20180919,  157,    0
 18627, 99591,20180920,  126,    0
 18627, 99591,20180921,   87,    0
 18627, 99591,20180922,   96,    0
 18627, 99591,20180923,   92,    0
 18627, 99591,20180924,   73,    0
 18627, 99591,20180925,   80,    0
 18627, 99591,20180926,-9999,    9
 18627, 99591,20180927,-9999,    9
 18627, 99591,20180928,-9999,    9
 18627, 99591,20180929,-9999,    9
 18627, 99591,20180930,-9999,    9
 18627, 99591,20181001,-9999,    9
 18627, 99591,20181002,-9999,    9
 18627, 99591,20181003,-9999,    9
 18627, 99591,20181004,   54,    0
 18627, 99591,20181005,   79,    0
 18627, 99591,20181006,   62,    0
 18627, 99591,20181007,   49,    0
 18627, 99591,20181008,   88,    0
 18627, 99591,20181009,  118,    0
 18627, 99591,20181010,  107,    0
 18627, 99591,20181011,-9999,    9
 18627, 99591,20181012,  105,    0
 18627, 99591,20181013,  151,    0
 18627, 99591,20181014,  136,    0
 18627, 99591,20181015,  114,    0
 18627, 99591,20181016,   70,    0
 18627, 99591,20181017,-9999,    9
 18627, 99591,20181018,-9999,    9
 18627, 99591,20181019,   47,    0
 18627, 99591,20181020,   67,    0
 18627, 99591,20181021,   82,    0
 18627, 99591,20181022,-9999,    9
 18627, 99591,20181023,   74,    0
 18627, 99591,20181024,   44,    0
 18627, 99591,20181025,   81,    0
 18627, 99591,20181026,   26,    0
 18627, 99591,20181027,   19,    0
 18627, 99591,20181028,  -10,    0
 18627, 99591,20181029,   -8,    0
 18627, 99591,20181030,   15,    0
 18627, 99591,20181031,   27,    0
 18627, 99591,20181101,   38,    0
 18627, 99591,20181102,   49,    0
 18627, 99591,20181103,   21,    0
 18627, 99591,20181104,-9999,    9
 18627, 99591,20181105,   57,    0
 18627, 99591,20181106,   59,    0
 18627, 99591,20181107,   65,    0
 18627, 99591,20181108,   57,    0
 18627, 99591,20181109,   63,    0
 18627, 99591,20181110,   71,    0
 18627, 99591,20181111,   84,    0
 18627, 99591,20181112,   66,    0
 18627, 99591,20181113,   56,    0
 18627, 99591,20181114,   29,    0
 18627, 99591,20181115,   55,    0
 18627, 99591,20181116,   34,    0
 18627, 99591,20181117,   25,    0
 18627, 99591,20181118,   13,    0
 18627, 99591,20181119,   -5,    0
 18627, 99591,20181120,  -26,    0
 18627, 99591,20181121,    6,    0
 18627, 99591,20181122,  -41,    0
 18627, 99591,20181123,  -58,    0
 18627, 99591,20181124,  -33,    0
 18627, 99591,20181125,  -33,    0
 18627, 99591,20181126,  -69,    0
 18627, 99591,20181127,  -57,    0
 18627, 99591,20181128,  -23,    0
 18627, 99591,20181129,   20,    0
 18627, 99591,20181130,   53,    0
 18627, 99591,20181201,   33,    0
 18627, 99591,20181202,   23,    0
 18627, 99591,20181203,   26,    0
 18627, 99591,20181204,   28,    0
 18627, 99591,20181205,  -30,    0
 18627, 99591,20181206,  -26,    0
 18627, 99591,20181207,  -19,    0
 18627, 99591,20181208,   -9,    0
 18627, 99591,20181209,  -19,    0
 18627, 99591,20181210,   23,    0
 18627, 99591,20181211,  -19,    0
 18627, 99591,20181212,  -63,    0
 18627, 99591,20181213,  -78,    0
 18627, 99591,20181214,  -83,    0
 18627, 99591,20181215,  -37,    0
 18627, 99591,20181216,    1,    0
 18627, 99591,20181217,  -33,    0
 18627, 99591,20181218,  -73,    0
 18627, 99591,20181219,  -16,    0
 18627, 99591,20181220,    1,    0
 18627, 99591,20181221,   -6,    0
 18627, 99591,20181222,  -41,    0
 18627, 99591,20181223,  -85,    0
 18627, 99591,20181224,  -50,    0
 18627, 99591,20181225,   30,    0
 18627, 99591,20181226,   24,    0
 18627, 99591,20181227,   13,    0
 18627, 99591,20181228,    4,    0
 18627, 99591,20181229,   -2,    0
 18627, 99591,20181230,    3,    0
 18627, 99591,20181231,   -6,    0
 18627, 99591,20190101,   49,    0
 18627, 99591,20190102,    0,    0
 18627, 99591,20190103,    0,    0
 18627, 99591,20190104,   81,    0
 18627, 99591,20190105,   42,    0
 18627, 99591,20190106,   -3,    0
 18627, 99591,20190107,  -16,    0
 18627, 99591,20190108,   25,    0
 18627, 99591,20190109,    5,    0
 18627, 99591,20190110,  -12,    0
 18627, 99591,20190111,   24,    0
 18627, 99591,20190112,  -21,    0
 18627, 99591,20190113,  -26,    0
 18627, 99591,20190114,   -3,    0
 18627, 99591,20190115,  -41,    0
 18627, 99591,20190116,  -30,    0
 18627, 99591,20190117,  -47,    0
 18627, 99591,20190118,-9999,    9
 18627, 99591,20190119,-9999,    9
 18627, 99591,20190120,  -48,    0
 18627, 99591,20190121,  -47,    0
 18627, 99591,20190122,  -82,    0
 18627, 99591,20190123,  -34,    0
 18627, 99591,20190124,  -22,    0
 18627, 99591,20190125,  -26,    0
 18627, 99591,20190126,  -43,    0
 18627, 99591,20190127,  -52,    0
 18627, 99591,20190128,  -58,    0
 18627, 99591,20190129,  -80,    0
 18627, 99591,20190130,-9999,    9
 18627, 99591,20190131,  -49,    0
 18627, 99591,20190201,  -27,    0
 18627, 99591,20190202,  -27,    0
 18627, 99591,20190203,  -54,    0
 18627, 99591,20190204,  -62,    0
 18627, 99591,20190205,  -32,    0
 18627, 99591,20190206,  -78,    0
 18627, 99591,20190207,  -69,    0
 18627, 99591,20190208,  -35,    0
 18627, 99591,20190209,    9,    0
 18627, 99591,20190210,    8,    0
 18627, 99591,20190211,   10,    0
 18627, 99591,20190212,  -24,    0
 18627, 99591,20190213,-9999,    9
 18627, 99591,20190214,-9999,    9
 18627, 99591,20190215,-9999,    9
 18627, 99591,20190216,  -27,    0
 18627, 99591,20190217,    1,    0
 18627, 99591,20190218,    8,    0
 18627, 99591,20190219,   27,    0
 18627, 99591,20190220,    7,    0
 18627, 99591,20190221,    8,    0
 18627, 99591,20190222,    2,    0
 18627, 99591,20190223,    6,    0
 18627, 99591,20190224,   14,    0
 18627, 99591,20190225,   45,    0
 18627, 99591,20190226,   41,    0
 18627, 99591,20190227,   42,    0
 18627, 99591,20190228,   48,    0
 18627, 99591,20190301,    7,    0
 18627, 99591,20190302,   16,    0
 18627, 99591,20190303,   16,    0
 18627, 99591,20190304,   17,    0
 18627, 99591,20190305,   -1,    0
 18627, 99591,20190306,  -16,    0
 18627, 99591,20190307,    0,    0
 18627, 99591,20190308,    6,    0
 18627, 99591,20190309,  -20,    0
 18627, 99591,20190310,  -14,    0
 18627, 99591,20190311,  -31,    0
 18627, 99591,20190312,  -13,    0
 18627, 99591,20190313,    1,    0
 18627, 99591,20190314,  -17,    0
 18627, 99591,20190315,  -12,    0
 18627, 99591,20190316,   -8,    0
 18627, 99591,20190317,   15,    0
 18627, 99591,20190318,   30,    0
 18627, 99591,20190319,    3,    0
 18627, 99591,20190320,   32,    0
 18627, 99591,20190321,   50,    0
 18627, 99591,20190322,   19,    0
 18627, 99591,20190323,   41,    0
 18627, 99591,20190324,   30,    0
 18627, 99591,20190325,   54,    0
 18627, 99591,20190326,   40,    0
 18627, 99591,20190327,   50,    0
 18627, 99591,20190328,   67,    0
 18627, 99591,20190329,   73,    0
 18627, 99591,20190330,   42,    0
 18627, 99591,20190331,-9999,    9
 18627, 99591,20190401,   21,    0
 18627, 99591,20190402,   29,    0
 18627, 99591,20190403,   26,    0
 18627, 99591,20190404,   71,    0
 18627, 99591,20190405,   74,    0
 18627, 99591,20190406,   54,    0
 18627, 99591,20190407,   33,    0
 18627, 99591,20190408,   44,    0
 18627, 99591,20190409,-9999,    9
 18627, 99591,20190410,-9999,    9
 18627, 99591,20190411,-9999,    9
 18627, 99591,20190412,   30,    0
 18627, 99591,20190413,   37,    0
 18627, 99591,20190414,   33,    0
 18627, 99591,20190415,   45,    0
 18627, 99591,20190416,   44,    0
 18627, 99591,20190417,   57,    0
 18627, 99591,20190418,   89,    0
 18627, 99591,20190419,  108,    0
 18627, 99591,20190420,-9999,    9
 18627, 99591,20190421,  135,    0
 18627, 99591,20190422,  109,    0
 18627, 99591,20190423,   94,    0
 18627, 99591,20190424,  118,    0
 18627, 99591,20190425,  118,    0
 18627, 99591,20190426,  122,    0
 18627, 99591,20190427,  107,    0
 18627, 99591,20190428,  128,    0
 18627, 99591,20190429,  143,    0
 18627, 99591,20190430,  158,    0
 18627, 99591,20190501,  132,    0
 18627, 99591,20190502,   79,    0
 18627, 99591,20190503,   24,    0
 18627, 99591,20190504,   57,    0
 18627, 99591,20190505,   58,    0
 18627, 99591,20190506,   50,    0
 18627, 99591,20190507,   44,    0
 18627, 99591,20190508,   52,    0
 18627, 99591,20190509,   41,    0
 18627, 99591,20190510,   71,    0
 18627, 99591,20190511,   73,    0
 18627, 99591,20190512,   73,    0
 18627, 99591,20190513,   82,    0
 18627, 99591,20190514,  111,    0
 18627, 99591,20190515,  108,    0
 18627, 99591,20190516,  144,    0
 18627, 99591,20190517,  144,    0
 18627, 99591,20190518,  106,    0
 18627, 99591,20190519,  146,    0
 18627, 99591,20190520,  131,    0
 18627, 99591,20190521,  173,    0
 18627, 99591,20190522,  139,    0
 18627, 99591,20190523,   94,    0
 18627, 99591,20190524,   98,    0
 18627, 99591,20190525,  130,    0
 18627, 99591,20190526,  119,    0
 18627, 99591,20190527,   96,    0
 18627, 99591,20190528,   94,    0
 18627, 99591,20190529,-9999,    9
 18627, 99591,20190530,-9999,    9
 18627, 99591,20190531,-9999,    9
 18627, 99591,20190601,  109,    0
 18627, 99591,20190602,  123,    0
 18627, 99591,20190603,  132,    0
 18627, 99591,20190604,  131,    0
 18627, 99591,20190605,  103,    0
 18627, 99591,20190606,  158,    0
 18627, 99591,20190607,  172,    0
 18627, 99591,20190608,  114,    0
 18627, 99591,20190609,  128,    0
 18627, 99591,20190610,  122,    0
 18627, 99591,20190611,  136,    0
 18627, 99591,20190612,  109,    0
 18627, 99591,20190613,  112,    0
 18627, 99591,20190614,  130,    0
 18627, 99591,20190615,  158,    0
 18627, 99591,20190616,  149,    0
 18627, 99591,20190617,  150,    0
 18627, 99591,20190618,  144,    0
 18627, 99591,20190619,  129,    0
 18627, 99591,20190620,  127,    0
 18627, 99591,20190621,  116,    0
 18627, 99591,20190622,  128,    0
 18627, 99591,20190623,  132,    0
 18627, 99591,20190624,  152,    0
 18627, 99591,20190625,  131,    0
 18627, 99591,20190626,  175,    0
 18627, 99591,20190627,  183,    0
 18627, 99591,20190628,  199,    0
 18627, 99591,20190629,  215,    0
 18627, 99591,20190630,  189,    0
 18627, 99591,20190701,  164,    0
 18627, 99591,20190702,  134,    0
 18627, 99591,20190703,  115,    0
 18627, 99591,20190704,  131,    0
 18627, 99591,20190705,  149,    0
 18627, 99591,20190706,  112,    0
 18627, 99591,20190707,  121,    0
 18627, 99591,20190708,  146,    0
 18627, 99591,20190709,  163,    0
 18627, 99591,20190710,  182,    0
 18627, 99591,20190711,  183,    0
 18627, 99591,20190712,  178,    0
 18627, 99591,20190713,  196,    0
 18627, 99591,20190714,  179,    0
 18627, 99591,20190715,  181,    0
 18627, 99591,20190716,  182,    0
 18627, 99591,20190717,  193,    0
 18627, 99591,20190718,  157,    0
 18627, 99591,20190719,  161,    0
 18627, 99591,20190720,  148,    0
 18627, 99591,20190721,  145,    0
 18627, 99591,20190722,  139,    0
 18627, 99591,20190723,  199,    0
 18627, 99591,20190724,  206,    0
 18627, 99591,20190725,  205,    0
 18627, 99591,20190726,  217,    0
 18627, 99591,20190727,  223,    0
 18627, 99591,20190728,  218,    0
 18627, 99591,20190729,  212,    0
 18627, 99591,20190730,  152,    0
 18627, 99591,20190731,  130,    0
 18627, 99591,20190801,  168,    0
 18627, 99591,20190802,  190,    0
 18627, 99591,20190803,  186,    0
 18627, 99591,20190804,  173,    0
 18627, 99591,20190805,  178,    0
 18627, 99591,20190806,  149,    0
 18627, 99591,20190807,  163,    0
 18627, 99591,20190808,  162,    0
 18627, 99591,20190809,  169,    0
 18627, 99591,20190810,  154,    0
 18627, 99591,20190811,  166,    0
 18627, 99591,20190812,  157,    0
 18627, 99591,20190813,  140,    0
 18627, 99591,20190814,  136,    0
 18627, 99591,20190815,  115,    0
 18627, 99591,20190816,  162,    0
 18627, 99591,20190817,  150,    0
 18627, 99591,20190818,  117,    0
 18627, 99591,20190819,  124,    0
 18627, 99591,20190820,  128,    0
 18627, 99591,20190821,  134,    0
 18627, 99591,20190822,-9999,    9
 18627, 99591,20190823,  158,    0
 18627, 99591,20190824,-9999,    9
 18627, 99591,20190825,-9999,    9
 18627, 99591,20190826,-9999,    9
 18627, 99591,20190827,  178,    0
 18627, 99591,20190828,  161,    0
 18627, 99591,20190829,-9999,    9
 18627, 99591,20190830,-9999,    9
 18627, 99591,20190831,-9999,    9
 18627, 99591,20190901,-9999,    9
 18627, 99591,20190902,-9999,    9
 18627, 99591,20190903,-9999,    9
 18627, 99591,20190904,-9999,    9
 18627, 99591,20190905,-9999,    9
 18627, 99591,20190906,-9999,    9
 18627, 99591,20190907,-9999,    9
 18627, 99591,20190908,-9999,    9
 18627, 99591,20190909,-9999,    9
 18627, 99591,20190910,-9999,    9
 18627, 99591,20190911,-9999,    9
 18627, 99591,20190912,-9999,    9
 18627, 99591,20190913,-9999,    9
 18627, 99591,20190914,-9999,    9
 18627, 99591,20190915,-9999,    9
 18627, 99591,20190916,-9999,    9
 18627, 99591,20190917,-9999,    9
 18627, 99591,20190918,   93,    0
 18627, 99591,20190919,   78,    0
 18627, 99591,20190920,  111,    0
 18627, 99591,20190921,  137,    0
 18627, 99591,20190922,  135,    0
 18627, 99591,20190923,   99,    0
 18627, 99591,20190924,   95,    0
 18627, 99591,20190925,   98,    0
 18627, 99591,20190926,   99,    0
 18627, 99591,20190927,  101,    0
 18627, 99591,20190928,   98,    0
 18627, 99591,20190929,  104,    0
 18627, 99591,20190930,   85,    0
 18627, 99591,20191001,   82,    0
 18627, 99591,20191002,   79,    0
 18627, 99591,20191003,   49,    0
 18627, 99591,20191004,   28,    0
 18627, 99591,20191005,   18,    0
 18627, 99591,20191006,   12,    0
 18627, 99591,20191007,   19,    0
 18627, 99591,20191008,   13,    0
 18627, 99591,20191009,   26,    0
 18627, 99591,20191010,   52,    0
 18627, 99591,20191011,   48,    0
 18627, 99591,20191012,   44,    0
 18627, 99591,20191013,   52,    0
 18627, 99591,20191014,   72,    0
 18627, 99591,20191015,   56,    0
 18627, 99591,20191016,   62,    0
 18627, 99591,20191017,   64,    0
 18627, 99591,20191018,   60,    0
 18627, 99591,20191019,   72,    0
 18627, 99591,20191020,   56,    0
 18627, 99591,20191021,   27,    0
 18627, 99591,20191022,   62,    0
 18627, 99591,20191023,-9999,    9
 18627, 99591,20191024,-9999,    9
 18627, 99591,20191025,-9999,    9
 18627, 99591,20191026,-9999,    9
 18627, 99591,20191027,   22,    0
 18627, 99591,20191028,   16,    0
 18627, 99591,20191029,    3,    0
 18627, 99591,20191030,   15,    0
 18627, 99591,20191031,   42,    0
 18627, 99591,20191101,   -1,    0
 18627, 99591,20191102,   16,    0
 18627, 99591,20191103,   22,    0
 18627, 99591,20191104,   11,    0
 18627, 99591,20191105,  -17,    0
 18627, 99591,20191106,  -34,    0
 18627, 99591,20191107,  -36,    0
 18627, 99591,20191108,  -34,    0
 18627, 99591,20191109,    2,    0
 18627, 99591,20191110,  -11,    0
 18627, 99591,20191111,  -20,    0
 18627, 99591,20191112,   -5,    0
 18627, 99591,20191113,    1,    0
 18627, 99591,20191114,   12,    0
 18627, 99591,20191115,   12,    0
 18627, 99591,20191116,   30,    0
 18627, 99591,20191117,   14,    0
 18627, 99591,20191118,    7,    0
 18627, 99591,20191119,   21,    0
 18627, 99591,20191120,  -15,    0
 18627, 99591,20191121,   34,    0
 18627, 99591,20191122,   39,    0
 18627, 99591,20191123,   33,    0
 18627, 99591,20191124,   29,    0
 18627, 99591,20191125,-9999,    9
 18627, 99591,20191126,    4,    0
 18627, 99591,20191127,    8,    0
 18627, 99591,20191128,   14,    0
 18627, 99591,20191129,  -17,    0
 18627, 99591,20191130,  -32,    0
 18627, 99591,20191201,  -43,    0
 18627, 99591,20191202,  -26,    0
 18627, 99591,20191203,    9,    0
 18627, 99591,20191204,   14,    0
 18627, 99591,20191205,   61,    0
 18627, 99591,20191206,    8,    0
 18627, 99591,20191207,-9999,    9
 18627, 99591,20191208,  -11,    0
 18627, 99591,20191209,   -5,    0
 18627, 99591,20191210,  -28,    0
 18627, 99591,20191211,   11,    0
 18627, 99591,20191212,   10,    0
 18627, 99591,20191213,    9,    0
 18627, 99591,20191214,-9999,    9
 18627, 99591,20191215,   -8,    0
 18627, 99591,20191216,  -24,    0
 18627, 99591,20191217,  -35,    0
 18627, 99591,20191218,  -30,    0
 18627, 99591,20191219,  -27,    0
 18627, 99591,20191220,    2,    0
 18627, 99591,20191221,-9999,    9
 18627, 99591,20191222,-9999,    9
 18627, 99591,20191223,-9999,    9
 18627, 99591,20191224,   -1,    0
 18627, 99591,20191225,  -25,    0
 18627, 99591,20191226,  -41,    0
 18627, 99591,20191227,  -62,    0
 18627, 99591,20191228,  -31,    0
 18627, 99591,20191229,    0,    0
 18627, 99591,20191230,   47,    0
 18627, 99591,20191231,   28,    0
 18627, 99591,20200101,  -12,    0
 18627, 99591,20200102,    9,    0
 18627, 99591,20200103,   29,    0
 18627, 99591,20200104,   -5,    0
 18627, 99591,20200105,-9999,    9
 18627, 99591,20200106,-9999,    9
 18627, 99591,20200107,    5,    0
 18627, 99591,20200108,   29,    0
 18627, 99591,20200109,   -6,    0
 18627, 99591,20200110,  -14,    0
 18627, 99591,20200111,-9999,    9
 18627, 99591,20200112,-9999,    9
 18627, 99591,20200113,-9999,    9
 18627, 99591,20200114,-9999,    9
 18627, 99591,20200115,-9999,    9
 18627, 99591,20200116,   23,    0
 18627, 99591,20200117,   24,    0
 18627, 99591,20200118,-9999,    9
 18627, 99591,20200119,-9999,    9
 18627, 99591,20200120,-9999,    9
 18627, 99591,20200121,-9999,    9
 18627, 99591,20200122,   36,    0
 18627, 99591,20200123,   29,    0
 18627, 99591,20200124,   45,    0
 18627, 99591,20200125,   -5,    0
 18627, 99591,20200126,   -1,    0
 18627, 99591,20200127,-9999,    9
 18627, 99591,20200128,-9999,    9
 18627, 99591,20200129,    2,    0
 18627, 99591,20200130,  -24,    0
 18627, 99591,20200131,   -8,    0
 18627, 99591,20200201,    6,    0
 18627, 99591,20200202,   13,    0
 18627, 99591,20200203,  -35,    0
 18627, 99591,20200204,  -17,    0
 18627, 99591,20200205,  -12,    0
 18627, 99591,20200206,   36,    0
 18627, 99591,20200207,  -11,    0
 18627, 99591,20200208,    4,    0
 18627, 99591,20200209,   29,    0
 18627, 99591,20200210,   27,    0
 18627, 99591,20200211,   -4,    0
 18627, 99591,20200212,   14,    0
 18627, 99591,20200213,   -8,    0
 18627, 99591,20200214,  -11,    0
 18627, 99591,20200215,   15,    0
 18627, 99591,20200216,   38,    0
 18627, 99591,20200217,   43,    0
 18627, 99591,20200218,   29,    0
 18627, 99591,20200219,    7,    0
 18627, 99591,20200220,    8,    0
 18627, 99591,20200221,   22,    0
 18627, 99591,20200222,   29,    0
 18627, 99591,20200223,   15,    0
 18627, 99591,20200224,    4,    0
 18627, 99591,20200225,   -1,    0
 18627, 99591,20200226,  -23,    0
 18627, 99591,20200227,  -51,    0
 18627, 99591,20200228,  -14,    0
 18627, 99591,20200229,  -12,    0
 18627, 99591,20200301,   -3,    0
 18627, 99591,20200302,   18,    0
 18627, 99591,20200303,   10,    0
 18627, 99591,20200304,    5,    0
 18627, 99591,20200305,   -7,    0
 18627, 99591,20200306,  -17,    0
 18627, 99591,20200307,  -19,    0
 18627, 99591,20200308,   24,    0
 18627, 99591,20200309,   20,    0
 18627, 99591,20200310,   15,    0
 18627, 99591,20200311,   31,    0
 18627, 99591,20200312,   15,    0
 18627, 99591,20200313,   -1,    0
 18627, 99591,20200314,  -17,    0
 18627, 99591,20200315,   29,    0
 18627, 99591,20200316,   29,    0
 18627, 99591,20200317,   49,    0
 18627, 99591,20200318,   39,    0
 18627, 99591,20200319,-9999,    9
 18627, 99591,20200320,-9999,    9
 18627, 99591,20200321,-9999,    9
 18627, 99591,20200322,-9999,    9
 18627, 99591,20200323,-9999,    9
 18627, 99591,20200324,-9999,    9
 18627, 99591,20200325,-9999,    9
 18627, 99591,20200326,-9999,    9
 18627, 99591,20200327,   53,    0
 18627, 99591,20200328,   32,    0
 18627, 99591,20200329,-9999,    9
 18627, 99591,20200330,   23,    0
 18627, 99591,20200331,   45,    0
 18627, 99591,20200401,   60,    0
 18627, 99591,20200402,   26,    0
 18627, 99591,20200403,   20,    0
 18627, 99591,20200404,   16,    0
 18627, 99591,20200405,   38,    0
 18627, 99591,20200406,   47,    0
 18627, 99591,20200407,   70,    0
 18627, 99591,20200408,   62,    0
 18627, 99591,20200409,   48,    0
 18627, 99591,20200410,   55,    0
 18627, 99591,20200411,-9999,    9
 18627, 99591,20200412,-9999,    9
 18627, 99591,20200413,-9999,    9
 18627, 99591,20200414,-9999,    9
 18627, 99591,20200415,-9999,    9
 18627, 99591,20200416,-9999,    9
 18627, 99591,20200417,   50,    0
 18627, 99591,20200418,   54,    0
 18627, 99591,20200419,   88,    0
 18627, 99591,20200420,  106,    0
 18627, 99591,20200421,  124,    0
 18627, 99591,20200422,  133,    0
 18627, 99591,20200423,  125,    0
 18627, 99591,20200424,   79,    0
 18627, 99591,20200425,   80,    0
 18627, 99591,20200426,   87,    0
 18627, 99591,20200427,   59,    0
 18627, 99591,20200428,   49,    0
 18627, 99591,20200429,   44,    0
 18627, 99591,20200430,   44,    0
 18627, 99591,20200501,   47,    0
 18627, 99591,20200502,   80,    0
 18627, 99591,20200503,   87,    0
 18627, 99591,20200504,   66,    0
 18627, 99591,20200505,   75,    0
 18627, 99591,20200506,   98,    0
 18627, 99591,20200507,  101,    0
 18627, 99591,20200508,   90,    0
 18627, 99591,20200509,   94,    0
 18627, 99591,20200510,   42,    0
 18627, 99591,20200511,   44,    0
 18627, 99591,20200512,   37,    0
 18627, 99591,20200513,   57,    0
 18627, 99591,20200514,   45,    0
 18627, 99591,20200515,   63,    0
 18627, 99591,20200516,   55,    0
 18627, 99591,20200517,   76,    0
 18627, 99591,20200518,   88,    0
 18627, 99591,20200519,  100,    0
 18627, 99591,20200520,  100,    0
 18627, 99591,20200521,  121,    0
 18627, 99591,20200522,   91,    0
 18627, 99591,20200523,   87,    0
 18627, 99591,20200524,  102,    0
 18627, 99591,20200525,  138,    0
 18627, 99591,20200526,  136,    0
 18627, 99591,20200527,  111,    0
 18627, 99591,20200528,  130,    0
 18627, 99591,20200529,  140,    0
 18627, 99591,20200530,  163,    0
 18627, 99591,20200531,  165,    0
 18627, 99591,20200601,  182,    0
 18627, 99591,20200602,  176,    0
 18627, 99591,20200603,  158,    0
 18627, 99591,20200604,  127,    0
 18627, 99591,20200605,  107,    0
 18627, 99591,20200606,   93,    0
 18627, 99591,20200607,   94,    0
 18627, 99591,20200608,  107,    0
 18627, 99591,20200609,  122,    0
 18627, 99591,20200610,  132,    0
 18627, 99591,20200611,  187,    0
 18627, 99591,20200612,  190,    0
 18627, 99591,20200613,  187,    0
 18627, 99591,20200614,  187,    0
 18627, 99591,20200615,  195,    0
 18627, 99591,20200616,  220,    0
 18627, 99591,20200617,  209,    0
 18627, 99591,20200618,  204,    0
 18627, 99591,20200619,  216,    0
 18627, 99591,20200620,  194,    0
 18627, 99591,20200621,  162,    0
 18627, 99591,20200622,  164,    0
 18627, 99591,20200623,  188,    0
 18627, 99591,20200624,  216,    0
 18627, 99591,20200625,  215,    0
 18627, 99591,20200626,  206,    0
 18627, 99591,20200627,-9999,    9
 18627, 99591,20200628,  174,    0
 18627, 99591,20200629,  140,    0
 18627, 99591,20200630,-9999,    9
 18627, 99591,20200701,  137,    0
 18627, 99591,20200702,  131,    0
 18627, 99591,20200703,   99,    0
 18627, 99591,20200704,  123,    0
 18627, 99591,20200705,  129,    0
 18627, 99591,20200706,  137,    0
 18627, 99591,20200707,   98,    0
 18627, 99591,20200708,  132,    0
 18627, 99591,20200709,  135,    0
 18627, 99591,20200710,  117,    0
 18627, 99591,20200711,  138,    0
 18627, 99591,20200712,  146,    0
 18627, 99591,20200713,  145,    0
 18627, 99591,20200714,  133,    0
 18627, 99591,20200715,  145,    0
 18627, 99591,20200716,  157,    0
 18627, 99591,20200717,  148,    0
 18627, 99591,20200718,  154,    0
 18627, 99591,20200719,  150,    0
 18627, 99591,20200720,  148,    0
 18627, 99591,20200721,  147,    0
 18627, 99591,20200722,  141,    0
 18627, 99591,20200723,  145,    0
 18627, 99591,20200724,  158,    0
 18627, 99591,20200725,  155,    0
 18627, 99591,20200726,  143,    0
 18627, 99591,20200727,  144,    0
 18627, 99591,20200728,  147,    0
 18627, 99591,20200729,-9999,    9
 18627, 99591,20200730,  159,    0
 18627, 99591,20200731,  183,    0
 18627, 99591,20200801,  177,    0
 18627, 99591,20200802,  151,    0
 18627, 99591,20200803,  146,    0
 18627, 99591,20200804,  141,    0
 18627, 99591,20200805,  137,    0
 18627, 99591,20200806,  170,    0
 18627, 99591,20200807,  178,    0
 18627, 99591,20200808,  195,    0
 18627, 99591,20200809,  180,    0
 18627, 99591,20200810,  170,    0
 18627, 99591,20200811,  185,    0
 18627, 99591,20200812,  196,    0
 18627, 99591,20200813,  192,    0
 18627, 99591,20200814,  200,    0
 18627, 99591,20200815,  204,    0
 18627, 99591,20200816,  190,    0
 18627, 99591,20200817,  185,    0
 18627, 99591,20200818,  188,    0
 18627, 99591,20200819,  172,    0
 18627, 99591,20200820,  171,    0
 18627, 99591,20200821,  175,    0
 18627, 99591,20200822,  170,    0
 18627, 99591,20200823,  143,    0
 18627, 99591,20200824,-9999,    9
 18627, 99591,20200825,-9999,    9
 18627, 99591,20200826,  118,    0
 18627, 99591,20200827,  125,    0
 18627, 99591,20200828,  120,    0
 18627, 99591,20200829,  137,    0
 18627, 99591,20200830,  123,    0
 18627, 99591,20200831,  124,    0
 18627, 99591,20200901,  132,    0
 18627, 99591,20200902,  124,    0
 18627, 99591,20200903,  106,    0
 18627, 99591,20200904,  131,    0
 18627, 99591,20200905,  103,    0
 18627, 99591,20200906,  111,    0
 18627, 99591,20200907,  112,    0
 18627, 99591,20200908,  131,    0
 18627, 99591,20200909,  117,    0
 18627, 99591,20200910,  102,    0
 18627, 99591,20200911,   91,    0
 18627, 99591,20200912,  100,    0
 18627, 99591,20200913,  108,    0
 18627, 99591,20200914,  152,    0
 18627, 99591,20200915,  158,    0
 18627, 99591,20200916,  131,    0
 18627, 99591,20200917,   96,    0
 18627, 99591,20200918,  141,    0
 18627, 99591,20200919,  125,    0
 18627, 99591,20200920,  133,    0
 18627, 99591,20200921,  139,    0
 18627, 99591,20200922,  126,    0
 18627, 99591,20200923,  134,    0
 18627, 99591,20200924,  127,    0
 18627, 99591,20200925,   78,    0
 18627, 99591,20200926,   97,    0
 18627, 99591,20200927,  126,    0
 18627, 99591,20200928,  119,    0
 18627, 99591,20200929,  117,    0
 18627, 99591,20200930,  121,    0
 18627, 99591,20201001,  119,    0
 18627, 99591,20201002,  123,    0
 18627, 99591,20201003,  123,    0
 18627, 99591,20201004,  123,    0
 18627, 99591,20201005,  110,    0
 18627, 99591,20201006,  107,    0
 18627, 99591,20201007,   95,    0
 18627, 99591,20201008,   95,    0
 18627, 99591,20201009,   83,    0
 18627, 99591,20201010,   69,    0
 18627, 99591,20201011,   80,    0
 18627, 99591,20201012,   53,    0
 18627, 99591,20201013,   54,    0
 18627, 99591,20201014,   48,    0
 18627, 99591,20201015,   42,    0
 18627, 99591,20201016,   42,    0
 18627, 99591,20201017,   62,    0
 18627, 99591,20201018,   40,    0
 18627, 99591,20201019,   24,    0
 18627, 99591,20201020,    9,    0
 18627, 99591,20201021,   36,    0
 18627, 99591,20201022,   66,    0
 18627, 99591,20201023,   41,    0
 18627, 99591,20201024,   60,    0
 18627, 99591,20201025,   86,    0
 18627, 99591,20201026,   56,    0
 18627, 99591,20201027,   64,    0
 18627, 99591,20201028,   70,    0
 18627, 99591,20201029,-9999,    9
 18627, 99591,20201030,   28,    0
 18627, 99591,20201031,   54,    0
 18627, 99591,20201101,   88,    0
 18627, 99591,20201102,   75,    0
 18627, 99591,20201103,   37,    0
 18627, 99591,20201104,   42,    0
 18627, 99591,20201105,  102,    0
 18627, 99591,20201106,   98,    0
 18627, 99591,20201107,   50,    0
 18627, 99591,20201108,   37,    0
 18627, 99591,20201109,    8,    0
 18627, 99591,20201110,   38,    0
 18627, 99591,20201111,   46,    0
 18627, 99591,20201112,   58,    0
 18627, 99591,20201113,   49,    0
 18627, 99591,20201114,   34,    0
 18627, 99591,20201115,   89,    0
 18627, 99591,20201116,   70,    0
 18627, 99591,20201117,   39,    0
 18627, 99591,20201118,   68,    0
 18627, 99591,20201119,   39,    0
 18627, 99591,20201120,    3,    0
 18627, 99591,20201121,    9,    0
 18627, 99591,20201122,   24,    0
 18627, 99591,20201123,   -1,    0
 18627, 99591,20201124,   15,    0
 18627, 99591,20201125,   45,    0
 18627, 99591,20201126,   14,    0
 18627, 99591,20201127,  -25,    0
 18627, 99591,20201128,  -13,    0
 18627, 99591,20201129,  -26,    0
 18627, 99591,20201130,   -4,    0
 18627, 99591,20201201,    4,    0
 18627, 99591,20201202,  -18,    0
 18627, 99591,20201203,   15,    0
 18627, 99591,20201204,   10,    0
 18627, 99591,20201205,   14,    0
 18627, 99591,20201206,   19,    0
 18627, 99591,20201207,-9999,    9
 18627, 99591,20201208,-9999,    9
 18627, 99591,20201209,   11,    0
 18627, 99591,20201210,    7,    0
 18627, 99591,20201211,   13,    0
 18627, 99591,20201212,   18,    0
 18627, 99591,20201213,   15,    0
 18627, 99591,20201214,-9999,    9
 18627, 99591,20201215,    3,    0
 18627, 99591,20201216,  -10,    0
 18627, 99591,20201217,    7,    0
 18627, 99591,20201218,    0,    0
 18627, 99591,20201219,   44,    0
 18627, 99591,20201220,   46,    0
 18627, 99591,20201221,   29,    0
 18627, 99591,20201222,-9999,    9
 18627, 99591,20201223,   12,    0
 18627, 99591,20201224,  -11,    0
 18627, 99591,20201225,  -31,    0
 18627, 99591,20201226,  -27,    0
 18627, 99591,20201227,-9999,    9
 18627, 99591,20201228,    5,    0
 18627, 99591,20201229,   14,    0
 18627, 99591,20201230,   12,    0
 18627, 99591,20201231,   -2,    0
 18627, 99591,20210101,   -6,    0
 18627, 99591,20210102,   -3,    0
 18627, 99591,20210103,  -16,    0
 18627, 99591,20210104,  -44,    0
 18627, 99591,20210105,  -45,    0
 18627, 99591,20210106,  -89,    0
 18627, 99591,20210107,  -99,    0
 18627, 99591,20210108,  -76,    0
 18627, 99591,20210109,  -92,    0
 18627, 99591,20210110,  -66,    0
 18627, 99591,20210111,  -50,    0
 18627, 99591,20210112,  -58,    0
 18627, 99591,20210113,  -28,    0
 18627, 99591,20210114,  -95,    0
 18627, 99591,20210115, -110,    0
 18627, 99591,20210116, -111,    0
 18627, 99591,20210117,  -67,    0
 18627, 99591,20210118,  -43,    0
 18627, 99591,20210119,  -20,    0
 18627, 99591,20210120,  -11,    0
 18627, 99591,20210121,    8,    0
 18627, 99591,20210122,   22,    0
 18627, 99591,20210123,   -8,    0
 18627, 99591,20210124,  -43,    0
 18627, 99591,20210125,  -64,    0
 18627, 99591,20210126,  -75,    0
 18627, 99591,20210127,  -81,    0
 18627, 99591,20210128,  -98,    0
 18627, 99591,20210129, -116,    0
 18627, 99591,20210130,  -78,    0
 18627, 99591,20210131,  -61,    0
 18627, 99591,20210201,  -67,    0
 18627, 99591,20210202,  -93,    0
 18627, 99591,20210203,  -63,    0
 18627, 99591,20210204, -103,    0
 18627, 99591,20210205,  -91,    0
 18627, 99591,20210206,  -72,    0
 18627, 99591,20210207,  -68,    0
 18627, 99591,20210208,  -68,    0
 18627, 99591,20210209,  -67,    0
 18627, 99591,20210210,  -80,    0
 18627, 99591,20210211,  -97,    0
 18627, 99591,20210212,  -82,    0
 18627, 99591,20210213,  -78,    0
 18627, 99591,20210214,  -89,    0
 18627, 99591,20210215,  -48,    0
 18627, 99591,20210216,  -27,    0
 18627, 99591,20210217,  -25,    0
 18627, 99591,20210218,  -16,    0
 18627, 99591,20210219,   -3,    0
 18627, 99591,20210220,    8,    0
 18627, 99591,20210221,   13,    0
 18627, 99591,20210222,    8,    0
 18627, 99591,20210223,    9,    0
 18627, 99591,20210224,   14,    0
 18627, 99591,20210225,   24,    0
 18627, 99591,20210226,   68,    0
 18627, 99591,20210227,   51,    0
 18627, 99591,20210228,   44,    0
 18627, 99591,20210301,   56,    0
 18627, 99591,20210302,   52,    0
 18627, 99591,20210303,   25,    0
 18627, 99591,20210304,   16,    0
 18627, 99591,20210305,    1,    0
 18627, 99591,20210306,   51,    0
 18627, 99591,20210307,   17,    0
 18627, 99591,20210308,  -18,    0
 18627, 99591,20210309,    3,    0
 18627, 99591,20210310,   -1,    0
 18627, 99591,20210311,-9999,    9
 18627, 99591,20210312,    3,    0
 18627, 99591,20210313,    0,    0
 18627, 99591,20210314,    3,    0
 18627, 99591,20210315,   44,    0
 18627, 99591,20210316,   16,    0
 18627, 99591,20210317,    5,    0
 18627, 99591,20210318,   27,    0
 18627, 99591,20210319,    9,    0
 18627, 99591,20210320,   43,    0
 18627, 99591,20210321,-9999,    9
 18627, 99591,20210322,   58,    0
 18627, 99591,20210323,   56,    0
 18627, 99591,20210324,   50,    0
 18627, 99591,20210325,   36,    0
 18627, 99591,20210326,   37,    0
 18627, 99591,20210327,   46,    0
 18627, 99591,20210328,-9999,    9
 18627, 99591,20210329,   69,    0
 18627, 99591,20210330,   85,    0
 18627, 99591,20210331,   62,    0
 18627, 99591,20210401,   49,    0
 18627, 99591,20210402,   60,    0
 18627, 99591,20210403,   42,    0
 18627, 99591,20210404,   60,    0
 18627, 99591,20210405,   18,    0
 18627, 99591,20210406,   35,    0
 18627, 99591,20210407,   16,    0
 18627, 99591,20210408,    7,    0
 18627, 99591,20210409,   30,    0
 18627, 99591,20210410,   22,    0
 18627, 99591,20210411,   18,    0
 18627, 99591,20210412,   14,    0
 18627, 99591,20210413,   28,    0
 18627, 99591,20210414,   44,    0
 18627, 99591,20210415,   62,    0
 18627, 99591,20210416,   69,    0
 18627, 99591,20210417,-9999,    9
 18627, 99591,20210418,   90,    0
 18627, 99591,20210419,   88,    0
 18627, 99591,20210420,-9999,    9
 18627, 99591,20210421,   65,    0
 18627, 99591,20210422,   60,    0
 18627, 99591,20210423,   42,    0
 18627, 99591,20210424,   36,    0
 18627, 99591,20210425,   45,    0
 18627, 99591,20210426,   52,    0
 18627, 99591,20210427,   56,    0
 18627, 99591,20210428,   65,    0
 18627, 99591,20210429,   59,    0
 18627, 99591,20210430,   58,    0
 18627, 99591,20210501,   56,    0
 18627, 99591,20210502,   46,    0
 18627, 99591,20210503,   57,    0
 18627, 99591,20210504,   32,    0
 18627, 99591,20210505,   41,    0
 18627, 99591,20210506,   46,    0
 18627, 99591,20210507,   53,    0
 18627, 99591,20210508,   69,    0
 18627, 99591,20210509,   49,    0
 18627, 99591,20210510,-9999,    9
 18627, 99591,20210511,-9999,    9
 18627, 99591,20210512,  107,    0
 18627, 99591,20210513,  141,    0
 18627, 99591,20210514,  159,    0
 18627, 99591,20210515,  114,    0
 18627, 99591,20210516,   92,    0
 18627, 99591,20210517,   98,    0
 18627, 99591,20210518,  105,    0
 18627, 99591,20210519,  120,    0
 18627, 99591,20210520,  107,    0
 18627, 99591,20210521,   82,    0
 18627, 99591,20210522,   87,    0
 18627, 99591,20210523,  102,    0
 18627, 99591,20210524,   95,    0
 18627, 99591,20210525,  102,    0
 18627, 99591,20210526,   97,    0
 18627, 99591,20210527,  116,    0
 18627, 99591,20210528,  146,    0
 18627, 99591,20210529,-9999,    9
 18627, 99591,20210530,  187,    0
 18627, 99591,20210531,  210,    0
 18627, 99591,20210601,  173,    0
 18627, 99591,20210602,  158,    0
 18627, 99591,20210603,  156,    0
 18627, 99591,20210604,  166,    0
 18627, 99591,20210605,  175,    0
 18627, 99591,20210606,  161,    0
 18627, 99591,20210607,  166,    0
 18627, 99591,20210608,  173,    0
 18627, 99591,20210609,  186,    0
 18627, 99591,20210610,  182,    0
 18627, 99591,20210611,  162,    0
 18627, 99591,20210612,  145,    0
 18627, 99591,20210613,  148,    0
 18627, 99591,20210614,  140,    0
 18627, 99591,20210615,  137,    0
 18627, 99591,20210616,  155,    0
 18627, 99591,20210617,  157,    0
 18627, 99591,20210618,  183,    0
 18627, 99591,20210619,  141,    0
 18627, 99591,20210620,  154,    0
 18627, 99591,20210621,  171,    0
 18627, 99591,20210622,  166,    0
 18627, 99591,20210623,  183,    0
 18627, 99591,20210624,  188,    0
 18627, 99591,20210625,  169,    0
 18627, 99591,20210626,  178,    0
 18627, 99591,20210627,  194,    0
 18627, 99591,20210628,  194,    0
 18627, 99591,20210629,  190,    0
 18627, 99591,20210630,  183,    0
 18627, 99591,20210701,  167,    0
 18627, 99591,20210702,  193,    0
 18627, 99591,20210703,  213,    0
 18627, 99591,20210704,  187,    0
 18627, 99591,20210705,  179,    0
 18627, 99591,20210706,  173,    0
 18627, 99591,20210707,  163,    0
 18627, 99591,20210708,  156,    0
 18627, 99591,20210709,  164,    0
 18627, 99591,20210710,  164,    0
 18627, 99591,20210711,  187,    0
 18627, 99591,20210712,  184,    0
 18627, 99591,20210713,  199,    0
 18627, 99591,20210714,  209,    0
 18627, 99591,20210715,  232,    0
 18627, 99591,20210716,  219,    0
 18627, 99591,20210717,  210,    0
 18627, 99591,20210718,  176,    0
 18627, 99591,20210719,  181,    0
 18627, 99591,20210720,  197,    0
 18627, 99591,20210721,  186,    0
 18627, 99591,20210722,  223,    0
 18627, 99591,20210723,  206,    0
 18627, 99591,20210724,  203,    0
 18627, 99591,20210725,  203,    0
 18627, 99591,20210726,  193,    0
 18627, 99591,20210727,  178,    0
 18627, 99591,20210728,  171,    0
 18627, 99591,20210729,  146,    0
 18627, 99591,20210730,  188,    0
 18627, 99591,20210731,-9999,    9
 18627, 99591,20210801,  143,    0
 18627, 99591,20210802,-9999,    9
 18627, 99591,20210803,  144,    0
 18627, 99591,20210804,  151,    0
 18627, 99591,20210805,  138,    0
 18627, 99591,20210806,  155,    0
 18627, 99591,20210807,  158,    0
 18627, 99591,20210808,  153,    0
 18627, 99591,20210809,-9999,    9
 18627, 99591,20210810,  170,    0
 18627, 99591,20210811,  166,    0
 18627, 99591,20210812,  172,    0
 18627, 99591,20210813,  160,    0
 18627, 99591,20210814,  137,    0
 18627, 99591,20210815,  149,    0
 18627, 99591,20210816,  131,    0
 18627, 99591,20210817,  169,    0
 18627, 99591,20210818,  148,    0
 18627, 99591,20210819,  151,    0
 18627, 99591,20210820,  144,    0
 18627, 99591,20210821,  144,    0
 18627, 99591,20210822,  145,    0
 18627, 99591,20210823,  160,    0
 18627, 99591,20210824,-9999,    9
 18627, 99591,20210825,  199,    0
 18627, 99591,20210826,  161,    0
 18627, 99591,20210827,  155,    0
 18627, 99591,20210828,  165,    0
 18627, 99591,20210829,  173,    0
 18627, 99591,20210830,  174,    0
 18627, 99591,20210831,-9999,    9
 18627, 99591,20210901,  171,    0
 18627, 99591,20210902,  190,    0
 18627, 99591,20210903,  158,    0
 18627, 99591,20210904,  120,    0
 18627, 99591,20210905,  135,    0
 18627, 99591,20210906,  130,    0
 18627, 99591,20210907,  158,    0
 18627, 99591,20210908,  187,    0
 18627, 99591,20210909,  185,    0
 18627, 99591,20210910,  162,    0
 18627, 99591,20210911,  152,    0
 18627, 99591,20210912,  160,    0
 18627, 99591,20210913,  128,    0
 18627, 99591,20210914,  120,    0
 18627, 99591,20210915,  122,    0
 18627, 99591,20210916,  110,    0
 18627, 99591,20210917,-9999,    9
 18627, 99591,20210918,  101,    0
 18627, 99591,20210919,   95,    0
 18627, 99591,20210920,   87,    0
 18627, 99591,20210921,  113,    0
 18627, 99591,20210922,  130,    0
 18627, 99591,20210923,-9999,    9
 18627, 99591,20210924,   91,    0
 18627, 99591,20210925,  105,    0
 18627, 99591,20210926,  116,    0
 18627, 99591,20210927,  125,    0
 18627, 99591,20210928,  116,    0
 18627, 99591,20210929,  109,    0
 18627, 99591,20210930,   99,    0
 18627, 99591,20211001,  106,    0
 18627, 99591,20211002,  103,    0
 18627, 99591,20211003,  113,    0
 18627, 99591,20211004,  107,    0
 18627, 99591,20211005,  106,    0
 18627, 99591,20211006,  109,    0
 18627, 99591,20211007,   81,    0
 18627, 99591,20211008,  108,    0
 18627, 99591,20211009,  115,    0
 18627, 99591,20211010,   80,    0
 18627, 99591,20211011,   69,    0
 18627, 99591,20211012,   69,    0
 18627, 99591,20211013,   46,    0
 18627, 99591,20211014,   75,    0
 18627, 99591,20211015,   73,    0
 18627, 99591,20211016,   41,    0
 18627, 99591,20211017,   39,    0
 18627, 99591,20211018,   29,    0
 18627, 99591,20211019,   21,    0
 18627, 99591,20211020,   52,    0
 18627, 99591,20211021,   54,    0
 18627, 99591,20211022,   58,    0
 18627, 99591,20211023,   49,    0
 18627, 99591,20211024,   50,    0
 18627, 99591,20211025,   78,    0
 18627, 99591,20211026,   51,    0
 18627, 99591,20211027,   67,    0
 18627, 99591,20211028,  106,    0
 18627, 99591,20211029,  103,    0
 18627, 99591,20211030,   94,    0
 18627, 99591,20211031,   82,    0
 18627, 99591,20211101,-9999,    9
 18627, 99591,20211102,   77,    0
 18627, 99591,20211103,   50,    0
 18627, 99591,20211104,   17,    0
 18627, 99591,20211105,   24,    0
 18627, 99591,20211106,   42,    0
 18627, 99591,20211107,-9999,    9
 18627, 99591,20211108,-9999,    9
 18627, 99591,20211109,   45,    0
 18627, 99591,20211110,   22,    0
 18627, 99591,20211111,   27,    0
 18627, 99591,20211112,   25,    0
 18627, 99591,20211113,   43,    0
 18627, 99591,20211114,   13,    0
 18627, 99591,20211115,   23,    0
 18627, 99591,20211116,   47,    0
 18627, 99591,20211117,   45,    0
 18627, 99591,20211118,   31,    0
 18627, 99591,20211119,   94,    0
 18627, 99591,20211120,   27,    0
 18627, 99591,20211121,   12,    0
 18627, 99591,20211122,    0,    0
 18627, 99591,20211123,   37,    0
 18627, 99591,20211124,   21,    0
 18627, 99591,20211125,   -2,    0
 18627, 99591,20211126,  -20,    0
 18627, 99591,20211127,  -10,    0
 18627, 99591,20211128,  -25,    0
 18627, 99591,20211129,  -60,    0
 18627, 99591,20211130,-9999,    9
 18627, 99591,20211201,  -78,    0
 18627, 99591,20211202,  -67,    0
 18627, 99591,20211203,  -79,    0
 18627, 99591,20211204,  -53,    0
 18627, 99591,20211205,  -52,    0
 18627, 99591,20211206,  -85,    0
 18627, 99591,20211207,  -74,    0
 18627, 99591,20211208,  -39,    0
 18627, 99591,20211209,  -15,    0
 18627, 99591,20211210,   -6,    0
 18627, 99591,20211211,   -7,    0
 18627, 99591,20211212,  -13,    0
 18627, 99591,20211213,   -9,    0
 18627, 99591,20211214,  -23,    0
 18627, 99591,20211215,  -18,    0
 18627, 99591,20211216,   35,    0
 18627, 99591,20211217,   29,    0
 18627, 99591,20211218,   70,    0
 18627, 99591,20211219,   44,    0
 18627, 99591,20211220,  -29,    0
 18627, 99591,20211221,  -61,    0
 18627, 99591,20211222,  -55,    0
 18627, 99591,20211223,  -60,    0
 18627, 99591,20211224,  -63,    0
 18627, 99591,20211225,  -49,    0
 18627, 99591,20211226,  -74,    0
 18627, 99591,20211227,  -80,    0
 18627, 99591,20211228,  -46,    0
 18627, 99591,20211229,  -63,    0
 18627, 99591,20211230,  -45,    0
 18627, 99591,20211231,  -42,    0
 18627, 99591,20220101,  -36,    0
 18627, 99591,20220102,  -22,    0
 18627, 99591,20220103,  -26,    0
 18627, 99591,20220104,  -52,    0
 18627, 99591,20220105,  -47,    0
 18627, 99591,20220106,  -76,    0
 18627, 99591,20220107,  -49,    0
 18627, 99591,20220108,  -37,    0
 18627, 99591,20220109,  -16,    0
 18627, 99591,20220110,   -7,    0
 18627, 99591,20220111,    2,    0
 18627, 99591,20220112,  -30,    0
 18627, 99591,20220113,   55,    0
 18627, 99591,20220114,   32,    0
 18627, 99591,20220115,    1,    0
 18627, 99591,20220116,   10,    0
 18627, 99591,20220117,    7,    0
 18627, 99591,20220118,  -20,    0
 18627, 99591,20220119,    1,    0
 18627, 99591,20220120,   -3,    0
 18627, 99591,20220121,    5,    0
 18627, 99591,20220122,  -13,    0
 18627, 99591,20220123,   11,    0
 18627, 99591,20220124,    6,    0
 18627, 99591,20220125,   14,    0
 18627, 99591,20220126,   11,    0
 18627, 99591,20220127,   28,    0
 18627, 99591,20220128,   11,    0
 18627, 99591,20220129,   16,    0
 18627, 99591,20220130,   24,    0
 18627, 99591,20220131,  -33,    0
 18627, 99591,20220201,  -26,    0
 18627, 99591,20220202,  -46,    0
 18627, 99591,20220203,  -33,    0
 18627, 99591,20220204,  -26,    0
 18627, 99591,20220205,  -31,    0
 18627, 99591,20220206,  -26,    0
 18627, 99591,20220207,   17,    0
 18627, 99591,20220208,   23,    0
 18627, 99591,20220209,    4,    0
 18627, 99591,20220210,  -10,    0
 18627, 99591,20220211,  -21,    0
 18627, 99591,20220212,    3,    0
 18627, 99591,20220213,   22,    0
 18627, 99591,20220214,    5,    0
 18627, 99591,20220215,   12,    0
 18627, 99591,20220216,   -4,    0
 18627, 99591,20220217,  -10,    0
 18627, 99591,20220218,    1,    0
 18627, 99591,20220219,   -3,    0
 18627, 99591,20220220,  -42,    0
 18627, 99591,20220221,   13,    0
 18627, 99591,20220222,  -27,    0
 18627, 99591,20220223,    1,    0
 18627, 99591,20220224,   -1,    0
 18627, 99591,20220225,   -7,    0
 18627, 99591,20220226,  -24,    0
 18627, 99591,20220227,   -6,    0
 18627, 99591,20220228,   -8,    0
 18627, 99591,20220301,   20,    0
 18627, 99591,20220302,   23,    0
 18627, 99591,20220303,-9999,    9
 18627, 99591,20220304,  -20,    0
 18627, 99591,20220305,   -5,    0
 18627, 99591,20220306,   16,    0
 18627, 99591,20220307,   27,    0
 18627, 99591,20220308,   -1,    0
 18627, 99591,20220309,  -17,    0
 18627, 99591,20220310,-9999,    9
 18627, 99591,20220311,    4,    0
 18627, 99591,20220312,   -4,    0
 18627, 99591,20220313,   12,    0
 18627, 99591,20220314,   11,    0
 18627, 99591,20220315,    4,    0
 18627, 99591,20220316,    6,    0
 18627, 99591,20220317,   12,    0
 18627, 99591,20220318,   27,    0
 18627, 99591,20220319,   42,    0
 18627, 99591,20220320,   24,    0
 18627, 99591,20220321,   23,    0
 18627, 99591,20220322,   37,    0
 18627, 99591,20220323,   41,    0
 18627, 99591,20220324,   77,    0
 18627, 99591,20220325,   91,    0
 18627, 99591,20220326,   84,    0
 18627, 99591,20220327,-9999,    9
 18627, 99591,20220328,   68,    0
 18627, 99591,20220329,   16,    0
 18627, 99591,20220330,    4,    0
 18627, 99591,20220331,    6,    0
 18627, 99591,20220401,    1,    0
 18627, 99591,20220402,   12,    0
 18627, 99591,20220403,   37,    0
 18627, 99591,20220404,   29,    0
 18627, 99591,20220405,    9,    0
 18627, 99591,20220406,    1,    0
 18627, 99591,20220407,   16,    0
 18627, 99591,20220408,   21,    0
 18627, 99591,20220409,   42,    0
 18627, 99591,20220410,   54,    0
 18627, 99591,20220411,   40,    0
 18627, 99591,20220412,   41,    0
 18627, 99591,20220413,   12,    0
 18627, 99591,20220414,   48,    0
 18627, 99591,20220415,-9999,    9
 18627, 99591,20220416,-9999,    9
 18627, 99591,20220417,   77,    0
 18627, 99591,20220418,   62,    0
 18627, 99591,20220419,   85,    0
 18627, 99591,20220420,  108,    0
 18627, 99591,20220421,  105,    0
 18627, 99591,20220422,  132,    0
 18627, 99591,20220423,  111,    0
 18627, 99591,20220424,   81,    0
 18627, 99591,20220425,  105,    0
 18627, 99591,20220426,   71,    0
 18627, 99591,20220427,   67,    0
 18627, 99591,20220428,   76,    0
 18627, 99591,20220429,   78,    0
 18627, 99591,20220430,   86,    0
 18627, 99591,20220501,-9999,    9
 18627, 99591,20220502,-9999,    9
 18627, 99591,20220503,-9999,    9
 18627, 99591,20220504,-9999,    9
 18627, 99591,20220505,-9999,    9
 18627, 99591,20220506,-9999,    9
 18627, 99591,20220507,-9999,    9
 18627, 99591,20220508,-9999,    9
 18627, 99591,20220509,-9999,    9
 18627, 99591,20220510,-9999,    9
 18627, 99591,20220511,-9999,    9
 18627, 99591,20220512,-9999,    9
 18627, 99591,20220513,-9999,    9
 18627, 99591,20220514,-9999,    9
 18627, 99591,20220515,  119,    0
 18627, 99591,20220516,  114,    0
 18627, 99591,20220517,  111,    0
 18627, 99591,20220518,   81,    0
 18627, 99591,20220519,-9999,    9
 18627, 99591,20220520,-9999,    9
 18627, 99591,20220521,  106,    0
 18627, 99591,20220522,  127,    0
 18627, 99591,20220523,  120,    0
 18627, 99591,20220524,  112,    0
 18627, 99591,20220525,  114,    0
 18627, 99591,20220526,  114,    0
 18627, 99591,20220527,   98,    0
 18627, 99591,20220528,  134,    0
 18627, 99591,20220529,   93,    0
 18627, 99591,20220530,  111,    0
 18627, 99591,20220531,  125,    0
 18627, 99591,20220601,  118,    0
 18627, 99591,20220602,  123,    0
 18627, 99591,20220603,  130,    0
 18627, 99591,20220604,  161,    0
 18627, 99591,20220605,  153,    0
 18627, 99591,20220606,  159,    0
 18627, 99591,20220607,  142,    0
 18627, 99591,20220608,  137,    0
 18627, 99591,20220609,  146,    0
 18627, 99591,20220610,  163,    0
 18627, 99591,20220611,  135,    0
 18627, 99591,20220612,  137,    0
 18627, 99591,20220613,  137,    0
 18627, 99591,20220614,-9999,    9
 18627, 99591,20220615,  164,    0
 18627, 99591,20220616,-9999,    9
 18627, 99591,20220617,  146,    0
 18627, 99591,20220618,  134,    0
 18627, 99591,20220619,  113,    0
 18627, 99591,20220620,  178,    0
 18627, 99591,20220621,  156,    0
 18627, 99591,20220622,  174,    0
 18627, 99591,20220623,  192,    0
 18627, 99591,20220624,  192,    0
 18627, 99591,20220625,  204,    0
 18627, 99591,20220626,  184,    0
 18627, 99591,20220627,  150,    0
 18627, 99591,20220628,  170,    0
 18627, 99591,20220629,  175,    0
 18627, 99591,20220630,  181,    0
 18627, 99591,20220701,  200,    0
 18627, 99591,20220702,  170,    0
 18627, 99591,20220703,  163,    0
 18627, 99591,20220704,  137,    0
 18627, 99591,20220705,  143,    0
 18627, 99591,20220706,  137,    0
 18627, 99591,20220707,  168,    0
 18627, 99591,20220708,  171,    0
 18627, 99591,20220709,  155,    0
 18627, 99591,20220710,  178,    0
 18627, 99591,20220711,  188,    0
 18627, 99591,20220712,  182,    0
 18627, 99591,20220713,-9999,    9
 18627, 99591,20220714,-9999,    9
 18627, 99591,20220715,-9999,    9
 18627, 99591,20220716,-9999,    9
 18627, 99591,20220717,-9999,    9
 18627, 99591,20220718,-9999,    9
 18627, 99591,20220719,-9999,    9
 18627, 99591,20220720,-9999,    9
 18627, 99591,20220721,-9999,    9
 18627, 99591,20220722,-9999,    9
 18627, 99591,20220723,-9999,    9
 18627, 99591,20220724,-9999,    9
 18627, 99591,20220725,-9999,    9
 18627, 99591,20220726,-9999,    9
 18627, 99591,20220727,-9999,    9
 18627, 99591,20220728,-9999,    9
 18627, 99591,20220729,-9999,    9
 18627, 99591,20220730,-9999,    9
 18627, 99591,20220731,-9999,    9
 18627, 99591,20220801,-9999,    9
 18627, 99591,20220802,-9999,    9
 18627, 99591,20220803,-9999,    9
 18627, 99591,20220804,-9999,    9
 18627, 99591,20220805,  154,    0
 18627, 99591,20220806,  138,    0
 18627, 99591,20220807,-9999,    9
 18627, 99591,20220808,  167,    0
 18627, 99591,20220809,-9999,    9
 18627, 99591,20220810,-9999,    9
 18627, 99591,20220811,  201,    0
 18627, 99591,20220812,  204,    0
 18627, 99591,20220813,  204,    0
 18627, 99591,20220814,  199,    0
 18627, 99591,20220815,-9999,    9
 18627, 99591,20220816,-9999,    9
 18627, 99591,20220817,-9999,    9
 18627, 99591,20220818,  146,    0
 18627, 99591,20220819,  156,    0
 18627, 99591,20220820,  173,    0
 18627, 99591,20220821,  131,    0
 18627, 99591,20220822,  128,    0
 18627, 99591,20220823,  148,    0
 18627, 99591,20220824,  149,    0
 18627, 99591,20220825,  175,    0
 18627, 99591,20220826,  152,    0
 18627, 99591,20220827,  169,    0
 18627, 99591,20220828,  159,    0
 18627, 99591,20220829,  152,    0
 18627, 99591,20220830,  152,    0
 18627, 99591,20220831,  141,    0
 18627, 99591,20220901,  142,    0
 18627, 99591,20220902,  142,    0
 18627, 99591,20220903,  143,    0
 18627, 99591,20220904,  134,    0
 18627, 99591,20220905,  135,    0
 18627, 99591,20220906,  125,    0
 18627, 99591,20220907,  122,    0
 18627, 99591,20220908,  127,    0
 18627, 99591,20220909,  128,    0
 18627, 99591,20220910,  130,    0
 18627, 99591,20220911,  126,    0
 18627, 99591,20220912,  112,    0
 18627, 99591,20220913,  121,    0
 18627, 99591,20220914,  121,    0
 18627, 99591,20220915,  112,    0
 18627, 99591,20220916,  125,    0
 18627, 99591,20220917,  134,    0
 18627, 99591,20220918,  105,    0
 18627, 99591,20220919,  102,    0
 18627, 99591,20220920,   82,    0
 18627, 99591,20220921,   86,    0
 18627, 99591,20220922,   74,    0
 18627, 99591,20220923,  109,    0
 18627, 99591,20220924,   89,    0
 18627, 99591,20220925,   80,    0
 18627, 99591,20220926,   96,    0
 18627, 99591,20220927,  101,    0
 18627, 99591,20220928,  110,    0
 18627, 99591,20220929,   88,    0
 18627, 99591,20220930,   70,    0
 18627, 99591,20221001,   98,    0
 18627, 99591,20221002,   94,    0
 18627, 99591,20221003,   95,    0
 18627, 99591,20221004,   74,    0
 18627, 99591,20221005,  103,    0
 18627, 99591,20221006,   86,    0
 18627, 99591,20221007,   78,    0
 18627, 99591,20221008,   56,    0
 18627, 99591,20221009,   78,    0
 18627, 99591,20221010,   85,    0
 18627, 99591,20221011,   54,    0
 18627, 99591,20221012,   54,    0
 18627, 99591,20221013,   82,    0
 18627, 99591,20221014,   57,    0
 18627, 99591,20221015,   68,    0
 18627, 99591,20221016,   44,    0
 18627, 99591,20221017,   45,    0
 18627, 99591,20221018,   66,    0
 18627, 99591,20221019,   25,    0
 18627, 99591,20221020,   20,    0
 18627, 99591,20221021,   49,    0
 18627, 99591,20221022,   48,    0
 18627, 99591,20221023,   63,    0
 18627, 99591,20221024,   69,    0
 18627, 99591,20221025,   77,    0
 18627, 99591,20221026,   67,    0
 18627, 99591,20221027,   69,    0
 18627, 99591,20221028,   88,    0
 18627, 99591,20221029,   87,    0
 18627, 99591,20221030,-9999,    9
 18627, 99591,20221031,   67,    0
