EUROPEAN CLIMATE ASSESSMENT & DATASET (ECA&D), file created on: 16-11-2022
THESE DATA CAN BE USED FOR NON-COMMERCIAL RESEARCH AND EDUCATION PROVIDED THAT THE FOLLOWING SOURCE IS ACKNOWLEDGED: 

Klein Tank, A.M.G. and Coauthors, 2002. Daily dataset of 20th-century surface
air temperature and precipitation series for the European Climate Assessment.
Int. J. of Climatol., 22, 1441-1453.
Data and metadata available at http://www.ecad.eu

FILE FORMAT (MISSING VALUE CODE = -9999):

01-06 STAID: Station identifier
08-13 SOUID: Source identifier
15-22 DATE : Date YYYYMMDD
24-28 TG   : Mean temperature in 0.1 &#176;C
30-34 Q_TG : quality code for TG (0='valid'; 1='suspect'; 9='missing')

This is the blended series of station KVADEHUKEN II, SVALBARD AND JAN MAYEN (STAID: 22435)
Blended and updated with sources:120886 
See files sources.txt and stations.txt for more info.

STAID, SOUID,    DATE,   TG, Q_TG
 22435,120886,20210629,   28,    1
 22435,120886,20210630,   45,    0
 22435,120886,20210701,   25,    0
 22435,120886,20210702,   25,    0
 22435,120886,20210703,   46,    0
 22435,120886,20210704,   40,    0
 22435,120886,20210705,   39,    0
 22435,120886,20210706,   35,    0
 22435,120886,20210707,   49,    0
 22435,120886,20210708,   45,    0
 22435,120886,20210709,   47,    0
 22435,120886,20210710,   31,    0
 22435,120886,20210711,   53,    0
 22435,120886,20210712,   50,    0
 22435,120886,20210713,   50,    0
 22435,120886,20210714,   52,    0
 22435,120886,20210715,   64,    0
 22435,120886,20210716,   82,    0
 22435,120886,20210717,   50,    0
 22435,120886,20210718,   45,    0
 22435,120886,20210719,   54,    0
 22435,120886,20210720,   39,    0
 22435,120886,20210721,   54,    0
 22435,120886,20210722,   63,    0
 22435,120886,20210723,   49,    0
 22435,120886,20210724,   37,    0
 22435,120886,20210725,   42,    0
 22435,120886,20210726,   52,    0
 22435,120886,20210727,   55,    0
 22435,120886,20210728,   53,    0
 22435,120886,20210729,   59,    0
 22435,120886,20210730,   58,    0
 22435,120886,20210731,   65,    0
 22435,120886,20210801,   60,    0
 22435,120886,20210802,   64,    0
 22435,120886,20210803,   92,    0
 22435,120886,20210804,   92,    0
 22435,120886,20210805,   62,    0
 22435,120886,20210806,   64,    0
 22435,120886,20210807,   63,    0
 22435,120886,20210808,   61,    0
 22435,120886,20210809,   61,    0
 22435,120886,20210810,   57,    0
 22435,120886,20210811,   67,    0
 22435,120886,20210812,   63,    0
 22435,120886,20210813,   64,    0
 22435,120886,20210814,   56,    0
 22435,120886,20210815,   36,    0
 22435,120886,20210816,   27,    0
 22435,120886,20210817,   43,    0
 22435,120886,20210818,   43,    0
 22435,120886,20210819,   44,    0
 22435,120886,20210820,   44,    0
 22435,120886,20210821,   44,    0
 22435,120886,20210822,   42,    0
 22435,120886,20210823,   55,    0
 22435,120886,20210824,   63,    0
 22435,120886,20210825,   56,    0
 22435,120886,20210826,   49,    0
 22435,120886,20210827,   39,    0
 22435,120886,20210828,   37,    0
 22435,120886,20210829,   57,    0
 22435,120886,20210830,   64,    0
 22435,120886,20210831,   62,    0
 22435,120886,20210901,   54,    0
 22435,120886,20210902,   41,    0
 22435,120886,20210903,   31,    0
 22435,120886,20210904,   39,    0
 22435,120886,20210905,   39,    0
 22435,120886,20210906,   45,    0
 22435,120886,20210907,   42,    0
 22435,120886,20210908,   32,    0
 22435,120886,20210909,   38,    0
 22435,120886,20210910,   42,    0
 22435,120886,20210911,   23,    0
 22435,120886,20210912,   30,    0
 22435,120886,20210913,   25,    0
 22435,120886,20210914,   26,    0
 22435,120886,20210915,   27,    0
 22435,120886,20210916,   48,    0
 22435,120886,20210917,   58,    0
 22435,120886,20210918,   74,    0
 22435,120886,20210919,   54,    0
 22435,120886,20210920,   58,    0
 22435,120886,20210921,   70,    0
 22435,120886,20210922,   55,    0
 22435,120886,20210923,   66,    0
 22435,120886,20210924,   60,    0
 22435,120886,20210925,   44,    0
 22435,120886,20210926,   30,    0
 22435,120886,20210927,    2,    0
 22435,120886,20210928,   19,    0
 22435,120886,20210929,   27,    0
 22435,120886,20210930,   27,    0
 22435,120886,20211001,   19,    0
 22435,120886,20211002,   28,    0
 22435,120886,20211003,   34,    0
 22435,120886,20211004,   38,    0
 22435,120886,20211005,   33,    0
 22435,120886,20211006,   25,    0
 22435,120886,20211007,  -14,    0
 22435,120886,20211008,  -49,    0
 22435,120886,20211009,  -51,    0
 22435,120886,20211010,  -51,    0
 22435,120886,20211011,  -32,    0
 22435,120886,20211012,  -19,    0
 22435,120886,20211013,  -16,    0
 22435,120886,20211014,  -31,    0
 22435,120886,20211015,  -34,    0
 22435,120886,20211016,  -31,    0
 22435,120886,20211017,  -51,    0
 22435,120886,20211018,  -88,    0
 22435,120886,20211019,  -88,    0
 22435,120886,20211020,  -60,    0
 22435,120886,20211021,  -51,    0
 22435,120886,20211022,  -57,    0
 22435,120886,20211023,  -69,    0
 22435,120886,20211024,  -62,    0
 22435,120886,20211025,  -70,    0
 22435,120886,20211026,  -67,    0
 22435,120886,20211027,  -36,    0
 22435,120886,20211028,  -33,    0
 22435,120886,20211029,  -50,    0
 22435,120886,20211030,  -28,    0
 22435,120886,20211031,   -1,    0
 22435,120886,20211101,  -22,    0
 22435,120886,20211102,  -82,    0
 22435,120886,20211103,  -73,    0
 22435,120886,20211104,  -71,    0
 22435,120886,20211105,  -87,    0
 22435,120886,20211106,  -63,    0
 22435,120886,20211107,  -95,    0
 22435,120886,20211108,  -99,    0
 22435,120886,20211109,  -31,    0
 22435,120886,20211110,  -49,    0
 22435,120886,20211111, -124,    0
 22435,120886,20211112, -136,    0
 22435,120886,20211113, -127,    0
 22435,120886,20211114,  -94,    0
 22435,120886,20211115,  -81,    0
 22435,120886,20211116,  -70,    0
 22435,120886,20211117,  -48,    0
 22435,120886,20211118,  -60,    0
 22435,120886,20211119,  -90,    0
 22435,120886,20211120,  -99,    0
 22435,120886,20211121, -130,    0
 22435,120886,20211122, -133,    0
 22435,120886,20211123, -122,    0
 22435,120886,20211124, -139,    0
 22435,120886,20211125, -118,    0
 22435,120886,20211126, -146,    0
 22435,120886,20211127,  -89,    0
 22435,120886,20211128, -107,    0
 22435,120886,20211129,  -74,    0
 22435,120886,20211130, -109,    0
 22435,120886,20211201, -100,    0
 22435,120886,20211202,  -29,    0
 22435,120886,20211203,    5,    0
 22435,120886,20211204,  -52,    0
 22435,120886,20211205,  -90,    0
 22435,120886,20211206,   -2,    0
 22435,120886,20211207,   -7,    0
 22435,120886,20211208,  -28,    0
 22435,120886,20211209,  -25,    0
 22435,120886,20211210,  -13,    0
 22435,120886,20211211,  -21,    0
 22435,120886,20211212,  -14,    0
 22435,120886,20211213,  -12,    0
 22435,120886,20211214,  -23,    0
 22435,120886,20211215,  -37,    0
 22435,120886,20211216,  -45,    0
 22435,120886,20211217,  -26,    0
 22435,120886,20211218,  -24,    0
 22435,120886,20211219,  -34,    0
 22435,120886,20211220,  -71,    0
 22435,120886,20211221,  -51,    0
 22435,120886,20211222,  -87,    0
 22435,120886,20211223, -118,    0
 22435,120886,20211224, -122,    0
 22435,120886,20211225, -104,    0
 22435,120886,20211226,  -48,    0
 22435,120886,20211227,  -75,    0
 22435,120886,20211228, -109,    0
 22435,120886,20211229,  -98,    0
 22435,120886,20211230, -100,    0
 22435,120886,20211231, -115,    0
 22435,120886,20220101,  -98,    0
 22435,120886,20220102, -110,    0
 22435,120886,20220103, -127,    0
 22435,120886,20220104, -145,    0
 22435,120886,20220105, -120,    0
 22435,120886,20220106,  -79,    0
 22435,120886,20220107, -112,    0
 22435,120886,20220108,  -88,    0
 22435,120886,20220109,  -35,    0
 22435,120886,20220110,  -68,    0
 22435,120886,20220111,  -25,    0
 22435,120886,20220112,    4,    0
 22435,120886,20220113,   -3,    0
 22435,120886,20220114, -100,    0
 22435,120886,20220115, -130,    0
 22435,120886,20220116, -119,    0
 22435,120886,20220117, -133,    0
 22435,120886,20220118, -120,    0
 22435,120886,20220119,  -81,    0
 22435,120886,20220120,  -98,    0
 22435,120886,20220121,  -60,    0
 22435,120886,20220122,   -6,    0
 22435,120886,20220123,  -38,    0
 22435,120886,20220124,  -80,    0
 22435,120886,20220125,  -77,    0
 22435,120886,20220126, -112,    0
 22435,120886,20220127, -119,    0
 22435,120886,20220128, -112,    0
 22435,120886,20220129, -129,    0
 22435,120886,20220130, -139,    0
 22435,120886,20220131, -139,    0
 22435,120886,20220201, -110,    0
 22435,120886,20220202, -102,    0
 22435,120886,20220203,  -89,    0
 22435,120886,20220204,  -64,    0
 22435,120886,20220205, -109,    0
 22435,120886,20220206, -100,    0
 22435,120886,20220207,  -81,    0
 22435,120886,20220208,  -79,    0
 22435,120886,20220209, -107,    0
 22435,120886,20220210,  -73,    0
 22435,120886,20220211,  -61,    0
 22435,120886,20220212,  -90,    0
 22435,120886,20220213,  -90,    0
 22435,120886,20220214,  -85,    0
 22435,120886,20220215,  -68,    0
 22435,120886,20220216,  -67,    0
 22435,120886,20220217,  -89,    0
 22435,120886,20220218, -125,    0
 22435,120886,20220219, -151,    0
 22435,120886,20220220, -155,    0
 22435,120886,20220221, -166,    0
 22435,120886,20220222, -167,    0
 22435,120886,20220223, -192,    0
 22435,120886,20220224, -209,    0
 22435,120886,20220225, -191,    0
 22435,120886,20220226, -140,    0
 22435,120886,20220227, -138,    0
 22435,120886,20220228, -136,    0
 22435,120886,20220301, -152,    0
 22435,120886,20220302, -131,    0
 22435,120886,20220303, -141,    0
 22435,120886,20220304, -146,    0
 22435,120886,20220305,  -61,    0
 22435,120886,20220306,  -28,    0
 22435,120886,20220307,  -16,    0
 22435,120886,20220308,  -25,    0
 22435,120886,20220309,  -21,    0
 22435,120886,20220310,  -42,    0
 22435,120886,20220311, -106,    0
 22435,120886,20220312,  -64,    0
 22435,120886,20220313,   13,    0
 22435,120886,20220314,    8,    0
 22435,120886,20220315,   14,    0
 22435,120886,20220316,   10,    0
 22435,120886,20220317,   -2,    0
 22435,120886,20220318,  -56,    0
 22435,120886,20220319,  -36,    0
 22435,120886,20220320,  -75,    0
 22435,120886,20220321,  -46,    0
 22435,120886,20220322,  -89,    0
 22435,120886,20220323, -142,    0
 22435,120886,20220324, -162,    0
 22435,120886,20220325, -144,    0
 22435,120886,20220326, -150,    0
 22435,120886,20220327, -132,    0
 22435,120886,20220328, -107,    0
 22435,120886,20220329,  -93,    0
 22435,120886,20220330,  -89,    0
 22435,120886,20220331,  -97,    0
 22435,120886,20220401, -141,    0
 22435,120886,20220402, -142,    0
 22435,120886,20220403, -128,    0
 22435,120886,20220404, -106,    0
 22435,120886,20220405,  -94,    0
 22435,120886,20220406,  -99,    0
 22435,120886,20220407, -106,    0
 22435,120886,20220408, -107,    0
 22435,120886,20220409,  -69,    0
 22435,120886,20220410,  -63,    0
 22435,120886,20220411,  -77,    0
 22435,120886,20220412,  -54,    0
 22435,120886,20220413,  -69,    0
 22435,120886,20220414,  -55,    0
 22435,120886,20220415,  -22,    0
 22435,120886,20220416,  -31,    0
 22435,120886,20220417,  -70,    0
 22435,120886,20220418,  -63,    0
 22435,120886,20220419,  -52,    0
 22435,120886,20220420,  -18,    0
 22435,120886,20220421,  -13,    0
 22435,120886,20220422,  -59,    0
 22435,120886,20220423,  -66,    0
 22435,120886,20220424, -120,    0
 22435,120886,20220425, -143,    0
 22435,120886,20220426, -157,    0
 22435,120886,20220427, -162,    0
 22435,120886,20220428, -133,    0
 22435,120886,20220429, -126,    0
 22435,120886,20220430,  -96,    0
 22435,120886,20220501,  -95,    0
 22435,120886,20220502, -115,    0
 22435,120886,20220503,  -97,    0
 22435,120886,20220504,  -72,    0
 22435,120886,20220505,  -49,    0
 22435,120886,20220506,  -42,    0
 22435,120886,20220507,  -94,    0
 22435,120886,20220508,  -91,    0
 22435,120886,20220509,  -93,    0
 22435,120886,20220510,  -70,    0
 22435,120886,20220511,  -66,    0
 22435,120886,20220512,  -52,    0
 22435,120886,20220513,  -45,    0
 22435,120886,20220514,  -28,    0
 22435,120886,20220515,  -14,    0
 22435,120886,20220516,  -15,    0
 22435,120886,20220517,  -23,    0
 22435,120886,20220518,  -33,    0
 22435,120886,20220519,  -19,    0
 22435,120886,20220520,   -7,    0
 22435,120886,20220521,   12,    0
 22435,120886,20220522,    1,    0
 22435,120886,20220523,   15,    0
 22435,120886,20220524,   23,    0
 22435,120886,20220525,   28,    0
 22435,120886,20220526,   35,    0
 22435,120886,20220527,   52,    0
 22435,120886,20220528,   54,    0
 22435,120886,20220529,   46,    0
 22435,120886,20220530,   24,    0
 22435,120886,20220531,   48,    0
 22435,120886,20220601,   58,    0
 22435,120886,20220602,   50,    0
 22435,120886,20220603,   50,    0
 22435,120886,20220604,   50,    0
 22435,120886,20220605,   60,    0
 22435,120886,20220606,   73,    0
 22435,120886,20220607,   60,    0
 22435,120886,20220608,   51,    0
 22435,120886,20220609,   52,    0
 22435,120886,20220610,   34,    0
 22435,120886,20220611,   32,    0
 22435,120886,20220612,   36,    0
 22435,120886,20220613,   29,    0
 22435,120886,20220614,   29,    0
 22435,120886,20220615,   28,    0
 22435,120886,20220616,   43,    0
 22435,120886,20220617,   49,    0
 22435,120886,20220618,   50,    0
 22435,120886,20220619,   43,    0
 22435,120886,20220620,   46,    0
 22435,120886,20220621,   69,    0
 22435,120886,20220622,   61,    0
 22435,120886,20220623,   88,    0
 22435,120886,20220624,   82,    0
 22435,120886,20220625,   79,    0
 22435,120886,20220626,   65,    0
 22435,120886,20220627,   56,    0
 22435,120886,20220628,   71,    0
 22435,120886,20220629,   62,    0
 22435,120886,20220630,   55,    0
 22435,120886,20220701,   60,    0
 22435,120886,20220702,   57,    0
 22435,120886,20220703,   68,    0
 22435,120886,20220704,   71,    0
 22435,120886,20220705,   66,    0
 22435,120886,20220706,   75,    0
 22435,120886,20220707,   72,    0
 22435,120886,20220708,   52,    0
 22435,120886,20220709,   51,    0
 22435,120886,20220710,   62,    0
 22435,120886,20220711,   67,    0
 22435,120886,20220712,   78,    0
 22435,120886,20220713,   82,    0
 22435,120886,20220714,   95,    0
 22435,120886,20220715,  120,    0
 22435,120886,20220716,  120,    0
 22435,120886,20220717,   92,    0
 22435,120886,20220718,  127,    0
 22435,120886,20220719,  116,    0
 22435,120886,20220720,   83,    0
 22435,120886,20220721,   74,    0
 22435,120886,20220722,   84,    0
 22435,120886,20220723,   89,    0
 22435,120886,20220724,   81,    0
 22435,120886,20220725,   79,    0
 22435,120886,20220726,   78,    0
 22435,120886,20220727,   59,    0
 22435,120886,20220728,   44,    0
 22435,120886,20220729,   70,    0
 22435,120886,20220730,   84,    0
 22435,120886,20220731,   81,    0
 22435,120886,20220801,   79,    0
 22435,120886,20220802,   87,    0
 22435,120886,20220803,   87,    0
 22435,120886,20220804,   82,    0
 22435,120886,20220805,   80,    0
 22435,120886,20220806,   83,    0
 22435,120886,20220807,   82,    0
 22435,120886,20220808,   64,    0
 22435,120886,20220809,   66,    0
 22435,120886,20220810,   77,    0
 22435,120886,20220811,   80,    0
 22435,120886,20220812,   59,    0
 22435,120886,20220813,   38,    0
 22435,120886,20220814,   50,    0
 22435,120886,20220815,   57,    0
 22435,120886,20220816,   73,    0
 22435,120886,20220817,   69,    0
 22435,120886,20220818,   64,    0
 22435,120886,20220819,   49,    0
 22435,120886,20220820,   30,    0
 22435,120886,20220821,   43,    0
 22435,120886,20220822,   54,    0
 22435,120886,20220823,   56,    0
 22435,120886,20220824,   54,    0
 22435,120886,20220825,   33,    0
 22435,120886,20220826,   34,    0
 22435,120886,20220827,   35,    0
 22435,120886,20220828,   38,    0
 22435,120886,20220829,   33,    0
 22435,120886,20220830,   37,    0
 22435,120886,20220831,   43,    0
 22435,120886,20220901,   63,    0
 22435,120886,20220902,   70,    0
 22435,120886,20220903,   64,    0
 22435,120886,20220904,   46,    0
 22435,120886,20220905,   43,    0
 22435,120886,20220906,   48,    0
 22435,120886,20220907,   54,    0
 22435,120886,20220908,   46,    0
 22435,120886,20220909,   36,    0
 22435,120886,20220910,   14,    0
 22435,120886,20220911,   16,    0
 22435,120886,20220912,    7,    0
 22435,120886,20220913,   22,    0
 22435,120886,20220914,   13,    0
 22435,120886,20220915,    8,    0
 22435,120886,20220916,    4,    0
 22435,120886,20220917,    1,    0
 22435,120886,20220918,   -2,    0
 22435,120886,20220919,    8,    0
 22435,120886,20220920,   17,    0
 22435,120886,20220921,   16,    0
 22435,120886,20220922,   19,    0
 22435,120886,20220923,   58,    0
 22435,120886,20220924,   43,    0
 22435,120886,20220925,   53,    0
 22435,120886,20220926,   68,    0
 22435,120886,20220927,   49,    0
 22435,120886,20220928,   41,    0
 22435,120886,20220929,   41,    0
 22435,120886,20220930,   46,    0
 22435,120886,20221001,   33,    0
 22435,120886,20221002,   36,    0
 22435,120886,20221003,   27,    0
 22435,120886,20221004,   30,    0
 22435,120886,20221005,   34,    0
 22435,120886,20221006,   37,    0
 22435,120886,20221007,   49,    0
 22435,120886,20221008,   48,    0
 22435,120886,20221009,   38,    0
 22435,120886,20221010,   11,    0
 22435,120886,20221011,   15,    0
 22435,120886,20221012,   20,    0
 22435,120886,20221013,    2,    0
 22435,120886,20221014,  -52,    0
 22435,120886,20221015,  -42,    0
 22435,120886,20221016,  -29,    0
 22435,120886,20221017,  -28,    0
 22435,120886,20221018,  -23,    0
 22435,120886,20221019,  -49,    0
 22435,120886,20221020,  -45,    0
 22435,120886,20221021,  -56,    0
 22435,120886,20221022,  -70,    0
 22435,120886,20221023,  -58,    0
 22435,120886,20221024,  -55,    0
 22435,120886,20221025, -100,    0
 22435,120886,20221026,  -85,    0
 22435,120886,20221027,  -29,    0
 22435,120886,20221028,  -46,    0
 22435,120886,20221029,  -48,    0
 22435,120886,20221030,  -34,    0
 22435,120886,20221031,  -22,    0
