EUROPEAN CLIMATE ASSESSMENT & DATASET (ECA&D), file created on: 16-11-2022
THESE DATA CAN BE USED FOR NON-COMMERCIAL RESEARCH AND EDUCATION PROVIDED THAT THE FOLLOWING SOURCE IS ACKNOWLEDGED: 

Klein Tank, A.M.G. and Coauthors, 2002. Daily dataset of 20th-century surface
air temperature and precipitation series for the European Climate Assessment.
Int. J. of Climatol., 22, 1441-1453.
Data and metadata available at http://www.ecad.eu

FILE FORMAT (MISSING VALUE CODE = -9999):

01-06 STAID: Station identifier
08-13 SOUID: Source identifier
15-22 DATE : Date YYYYMMDD
24-28 TG   : Mean temperature in 0.1 &#176;C
30-34 Q_TG : quality code for TG (0='valid'; 1='suspect'; 9='missing')

This is the blended series of station E39 FURSETFJELLET, NORWAY (STAID: 18520)
Blended and updated with sources:99379 
See files sources.txt and stations.txt for more info.

STAID, SOUID,    DATE,   TG, Q_TG
 18520, 99379,20150601,-9999,    9
 18520, 99379,20150602,-9999,    9
 18520, 99379,20150603,-9999,    9
 18520, 99379,20150604,-9999,    9
 18520, 99379,20150605,-9999,    9
 18520, 99379,20150606,-9999,    9
 18520, 99379,20150607,-9999,    9
 18520, 99379,20150608,   60,    0
 18520, 99379,20150609,-9999,    9
 18520, 99379,20150610,   81,    0
 18520, 99379,20150611,   82,    0
 18520, 99379,20150612,-9999,    9
 18520, 99379,20150613,-9999,    9
 18520, 99379,20150614,-9999,    9
 18520, 99379,20150615,-9999,    9
 18520, 99379,20150616,-9999,    9
 18520, 99379,20150617,-9999,    9
 18520, 99379,20150618,-9999,    9
 18520, 99379,20150619,-9999,    9
 18520, 99379,20150620,-9999,    9
 18520, 99379,20150621,-9999,    9
 18520, 99379,20150622,-9999,    9
 18520, 99379,20150623,-9999,    9
 18520, 99379,20150624,-9999,    9
 18520, 99379,20150625,-9999,    9
 18520, 99379,20150626,-9999,    9
 18520, 99379,20150627,-9999,    9
 18520, 99379,20150628,-9999,    9
 18520, 99379,20150629,-9999,    9
 18520, 99379,20150630,-9999,    9
 18520, 99379,20150701,-9999,    9
 18520, 99379,20150702,-9999,    9
 18520, 99379,20150703,-9999,    9
 18520, 99379,20150704,-9999,    9
 18520, 99379,20150705,-9999,    9
 18520, 99379,20150706,-9999,    9
 18520, 99379,20150707,-9999,    9
 18520, 99379,20150708,-9999,    9
 18520, 99379,20150709,-9999,    9
 18520, 99379,20150710,-9999,    9
 18520, 99379,20150711,-9999,    9
 18520, 99379,20150712,-9999,    9
 18520, 99379,20150713,-9999,    9
 18520, 99379,20150714,-9999,    9
 18520, 99379,20150715,-9999,    9
 18520, 99379,20150716,-9999,    9
 18520, 99379,20150717,-9999,    9
 18520, 99379,20150718,-9999,    9
 18520, 99379,20150719,-9999,    9
 18520, 99379,20150720,-9999,    9
 18520, 99379,20150721,-9999,    9
 18520, 99379,20150722,-9999,    9
 18520, 99379,20150723,-9999,    9
 18520, 99379,20150724,-9999,    9
 18520, 99379,20150725,-9999,    9
 18520, 99379,20150726,-9999,    9
 18520, 99379,20150727,-9999,    9
 18520, 99379,20150728,-9999,    9
 18520, 99379,20150729,-9999,    9
 18520, 99379,20150730,-9999,    9
 18520, 99379,20150731,-9999,    9
 18520, 99379,20150801,-9999,    9
 18520, 99379,20150802,-9999,    9
 18520, 99379,20150803,-9999,    9
 18520, 99379,20150804,-9999,    9
 18520, 99379,20150805,-9999,    9
 18520, 99379,20150806,-9999,    9
 18520, 99379,20150807,-9999,    9
 18520, 99379,20150808,-9999,    9
 18520, 99379,20150809,-9999,    9
 18520, 99379,20150810,-9999,    9
 18520, 99379,20150811,-9999,    9
 18520, 99379,20150812,-9999,    9
 18520, 99379,20150813,-9999,    9
 18520, 99379,20150814,-9999,    9
 18520, 99379,20150815,-9999,    9
 18520, 99379,20150816,-9999,    9
 18520, 99379,20150817,  165,    0
 18520, 99379,20150818,-9999,    9
 18520, 99379,20150819,-9999,    9
 18520, 99379,20150820,-9999,    9
 18520, 99379,20150821,-9999,    9
 18520, 99379,20150822,-9999,    9
 18520, 99379,20150823,  185,    0
 18520, 99379,20150824,-9999,    9
 18520, 99379,20150825,-9999,    9
 18520, 99379,20150826,-9999,    9
 18520, 99379,20150827,-9999,    9
 18520, 99379,20150828,-9999,    9
 18520, 99379,20150829,-9999,    9
 18520, 99379,20150830,-9999,    9
 18520, 99379,20150831,-9999,    9
 18520, 99379,20150901,  108,    0
 18520, 99379,20150902,  106,    0
 18520, 99379,20150903,-9999,    9
 18520, 99379,20150904,-9999,    9
 18520, 99379,20150905,-9999,    9
 18520, 99379,20150906,-9999,    9
 18520, 99379,20150907,-9999,    9
 18520, 99379,20150908,-9999,    9
 18520, 99379,20150909,-9999,    9
 18520, 99379,20150910,-9999,    9
 18520, 99379,20150911,-9999,    9
 18520, 99379,20150912,-9999,    9
 18520, 99379,20150913,-9999,    9
 18520, 99379,20150914,-9999,    9
 18520, 99379,20150915,-9999,    9
 18520, 99379,20150916,-9999,    9
 18520, 99379,20150917,-9999,    9
 18520, 99379,20150918,-9999,    9
 18520, 99379,20150919,-9999,    9
 18520, 99379,20150920,-9999,    9
 18520, 99379,20150921,-9999,    9
 18520, 99379,20150922,-9999,    9
 18520, 99379,20150923,-9999,    9
 18520, 99379,20150924,-9999,    9
 18520, 99379,20150925,-9999,    9
 18520, 99379,20150926,-9999,    9
 18520, 99379,20150927,   83,    0
 18520, 99379,20150928,-9999,    9
 18520, 99379,20150929,-9999,    9
 18520, 99379,20150930,-9999,    9
 18520, 99379,20151001,-9999,    9
 18520, 99379,20151002,-9999,    9
 18520, 99379,20151003,-9999,    9
 18520, 99379,20151004,-9999,    9
 18520, 99379,20151005,-9999,    9
 18520, 99379,20151006,-9999,    9
 18520, 99379,20151007,-9999,    9
 18520, 99379,20151008,-9999,    9
 18520, 99379,20151009,   82,    0
 18520, 99379,20151010,   81,    0
 18520, 99379,20151011,   68,    0
 18520, 99379,20151012,   72,    0
 18520, 99379,20151013,   55,    0
 18520, 99379,20151014,   47,    0
 18520, 99379,20151015,   61,    0
 18520, 99379,20151016,   73,    0
 18520, 99379,20151017,   79,    0
 18520, 99379,20151018,   78,    0
 18520, 99379,20151019,   63,    0
 18520, 99379,20151020,   37,    0
 18520, 99379,20151021,   74,    0
 18520, 99379,20151022,   81,    0
 18520, 99379,20151023,-9999,    9
 18520, 99379,20151024,-9999,    9
 18520, 99379,20151025,   35,    0
 18520, 99379,20151026,   59,    0
 18520, 99379,20151027,   64,    0
 18520, 99379,20151028,   55,    0
 18520, 99379,20151029,-9999,    9
 18520, 99379,20151030,-9999,    9
 18520, 99379,20151031,  114,    0
 18520, 99379,20151101,   99,    0
 18520, 99379,20151102,  119,    0
 18520, 99379,20151103,   79,    0
 18520, 99379,20151104,   55,    0
 18520, 99379,20151105,-9999,    9
 18520, 99379,20151106,-9999,    9
 18520, 99379,20151107,   75,    0
 18520, 99379,20151108,   59,    0
 18520, 99379,20151109,   61,    0
 18520, 99379,20151110,   46,    0
 18520, 99379,20151111,-9999,    9
 18520, 99379,20151112,   25,    0
 18520, 99379,20151113,   50,    0
 18520, 99379,20151114,   27,    0
 18520, 99379,20151115,   26,    0
 18520, 99379,20151116,   31,    0
 18520, 99379,20151117,   22,    0
 18520, 99379,20151118,   -6,    0
 18520, 99379,20151119,   -6,    0
 18520, 99379,20151120,  -19,    0
 18520, 99379,20151121,-9999,    9
 18520, 99379,20151122,  -21,    0
 18520, 99379,20151123,    7,    0
 18520, 99379,20151124,   17,    0
 18520, 99379,20151125,    7,    0
 18520, 99379,20151126,   29,    0
 18520, 99379,20151127,   51,    0
 18520, 99379,20151128,    0,    0
 18520, 99379,20151129,  -15,    0
 18520, 99379,20151130,   -4,    0
 18520, 99379,20151201,    7,    0
 18520, 99379,20151202,   24,    0
 18520, 99379,20151203,   11,    0
 18520, 99379,20151204,    4,    0
 18520, 99379,20151205,   26,    0
 18520, 99379,20151206,   19,    0
 18520, 99379,20151207,    8,    0
 18520, 99379,20151208,   45,    0
 18520, 99379,20151209,   22,    0
 18520, 99379,20151210,   26,    0
 18520, 99379,20151211,   11,    0
 18520, 99379,20151212,    1,    0
 18520, 99379,20151213,  -14,    0
 18520, 99379,20151214,  -18,    0
 18520, 99379,20151215,    6,    0
 18520, 99379,20151216,  -39,    0
 18520, 99379,20151217,   19,    0
 18520, 99379,20151218,   41,    0
 18520, 99379,20151219,   40,    0
 18520, 99379,20151220,-9999,    9
 18520, 99379,20151221,-9999,    9
 18520, 99379,20151222,-9999,    9
 18520, 99379,20151223,   22,    0
 18520, 99379,20151224,   48,    0
 18520, 99379,20151225,   15,    0
 18520, 99379,20151226,  -43,    0
 18520, 99379,20151227,  -67,    0
 18520, 99379,20151228,  -52,    0
 18520, 99379,20151229,   60,    0
 18520, 99379,20151230,   75,    0
 18520, 99379,20151231,   62,    0
 18520, 99379,20160101,   29,    0
 18520, 99379,20160102,    2,    0
 18520, 99379,20160103,  -66,    0
 18520, 99379,20160104,  -96,    0
 18520, 99379,20160105,  -53,    0
 18520, 99379,20160106,  -55,    0
 18520, 99379,20160107,  -77,    0
 18520, 99379,20160108, -129,    0
 18520, 99379,20160109, -142,    0
 18520, 99379,20160110,  -76,    0
 18520, 99379,20160111,  -21,    0
 18520, 99379,20160112,  -75,    0
 18520, 99379,20160113,  -73,    0
 18520, 99379,20160114,  -89,    0
 18520, 99379,20160115,  -96,    0
 18520, 99379,20160116,  -75,    0
 18520, 99379,20160117,  -25,    0
 18520, 99379,20160118,  -26,    0
 18520, 99379,20160119,  -43,    0
 18520, 99379,20160120,  -41,    0
 18520, 99379,20160121,  -46,    0
 18520, 99379,20160122,  -53,    0
 18520, 99379,20160123,    2,    0
 18520, 99379,20160124,   18,    0
 18520, 99379,20160125,-9999,    9
 18520, 99379,20160126,   28,    0
 18520, 99379,20160127,-9999,    9
 18520, 99379,20160128,-9999,    9
 18520, 99379,20160129,-9999,    9
 18520, 99379,20160130,   -5,    0
 18520, 99379,20160131,  -15,    0
 18520, 99379,20160201,  -12,    0
 18520, 99379,20160202,   -2,    0
 18520, 99379,20160203,   -5,    0
 18520, 99379,20160204,   -9,    0
 18520, 99379,20160205,   -8,    0
 18520, 99379,20160206,    7,    0
 18520, 99379,20160207,   12,    0
 18520, 99379,20160208,-9999,    9
 18520, 99379,20160209,-9999,    9
 18520, 99379,20160210,-9999,    9
 18520, 99379,20160211,-9999,    9
 18520, 99379,20160212,-9999,    9
 18520, 99379,20160213,  -75,    0
 18520, 99379,20160214,  -83,    0
 18520, 99379,20160215,  -26,    0
 18520, 99379,20160216,  -22,    0
 18520, 99379,20160217,   37,    0
 18520, 99379,20160218,    0,    0
 18520, 99379,20160219,  -12,    0
 18520, 99379,20160220,   14,    0
 18520, 99379,20160221,  -26,    0
 18520, 99379,20160222,  -19,    0
 18520, 99379,20160223,  -11,    0
 18520, 99379,20160224,   -4,    0
 18520, 99379,20160225,-9999,    9
 18520, 99379,20160226,    0,    0
 18520, 99379,20160227,   -5,    0
 18520, 99379,20160228,   -9,    0
 18520, 99379,20160229,  -23,    0
 18520, 99379,20160301,    5,    0
 18520, 99379,20160302,-9999,    9
 18520, 99379,20160303,-9999,    9
 18520, 99379,20160304,-9999,    9
 18520, 99379,20160305,   -9,    0
 18520, 99379,20160306,  -33,    0
 18520, 99379,20160307,  -38,    0
 18520, 99379,20160308,  -50,    0
 18520, 99379,20160309,  -15,    0
 18520, 99379,20160310,    8,    0
 18520, 99379,20160311,   -3,    0
 18520, 99379,20160312,   12,    0
 18520, 99379,20160313,   36,    0
 18520, 99379,20160314,   46,    0
 18520, 99379,20160315,   32,    0
 18520, 99379,20160316,   30,    0
 18520, 99379,20160317,   30,    0
 18520, 99379,20160318,   16,    0
 18520, 99379,20160319,-9999,    9
 18520, 99379,20160320,-9999,    9
 18520, 99379,20160321,    5,    0
 18520, 99379,20160322,   10,    0
 18520, 99379,20160323,    4,    0
 18520, 99379,20160324,    8,    0
 18520, 99379,20160325,   22,    0
 18520, 99379,20160326,   55,    0
 18520, 99379,20160327,-9999,    9
 18520, 99379,20160328,   62,    0
 18520, 99379,20160329,-9999,    9
 18520, 99379,20160330,-9999,    9
 18520, 99379,20160331,-9999,    9
 18520, 99379,20160401,   21,    0
 18520, 99379,20160402,   47,    0
 18520, 99379,20160403,   47,    0
 18520, 99379,20160404,   56,    0
 18520, 99379,20160405,   39,    0
 18520, 99379,20160406,   48,    0
 18520, 99379,20160407,-9999,    9
 18520, 99379,20160408,-9999,    9
 18520, 99379,20160409,   11,    0
 18520, 99379,20160410,   23,    0
 18520, 99379,20160411,   24,    0
 18520, 99379,20160412,   28,    0
 18520, 99379,20160413,   16,    0
 18520, 99379,20160414,    5,    0
 18520, 99379,20160415,    9,    0
 18520, 99379,20160416,   18,    0
 18520, 99379,20160417,   29,    0
 18520, 99379,20160418,-9999,    9
 18520, 99379,20160419,   31,    0
 18520, 99379,20160420,   28,    0
 18520, 99379,20160421,   20,    0
 18520, 99379,20160422,    1,    0
 18520, 99379,20160423,  -10,    0
 18520, 99379,20160424,  -17,    0
 18520, 99379,20160425,    8,    0
 18520, 99379,20160426,   15,    0
 18520, 99379,20160427,-9999,    9
 18520, 99379,20160428,-9999,    9
 18520, 99379,20160429,   42,    0
 18520, 99379,20160430,   65,    0
 18520, 99379,20160501,   60,    0
 18520, 99379,20160502,-9999,    9
 18520, 99379,20160503,-9999,    9
 18520, 99379,20160504,   76,    0
 18520, 99379,20160505,   92,    0
 18520, 99379,20160506,   87,    0
 18520, 99379,20160507,   85,    0
 18520, 99379,20160508,-9999,    9
 18520, 99379,20160509,  133,    0
 18520, 99379,20160510,   60,    0
 18520, 99379,20160511,   97,    0
 18520, 99379,20160512,   34,    0
 18520, 99379,20160513,-9999,    9
 18520, 99379,20160514,   28,    0
 18520, 99379,20160515,-9999,    9
 18520, 99379,20160516,   50,    0
 18520, 99379,20160517,   35,    0
 18520, 99379,20160518,   32,    0
 18520, 99379,20160519,-9999,    9
 18520, 99379,20160520,-9999,    9
 18520, 99379,20160521,  112,    0
 18520, 99379,20160522,  108,    0
 18520, 99379,20160523,   63,    0
 18520, 99379,20160524,   66,    0
 18520, 99379,20160525,   72,    0
 18520, 99379,20160526,   95,    0
 18520, 99379,20160527,  137,    0
 18520, 99379,20160528,  139,    0
 18520, 99379,20160529,  143,    0
 18520, 99379,20160530,  146,    0
 18520, 99379,20160531,  115,    0
 18520, 99379,20160601,  113,    0
 18520, 99379,20160602,  110,    0
 18520, 99379,20160603,   98,    0
 18520, 99379,20160604,-9999,    9
 18520, 99379,20160605,-9999,    9
 18520, 99379,20160606,-9999,    9
 18520, 99379,20160607,  116,    0
 18520, 99379,20160608,   56,    0
 18520, 99379,20160609,   50,    0
 18520, 99379,20160610,   70,    0
 18520, 99379,20160611,   99,    0
 18520, 99379,20160612,  105,    0
 18520, 99379,20160613,  105,    0
 18520, 99379,20160614,  103,    0
 18520, 99379,20160615,  119,    0
 18520, 99379,20160616,  115,    0
 18520, 99379,20160617,   87,    0
 18520, 99379,20160618,   71,    0
 18520, 99379,20160619,   66,    0
 18520, 99379,20160620,  123,    0
 18520, 99379,20160621,  114,    0
 18520, 99379,20160622,  133,    0
 18520, 99379,20160623,  137,    0
 18520, 99379,20160624,  135,    0
 18520, 99379,20160625,  100,    0
 18520, 99379,20160626,  127,    0
 18520, 99379,20160627,  115,    0
 18520, 99379,20160628,-9999,    9
 18520, 99379,20160629,-9999,    9
 18520, 99379,20160630,-9999,    9
 18520, 99379,20160701,-9999,    9
 18520, 99379,20160702,  108,    0
 18520, 99379,20160703,  106,    0
 18520, 99379,20160704,  113,    0
 18520, 99379,20160705,-9999,    9
 18520, 99379,20160706,-9999,    9
 18520, 99379,20160707,-9999,    9
 18520, 99379,20160708,-9999,    9
 18520, 99379,20160709,-9999,    9
 18520, 99379,20160710,  143,    0
 18520, 99379,20160711,-9999,    9
 18520, 99379,20160712,  119,    0
 18520, 99379,20160713,  113,    0
 18520, 99379,20160714,  109,    0
 18520, 99379,20160715,  106,    0
 18520, 99379,20160716,-9999,    9
 18520, 99379,20160717,  107,    0
 18520, 99379,20160718,  114,    0
 18520, 99379,20160719,  134,    0
 18520, 99379,20160720,  165,    0
 18520, 99379,20160721,  214,    0
 18520, 99379,20160722,  165,    0
 18520, 99379,20160723,-9999,    9
 18520, 99379,20160724,-9999,    9
 18520, 99379,20160725,  172,    0
 18520, 99379,20160726,  131,    0
 18520, 99379,20160727,  149,    0
 18520, 99379,20160728,  139,    0
 18520, 99379,20160729,  140,    0
 18520, 99379,20160730,  125,    0
 18520, 99379,20160731,  118,    0
 18520, 99379,20160801,  123,    0
 18520, 99379,20160802,  103,    0
 18520, 99379,20160803,  116,    0
 18520, 99379,20160804,  143,    0
 18520, 99379,20160805,  130,    0
 18520, 99379,20160806,  107,    0
 18520, 99379,20160807,  121,    0
 18520, 99379,20160808,  127,    0
 18520, 99379,20160809,-9999,    9
 18520, 99379,20160810,   59,    0
 18520, 99379,20160811,   58,    0
 18520, 99379,20160812,   81,    0
 18520, 99379,20160813,   95,    0
 18520, 99379,20160814,   99,    0
 18520, 99379,20160815,-9999,    9
 18520, 99379,20160816,-9999,    9
 18520, 99379,20160817,  149,    0
 18520, 99379,20160818,  132,    0
 18520, 99379,20160819,-9999,    9
 18520, 99379,20160820,  141,    0
 18520, 99379,20160821,  143,    0
 18520, 99379,20160822,  137,    0
 18520, 99379,20160823,  139,    0
 18520, 99379,20160824,  128,    0
 18520, 99379,20160825,  116,    0
 18520, 99379,20160826,-9999,    9
 18520, 99379,20160827,  100,    0
 18520, 99379,20160828,  106,    0
 18520, 99379,20160829,  106,    0
 18520, 99379,20160830,  106,    0
 18520, 99379,20160831,  130,    0
 18520, 99379,20160901,  107,    0
 18520, 99379,20160902,   96,    0
 18520, 99379,20160903,  105,    0
 18520, 99379,20160904,   92,    0
 18520, 99379,20160905,  102,    0
 18520, 99379,20160906,  141,    0
 18520, 99379,20160907,  123,    0
 18520, 99379,20160908,  125,    0
 18520, 99379,20160909,  130,    0
 18520, 99379,20160910,  124,    0
 18520, 99379,20160911,-9999,    9
 18520, 99379,20160912,-9999,    9
 18520, 99379,20160913,  156,    0
 18520, 99379,20160914,  125,    0
 18520, 99379,20160915,  141,    0
 18520, 99379,20160916,-9999,    9
 18520, 99379,20160917,-9999,    9
 18520, 99379,20160918,-9999,    9
 18520, 99379,20160919,  133,    0
 18520, 99379,20160920,  129,    0
 18520, 99379,20160921,  133,    0
 18520, 99379,20160922,  123,    0
 18520, 99379,20160923,  102,    0
 18520, 99379,20160924,   95,    0
 18520, 99379,20160925,  139,    0
 18520, 99379,20160926,  123,    0
 18520, 99379,20160927,  113,    0
 18520, 99379,20160928,   82,    0
 18520, 99379,20160929,   76,    0
 18520, 99379,20160930,   63,    0
 18520, 99379,20161001,   47,    0
 18520, 99379,20161002,   47,    0
 18520, 99379,20161003,   47,    0
 18520, 99379,20161004,   54,    0
 18520, 99379,20161005,   57,    0
 18520, 99379,20161006,   46,    0
 18520, 99379,20161007,   79,    0
 18520, 99379,20161008,   51,    0
 18520, 99379,20161009,   32,    0
 18520, 99379,20161010,   41,    0
 18520, 99379,20161011,   36,    0
 18520, 99379,20161012,   23,    0
 18520, 99379,20161013,-9999,    9
 18520, 99379,20161014,-9999,    9
 18520, 99379,20161015,   60,    0
 18520, 99379,20161016,   62,    0
 18520, 99379,20161017,   69,    0
 18520, 99379,20161018,   78,    0
 18520, 99379,20161019,   47,    0
 18520, 99379,20161020,-9999,    9
 18520, 99379,20161021,-9999,    9
 18520, 99379,20161022,-9999,    9
 18520, 99379,20161023,-9999,    9
 18520, 99379,20161024,-9999,    9
 18520, 99379,20161025,-9999,    9
 18520, 99379,20161026,-9999,    9
 18520, 99379,20161027,   62,    0
 18520, 99379,20161028,   38,    0
 18520, 99379,20161029,   41,    0
 18520, 99379,20161030,   37,    0
 18520, 99379,20161031,   58,    0
 18520, 99379,20161101,   31,    0
 18520, 99379,20161102,   -1,    0
 18520, 99379,20161103,  -12,    0
 18520, 99379,20161104,  -26,    0
 18520, 99379,20161105,   -3,    0
 18520, 99379,20161106,  -31,    0
 18520, 99379,20161107,  -72,    0
 18520, 99379,20161108,  -76,    0
 18520, 99379,20161109,  -68,    0
 18520, 99379,20161110,-9999,    9
 18520, 99379,20161111,   -9,    0
 18520, 99379,20161112,   13,    0
 18520, 99379,20161113,   12,    0
 18520, 99379,20161114,   44,    0
 18520, 99379,20161115,   50,    0
 18520, 99379,20161116,   24,    0
 18520, 99379,20161117,  -20,    0
 18520, 99379,20161118,  -16,    0
 18520, 99379,20161119,   -8,    0
 18520, 99379,20161120,  -22,    0
 18520, 99379,20161121,   -8,    0
 18520, 99379,20161122,    0,    0
 18520, 99379,20161123,   -2,    0
 18520, 99379,20161124,    8,    0
 18520, 99379,20161125,   62,    0
 18520, 99379,20161126,   29,    0
 18520, 99379,20161127,  -10,    0
 18520, 99379,20161128,    9,    0
 18520, 99379,20161129,   28,    0
 18520, 99379,20161130,    7,    0
 18520, 99379,20161201,-9999,    9
 18520, 99379,20161202,    4,    0
 18520, 99379,20161203,   10,    0
 18520, 99379,20161204,   46,    0
 18520, 99379,20161205,   19,    0
 18520, 99379,20161206,  -18,    0
 18520, 99379,20161207,   14,    0
 18520, 99379,20161208,   61,    0
 18520, 99379,20161209,   55,    0
 18520, 99379,20161210,   32,    0
 18520, 99379,20161211,   -6,    0
 18520, 99379,20161212,  -32,    0
 18520, 99379,20161213,   12,    0
 18520, 99379,20161214,  -36,    0
 18520, 99379,20161215,   27,    0
 18520, 99379,20161216,   20,    0
 18520, 99379,20161217,   20,    0
 18520, 99379,20161218,   42,    0
 18520, 99379,20161219,   77,    0
 18520, 99379,20161220,   28,    0
 18520, 99379,20161221,   44,    0
 18520, 99379,20161222,   -5,    0
 18520, 99379,20161223,-9999,    9
 18520, 99379,20161224,    2,    0
 18520, 99379,20161225,   31,    0
 18520, 99379,20161226,   11,    0
 18520, 99379,20161227,    8,    0
 18520, 99379,20161228,   34,    0
 18520, 99379,20161229,   51,    0
 18520, 99379,20161230,   56,    0
 18520, 99379,20161231,   24,    0
 18520, 99379,20170101,-9999,    9
 18520, 99379,20170102,-9999,    9
 18520, 99379,20170103,-9999,    9
 18520, 99379,20170104,-9999,    9
 18520, 99379,20170105,-9999,    9
 18520, 99379,20170106,-9999,    9
 18520, 99379,20170107,-9999,    9
 18520, 99379,20170108,-9999,    9
 18520, 99379,20170109,-9999,    9
 18520, 99379,20170110,-9999,    9
 18520, 99379,20170111,-9999,    9
 18520, 99379,20170112,-9999,    9
 18520, 99379,20170113,-9999,    9
 18520, 99379,20170114,-9999,    9
 18520, 99379,20170115,-9999,    9
 18520, 99379,20170116,-9999,    9
 18520, 99379,20170117,-9999,    9
 18520, 99379,20170118,-9999,    9
 18520, 99379,20170119,-9999,    9
 18520, 99379,20170120,-9999,    9
 18520, 99379,20170121,-9999,    9
 18520, 99379,20170122,-9999,    9
 18520, 99379,20170123,-9999,    9
 18520, 99379,20170124,-9999,    9
 18520, 99379,20170125,-9999,    9
 18520, 99379,20170126,-9999,    9
 18520, 99379,20170127,-9999,    9
 18520, 99379,20170128,-9999,    9
 18520, 99379,20170129,-9999,    9
 18520, 99379,20170130,-9999,    9
 18520, 99379,20170131,-9999,    9
 18520, 99379,20170201,-9999,    9
 18520, 99379,20170202,-9999,    9
 18520, 99379,20170203,-9999,    9
 18520, 99379,20170204,-9999,    9
 18520, 99379,20170205,-9999,    9
 18520, 99379,20170206,-9999,    9
 18520, 99379,20170207,-9999,    9
 18520, 99379,20170208,-9999,    9
 18520, 99379,20170209,-9999,    9
 18520, 99379,20170210,-9999,    9
 18520, 99379,20170211,-9999,    9
 18520, 99379,20170212,-9999,    9
 18520, 99379,20170213,-9999,    9
 18520, 99379,20170214,-9999,    9
 18520, 99379,20170215,-9999,    9
 18520, 99379,20170216,-9999,    9
 18520, 99379,20170217,-9999,    9
 18520, 99379,20170218,-9999,    9
 18520, 99379,20170219,-9999,    9
 18520, 99379,20170220,-9999,    9
 18520, 99379,20170221,-9999,    9
 18520, 99379,20170222,-9999,    9
 18520, 99379,20170223,-9999,    9
 18520, 99379,20170224,-9999,    9
 18520, 99379,20170225,-9999,    9
 18520, 99379,20170226,-9999,    9
 18520, 99379,20170227,-9999,    9
 18520, 99379,20170228,-9999,    9
 18520, 99379,20170301,-9999,    9
 18520, 99379,20170302,-9999,    9
 18520, 99379,20170303,-9999,    9
 18520, 99379,20170304,-9999,    9
 18520, 99379,20170305,-9999,    9
 18520, 99379,20170306,-9999,    9
 18520, 99379,20170307,-9999,    9
 18520, 99379,20170308,-9999,    9
 18520, 99379,20170309,-9999,    9
 18520, 99379,20170310,-9999,    9
 18520, 99379,20170311,-9999,    9
 18520, 99379,20170312,-9999,    9
 18520, 99379,20170313,   34,    0
 18520, 99379,20170314,-9999,    9
 18520, 99379,20170315,-9999,    9
 18520, 99379,20170316,-9999,    9
 18520, 99379,20170317,-9999,    9
 18520, 99379,20170318,-9999,    9
 18520, 99379,20170319,-9999,    9
 18520, 99379,20170320,-9999,    9
 18520, 99379,20170321,-9999,    9
 18520, 99379,20170322,-9999,    9
 18520, 99379,20170323,-9999,    9
 18520, 99379,20170324,-9999,    9
 18520, 99379,20170325,-9999,    9
 18520, 99379,20170326,-9999,    9
 18520, 99379,20170327,-9999,    9
 18520, 99379,20170328,-9999,    9
 18520, 99379,20170329,-9999,    9
 18520, 99379,20170330,-9999,    9
 18520, 99379,20170331,-9999,    9
 18520, 99379,20170401,-9999,    9
 18520, 99379,20170402,-9999,    9
 18520, 99379,20170403,   55,    0
 18520, 99379,20170404,   39,    0
 18520, 99379,20170405,-9999,    9
 18520, 99379,20170406,   28,    0
 18520, 99379,20170407,   35,    0
 18520, 99379,20170408,   58,    0
 18520, 99379,20170409,   58,    0
 18520, 99379,20170410,   15,    0
 18520, 99379,20170411,   10,    0
 18520, 99379,20170412,   11,    0
 18520, 99379,20170413,    9,    0
 18520, 99379,20170414,    2,    0
 18520, 99379,20170415,   11,    0
 18520, 99379,20170416,    5,    0
 18520, 99379,20170417,    2,    0
 18520, 99379,20170418,   14,    0
 18520, 99379,20170419,   26,    0
 18520, 99379,20170420,   38,    0
 18520, 99379,20170421,   16,    0
 18520, 99379,20170422,   10,    0
 18520, 99379,20170423,  -10,    0
 18520, 99379,20170424,  -11,    0
 18520, 99379,20170425,   14,    0
 18520, 99379,20170426,-9999,    9
 18520, 99379,20170427,-9999,    9
 18520, 99379,20170428,   27,    0
 18520, 99379,20170429,   51,    0
 18520, 99379,20170430,   43,    0
 18520, 99379,20170501,   59,    0
 18520, 99379,20170502,   72,    0
 18520, 99379,20170503,   68,    0
 18520, 99379,20170504,   78,    0
 18520, 99379,20170505,  102,    0
 18520, 99379,20170506,   56,    0
 18520, 99379,20170507,   34,    0
 18520, 99379,20170508,   17,    0
 18520, 99379,20170509,   14,    0
 18520, 99379,20170510,   29,    0
 18520, 99379,20170511,   43,    0
 18520, 99379,20170512,   69,    0
 18520, 99379,20170513,   95,    0
 18520, 99379,20170514,  102,    0
 18520, 99379,20170515,   98,    0
 18520, 99379,20170516,  107,    0
 18520, 99379,20170517,  110,    0
 18520, 99379,20170518,-9999,    9
 18520, 99379,20170519,-9999,    9
 18520, 99379,20170520,-9999,    9
 18520, 99379,20170521,   76,    0
 18520, 99379,20170522,   64,    0
 18520, 99379,20170523,   89,    0
 18520, 99379,20170524,   79,    0
 18520, 99379,20170525,   81,    0
 18520, 99379,20170526,   98,    0
 18520, 99379,20170527,  160,    0
 18520, 99379,20170528,  131,    0
 18520, 99379,20170529,   92,    0
 18520, 99379,20170530,   66,    0
 18520, 99379,20170531,   51,    0
 18520, 99379,20170601,   58,    0
 18520, 99379,20170602,  101,    0
 18520, 99379,20170603,  100,    0
 18520, 99379,20170604,   85,    0
 18520, 99379,20170605,   89,    0
 18520, 99379,20170606,  110,    0
 18520, 99379,20170607,  168,    0
 18520, 99379,20170608,  164,    0
 18520, 99379,20170609,-9999,    9
 18520, 99379,20170610,  127,    0
 18520, 99379,20170611,  138,    0
 18520, 99379,20170612,  107,    0
 18520, 99379,20170613,  106,    0
 18520, 99379,20170614,  106,    0
 18520, 99379,20170615,  139,    0
 18520, 99379,20170616,  116,    0
 18520, 99379,20170617,  116,    0
 18520, 99379,20170618,  120,    0
 18520, 99379,20170619,   94,    0
 18520, 99379,20170620,   71,    0
 18520, 99379,20170621,   72,    0
 18520, 99379,20170622,  118,    0
 18520, 99379,20170623,  110,    0
 18520, 99379,20170624,  106,    0
 18520, 99379,20170625,  101,    0
 18520, 99379,20170626,   66,    0
 18520, 99379,20170627,   70,    0
 18520, 99379,20170628,   99,    0
 18520, 99379,20170629,  137,    0
 18520, 99379,20170630,-9999,    9
 18520, 99379,20170701,-9999,    9
 18520, 99379,20170702,-9999,    9
 18520, 99379,20170703,   84,    0
 18520, 99379,20170704,   85,    0
 18520, 99379,20170705,   87,    0
 18520, 99379,20170706,   95,    0
 18520, 99379,20170707,  122,    0
 18520, 99379,20170708,   92,    0
 18520, 99379,20170709,  112,    0
 18520, 99379,20170710,  121,    0
 18520, 99379,20170711,  100,    0
 18520, 99379,20170712,   88,    0
 18520, 99379,20170713,   85,    0
 18520, 99379,20170714,   96,    0
 18520, 99379,20170715,  128,    0
 18520, 99379,20170716,  105,    0
 18520, 99379,20170717,   83,    0
 18520, 99379,20170718,   97,    0
 18520, 99379,20170719,  122,    0
 18520, 99379,20170720,  149,    0
 18520, 99379,20170721,  171,    0
 18520, 99379,20170722,  155,    0
 18520, 99379,20170723,-9999,    9
 18520, 99379,20170724,  150,    0
 18520, 99379,20170725,  155,    0
 18520, 99379,20170726,  167,    0
 18520, 99379,20170727,  174,    0
 18520, 99379,20170728,  140,    0
 18520, 99379,20170729,  140,    0
 18520, 99379,20170730,  141,    0
 18520, 99379,20170731,  147,    0
 18520, 99379,20170801,  143,    0
 18520, 99379,20170802,  124,    0
 18520, 99379,20170803,  144,    0
 18520, 99379,20170804,  151,    0
 18520, 99379,20170805,  141,    0
 18520, 99379,20170806,  138,    0
 18520, 99379,20170807,  121,    0
 18520, 99379,20170808,  113,    0
 18520, 99379,20170809,  138,    0
 18520, 99379,20170810,  118,    0
 18520, 99379,20170811,  135,    0
 18520, 99379,20170812,  101,    0
 18520, 99379,20170813,   84,    0
 18520, 99379,20170814,  104,    0
 18520, 99379,20170815,  123,    0
 18520, 99379,20170816,  121,    0
 18520, 99379,20170817,  132,    0
 18520, 99379,20170818,  143,    0
 18520, 99379,20170819,  111,    0
 18520, 99379,20170820,  108,    0
 18520, 99379,20170821,  100,    0
 18520, 99379,20170822,   89,    0
 18520, 99379,20170823,   99,    0
 18520, 99379,20170824,   96,    0
 18520, 99379,20170825,   84,    0
 18520, 99379,20170826,   93,    0
 18520, 99379,20170827,  101,    0
 18520, 99379,20170828,  130,    0
 18520, 99379,20170829,  125,    0
 18520, 99379,20170830,  114,    0
 18520, 99379,20170831,  104,    0
 18520, 99379,20170901,   89,    0
 18520, 99379,20170902,  106,    0
 18520, 99379,20170903,  113,    0
 18520, 99379,20170904,  122,    0
 18520, 99379,20170905,  131,    0
 18520, 99379,20170906,  127,    0
 18520, 99379,20170907,  118,    0
 18520, 99379,20170908,  114,    0
 18520, 99379,20170909,  115,    0
 18520, 99379,20170910,  103,    0
 18520, 99379,20170911,  119,    0
 18520, 99379,20170912,  104,    0
 18520, 99379,20170913,  103,    0
 18520, 99379,20170914,   87,    0
 18520, 99379,20170915,   87,    0
 18520, 99379,20170916,   82,    0
 18520, 99379,20170917,   76,    0
 18520, 99379,20170918,   91,    0
 18520, 99379,20170919,-9999,    9
 18520, 99379,20170920,-9999,    9
 18520, 99379,20170921,   96,    0
 18520, 99379,20170922,  112,    0
 18520, 99379,20170923,  104,    0
 18520, 99379,20170924,  117,    0
 18520, 99379,20170925,  122,    0
 18520, 99379,20170926,  116,    0
 18520, 99379,20170927,  128,    0
 18520, 99379,20170928,  136,    0
 18520, 99379,20170929,  138,    0
 18520, 99379,20170930,  132,    0
 18520, 99379,20171001,  121,    0
 18520, 99379,20171002,  134,    0
 18520, 99379,20171003,   87,    0
 18520, 99379,20171004,-9999,    9
 18520, 99379,20171005,   61,    0
 18520, 99379,20171006,   61,    0
 18520, 99379,20171007,   41,    0
 18520, 99379,20171008,   51,    0
 18520, 99379,20171009,   34,    0
 18520, 99379,20171010,   41,    0
 18520, 99379,20171011,   65,    0
 18520, 99379,20171012,   61,    0
 18520, 99379,20171013,   69,    0
 18520, 99379,20171014,-9999,    9
 18520, 99379,20171015,   70,    0
 18520, 99379,20171016,   61,    0
 18520, 99379,20171017,-9999,    9
 18520, 99379,20171018,-9999,    9
 18520, 99379,20171019,-9999,    9
 18520, 99379,20171020,-9999,    9
 18520, 99379,20171021,-9999,    9
 18520, 99379,20171022,-9999,    9
 18520, 99379,20171023,-9999,    9
 18520, 99379,20171024,-9999,    9
 18520, 99379,20171025,   46,    0
 18520, 99379,20171026,   54,    0
 18520, 99379,20171027,   56,    0
 18520, 99379,20171028,   31,    0
 18520, 99379,20171029,   16,    0
 18520, 99379,20171030,    3,    0
 18520, 99379,20171031,   41,    0
 18520, 99379,20171101,-9999,    9
 18520, 99379,20171102,-9999,    9
 18520, 99379,20171103,   46,    0
 18520, 99379,20171104,   48,    0
 18520, 99379,20171105,   29,    0
 18520, 99379,20171106,    4,    0
 18520, 99379,20171107,   43,    0
 18520, 99379,20171108,   32,    0
 18520, 99379,20171109,   47,    0
 18520, 99379,20171110,    1,    0
 18520, 99379,20171111,    4,    0
 18520, 99379,20171112,   17,    0
 18520, 99379,20171113,  -12,    0
 18520, 99379,20171114,    2,    0
 18520, 99379,20171115,   19,    0
 18520, 99379,20171116,   21,    0
 18520, 99379,20171117,    1,    0
 18520, 99379,20171118,  -12,    0
 18520, 99379,20171119,  -12,    0
 18520, 99379,20171120,  -27,    0
 18520, 99379,20171121, -101,    0
 18520, 99379,20171122,  -37,    0
 18520, 99379,20171123,    6,    0
 18520, 99379,20171124,   24,    0
 18520, 99379,20171125,    7,    0
 18520, 99379,20171126,  -26,    0
 18520, 99379,20171127,  -63,    0
 18520, 99379,20171128,-9999,    9
 18520, 99379,20171129,-9999,    9
 18520, 99379,20171130,  -72,    0
 18520, 99379,20171201,  -59,    0
 18520, 99379,20171202,   30,    0
 18520, 99379,20171203,   12,    0
 18520, 99379,20171204,   -5,    0
 18520, 99379,20171205,   -7,    0
 18520, 99379,20171206,  -28,    0
 18520, 99379,20171207,   18,    0
 18520, 99379,20171208,    8,    0
 18520, 99379,20171209,    0,    0
 18520, 99379,20171210,  -65,    0
 18520, 99379,20171211,  -93,    0
 18520, 99379,20171212,  -80,    0
 18520, 99379,20171213,  -30,    0
 18520, 99379,20171214,  -62,    0
 18520, 99379,20171215,  -67,    0
 18520, 99379,20171216,  -21,    0
 18520, 99379,20171217,  -15,    0
 18520, 99379,20171218,   12,    0
 18520, 99379,20171219,   40,    0
 18520, 99379,20171220,   19,    0
 18520, 99379,20171221,   21,    0
 18520, 99379,20171222,   15,    0
 18520, 99379,20171223,   19,    0
 18520, 99379,20171224,    3,    0
 18520, 99379,20171225,  -21,    0
 18520, 99379,20171226,  -24,    0
 18520, 99379,20171227,  -76,    0
 18520, 99379,20171228,  -98,    0
 18520, 99379,20171229,  -71,    0
 18520, 99379,20171230,  -65,    0
 18520, 99379,20171231,  -37,    0
 18520, 99379,20180101,  -22,    0
 18520, 99379,20180102,  -29,    0
 18520, 99379,20180103,  -63,    0
 18520, 99379,20180104,   -6,    0
 18520, 99379,20180105,  -42,    0
 18520, 99379,20180106,  -52,    0
 18520, 99379,20180107,  -14,    0
 18520, 99379,20180108,    7,    0
 18520, 99379,20180109,  -24,    0
 18520, 99379,20180110,   13,    0
 18520, 99379,20180111,   19,    0
 18520, 99379,20180112,  -25,    0
 18520, 99379,20180113,  -74,    0
 18520, 99379,20180114,  -12,    0
 18520, 99379,20180115,   24,    0
 18520, 99379,20180116,   -2,    0
 18520, 99379,20180117,  -63,    0
 18520, 99379,20180118,  -83,    0
 18520, 99379,20180119,  -69,    0
 18520, 99379,20180120,  -66,    0
 18520, 99379,20180121,  -78,    0
 18520, 99379,20180122,  -90,    0
 18520, 99379,20180123,   -4,    0
 18520, 99379,20180124,    7,    0
 18520, 99379,20180125,    7,    0
 18520, 99379,20180126,   -8,    0
 18520, 99379,20180127,  -44,    0
 18520, 99379,20180128,  -14,    0
 18520, 99379,20180129,    0,    0
 18520, 99379,20180130,  -14,    0
 18520, 99379,20180131,   -1,    0
 18520, 99379,20180201,  -25,    0
 18520, 99379,20180202,  -85,    0
 18520, 99379,20180203, -122,    0
 18520, 99379,20180204,  -59,    0
 18520, 99379,20180205,  -36,    0
 18520, 99379,20180206,  -37,    0
 18520, 99379,20180207,  -29,    0
 18520, 99379,20180208,  -11,    0
 18520, 99379,20180209,   19,    0
 18520, 99379,20180210,   -1,    0
 18520, 99379,20180211,   -2,    0
 18520, 99379,20180212,  -24,    0
 18520, 99379,20180213,  -50,    0
 18520, 99379,20180214,   10,    0
 18520, 99379,20180215,   19,    0
 18520, 99379,20180216,  -16,    0
 18520, 99379,20180217,  -27,    0
 18520, 99379,20180218,  -14,    0
 18520, 99379,20180219,  -34,    0
 18520, 99379,20180220,  -55,    0
 18520, 99379,20180221,   -9,    0
 18520, 99379,20180222,  -24,    0
 18520, 99379,20180223,  -30,    0
 18520, 99379,20180224,  -32,    0
 18520, 99379,20180225,   -9,    0
 18520, 99379,20180226,  -37,    0
 18520, 99379,20180227,  -88,    0
 18520, 99379,20180228, -114,    0
 18520, 99379,20180301, -129,    0
 18520, 99379,20180302,  -98,    0
 18520, 99379,20180303,-9999,    9
 18520, 99379,20180304,  -52,    0
 18520, 99379,20180305,-9999,    9
 18520, 99379,20180306,  -92,    0
 18520, 99379,20180307,  -70,    0
 18520, 99379,20180308,  -15,    0
 18520, 99379,20180309,  -13,    0
 18520, 99379,20180310,-9999,    9
 18520, 99379,20180311,  -23,    0
 18520, 99379,20180312,  -18,    0
 18520, 99379,20180313,  -21,    0
 18520, 99379,20180314,  -30,    0
 18520, 99379,20180315,  -28,    0
 18520, 99379,20180316,  -43,    0
 18520, 99379,20180317,-9999,    9
 18520, 99379,20180318,  -24,    0
 18520, 99379,20180319,    0,    0
 18520, 99379,20180320,   -7,    0
 18520, 99379,20180321,    4,    0
 18520, 99379,20180322,   12,    0
 18520, 99379,20180323,   23,    0
 18520, 99379,20180324,   40,    0
 18520, 99379,20180325,-9999,    9
 18520, 99379,20180326,  -31,    0
 18520, 99379,20180327,  -31,    0
 18520, 99379,20180328,  -44,    0
 18520, 99379,20180329,  -42,    0
 18520, 99379,20180330,  -52,    0
 18520, 99379,20180331,  -43,    0
 18520, 99379,20180401,  -43,    0
 18520, 99379,20180402,  -41,    0
 18520, 99379,20180403,  -30,    0
 18520, 99379,20180404,  -18,    0
 18520, 99379,20180405,  -12,    0
 18520, 99379,20180406,    1,    0
 18520, 99379,20180407,-9999,    9
 18520, 99379,20180408,   11,    0
 18520, 99379,20180409,   17,    0
 18520, 99379,20180410,   30,    0
 18520, 99379,20180411,   41,    0
 18520, 99379,20180412,   48,    0
 18520, 99379,20180413,   67,    0
 18520, 99379,20180414,   82,    0
 18520, 99379,20180415,   73,    0
 18520, 99379,20180416,   56,    0
 18520, 99379,20180417,   68,    0
 18520, 99379,20180418,   53,    0
 18520, 99379,20180419,   86,    0
 18520, 99379,20180420,   50,    0
 18520, 99379,20180421,   39,    0
 18520, 99379,20180422,   55,    0
 18520, 99379,20180423,   56,    0
 18520, 99379,20180424,   43,    0
 18520, 99379,20180425,   28,    0
 18520, 99379,20180426,   39,    0
 18520, 99379,20180427,   35,    0
 18520, 99379,20180428,   28,    0
 18520, 99379,20180429,   27,    0
 18520, 99379,20180430,   50,    0
 18520, 99379,20180501,   62,    0
 18520, 99379,20180502,   83,    0
 18520, 99379,20180503,   51,    0
 18520, 99379,20180504,   73,    0
 18520, 99379,20180505,-9999,    9
 18520, 99379,20180506,   67,    0
 18520, 99379,20180507,   65,    0
 18520, 99379,20180508,  146,    0
 18520, 99379,20180509,  174,    0
 18520, 99379,20180510,  147,    0
 18520, 99379,20180511,   78,    0
 18520, 99379,20180512,  111,    0
 18520, 99379,20180513,  127,    0
 18520, 99379,20180514,  150,    0
 18520, 99379,20180515,  139,    0
 18520, 99379,20180516,-9999,    9
 18520, 99379,20180517,   71,    0
 18520, 99379,20180518,   84,    0
 18520, 99379,20180519,-9999,    9
 18520, 99379,20180520,  143,    0
 18520, 99379,20180521,  153,    0
 18520, 99379,20180522,   77,    0
 18520, 99379,20180523,  116,    0
 18520, 99379,20180524,  107,    0
 18520, 99379,20180525,  116,    0
 18520, 99379,20180526,-9999,    9
 18520, 99379,20180527,  155,    0
 18520, 99379,20180528,  162,    0
 18520, 99379,20180529,  140,    0
 18520, 99379,20180530,-9999,    9
 18520, 99379,20180531,  196,    0
 18520, 99379,20180601,  168,    0
 18520, 99379,20180602,  157,    0
 18520, 99379,20180603,  127,    0
 18520, 99379,20180604,   68,    0
 18520, 99379,20180605,   54,    0
 18520, 99379,20180606,-9999,    9
 18520, 99379,20180607,   96,    0
 18520, 99379,20180608,  102,    0
 18520, 99379,20180609,  119,    0
 18520, 99379,20180610,-9999,    9
 18520, 99379,20180611,   81,    0
 18520, 99379,20180612,   80,    0
 18520, 99379,20180613,   93,    0
 18520, 99379,20180614,  119,    0
 18520, 99379,20180615,  103,    0
 18520, 99379,20180616,  109,    0
 18520, 99379,20180617,  134,    0
 18520, 99379,20180618,  112,    0
 18520, 99379,20180619,   75,    0
 18520, 99379,20180620,   85,    0
 18520, 99379,20180621,   67,    0
 18520, 99379,20180622,   74,    0
 18520, 99379,20180623,   87,    0
 18520, 99379,20180624,  100,    0
 18520, 99379,20180625,  106,    0
 18520, 99379,20180626,  105,    0
 18520, 99379,20180627,  126,    0
 18520, 99379,20180628,   97,    0
 18520, 99379,20180629,   85,    0
 18520, 99379,20180630,  126,    0
 18520, 99379,20180701,-9999,    9
 18520, 99379,20180702,  139,    0
 18520, 99379,20180703,  122,    0
 18520, 99379,20180704,  139,    0
 18520, 99379,20180705,  130,    0
 18520, 99379,20180706,   99,    0
 18520, 99379,20180707,  110,    0
 18520, 99379,20180708,  116,    0
 18520, 99379,20180709,  113,    0
 18520, 99379,20180710,  150,    0
 18520, 99379,20180711,  158,    0
 18520, 99379,20180712,  116,    0
 18520, 99379,20180713,  109,    0
 18520, 99379,20180714,  119,    0
 18520, 99379,20180715,  157,    0
 18520, 99379,20180716,  181,    0
 18520, 99379,20180717,  185,    0
 18520, 99379,20180718,  151,    0
 18520, 99379,20180719,  128,    0
 18520, 99379,20180720,  136,    0
 18520, 99379,20180721,  145,    0
 18520, 99379,20180722,  142,    0
 18520, 99379,20180723,  138,    0
 18520, 99379,20180724,  134,    0
 18520, 99379,20180725,  130,    0
 18520, 99379,20180726,  162,    0
 18520, 99379,20180727,  208,    0
 18520, 99379,20180728,  244,    0
 18520, 99379,20180729,  181,    0
 18520, 99379,20180730,  196,    0
 18520, 99379,20180731,  198,    0
 18520, 99379,20180801,  163,    0
 18520, 99379,20180802,  144,    0
 18520, 99379,20180803,  142,    0
 18520, 99379,20180804,  128,    0
 18520, 99379,20180805,  104,    0
 18520, 99379,20180806,  120,    0
 18520, 99379,20180807,  143,    0
 18520, 99379,20180808,  160,    0
 18520, 99379,20180809,  137,    0
 18520, 99379,20180810,  110,    0
 18520, 99379,20180811,  103,    0
 18520, 99379,20180812,   95,    0
 18520, 99379,20180813,  103,    0
 18520, 99379,20180814,  121,    0
 18520, 99379,20180815,  127,    0
 18520, 99379,20180816,  133,    0
 18520, 99379,20180817,  131,    0
 18520, 99379,20180818,  109,    0
 18520, 99379,20180819,   97,    0
 18520, 99379,20180820,   83,    0
 18520, 99379,20180821,   97,    0
 18520, 99379,20180822,  111,    0
 18520, 99379,20180823,  119,    0
 18520, 99379,20180824,   97,    0
 18520, 99379,20180825,   83,    0
 18520, 99379,20180826,   74,    0
 18520, 99379,20180827,   81,    0
 18520, 99379,20180828,  116,    0
 18520, 99379,20180829,  122,    0
 18520, 99379,20180830,   87,    0
 18520, 99379,20180831,   92,    0
 18520, 99379,20180901,  103,    0
 18520, 99379,20180902,  151,    0
 18520, 99379,20180903,  125,    0
 18520, 99379,20180904,   96,    0
 18520, 99379,20180905,  114,    0
 18520, 99379,20180906,  123,    0
 18520, 99379,20180907,  146,    0
 18520, 99379,20180908,  151,    0
 18520, 99379,20180909,  129,    0
 18520, 99379,20180910,  113,    0
 18520, 99379,20180911,   87,    0
 18520, 99379,20180912,   67,    0
 18520, 99379,20180913,   82,    0
 18520, 99379,20180914,   75,    0
 18520, 99379,20180915,   59,    0
 18520, 99379,20180916,   80,    0
 18520, 99379,20180917,   88,    0
 18520, 99379,20180918,  103,    0
 18520, 99379,20180919,  122,    0
 18520, 99379,20180920,   98,    0
 18520, 99379,20180921,   70,    0
 18520, 99379,20180922,   69,    0
 18520, 99379,20180923,   42,    0
 18520, 99379,20180924,   31,    0
 18520, 99379,20180925,   68,    0
 18520, 99379,20180926,-9999,    9
 18520, 99379,20180927,-9999,    9
 18520, 99379,20180928,-9999,    9
 18520, 99379,20180929,-9999,    9
 18520, 99379,20180930,-9999,    9
 18520, 99379,20181001,-9999,    9
 18520, 99379,20181002,-9999,    9
 18520, 99379,20181003,-9999,    9
 18520, 99379,20181004,   51,    0
 18520, 99379,20181005,   56,    0
 18520, 99379,20181006,   26,    0
 18520, 99379,20181007,   35,    0
 18520, 99379,20181008,   62,    0
 18520, 99379,20181009,   57,    0
 18520, 99379,20181010,   68,    0
 18520, 99379,20181011,-9999,    9
 18520, 99379,20181012,  152,    0
 18520, 99379,20181013,  118,    0
 18520, 99379,20181014,   95,    0
 18520, 99379,20181015,   28,    0
 18520, 99379,20181016,   65,    0
 18520, 99379,20181017,-9999,    9
 18520, 99379,20181018,-9999,    9
 18520, 99379,20181019,   58,    0
 18520, 99379,20181020,   63,    0
 18520, 99379,20181021,   64,    0
 18520, 99379,20181022,-9999,    9
 18520, 99379,20181023,   21,    0
 18520, 99379,20181024,   13,    0
 18520, 99379,20181025,   15,    0
 18520, 99379,20181026,   -5,    0
 18520, 99379,20181027,  -19,    0
 18520, 99379,20181028,  -51,    0
 18520, 99379,20181029,  -40,    0
 18520, 99379,20181030,    5,    0
 18520, 99379,20181031,   49,    0
 18520, 99379,20181101,   51,    0
 18520, 99379,20181102,   52,    0
 18520, 99379,20181103,   24,    0
 18520, 99379,20181104,-9999,    9
 18520, 99379,20181105,   79,    0
 18520, 99379,20181106,   30,    0
 18520, 99379,20181107,   66,    0
 18520, 99379,20181108,   51,    0
 18520, 99379,20181109,   30,    0
 18520, 99379,20181110,   78,    0
 18520, 99379,20181111,   93,    0
 18520, 99379,20181112,   55,    0
 18520, 99379,20181113,   31,    0
 18520, 99379,20181114,   36,    0
 18520, 99379,20181115,   85,    0
 18520, 99379,20181116,   85,    0
 18520, 99379,20181117,   70,    0
 18520, 99379,20181118,   -1,    0
 18520, 99379,20181119,  -11,    0
 18520, 99379,20181120,   -8,    0
 18520, 99379,20181121,   -4,    0
 18520, 99379,20181122,  -37,    0
 18520, 99379,20181123,   -5,    0
 18520, 99379,20181124,   10,    0
 18520, 99379,20181125,  -21,    0
 18520, 99379,20181126,   -9,    0
 18520, 99379,20181127,  -65,    0
 18520, 99379,20181128,  -38,    0
 18520, 99379,20181129,   59,    0
 18520, 99379,20181130,   86,    0
 18520, 99379,20181201,   42,    0
 18520, 99379,20181202,   23,    0
 18520, 99379,20181203,   13,    0
 18520, 99379,20181204,   -6,    0
 18520, 99379,20181205,  -10,    0
 18520, 99379,20181206,  -47,    0
 18520, 99379,20181207,   -6,    0
 18520, 99379,20181208,   -4,    0
 18520, 99379,20181209,    3,    0
 18520, 99379,20181210,   10,    0
 18520, 99379,20181211,  -20,    0
 18520, 99379,20181212,  -75,    0
 18520, 99379,20181213,  -97,    0
 18520, 99379,20181214, -108,    0
 18520, 99379,20181215,  -96,    0
 18520, 99379,20181216,  -46,    0
 18520, 99379,20181217,  -45,    0
 18520, 99379,20181218,  -39,    0
 18520, 99379,20181219,   11,    0
 18520, 99379,20181220,    0,    0
 18520, 99379,20181221,  -18,    0
 18520, 99379,20181222,  -28,    0
 18520, 99379,20181223,  -20,    0
 18520, 99379,20181224,   13,    0
 18520, 99379,20181225,   36,    0
 18520, 99379,20181226,   34,    0
 18520, 99379,20181227,   29,    0
 18520, 99379,20181228,   22,    0
 18520, 99379,20181229,   21,    0
 18520, 99379,20181230,   -2,    0
 18520, 99379,20181231,   35,    0
 18520, 99379,20190101,   10,    0
 18520, 99379,20190102,   -5,    0
 18520, 99379,20190103,   26,    0
 18520, 99379,20190104,   49,    0
 18520, 99379,20190105,   41,    0
 18520, 99379,20190106,   26,    0
 18520, 99379,20190107,   -2,    0
 18520, 99379,20190108,   -2,    0
 18520, 99379,20190109,  -15,    0
 18520, 99379,20190110,   36,    0
 18520, 99379,20190111,    5,    0
 18520, 99379,20190112,  -17,    0
 18520, 99379,20190113,  -24,    0
 18520, 99379,20190114,  -24,    0
 18520, 99379,20190115,  -67,    0
 18520, 99379,20190116,  -65,    0
 18520, 99379,20190117,  -50,    0
 18520, 99379,20190118,-9999,    9
 18520, 99379,20190119,-9999,    9
 18520, 99379,20190120,  -80,    0
 18520, 99379,20190121,  -53,    0
 18520, 99379,20190122,  -88,    0
 18520, 99379,20190123,  -92,    0
 18520, 99379,20190124,  -75,    0
 18520, 99379,20190125,  -58,    0
 18520, 99379,20190126,  -75,    0
 18520, 99379,20190127,  -88,    0
 18520, 99379,20190128,  -90,    0
 18520, 99379,20190129,  -67,    0
 18520, 99379,20190130,-9999,    9
 18520, 99379,20190131,  -32,    0
 18520, 99379,20190201,  -23,    0
 18520, 99379,20190202,  -58,    0
 18520, 99379,20190203,  -71,    0
 18520, 99379,20190204,  -60,    0
 18520, 99379,20190205,  -78,    0
 18520, 99379,20190206,  -56,    0
 18520, 99379,20190207,   -2,    0
 18520, 99379,20190208,   -1,    0
 18520, 99379,20190209,   14,    0
 18520, 99379,20190210,   -7,    0
 18520, 99379,20190211,  -23,    0
 18520, 99379,20190212,   -2,    0
 18520, 99379,20190213,-9999,    9
 18520, 99379,20190214,-9999,    9
 18520, 99379,20190215,-9999,    9
 18520, 99379,20190216,    8,    0
 18520, 99379,20190217,    6,    0
 18520, 99379,20190218,   45,    0
 18520, 99379,20190219,   13,    0
 18520, 99379,20190220,   -5,    0
 18520, 99379,20190221,   13,    0
 18520, 99379,20190222,   49,    0
 18520, 99379,20190223,   70,    0
 18520, 99379,20190224,   52,    0
 18520, 99379,20190225,   42,    0
 18520, 99379,20190226,   46,    0
 18520, 99379,20190227,   43,    0
 18520, 99379,20190228,    1,    0
 18520, 99379,20190301,  -11,    0
 18520, 99379,20190302,   17,    0
 18520, 99379,20190303,    9,    0
 18520, 99379,20190304,   -5,    0
 18520, 99379,20190305,  -47,    0
 18520, 99379,20190306,  -48,    0
 18520, 99379,20190307,  -23,    0
 18520, 99379,20190308,  -29,    0
 18520, 99379,20190309,  -52,    0
 18520, 99379,20190310,  -45,    0
 18520, 99379,20190311,  -57,    0
 18520, 99379,20190312,   -8,    0
 18520, 99379,20190313,  -12,    0
 18520, 99379,20190314,   -9,    0
 18520, 99379,20190315,   -7,    0
 18520, 99379,20190316,  -26,    0
 18520, 99379,20190317,  -10,    0
 18520, 99379,20190318,   -6,    0
 18520, 99379,20190319,   13,    0
 18520, 99379,20190320,   31,    0
 18520, 99379,20190321,   30,    0
 18520, 99379,20190322,   55,    0
 18520, 99379,20190323,   13,    0
 18520, 99379,20190324,    7,    0
 18520, 99379,20190325,  -10,    0
 18520, 99379,20190326,    2,    0
 18520, 99379,20190327,   40,    0
 18520, 99379,20190328,   81,    0
 18520, 99379,20190329,   42,    0
 18520, 99379,20190330,    0,    0
 18520, 99379,20190331,-9999,    9
 18520, 99379,20190401,   17,    0
 18520, 99379,20190402,   17,    0
 18520, 99379,20190403,   35,    0
 18520, 99379,20190404,   34,    0
 18520, 99379,20190405,   56,    0
 18520, 99379,20190406,   24,    0
 18520, 99379,20190407,   10,    0
 18520, 99379,20190408,   10,    0
 18520, 99379,20190409,-9999,    9
 18520, 99379,20190410,-9999,    9
 18520, 99379,20190411,-9999,    9
 18520, 99379,20190412,   11,    0
 18520, 99379,20190413,   21,    0
 18520, 99379,20190414,   36,    0
 18520, 99379,20190415,   42,    0
 18520, 99379,20190416,   59,    0
 18520, 99379,20190417,   61,    0
 18520, 99379,20190418,   82,    0
 18520, 99379,20190419,   98,    0
 18520, 99379,20190420,-9999,    9
 18520, 99379,20190421,   60,    0
 18520, 99379,20190422,  114,    0
 18520, 99379,20190423,  124,    0
 18520, 99379,20190424,  123,    0
 18520, 99379,20190425,  145,    0
 18520, 99379,20190426,  145,    0
 18520, 99379,20190427,  133,    0
 18520, 99379,20190428,  143,    0
 18520, 99379,20190429,  122,    0
 18520, 99379,20190430,   84,    0
 18520, 99379,20190501,   45,    0
 18520, 99379,20190502,   -2,    0
 18520, 99379,20190503,   -4,    0
 18520, 99379,20190504,   12,    0
 18520, 99379,20190505,    3,    0
 18520, 99379,20190506,    1,    0
 18520, 99379,20190507,    0,    0
 18520, 99379,20190508,   19,    0
 18520, 99379,20190509,   44,    0
 18520, 99379,20190510,   38,    0
 18520, 99379,20190511,   30,    0
 18520, 99379,20190512,   23,    0
 18520, 99379,20190513,   33,    0
 18520, 99379,20190514,   74,    0
 18520, 99379,20190515,   96,    0
 18520, 99379,20190516,  106,    0
 18520, 99379,20190517,  142,    0
 18520, 99379,20190518,  155,    0
 18520, 99379,20190519,  121,    0
 18520, 99379,20190520,  142,    0
 18520, 99379,20190521,  160,    0
 18520, 99379,20190522,  145,    0
 18520, 99379,20190523,   97,    0
 18520, 99379,20190524,   84,    0
 18520, 99379,20190525,   57,    0
 18520, 99379,20190526,   47,    0
 18520, 99379,20190527,   33,    0
 18520, 99379,20190528,   29,    0
 18520, 99379,20190529,-9999,    9
 18520, 99379,20190530,-9999,    9
 18520, 99379,20190531,-9999,    9
 18520, 99379,20190601,   63,    0
 18520, 99379,20190602,   75,    0
 18520, 99379,20190603,  125,    0
 18520, 99379,20190604,  116,    0
 18520, 99379,20190605,  133,    0
 18520, 99379,20190606,  156,    0
 18520, 99379,20190607,  110,    0
 18520, 99379,20190608,  139,    0
 18520, 99379,20190609,  127,    0
 18520, 99379,20190610,  103,    0
 18520, 99379,20190611,  115,    0
 18520, 99379,20190612,  127,    0
 18520, 99379,20190613,  145,    0
 18520, 99379,20190614,  161,    0
 18520, 99379,20190615,  150,    0
 18520, 99379,20190616,  146,    0
 18520, 99379,20190617,  131,    0
 18520, 99379,20190618,  121,    0
 18520, 99379,20190619,  132,    0
 18520, 99379,20190620,  133,    0
 18520, 99379,20190621,  109,    0
 18520, 99379,20190622,   89,    0
 18520, 99379,20190623,   99,    0
 18520, 99379,20190624,  116,    0
 18520, 99379,20190625,  114,    0
 18520, 99379,20190626,   97,    0
 18520, 99379,20190627,   90,    0
 18520, 99379,20190628,  109,    0
 18520, 99379,20190629,  111,    0
 18520, 99379,20190630,  113,    0
 18520, 99379,20190701,   83,    0
 18520, 99379,20190702,   49,    0
 18520, 99379,20190703,   46,    0
 18520, 99379,20190704,   59,    0
 18520, 99379,20190705,   78,    0
 18520, 99379,20190706,   95,    0
 18520, 99379,20190707,  105,    0
 18520, 99379,20190708,   95,    0
 18520, 99379,20190709,  120,    0
 18520, 99379,20190710,  118,    0
 18520, 99379,20190711,  124,    0
 18520, 99379,20190712,  117,    0
 18520, 99379,20190713,   99,    0
 18520, 99379,20190714,   92,    0
 18520, 99379,20190715,   94,    0
 18520, 99379,20190716,  108,    0
 18520, 99379,20190717,  130,    0
 18520, 99379,20190718,  157,    0
 18520, 99379,20190719,  129,    0
 18520, 99379,20190720,  153,    0
 18520, 99379,20190721,  140,    0
 18520, 99379,20190722,  143,    0
 18520, 99379,20190723,  157,    0
 18520, 99379,20190724,  197,    0
 18520, 99379,20190725,  203,    0
 18520, 99379,20190726,  217,    0
 18520, 99379,20190727,  223,    0
 18520, 99379,20190728,  236,    0
 18520, 99379,20190729,  215,    0
 18520, 99379,20190730,  196,    0
 18520, 99379,20190731,  175,    0
 18520, 99379,20190801,  157,    0
 18520, 99379,20190802,  141,    0
 18520, 99379,20190803,  117,    0
 18520, 99379,20190804,  124,    0
 18520, 99379,20190805,  124,    0
 18520, 99379,20190806,  128,    0
 18520, 99379,20190807,  122,    0
 18520, 99379,20190808,  116,    0
 18520, 99379,20190809,  132,    0
 18520, 99379,20190810,  165,    0
 18520, 99379,20190811,  165,    0
 18520, 99379,20190812,  116,    0
 18520, 99379,20190813,   89,    0
 18520, 99379,20190814,   98,    0
 18520, 99379,20190815,  116,    0
 18520, 99379,20190816,  122,    0
 18520, 99379,20190817,  142,    0
 18520, 99379,20190818,  138,    0
 18520, 99379,20190819,  125,    0
 18520, 99379,20190820,  112,    0
 18520, 99379,20190821,  106,    0
 18520, 99379,20190822,-9999,    9
 18520, 99379,20190823,  107,    0
 18520, 99379,20190824,-9999,    9
 18520, 99379,20190825,-9999,    9
 18520, 99379,20190826,-9999,    9
 18520, 99379,20190827,  172,    0
 18520, 99379,20190828,  193,    0
 18520, 99379,20190829,  121,    0
 18520, 99379,20190830,  126,    0
 18520, 99379,20190831,  127,    0
 18520, 99379,20190901,  126,    0
 18520, 99379,20190902,   83,    0
 18520, 99379,20190903,   75,    0
 18520, 99379,20190904,   74,    0
 18520, 99379,20190905,   68,    0
 18520, 99379,20190906,   62,    0
 18520, 99379,20190907,   72,    0
 18520, 99379,20190908,   79,    0
 18520, 99379,20190909,   95,    0
 18520, 99379,20190910,  107,    0
 18520, 99379,20190911,  110,    0
 18520, 99379,20190912,   85,    0
 18520, 99379,20190913,   66,    0
 18520, 99379,20190914,   73,    0
 18520, 99379,20190915,   69,    0
 18520, 99379,20190916,   57,    0
 18520, 99379,20190917,   48,    0
 18520, 99379,20190918,   51,    0
 18520, 99379,20190919,   48,    0
 18520, 99379,20190920,   96,    0
 18520, 99379,20190921,  115,    0
 18520, 99379,20190922,   99,    0
 18520, 99379,20190923,   95,    0
 18520, 99379,20190924,   79,    0
 18520, 99379,20190925,   70,    0
 18520, 99379,20190926,   85,    0
 18520, 99379,20190927,  112,    0
 18520, 99379,20190928,  104,    0
 18520, 99379,20190929,   67,    0
 18520, 99379,20190930,   26,    0
 18520, 99379,20191001,   46,    0
 18520, 99379,20191002,   59,    0
 18520, 99379,20191003,   45,    0
 18520, 99379,20191004,   24,    0
 18520, 99379,20191005,   -2,    0
 18520, 99379,20191006,    6,    0
 18520, 99379,20191007,    7,    0
 18520, 99379,20191008,   38,    0
 18520, 99379,20191009,   43,    0
 18520, 99379,20191010,   54,    0
 18520, 99379,20191011,   52,    0
 18520, 99379,20191012,   35,    0
 18520, 99379,20191013,   14,    0
 18520, 99379,20191014,    6,    0
 18520, 99379,20191015,   32,    0
 18520, 99379,20191016,   51,    0
 18520, 99379,20191017,   62,    0
 18520, 99379,20191018,   51,    0
 18520, 99379,20191019,   33,    0
 18520, 99379,20191020,   31,    0
 18520, 99379,20191021,   26,    0
 18520, 99379,20191022,   67,    0
 18520, 99379,20191023,-9999,    9
 18520, 99379,20191024,-9999,    9
 18520, 99379,20191025,-9999,    9
 18520, 99379,20191026,-9999,    9
 18520, 99379,20191027,    1,    0
 18520, 99379,20191028,    7,    0
 18520, 99379,20191029,   13,    0
 18520, 99379,20191030,   28,    0
 18520, 99379,20191031,   32,    0
 18520, 99379,20191101,   15,    0
 18520, 99379,20191102,   12,    0
 18520, 99379,20191103,  -10,    0
 18520, 99379,20191104,  -35,    0
 18520, 99379,20191105,  -55,    0
 18520, 99379,20191106,  -46,    0
 18520, 99379,20191107,  -47,    0
 18520, 99379,20191108,  -60,    0
 18520, 99379,20191109,  -79,    0
 18520, 99379,20191110,  -88,    0
 18520, 99379,20191111,  -92,    0
 18520, 99379,20191112,  -54,    0
 18520, 99379,20191113,  -16,    0
 18520, 99379,20191114,  -30,    0
 18520, 99379,20191115,  -52,    0
 18520, 99379,20191116,  -29,    0
 18520, 99379,20191117,  -16,    0
 18520, 99379,20191118,  -19,    0
 18520, 99379,20191119,  -11,    0
 18520, 99379,20191120,  -38,    0
 18520, 99379,20191121,  -21,    0
 18520, 99379,20191122,    8,    0
 18520, 99379,20191123,   15,    0
 18520, 99379,20191124,    5,    0
 18520, 99379,20191125,-9999,    9
 18520, 99379,20191126,   16,    0
 18520, 99379,20191127,  -16,    0
 18520, 99379,20191128,  -16,    0
 18520, 99379,20191129,  -14,    0
 18520, 99379,20191130,  -18,    0
 18520, 99379,20191201,  -10,    0
 18520, 99379,20191202,  -16,    0
 18520, 99379,20191203,   38,    0
 18520, 99379,20191204,   43,    0
 18520, 99379,20191205,   15,    0
 18520, 99379,20191206,    5,    0
 18520, 99379,20191207,-9999,    9
 18520, 99379,20191208,  -15,    0
 18520, 99379,20191209,  -28,    0
 18520, 99379,20191210,  -26,    0
 18520, 99379,20191211,   26,    0
 18520, 99379,20191212,   34,    0
 18520, 99379,20191213,  -35,    0
 18520, 99379,20191214,-9999,    9
 18520, 99379,20191215,  -21,    0
 18520, 99379,20191216,  -15,    0
 18520, 99379,20191217,  -15,    0
 18520, 99379,20191218,  -12,    0
 18520, 99379,20191219,  -14,    0
 18520, 99379,20191220,   25,    0
 18520, 99379,20191221,-9999,    9
 18520, 99379,20191222,-9999,    9
 18520, 99379,20191223,-9999,    9
 18520, 99379,20191224,  -38,    0
 18520, 99379,20191225,  -15,    0
 18520, 99379,20191226,   -4,    0
 18520, 99379,20191227,  -55,    0
 18520, 99379,20191228,   22,    0
 18520, 99379,20191229,   53,    0
 18520, 99379,20191230,   39,    0
 18520, 99379,20191231,   16,    0
 18520, 99379,20200101,   57,    0
 18520, 99379,20200102,   87,    0
 18520, 99379,20200103,  -12,    0
 18520, 99379,20200104,   -5,    0
 18520, 99379,20200105,-9999,    9
 18520, 99379,20200106,-9999,    9
 18520, 99379,20200107,   36,    0
 18520, 99379,20200108,   25,    0
 18520, 99379,20200109,   -8,    0
 18520, 99379,20200110,  -14,    0
 18520, 99379,20200111,-9999,    9
 18520, 99379,20200112,-9999,    9
 18520, 99379,20200113,-9999,    9
 18520, 99379,20200114,-9999,    9
 18520, 99379,20200115,-9999,    9
 18520, 99379,20200116,   27,    0
 18520, 99379,20200117,   23,    0
 18520, 99379,20200118,-9999,    9
 18520, 99379,20200119,-9999,    9
 18520, 99379,20200120,-9999,    9
 18520, 99379,20200121,-9999,    9
 18520, 99379,20200122,   11,    0
 18520, 99379,20200123,   43,    0
 18520, 99379,20200124,   10,    0
 18520, 99379,20200125,   16,    0
 18520, 99379,20200126,   30,    0
 18520, 99379,20200127,-9999,    9
 18520, 99379,20200128,-9999,    9
 18520, 99379,20200129,   -3,    0
 18520, 99379,20200130,  -25,    0
 18520, 99379,20200131,    9,    0
 18520, 99379,20200201,   -4,    0
 18520, 99379,20200202,    6,    0
 18520, 99379,20200203,  -36,    0
 18520, 99379,20200204,  -37,    0
 18520, 99379,20200205,   24,    0
 18520, 99379,20200206,   43,    0
 18520, 99379,20200207,   18,    0
 18520, 99379,20200208,   25,    0
 18520, 99379,20200209,   40,    0
 18520, 99379,20200210,    9,    0
 18520, 99379,20200211,  -15,    0
 18520, 99379,20200212,  -11,    0
 18520, 99379,20200213,  -16,    0
 18520, 99379,20200214,  -27,    0
 18520, 99379,20200215,   23,    0
 18520, 99379,20200216,   26,    0
 18520, 99379,20200217,   23,    0
 18520, 99379,20200218,    6,    0
 18520, 99379,20200219,   -1,    0
 18520, 99379,20200220,   11,    0
 18520, 99379,20200221,   12,    0
 18520, 99379,20200222,    0,    0
 18520, 99379,20200223,   -4,    0
 18520, 99379,20200224,  -21,    0
 18520, 99379,20200225,  -56,    0
 18520, 99379,20200226,  -61,    0
 18520, 99379,20200227,  -53,    0
 18520, 99379,20200228,  -21,    0
 18520, 99379,20200229,  -26,    0
 18520, 99379,20200301,  -17,    0
 18520, 99379,20200302,   -8,    0
 18520, 99379,20200303,    6,    0
 18520, 99379,20200304,    3,    0
 18520, 99379,20200305,   -3,    0
 18520, 99379,20200306,   -3,    0
 18520, 99379,20200307,   12,    0
 18520, 99379,20200308,   53,    0
 18520, 99379,20200309,   15,    0
 18520, 99379,20200310,   14,    0
 18520, 99379,20200311,   19,    0
 18520, 99379,20200312,    1,    0
 18520, 99379,20200313,  -45,    0
 18520, 99379,20200314,  -25,    0
 18520, 99379,20200315,   17,    0
 18520, 99379,20200316,   -6,    0
 18520, 99379,20200317,   19,    0
 18520, 99379,20200318,    0,    0
 18520, 99379,20200319,-9999,    9
 18520, 99379,20200320,-9999,    9
 18520, 99379,20200321,-9999,    9
 18520, 99379,20200322,-9999,    9
 18520, 99379,20200323,-9999,    9
 18520, 99379,20200324,-9999,    9
 18520, 99379,20200325,-9999,    9
 18520, 99379,20200326,-9999,    9
 18520, 99379,20200327,   24,    0
 18520, 99379,20200328,  -24,    0
 18520, 99379,20200329,-9999,    9
 18520, 99379,20200330,  -17,    0
 18520, 99379,20200331,   22,    0
 18520, 99379,20200401,   10,    0
 18520, 99379,20200402,  -15,    0
 18520, 99379,20200403,  -31,    0
 18520, 99379,20200404,  -39,    0
 18520, 99379,20200405,   20,    0
 18520, 99379,20200406,   77,    0
 18520, 99379,20200407,   60,    0
 18520, 99379,20200408,   31,    0
 18520, 99379,20200409,    4,    0
 18520, 99379,20200410,    2,    0
 18520, 99379,20200411,-9999,    9
 18520, 99379,20200412,-9999,    9
 18520, 99379,20200413,-9999,    9
 18520, 99379,20200414,-9999,    9
 18520, 99379,20200415,-9999,    9
 18520, 99379,20200416,-9999,    9
 18520, 99379,20200417,   11,    0
 18520, 99379,20200418,   21,    0
 18520, 99379,20200419,   44,    0
 18520, 99379,20200420,   58,    0
 18520, 99379,20200421,   77,    0
 18520, 99379,20200422,   79,    0
 18520, 99379,20200423,   30,    0
 18520, 99379,20200424,   28,    0
 18520, 99379,20200425,   31,    0
 18520, 99379,20200426,   32,    0
 18520, 99379,20200427,   42,    0
 18520, 99379,20200428,   46,    0
 18520, 99379,20200429,   46,    0
 18520, 99379,20200430,   55,    0
 18520, 99379,20200501,   40,    0
 18520, 99379,20200502,   27,    0
 18520, 99379,20200503,   23,    0
 18520, 99379,20200504,   14,    0
 18520, 99379,20200505,   36,    0
 18520, 99379,20200506,   39,    0
 18520, 99379,20200507,   34,    0
 18520, 99379,20200508,   31,    0
 18520, 99379,20200509,   18,    0
 18520, 99379,20200510,   -4,    0
 18520, 99379,20200511,   -5,    0
 18520, 99379,20200512,   -3,    0
 18520, 99379,20200513,   -4,    0
 18520, 99379,20200514,   -4,    0
 18520, 99379,20200515,   -1,    0
 18520, 99379,20200516,   -2,    0
 18520, 99379,20200517,   17,    0
 18520, 99379,20200518,   21,    0
 18520, 99379,20200519,   23,    0
 18520, 99379,20200520,   53,    0
 18520, 99379,20200521,   82,    0
 18520, 99379,20200522,  115,    0
 18520, 99379,20200523,  106,    0
 18520, 99379,20200524,   88,    0
 18520, 99379,20200525,   89,    0
 18520, 99379,20200526,   78,    0
 18520, 99379,20200527,   68,    0
 18520, 99379,20200528,   65,    0
 18520, 99379,20200529,   96,    0
 18520, 99379,20200530,  158,    0
 18520, 99379,20200531,  168,    0
 18520, 99379,20200601,  142,    0
 18520, 99379,20200602,  112,    0
 18520, 99379,20200603,   80,    0
 18520, 99379,20200604,  127,    0
 18520, 99379,20200605,  150,    0
 18520, 99379,20200606,  131,    0
 18520, 99379,20200607,   63,    0
 18520, 99379,20200608,   52,    0
 18520, 99379,20200609,   94,    0
 18520, 99379,20200610,  130,    0
 18520, 99379,20200611,  131,    0
 18520, 99379,20200612,  175,    0
 18520, 99379,20200613,  178,    0
 18520, 99379,20200614,  174,    0
 18520, 99379,20200615,  157,    0
 18520, 99379,20200616,  173,    0
 18520, 99379,20200617,  195,    0
 18520, 99379,20200618,  188,    0
 18520, 99379,20200619,  200,    0
 18520, 99379,20200620,  214,    0
 18520, 99379,20200621,  184,    0
 18520, 99379,20200622,  140,    0
 18520, 99379,20200623,  154,    0
 18520, 99379,20200624,  181,    0
 18520, 99379,20200625,  169,    0
 18520, 99379,20200626,  194,    0
 18520, 99379,20200627,-9999,    9
 18520, 99379,20200628,  189,    0
 18520, 99379,20200629,  146,    0
 18520, 99379,20200630,-9999,    9
 18520, 99379,20200701,   69,    0
 18520, 99379,20200702,   66,    0
 18520, 99379,20200703,   61,    0
 18520, 99379,20200704,   97,    0
 18520, 99379,20200705,  116,    0
 18520, 99379,20200706,   81,    0
 18520, 99379,20200707,   76,    0
 18520, 99379,20200708,   76,    0
 18520, 99379,20200709,   91,    0
 18520, 99379,20200710,   99,    0
 18520, 99379,20200711,   76,    0
 18520, 99379,20200712,   80,    0
 18520, 99379,20200713,  107,    0
 18520, 99379,20200714,  127,    0
 18520, 99379,20200715,  137,    0
 18520, 99379,20200716,  139,    0
 18520, 99379,20200717,  125,    0
 18520, 99379,20200718,  123,    0
 18520, 99379,20200719,  124,    0
 18520, 99379,20200720,   98,    0
 18520, 99379,20200721,   82,    0
 18520, 99379,20200722,   81,    0
 18520, 99379,20200723,   80,    0
 18520, 99379,20200724,   88,    0
 18520, 99379,20200725,  108,    0
 18520, 99379,20200726,  156,    0
 18520, 99379,20200727,  148,    0
 18520, 99379,20200728,  161,    0
 18520, 99379,20200729,-9999,    9
 18520, 99379,20200730,  135,    0
 18520, 99379,20200731,  144,    0
 18520, 99379,20200801,  186,    0
 18520, 99379,20200802,  141,    0
 18520, 99379,20200803,   94,    0
 18520, 99379,20200804,  109,    0
 18520, 99379,20200805,  119,    0
 18520, 99379,20200806,  146,    0
 18520, 99379,20200807,  174,    0
 18520, 99379,20200808,  137,    0
 18520, 99379,20200809,  116,    0
 18520, 99379,20200810,  140,    0
 18520, 99379,20200811,  139,    0
 18520, 99379,20200812,  151,    0
 18520, 99379,20200813,  149,    0
 18520, 99379,20200814,  134,    0
 18520, 99379,20200815,  133,    0
 18520, 99379,20200816,  136,    0
 18520, 99379,20200817,  146,    0
 18520, 99379,20200818,  165,    0
 18520, 99379,20200819,  160,    0
 18520, 99379,20200820,  161,    0
 18520, 99379,20200821,  171,    0
 18520, 99379,20200822,  139,    0
 18520, 99379,20200823,   84,    0
 18520, 99379,20200824,-9999,    9
 18520, 99379,20200825,-9999,    9
 18520, 99379,20200826,   81,    0
 18520, 99379,20200827,   87,    0
 18520, 99379,20200828,  101,    0
 18520, 99379,20200829,   97,    0
 18520, 99379,20200830,   70,    0
 18520, 99379,20200831,   72,    0
 18520, 99379,20200901,   97,    0
 18520, 99379,20200902,  121,    0
 18520, 99379,20200903,  112,    0
 18520, 99379,20200904,  112,    0
 18520, 99379,20200905,   87,    0
 18520, 99379,20200906,   82,    0
 18520, 99379,20200907,   83,    0
 18520, 99379,20200908,   94,    0
 18520, 99379,20200909,   76,    0
 18520, 99379,20200910,   55,    0
 18520, 99379,20200911,   89,    0
 18520, 99379,20200912,   79,    0
 18520, 99379,20200913,   87,    0
 18520, 99379,20200914,   82,    0
 18520, 99379,20200915,   79,    0
 18520, 99379,20200916,   60,    0
 18520, 99379,20200917,   66,    0
 18520, 99379,20200918,  104,    0
 18520, 99379,20200919,   77,    0
 18520, 99379,20200920,   97,    0
 18520, 99379,20200921,  115,    0
 18520, 99379,20200922,   65,    0
 18520, 99379,20200923,   65,    0
 18520, 99379,20200924,   54,    0
 18520, 99379,20200925,   61,    0
 18520, 99379,20200926,   60,    0
 18520, 99379,20200927,   78,    0
 18520, 99379,20200928,  122,    0
 18520, 99379,20200929,   91,    0
 18520, 99379,20200930,  106,    0
 18520, 99379,20201001,  132,    0
 18520, 99379,20201002,  118,    0
 18520, 99379,20201003,  112,    0
 18520, 99379,20201004,  135,    0
 18520, 99379,20201005,  108,    0
 18520, 99379,20201006,   88,    0
 18520, 99379,20201007,   85,    0
 18520, 99379,20201008,   75,    0
 18520, 99379,20201009,   56,    0
 18520, 99379,20201010,   61,    0
 18520, 99379,20201011,   62,    0
 18520, 99379,20201012,   49,    0
 18520, 99379,20201013,   33,    0
 18520, 99379,20201014,   39,    0
 18520, 99379,20201015,   43,    0
 18520, 99379,20201016,   44,    0
 18520, 99379,20201017,   40,    0
 18520, 99379,20201018,   12,    0
 18520, 99379,20201019,    1,    0
 18520, 99379,20201020,    4,    0
 18520, 99379,20201021,   15,    0
 18520, 99379,20201022,    9,    0
 18520, 99379,20201023,  -17,    0
 18520, 99379,20201024,   10,    0
 18520, 99379,20201025,   48,    0
 18520, 99379,20201026,   37,    0
 18520, 99379,20201027,   37,    0
 18520, 99379,20201028,   38,    0
 18520, 99379,20201029,-9999,    9
 18520, 99379,20201030,   48,    0
 18520, 99379,20201031,   55,    0
 18520, 99379,20201101,   98,    0
 18520, 99379,20201102,   71,    0
 18520, 99379,20201103,   56,    0
 18520, 99379,20201104,   39,    0
 18520, 99379,20201105,   84,    0
 18520, 99379,20201106,   95,    0
 18520, 99379,20201107,   73,    0
 18520, 99379,20201108,   37,    0
 18520, 99379,20201109,   43,    0
 18520, 99379,20201110,   60,    0
 18520, 99379,20201111,   50,    0
 18520, 99379,20201112,   74,    0
 18520, 99379,20201113,   75,    0
 18520, 99379,20201114,   41,    0
 18520, 99379,20201115,   91,    0
 18520, 99379,20201116,   77,    0
 18520, 99379,20201117,   48,    0
 18520, 99379,20201118,   15,    0
 18520, 99379,20201119,  -10,    0
 18520, 99379,20201120,  -11,    0
 18520, 99379,20201121,   29,    0
 18520, 99379,20201122,   34,    0
 18520, 99379,20201123,   16,    0
 18520, 99379,20201124,   14,    0
 18520, 99379,20201125,   32,    0
 18520, 99379,20201126,   16,    0
 18520, 99379,20201127,  -23,    0
 18520, 99379,20201128,  -29,    0
 18520, 99379,20201129,  -12,    0
 18520, 99379,20201130,   24,    0
 18520, 99379,20201201,   -5,    0
 18520, 99379,20201202,   18,    0
 18520, 99379,20201203,   45,    0
 18520, 99379,20201204,   -7,    0
 18520, 99379,20201205,   -4,    0
 18520, 99379,20201206,   -6,    0
 18520, 99379,20201207,-9999,    9
 18520, 99379,20201208,-9999,    9
 18520, 99379,20201209,    5,    0
 18520, 99379,20201210,   -5,    0
 18520, 99379,20201211,   -5,    0
 18520, 99379,20201212,  -21,    0
 18520, 99379,20201213,  -38,    0
 18520, 99379,20201214,-9999,    9
 18520, 99379,20201215,   19,    0
 18520, 99379,20201216,    9,    0
 18520, 99379,20201217,   36,    0
 18520, 99379,20201218,   26,    0
 18520, 99379,20201219,   64,    0
 18520, 99379,20201220,   48,    0
 18520, 99379,20201221,   20,    0
 18520, 99379,20201222,-9999,    9
 18520, 99379,20201223,   12,    0
 18520, 99379,20201224,  -16,    0
 18520, 99379,20201225,  -27,    0
 18520, 99379,20201226,    3,    0
 18520, 99379,20201227,-9999,    9
 18520, 99379,20201228,   24,    0
 18520, 99379,20201229,    6,    0
 18520, 99379,20201230,  -10,    0
 18520, 99379,20201231,   -8,    0
 18520, 99379,20210101,  -69,    0
 18520, 99379,20210102,  -50,    0
 18520, 99379,20210103,  -86,    0
 18520, 99379,20210104,  -96,    0
 18520, 99379,20210105,  -67,    0
 18520, 99379,20210106,  -79,    0
 18520, 99379,20210107,  -77,    0
 18520, 99379,20210108,  -95,    0
 18520, 99379,20210109,  -30,    0
 18520, 99379,20210110,  -34,    0
 18520, 99379,20210111,  -89,    0
 18520, 99379,20210112,  -40,    0
 18520, 99379,20210113,  -90,    0
 18520, 99379,20210114, -123,    0
 18520, 99379,20210115,  -89,    0
 18520, 99379,20210116, -117,    0
 18520, 99379,20210117,  -47,    0
 18520, 99379,20210118,  -44,    0
 18520, 99379,20210119,  -52,    0
 18520, 99379,20210120,  -34,    0
 18520, 99379,20210121,   18,    0
 18520, 99379,20210122,   -1,    0
 18520, 99379,20210123,   -7,    0
 18520, 99379,20210124,  -38,    0
 18520, 99379,20210125,  -74,    0
 18520, 99379,20210126,  -30,    0
 18520, 99379,20210127,  -70,    0
 18520, 99379,20210128,  -49,    0
 18520, 99379,20210129,  -38,    0
 18520, 99379,20210130,  -23,    0
 18520, 99379,20210131,  -30,    0
 18520, 99379,20210201,  -74,    0
 18520, 99379,20210202, -103,    0
 18520, 99379,20210203, -152,    0
 18520, 99379,20210204, -130,    0
 18520, 99379,20210205, -118,    0
 18520, 99379,20210206, -115,    0
 18520, 99379,20210207,  -92,    0
 18520, 99379,20210208, -114,    0
 18520, 99379,20210209, -125,    0
 18520, 99379,20210210,  -85,    0
 18520, 99379,20210211, -133,    0
 18520, 99379,20210212, -128,    0
 18520, 99379,20210213,  -80,    0
 18520, 99379,20210214,  -87,    0
 18520, 99379,20210215,  -26,    0
 18520, 99379,20210216,   -8,    0
 18520, 99379,20210217,    8,    0
 18520, 99379,20210218,   32,    0
 18520, 99379,20210219,   46,    0
 18520, 99379,20210220,   45,    0
 18520, 99379,20210221,   64,    0
 18520, 99379,20210222,   31,    0
 18520, 99379,20210223,   35,    0
 18520, 99379,20210224,   54,    0
 18520, 99379,20210225,   43,    0
 18520, 99379,20210226,   30,    0
 18520, 99379,20210227,   49,    0
 18520, 99379,20210228,   53,    0
 18520, 99379,20210301,   43,    0
 18520, 99379,20210302,   32,    0
 18520, 99379,20210303,    9,    0
 18520, 99379,20210304,  -23,    0
 18520, 99379,20210305,  -12,    0
 18520, 99379,20210306,    3,    0
 18520, 99379,20210307,  -21,    0
 18520, 99379,20210308,  -39,    0
 18520, 99379,20210309,  -71,    0
 18520, 99379,20210310,    1,    0
 18520, 99379,20210311,-9999,    9
 18520, 99379,20210312,   29,    0
 18520, 99379,20210313,   11,    0
 18520, 99379,20210314,    5,    0
 18520, 99379,20210315,  -10,    0
 18520, 99379,20210316,  -12,    0
 18520, 99379,20210317,  -11,    0
 18520, 99379,20210318,-9999,    9
 18520, 99379,20210319,-9999,    9
 18520, 99379,20210320,   30,    0
 18520, 99379,20210321,-9999,    9
 18520, 99379,20210322,   44,    0
 18520, 99379,20210323,   61,    0
 18520, 99379,20210324,   31,    0
 18520, 99379,20210325,   18,    0
 18520, 99379,20210326,   57,    0
 18520, 99379,20210327,   35,    0
 18520, 99379,20210328,-9999,    9
 18520, 99379,20210329,   42,    0
 18520, 99379,20210330,   30,    0
 18520, 99379,20210331,   20,    0
 18520, 99379,20210401,   13,    0
 18520, 99379,20210402,    9,    0
 18520, 99379,20210403,   25,    0
 18520, 99379,20210404,    8,    0
 18520, 99379,20210405,   -9,    0
 18520, 99379,20210406,    5,    0
 18520, 99379,20210407,  -15,    0
 18520, 99379,20210408,  -14,    0
 18520, 99379,20210409,  -13,    0
 18520, 99379,20210410,   -6,    0
 18520, 99379,20210411,    5,    0
 18520, 99379,20210412,    8,    0
 18520, 99379,20210413,   -4,    0
 18520, 99379,20210414,    5,    0
 18520, 99379,20210415,   29,    0
 18520, 99379,20210416,   34,    0
 18520, 99379,20210417,-9999,    9
 18520, 99379,20210418,   67,    0
 18520, 99379,20210419,   79,    0
 18520, 99379,20210420,-9999,    9
 18520, 99379,20210421,    8,    0
 18520, 99379,20210422,    1,    0
 18520, 99379,20210423,   -4,    0
 18520, 99379,20210424,   -1,    0
 18520, 99379,20210425,    0,    0
 18520, 99379,20210426,    9,    0
 18520, 99379,20210427,   18,    0
 18520, 99379,20210428,   17,    0
 18520, 99379,20210429,   16,    0
 18520, 99379,20210430,    9,    0
 18520, 99379,20210501,   19,    0
 18520, 99379,20210502,   24,    0
 18520, 99379,20210503,   23,    0
 18520, 99379,20210504,   45,    0
 18520, 99379,20210505,   55,    0
 18520, 99379,20210506,   41,    0
 18520, 99379,20210507,   29,    0
 18520, 99379,20210508,   22,    0
 18520, 99379,20210509,   57,    0
 18520, 99379,20210510,-9999,    9
 18520, 99379,20210511,-9999,    9
 18520, 99379,20210512,   69,    0
 18520, 99379,20210513,   61,    0
 18520, 99379,20210514,   82,    0
 18520, 99379,20210515,  135,    0
 18520, 99379,20210516,   78,    0
 18520, 99379,20210517,   81,    0
 18520, 99379,20210518,   74,    0
 18520, 99379,20210519,   78,    0
 18520, 99379,20210520,   45,    0
 18520, 99379,20210521,   76,    0
 18520, 99379,20210522,  117,    0
 18520, 99379,20210523,  109,    0
 18520, 99379,20210524,  110,    0
 18520, 99379,20210525,  129,    0
 18520, 99379,20210526,  130,    0
 18520, 99379,20210527,   95,    0
 18520, 99379,20210528,   95,    0
 18520, 99379,20210529,-9999,    9
 18520, 99379,20210530,  111,    0
 18520, 99379,20210531,  130,    0
 18520, 99379,20210601,  161,    0
 18520, 99379,20210602,  160,    0
 18520, 99379,20210603,  176,    0
 18520, 99379,20210604,  175,    0
 18520, 99379,20210605,  155,    0
 18520, 99379,20210606,  126,    0
 18520, 99379,20210607,  129,    0
 18520, 99379,20210608,  122,    0
 18520, 99379,20210609,  143,    0
 18520, 99379,20210610,  161,    0
 18520, 99379,20210611,  133,    0
 18520, 99379,20210612,   84,    0
 18520, 99379,20210613,   91,    0
 18520, 99379,20210614,   92,    0
 18520, 99379,20210615,   72,    0
 18520, 99379,20210616,   93,    0
 18520, 99379,20210617,   93,    0
 18520, 99379,20210618,  -20,    0
 18520, 99379,20210619,   98,    0
 18520, 99379,20210620,  128,    0
 18520, 99379,20210621,  110,    0
 18520, 99379,20210622,  111,    0
 18520, 99379,20210623,  105,    0
 18520, 99379,20210624,  108,    0
 18520, 99379,20210625,   91,    0
 18520, 99379,20210626,  107,    0
 18520, 99379,20210627,  115,    0
 18520, 99379,20210628,  120,    0
 18520, 99379,20210629,  101,    0
 18520, 99379,20210630,  129,    0
 18520, 99379,20210701,  173,    0
 18520, 99379,20210702,  176,    0
 18520, 99379,20210703,  185,    0
 18520, 99379,20210704,  125,    0
 18520, 99379,20210705,  199,    0
 18520, 99379,20210706,  170,    0
 18520, 99379,20210707,  158,    0
 18520, 99379,20210708,  153,    0
 18520, 99379,20210709,  157,    0
 18520, 99379,20210710,  145,    0
 18520, 99379,20210711,  151,    0
 18520, 99379,20210712,  161,    0
 18520, 99379,20210713,  155,    0
 18520, 99379,20210714,  167,    0
 18520, 99379,20210715,  131,    0
 18520, 99379,20210716,  132,    0
 18520, 99379,20210717,  133,    0
 18520, 99379,20210718,   93,    0
 18520, 99379,20210719,  114,    0
 18520, 99379,20210720,   94,    0
 18520, 99379,20210721,  121,    0
 18520, 99379,20210722,  118,    0
 18520, 99379,20210723,  133,    0
 18520, 99379,20210724,  167,    0
 18520, 99379,20210725,  160,    0
 18520, 99379,20210726,  185,    0
 18520, 99379,20210727,  192,    0
 18520, 99379,20210728,-9999,    9
 18520, 99379,20210729,  187,    0
 18520, 99379,20210730,  132,    0
 18520, 99379,20210731,  114,    0
 18520, 99379,20210801,  102,    0
 18520, 99379,20210802,-9999,    9
 18520, 99379,20210803,   97,    0
 18520, 99379,20210804,  108,    0
 18520, 99379,20210805,  136,    0
 18520, 99379,20210806,  158,    0
 18520, 99379,20210807,  166,    0
 18520, 99379,20210808,  158,    0
 18520, 99379,20210809,-9999,    9
 18520, 99379,20210810,  163,    0
 18520, 99379,20210811,  150,    0
 18520, 99379,20210812,-9999,    9
 18520, 99379,20210813,  150,    0
 18520, 99379,20210814,  110,    0
 18520, 99379,20210815,  124,    0
 18520, 99379,20210816,  124,    0
 18520, 99379,20210817,  118,    0
 18520, 99379,20210818,  109,    0
 18520, 99379,20210819,  102,    0
 18520, 99379,20210820,   98,    0
 18520, 99379,20210821,  107,    0
 18520, 99379,20210822,  102,    0
 18520, 99379,20210823,  106,    0
 18520, 99379,20210824,-9999,    9
 18520, 99379,20210825,  -55,    0
 18520, 99379,20210826,  -17,    0
 18520, 99379,20210827,  121,    0
 18520, 99379,20210828,  126,    0
 18520, 99379,20210829, -108,    0
 18520, 99379,20210830,   79,    0
 18520, 99379,20210831,-9999,    9
 18520, 99379,20210901,   15,    0
 18520, 99379,20210902,   74,    0
 18520, 99379,20210903,    5,    0
 18520, 99379,20210904,    3,    0
 18520, 99379,20210905,   12,    0
 18520, 99379,20210906,  106,    0
 18520, 99379,20210907,-9999,    9
 18520, 99379,20210908,-9999,    9
 18520, 99379,20210909,-9999,    9
 18520, 99379,20210910,-9999,    9
 18520, 99379,20210911,-9999,    9
 18520, 99379,20210912,-9999,    9
 18520, 99379,20210913,-9999,    9
 18520, 99379,20210914,-9999,    9
 18520, 99379,20210915,-9999,    9
 18520, 99379,20210916,-9999,    9
 18520, 99379,20210917,-9999,    9
 18520, 99379,20210918,  104,    0
 18520, 99379,20210919,  111,    0
 18520, 99379,20210920,  113,    0
 18520, 99379,20210921,   98,    0
 18520, 99379,20210922,  107,    0
 18520, 99379,20210923,-9999,    9
 18520, 99379,20210924,-9999,    9
 18520, 99379,20210925,-9999,    9
 18520, 99379,20210926,-9999,    9
 18520, 99379,20210927,-9999,    9
 18520, 99379,20210928,-9999,    9
 18520, 99379,20210929,-9999,    9
 18520, 99379,20210930,-9999,    9
 18520, 99379,20211001,-9999,    9
 18520, 99379,20211002,-9999,    9
 18520, 99379,20211003,-9999,    9
 18520, 99379,20211004,-9999,    9
 18520, 99379,20211005,-9999,    9
 18520, 99379,20211006,-9999,    9
 18520, 99379,20211007,-9999,    9
 18520, 99379,20211008,-9999,    9
 18520, 99379,20211009,-9999,    9
 18520, 99379,20211010,-9999,    9
 18520, 99379,20211011,-9999,    9
 18520, 99379,20211012,-9999,    9
 18520, 99379,20211013,-9999,    9
 18520, 99379,20211014,-9999,    9
 18520, 99379,20211015,-9999,    9
 18520, 99379,20211016,-9999,    9
 18520, 99379,20211017,-9999,    9
 18520, 99379,20211018,-9999,    9
 18520, 99379,20211019,-9999,    9
 18520, 99379,20211020,-9999,    9
 18520, 99379,20211021,-9999,    9
 18520, 99379,20211022,-9999,    9
 18520, 99379,20211023,-9999,    9
 18520, 99379,20211024,-9999,    9
 18520, 99379,20211025,-9999,    9
 18520, 99379,20211026,-9999,    9
 18520, 99379,20211027,-9999,    9
 18520, 99379,20211028,-9999,    9
 18520, 99379,20211029,-9999,    9
 18520, 99379,20211030,-9999,    9
 18520, 99379,20211031,-9999,    9
 18520, 99379,20211101,-9999,    9
 18520, 99379,20211102,-9999,    9
 18520, 99379,20211103,-9999,    9
 18520, 99379,20211104,-9999,    9
 18520, 99379,20211105,-9999,    9
 18520, 99379,20211106,-9999,    9
 18520, 99379,20211107,-9999,    9
 18520, 99379,20211108,-9999,    9
 18520, 99379,20211109,-9999,    9
 18520, 99379,20211110,-9999,    9
 18520, 99379,20211111,-9999,    9
 18520, 99379,20211112,-9999,    9
 18520, 99379,20211113,-9999,    9
 18520, 99379,20211114,-9999,    9
 18520, 99379,20211115,-9999,    9
 18520, 99379,20211116,-9999,    9
 18520, 99379,20211117,-9999,    9
 18520, 99379,20211118,-9999,    9
 18520, 99379,20211119,-9999,    9
 18520, 99379,20211120,-9999,    9
 18520, 99379,20211121,-9999,    9
 18520, 99379,20211122,-9999,    9
 18520, 99379,20211123,-9999,    9
 18520, 99379,20211124,-9999,    9
 18520, 99379,20211125,-9999,    9
 18520, 99379,20211126,-9999,    9
 18520, 99379,20211127,-9999,    9
 18520, 99379,20211128,-9999,    9
 18520, 99379,20211129,-9999,    9
 18520, 99379,20211130,-9999,    9
 18520, 99379,20211201,-9999,    9
 18520, 99379,20211202,-9999,    9
 18520, 99379,20211203,-9999,    9
 18520, 99379,20211204,-9999,    9
 18520, 99379,20211205,-9999,    9
 18520, 99379,20211206,-9999,    9
 18520, 99379,20211207,-9999,    9
 18520, 99379,20211208,-9999,    9
 18520, 99379,20211209,-9999,    9
 18520, 99379,20211210,-9999,    9
 18520, 99379,20211211,-9999,    9
 18520, 99379,20211212,-9999,    9
 18520, 99379,20211213,-9999,    9
 18520, 99379,20211214,-9999,    9
 18520, 99379,20211215,-9999,    9
 18520, 99379,20211216,-9999,    9
 18520, 99379,20211217,-9999,    9
 18520, 99379,20211218,-9999,    9
 18520, 99379,20211219,-9999,    9
 18520, 99379,20211220,-9999,    9
 18520, 99379,20211221,-9999,    9
 18520, 99379,20211222,-9999,    9
 18520, 99379,20211223,-9999,    9
 18520, 99379,20211224,-9999,    9
 18520, 99379,20211225,-9999,    9
 18520, 99379,20211226,-9999,    9
 18520, 99379,20211227,-9999,    9
 18520, 99379,20211228,-9999,    9
 18520, 99379,20211229,-9999,    9
 18520, 99379,20211230,-9999,    9
 18520, 99379,20211231,-9999,    9
 18520, 99379,20220101,-9999,    9
 18520, 99379,20220102,-9999,    9
 18520, 99379,20220103,-9999,    9
 18520, 99379,20220104,-9999,    9
 18520, 99379,20220105,-9999,    9
 18520, 99379,20220106,-9999,    9
 18520, 99379,20220107,-9999,    9
 18520, 99379,20220108,-9999,    9
 18520, 99379,20220109,-9999,    9
 18520, 99379,20220110,-9999,    9
 18520, 99379,20220111,-9999,    9
 18520, 99379,20220112,-9999,    9
 18520, 99379,20220113,-9999,    9
 18520, 99379,20220114,-9999,    9
 18520, 99379,20220115,-9999,    9
 18520, 99379,20220116,-9999,    9
 18520, 99379,20220117,-9999,    9
 18520, 99379,20220118,-9999,    9
 18520, 99379,20220119,-9999,    9
 18520, 99379,20220120,-9999,    9
 18520, 99379,20220121,-9999,    9
 18520, 99379,20220122,-9999,    9
 18520, 99379,20220123,-9999,    9
 18520, 99379,20220124,-9999,    9
 18520, 99379,20220125,-9999,    9
 18520, 99379,20220126,-9999,    9
 18520, 99379,20220127,-9999,    9
 18520, 99379,20220128,-9999,    9
 18520, 99379,20220129,-9999,    9
 18520, 99379,20220130,-9999,    9
 18520, 99379,20220131,-9999,    9
 18520, 99379,20220201,-9999,    9
 18520, 99379,20220202,-9999,    9
 18520, 99379,20220203,-9999,    9
 18520, 99379,20220204,-9999,    9
 18520, 99379,20220205,-9999,    9
 18520, 99379,20220206,-9999,    9
 18520, 99379,20220207,-9999,    9
 18520, 99379,20220208,-9999,    9
 18520, 99379,20220209,-9999,    9
 18520, 99379,20220210,-9999,    9
 18520, 99379,20220211,-9999,    9
 18520, 99379,20220212,-9999,    9
 18520, 99379,20220213,-9999,    9
 18520, 99379,20220214,-9999,    9
 18520, 99379,20220215,-9999,    9
 18520, 99379,20220216,-9999,    9
 18520, 99379,20220217,-9999,    9
 18520, 99379,20220218,-9999,    9
 18520, 99379,20220219,-9999,    9
 18520, 99379,20220220,-9999,    9
 18520, 99379,20220221,-9999,    9
 18520, 99379,20220222,-9999,    9
 18520, 99379,20220223,-9999,    9
 18520, 99379,20220224,-9999,    9
 18520, 99379,20220225,-9999,    9
 18520, 99379,20220226,-9999,    9
 18520, 99379,20220227,-9999,    9
 18520, 99379,20220228,-9999,    9
 18520, 99379,20220301,-9999,    9
 18520, 99379,20220302,-9999,    9
 18520, 99379,20220303,-9999,    9
 18520, 99379,20220304,-9999,    9
 18520, 99379,20220305,-9999,    9
 18520, 99379,20220306,-9999,    9
 18520, 99379,20220307,-9999,    9
 18520, 99379,20220308,-9999,    9
 18520, 99379,20220309,-9999,    9
 18520, 99379,20220310,-9999,    9
 18520, 99379,20220311,-9999,    9
 18520, 99379,20220312,-9999,    9
 18520, 99379,20220313,-9999,    9
 18520, 99379,20220314,-9999,    9
 18520, 99379,20220315,-9999,    9
 18520, 99379,20220316,-9999,    9
 18520, 99379,20220317,-9999,    9
 18520, 99379,20220318,-9999,    9
 18520, 99379,20220319,-9999,    9
 18520, 99379,20220320,-9999,    9
 18520, 99379,20220321,-9999,    9
 18520, 99379,20220322,-9999,    9
 18520, 99379,20220323,-9999,    9
 18520, 99379,20220324,-9999,    9
 18520, 99379,20220325,-9999,    9
 18520, 99379,20220326,-9999,    9
 18520, 99379,20220327,-9999,    9
 18520, 99379,20220328,-9999,    9
 18520, 99379,20220329,-9999,    9
 18520, 99379,20220330,-9999,    9
 18520, 99379,20220331,-9999,    9
 18520, 99379,20220401,-9999,    9
 18520, 99379,20220402,-9999,    9
 18520, 99379,20220403,-9999,    9
 18520, 99379,20220404,-9999,    9
 18520, 99379,20220405,-9999,    9
 18520, 99379,20220406,-9999,    9
 18520, 99379,20220407,-9999,    9
 18520, 99379,20220408,-9999,    9
 18520, 99379,20220409,-9999,    9
 18520, 99379,20220410,-9999,    9
 18520, 99379,20220411,-9999,    9
 18520, 99379,20220412,-9999,    9
 18520, 99379,20220413,-9999,    9
 18520, 99379,20220414,-9999,    9
 18520, 99379,20220415,-9999,    9
 18520, 99379,20220416,-9999,    9
 18520, 99379,20220417,-9999,    9
 18520, 99379,20220418,-9999,    9
 18520, 99379,20220419,-9999,    9
 18520, 99379,20220420,-9999,    9
 18520, 99379,20220421,-9999,    9
 18520, 99379,20220422,-9999,    9
 18520, 99379,20220423,-9999,    9
 18520, 99379,20220424,-9999,    9
 18520, 99379,20220425,-9999,    9
 18520, 99379,20220426,-9999,    9
 18520, 99379,20220427,-9999,    9
 18520, 99379,20220428,-9999,    9
 18520, 99379,20220429,-9999,    9
 18520, 99379,20220430,-9999,    9
 18520, 99379,20220501,-9999,    9
 18520, 99379,20220502,-9999,    9
 18520, 99379,20220503,-9999,    9
 18520, 99379,20220504,-9999,    9
 18520, 99379,20220505,-9999,    9
 18520, 99379,20220506,-9999,    9
 18520, 99379,20220507,-9999,    9
 18520, 99379,20220508,-9999,    9
 18520, 99379,20220509,-9999,    9
 18520, 99379,20220510,-9999,    9
 18520, 99379,20220511,-9999,    9
 18520, 99379,20220512,-9999,    9
 18520, 99379,20220513,-9999,    9
 18520, 99379,20220514,-9999,    9
 18520, 99379,20220515,-9999,    9
 18520, 99379,20220516,-9999,    9
 18520, 99379,20220517,-9999,    9
 18520, 99379,20220518,-9999,    9
 18520, 99379,20220519,-9999,    9
 18520, 99379,20220520,-9999,    9
 18520, 99379,20220521,-9999,    9
 18520, 99379,20220522,-9999,    9
 18520, 99379,20220523,-9999,    9
 18520, 99379,20220524,-9999,    9
 18520, 99379,20220525,-9999,    9
 18520, 99379,20220526,-9999,    9
 18520, 99379,20220527,-9999,    9
 18520, 99379,20220528,-9999,    9
 18520, 99379,20220529,-9999,    9
 18520, 99379,20220530,-9999,    9
 18520, 99379,20220531,-9999,    9
 18520, 99379,20220601,-9999,    9
 18520, 99379,20220602,-9999,    9
 18520, 99379,20220603,-9999,    9
 18520, 99379,20220604,-9999,    9
 18520, 99379,20220605,-9999,    9
 18520, 99379,20220606,-9999,    9
 18520, 99379,20220607,-9999,    9
 18520, 99379,20220608,-9999,    9
 18520, 99379,20220609,-9999,    9
 18520, 99379,20220610,-9999,    9
 18520, 99379,20220611,-9999,    9
 18520, 99379,20220612,-9999,    9
 18520, 99379,20220613,-9999,    9
 18520, 99379,20220614,-9999,    9
 18520, 99379,20220615,-9999,    9
 18520, 99379,20220616,-9999,    9
 18520, 99379,20220617,-9999,    9
 18520, 99379,20220618,-9999,    9
 18520, 99379,20220619,-9999,    9
 18520, 99379,20220620,-9999,    9
 18520, 99379,20220621,-9999,    9
 18520, 99379,20220622,-9999,    9
 18520, 99379,20220623,-9999,    9
 18520, 99379,20220624,-9999,    9
 18520, 99379,20220625,-9999,    9
 18520, 99379,20220626,-9999,    9
 18520, 99379,20220627,-9999,    9
 18520, 99379,20220628,-9999,    9
 18520, 99379,20220629,-9999,    9
 18520, 99379,20220630,-9999,    9
 18520, 99379,20220701,-9999,    9
 18520, 99379,20220702,-9999,    9
 18520, 99379,20220703,-9999,    9
 18520, 99379,20220704,-9999,    9
 18520, 99379,20220705,-9999,    9
 18520, 99379,20220706,-9999,    9
 18520, 99379,20220707,-9999,    9
 18520, 99379,20220708,-9999,    9
 18520, 99379,20220709,-9999,    9
 18520, 99379,20220710,-9999,    9
 18520, 99379,20220711,-9999,    9
 18520, 99379,20220712,-9999,    9
 18520, 99379,20220713,-9999,    9
 18520, 99379,20220714,-9999,    9
 18520, 99379,20220715,-9999,    9
 18520, 99379,20220716,-9999,    9
 18520, 99379,20220717,-9999,    9
 18520, 99379,20220718,-9999,    9
 18520, 99379,20220719,-9999,    9
 18520, 99379,20220720,-9999,    9
 18520, 99379,20220721,-9999,    9
 18520, 99379,20220722,-9999,    9
 18520, 99379,20220723,-9999,    9
 18520, 99379,20220724,-9999,    9
 18520, 99379,20220725,-9999,    9
 18520, 99379,20220726,-9999,    9
 18520, 99379,20220727,-9999,    9
 18520, 99379,20220728,-9999,    9
 18520, 99379,20220729,-9999,    9
 18520, 99379,20220730,-9999,    9
 18520, 99379,20220731,-9999,    9
 18520, 99379,20220801,-9999,    9
 18520, 99379,20220802,  105,    0
 18520, 99379,20220803,  141,    0
 18520, 99379,20220804,  103,    0
 18520, 99379,20220805,  108,    0
 18520, 99379,20220806,   93,    0
 18520, 99379,20220807,-9999,    9
 18520, 99379,20220808,  138,    0
 18520, 99379,20220809,-9999,    9
 18520, 99379,20220810,-9999,    9
 18520, 99379,20220811,  123,    0
 18520, 99379,20220812,  114,    0
 18520, 99379,20220813,  118,    0
 18520, 99379,20220814,  156,    0
 18520, 99379,20220815,-9999,    9
 18520, 99379,20220816,  156,    0
 18520, 99379,20220817,-9999,    9
 18520, 99379,20220818,  117,    0
 18520, 99379,20220819,  142,    0
 18520, 99379,20220820,  121,    0
 18520, 99379,20220821,  112,    0
 18520, 99379,20220822,   99,    0
 18520, 99379,20220823,  130,    0
 18520, 99379,20220824,  161,    0
 18520, 99379,20220825,  162,    0
 18520, 99379,20220826,  123,    0
 18520, 99379,20220827,  104,    0
 18520, 99379,20220828,   96,    0
 18520, 99379,20220829,  103,    0
 18520, 99379,20220830,  100,    0
 18520, 99379,20220831,  105,    0
 18520, 99379,20220901,   88,    0
 18520, 99379,20220902,   95,    0
 18520, 99379,20220903,  107,    0
 18520, 99379,20220904,  103,    0
 18520, 99379,20220905,  112,    0
 18520, 99379,20220906,  104,    0
 18520, 99379,20220907,   99,    0
 18520, 99379,20220908,  115,    0
 18520, 99379,20220909,  110,    0
 18520, 99379,20220910,   99,    0
 18520, 99379,20220911,  103,    0
 18520, 99379,20220912,  102,    0
 18520, 99379,20220913,  107,    0
 18520, 99379,20220914,   83,    0
 18520, 99379,20220915,   89,    0
 18520, 99379,20220916,   82,    0
 18520, 99379,20220917,   77,    0
 18520, 99379,20220918,   73,    0
 18520, 99379,20220919,   56,    0
 18520, 99379,20220920,   48,    0
 18520, 99379,20220921,   82,    0
 18520, 99379,20220922,  104,    0
 18520, 99379,20220923,   90,    0
 18520, 99379,20220924,   73,    0
 18520, 99379,20220925,   58,    0
 18520, 99379,20220926,   90,    0
 18520, 99379,20220927,  111,    0
 18520, 99379,20220928,  104,    0
 18520, 99379,20220929,   83,    0
 18520, 99379,20220930,   84,    0
 18520, 99379,20221001,  106,    0
 18520, 99379,20221002,   92,    0
 18520, 99379,20221003,   83,    0
 18520, 99379,20221004,   92,    0
 18520, 99379,20221005,   63,    0
 18520, 99379,20221006,   62,    0
 18520, 99379,20221007,   62,    0
 18520, 99379,20221008,   48,    0
 18520, 99379,20221009,   71,    0
 18520, 99379,20221010,   80,    0
 18520, 99379,20221011,   38,    0
 18520, 99379,20221012,   60,    0
 18520, 99379,20221013,   50,    0
 18520, 99379,20221014,   40,    0
 18520, 99379,20221015,   54,    0
 18520, 99379,20221016,   60,    0
 18520, 99379,20221017,   65,    0
 18520, 99379,20221018,   35,    0
 18520, 99379,20221019,   40,    0
 18520, 99379,20221020,   11,    0
 18520, 99379,20221021,   19,    0
 18520, 99379,20221022,   35,    0
 18520, 99379,20221023,   34,    0
 18520, 99379,20221024,   51,    0
 18520, 99379,20221025,   63,    0
 18520, 99379,20221026,   68,    0
 18520, 99379,20221027,   81,    0
 18520, 99379,20221028,   98,    0
 18520, 99379,20221029,   65,    0
 18520, 99379,20221030,-9999,    9
 18520, 99379,20221031,   65,    0
