EUROPEAN CLIMATE ASSESSMENT & DATASET (ECA&D), file created on: 16-11-2022
THESE DATA CAN BE USED FOR NON-COMMERCIAL RESEARCH AND EDUCATION PROVIDED THAT THE FOLLOWING SOURCE IS ACKNOWLEDGED: 

Klein Tank, A.M.G. and Coauthors, 2002. Daily dataset of 20th-century surface
air temperature and precipitation series for the European Climate Assessment.
Int. J. of Climatol., 22, 1441-1453.
Data and metadata available at http://www.ecad.eu

FILE FORMAT (MISSING VALUE CODE = -9999):

01-06 STAID: Station identifier
08-13 SOUID: Source identifier
15-22 DATE : Date YYYYMMDD
24-28 TG   : Mean temperature in 0.1 &#176;C
30-34 Q_TG : quality code for TG (0='valid'; 1='suspect'; 9='missing')

This is the blended series of station E39 KLAKEGG, NORWAY (STAID: 18531)
Blended and updated with sources:99408 
See files sources.txt and stations.txt for more info.

STAID, SOUID,    DATE,   TG, Q_TG
 18531, 99408,20170701,-9999,    9
 18531, 99408,20170702,-9999,    9
 18531, 99408,20170703,-9999,    9
 18531, 99408,20170704,-9999,    9
 18531, 99408,20170705,-9999,    9
 18531, 99408,20170706,-9999,    9
 18531, 99408,20170707,-9999,    9
 18531, 99408,20170708,-9999,    9
 18531, 99408,20170709,-9999,    9
 18531, 99408,20170710,-9999,    9
 18531, 99408,20170711,-9999,    9
 18531, 99408,20170712,   98,    0
 18531, 99408,20170713,  104,    0
 18531, 99408,20170714,  121,    0
 18531, 99408,20170715,  148,    0
 18531, 99408,20170716,  109,    0
 18531, 99408,20170717,   83,    0
 18531, 99408,20170718,  114,    0
 18531, 99408,20170719,  130,    0
 18531, 99408,20170720,  166,    0
 18531, 99408,20170721,  180,    0
 18531, 99408,20170722,  179,    0
 18531, 99408,20170723,  180,    0
 18531, 99408,20170724,  139,    0
 18531, 99408,20170725,  155,    0
 18531, 99408,20170726,  158,    0
 18531, 99408,20170727,  158,    0
 18531, 99408,20170728,  134,    0
 18531, 99408,20170729,  141,    0
 18531, 99408,20170730,  151,    0
 18531, 99408,20170731,  129,    0
 18531, 99408,20170801,  119,    0
 18531, 99408,20170802,  127,    0
 18531, 99408,20170803,  150,    0
 18531, 99408,20170804,  137,    0
 18531, 99408,20170805,  138,    0
 18531, 99408,20170806,  144,    0
 18531, 99408,20170807,  129,    0
 18531, 99408,20170808,  121,    0
 18531, 99408,20170809,  133,    0
 18531, 99408,20170810,  127,    0
 18531, 99408,20170811,  131,    0
 18531, 99408,20170812,  116,    0
 18531, 99408,20170813,   87,    0
 18531, 99408,20170814,  106,    0
 18531, 99408,20170815,  143,    0
 18531, 99408,20170816,  122,    0
 18531, 99408,20170817,  153,    0
 18531, 99408,20170818,  149,    0
 18531, 99408,20170819,  133,    0
 18531, 99408,20170820,  118,    0
 18531, 99408,20170821,  124,    0
 18531, 99408,20170822,  115,    0
 18531, 99408,20170823,  119,    0
 18531, 99408,20170824,  114,    0
 18531, 99408,20170825,  105,    0
 18531, 99408,20170826,  108,    0
 18531, 99408,20170827,  122,    0
 18531, 99408,20170828,  141,    0
 18531, 99408,20170829,  116,    0
 18531, 99408,20170830,   96,    0
 18531, 99408,20170831,  107,    0
 18531, 99408,20170901,  102,    0
 18531, 99408,20170902,  109,    0
 18531, 99408,20170903,  119,    0
 18531, 99408,20170904,  143,    0
 18531, 99408,20170905,  151,    0
 18531, 99408,20170906,  136,    0
 18531, 99408,20170907,  117,    0
 18531, 99408,20170908,  123,    0
 18531, 99408,20170909,  107,    0
 18531, 99408,20170910,  117,    0
 18531, 99408,20170911,  120,    0
 18531, 99408,20170912,   98,    0
 18531, 99408,20170913,  102,    0
 18531, 99408,20170914,   90,    0
 18531, 99408,20170915,   96,    0
 18531, 99408,20170916,   86,    0
 18531, 99408,20170917,   81,    0
 18531, 99408,20170918,   99,    0
 18531, 99408,20170919,  109,    0
 18531, 99408,20170920,   93,    0
 18531, 99408,20170921,  118,    0
 18531, 99408,20170922,  122,    0
 18531, 99408,20170923,  109,    0
 18531, 99408,20170924,  120,    0
 18531, 99408,20170925,  125,    0
 18531, 99408,20170926,  145,    0
 18531, 99408,20170927,  156,    0
 18531, 99408,20170928,  155,    0
 18531, 99408,20170929,  151,    0
 18531, 99408,20170930,  129,    0
 18531, 99408,20171001,  131,    0
 18531, 99408,20171002,  120,    0
 18531, 99408,20171003,   81,    0
 18531, 99408,20171004,-9999,    9
 18531, 99408,20171005,   64,    0
 18531, 99408,20171006,   71,    0
 18531, 99408,20171007,   50,    0
 18531, 99408,20171008,   33,    0
 18531, 99408,20171009,    9,    0
 18531, 99408,20171010,   56,    0
 18531, 99408,20171011,   75,    0
 18531, 99408,20171012,   71,    0
 18531, 99408,20171013,   79,    0
 18531, 99408,20171014,-9999,    9
 18531, 99408,20171015,   98,    0
 18531, 99408,20171016,   76,    0
 18531, 99408,20171017,-9999,    9
 18531, 99408,20171018,-9999,    9
 18531, 99408,20171019,-9999,    9
 18531, 99408,20171020,-9999,    9
 18531, 99408,20171021,-9999,    9
 18531, 99408,20171022,-9999,    9
 18531, 99408,20171023,-9999,    9
 18531, 99408,20171024,-9999,    9
 18531, 99408,20171025,   70,    0
 18531, 99408,20171026,   63,    0
 18531, 99408,20171027,   64,    0
 18531, 99408,20171028,   51,    0
 18531, 99408,20171029,   21,    0
 18531, 99408,20171030,   17,    0
 18531, 99408,20171031,   27,    0
 18531, 99408,20171101,-9999,    9
 18531, 99408,20171102,-9999,    9
 18531, 99408,20171103,   45,    0
 18531, 99408,20171104,   48,    0
 18531, 99408,20171105,   38,    0
 18531, 99408,20171106,    9,    0
 18531, 99408,20171107,   92,    0
 18531, 99408,20171108,   61,    0
 18531, 99408,20171109,   44,    0
 18531, 99408,20171110,    9,    0
 18531, 99408,20171111,    6,    0
 18531, 99408,20171112,   11,    0
 18531, 99408,20171113,   -1,    0
 18531, 99408,20171114,    6,    0
 18531, 99408,20171115,   17,    0
 18531, 99408,20171116,   36,    0
 18531, 99408,20171117,   16,    0
 18531, 99408,20171118,    5,    0
 18531, 99408,20171119,   -3,    0
 18531, 99408,20171120,    1,    0
 18531, 99408,20171121,  -69,    0
 18531, 99408,20171122,    0,    0
 18531, 99408,20171123,   16,    0
 18531, 99408,20171124,   14,    0
 18531, 99408,20171125,   25,    0
 18531, 99408,20171126,    5,    0
 18531, 99408,20171127,  -46,    0
 18531, 99408,20171128,-9999,    9
 18531, 99408,20171129,-9999,    9
 18531, 99408,20171130,  -99,    0
 18531, 99408,20171201,  -78,    0
 18531, 99408,20171202,    2,    0
 18531, 99408,20171203,   12,    0
 18531, 99408,20171204,    0,    0
 18531, 99408,20171205,   13,    0
 18531, 99408,20171206,   10,    0
 18531, 99408,20171207,   51,    0
 18531, 99408,20171208,    8,    0
 18531, 99408,20171209,   -5,    0
 18531, 99408,20171210,  -16,    0
 18531, 99408,20171211,  -24,    0
 18531, 99408,20171212,  -99,    0
 18531, 99408,20171213,  -22,    0
 18531, 99408,20171214,  -82,    0
 18531, 99408,20171215,  -96,    0
 18531, 99408,20171216,  -49,    0
 18531, 99408,20171217,  -18,    0
 18531, 99408,20171218,   11,    0
 18531, 99408,20171219,   18,    0
 18531, 99408,20171220,   34,    0
 18531, 99408,20171221,   19,    0
 18531, 99408,20171222,   10,    0
 18531, 99408,20171223,   19,    0
 18531, 99408,20171224,   15,    0
 18531, 99408,20171225,    6,    0
 18531, 99408,20171226,    3,    0
 18531, 99408,20171227,  -15,    0
 18531, 99408,20171228,  -64,    0
 18531, 99408,20171229,  -30,    0
 18531, 99408,20171230,  -38,    0
 18531, 99408,20171231,   14,    0
 18531, 99408,20180101,    4,    0
 18531, 99408,20180102,   -7,    0
 18531, 99408,20180103,  -33,    0
 18531, 99408,20180104,  -36,    0
 18531, 99408,20180105,  -62,    0
 18531, 99408,20180106,  -72,    0
 18531, 99408,20180107,  -19,    0
 18531, 99408,20180108,  -10,    0
 18531, 99408,20180109,  -46,    0
 18531, 99408,20180110,   74,    0
 18531, 99408,20180111,   26,    0
 18531, 99408,20180112,  -35,    0
 18531, 99408,20180113,  -41,    0
 18531, 99408,20180114,   26,    0
 18531, 99408,20180115,   18,    0
 18531, 99408,20180116,   14,    0
 18531, 99408,20180117,  -30,    0
 18531, 99408,20180118,  -31,    0
 18531, 99408,20180119,   -7,    0
 18531, 99408,20180120,   -4,    0
 18531, 99408,20180121,  -58,    0
 18531, 99408,20180122,   -8,    0
 18531, 99408,20180123,   29,    0
 18531, 99408,20180124,   34,    0
 18531, 99408,20180125,   19,    0
 18531, 99408,20180126,   -3,    0
 18531, 99408,20180127,    6,    0
 18531, 99408,20180128,   21,    0
 18531, 99408,20180129,    5,    0
 18531, 99408,20180130,    4,    0
 18531, 99408,20180131,   31,    0
 18531, 99408,20180201,  -29,    0
 18531, 99408,20180202,  -65,    0
 18531, 99408,20180203,  -92,    0
 18531, 99408,20180204,  -32,    0
 18531, 99408,20180205,  -24,    0
 18531, 99408,20180206,  -28,    0
 18531, 99408,20180207,  -32,    0
 18531, 99408,20180208,    0,    0
 18531, 99408,20180209,   31,    0
 18531, 99408,20180210,   17,    0
 18531, 99408,20180211,   20,    0
 18531, 99408,20180212,  -14,    0
 18531, 99408,20180213,   -1,    0
 18531, 99408,20180214,   34,    0
 18531, 99408,20180215,   22,    0
 18531, 99408,20180216,    7,    0
 18531, 99408,20180217,   26,    0
 18531, 99408,20180218,   15,    0
 18531, 99408,20180219,  -42,    0
 18531, 99408,20180220,  -48,    0
 18531, 99408,20180221,   -9,    0
 18531, 99408,20180222,  -66,    0
 18531, 99408,20180223,  -53,    0
 18531, 99408,20180224,  -42,    0
 18531, 99408,20180225,  -31,    0
 18531, 99408,20180226,  -27,    0
 18531, 99408,20180227, -109,    0
 18531, 99408,20180228, -123,    0
 18531, 99408,20180301, -138,    0
 18531, 99408,20180302, -107,    0
 18531, 99408,20180303,-9999,    9
 18531, 99408,20180304,  -80,    0
 18531, 99408,20180305,  -75,    0
 18531, 99408,20180306, -105,    0
 18531, 99408,20180307,  -43,    0
 18531, 99408,20180308,   10,    0
 18531, 99408,20180309,  -12,    0
 18531, 99408,20180310,-9999,    9
 18531, 99408,20180311,  -26,    0
 18531, 99408,20180312,   10,    0
 18531, 99408,20180313,  -27,    0
 18531, 99408,20180314,  -38,    0
 18531, 99408,20180315,  -24,    0
 18531, 99408,20180316,  -36,    0
 18531, 99408,20180317,-9999,    9
 18531, 99408,20180318,  -73,    0
 18531, 99408,20180319,   -6,    0
 18531, 99408,20180320,   -6,    0
 18531, 99408,20180321,    6,    0
 18531, 99408,20180322,   13,    0
 18531, 99408,20180323,   50,    0
 18531, 99408,20180324,   33,    0
 18531, 99408,20180325,-9999,    9
 18531, 99408,20180326,    6,    0
 18531, 99408,20180327,   -1,    0
 18531, 99408,20180328,  -18,    0
 18531, 99408,20180329,  -33,    0
 18531, 99408,20180330,  -44,    0
 18531, 99408,20180331,  -46,    0
 18531, 99408,20180401,  -48,    0
 18531, 99408,20180402,  -24,    0
 18531, 99408,20180403,  -21,    0
 18531, 99408,20180404,   -2,    0
 18531, 99408,20180405,   -3,    0
 18531, 99408,20180406,    7,    0
 18531, 99408,20180407,-9999,    9
 18531, 99408,20180408,   37,    0
 18531, 99408,20180409,   28,    0
 18531, 99408,20180410,   41,    0
 18531, 99408,20180411,   42,    0
 18531, 99408,20180412,   62,    0
 18531, 99408,20180413,  101,    0
 18531, 99408,20180414,   94,    0
 18531, 99408,20180415,   80,    0
 18531, 99408,20180416,   66,    0
 18531, 99408,20180417,   83,    0
 18531, 99408,20180418,   58,    0
 18531, 99408,20180419,  112,    0
 18531, 99408,20180420,   71,    0
 18531, 99408,20180421,   65,    0
 18531, 99408,20180422,   85,    0
 18531, 99408,20180423,   79,    0
 18531, 99408,20180424,   45,    0
 18531, 99408,20180425,   49,    0
 18531, 99408,20180426,   57,    0
 18531, 99408,20180427,   54,    0
 18531, 99408,20180428,   51,    0
 18531, 99408,20180429,   49,    0
 18531, 99408,20180430,   64,    0
 18531, 99408,20180501,   75,    0
 18531, 99408,20180502,-9999,    9
 18531, 99408,20180503,   69,    0
 18531, 99408,20180504,   72,    0
 18531, 99408,20180505,-9999,    9
 18531, 99408,20180506,  102,    0
 18531, 99408,20180507,  100,    0
 18531, 99408,20180508,  158,    0
 18531, 99408,20180509,  192,    0
 18531, 99408,20180510,  156,    0
 18531, 99408,20180511,   98,    0
 18531, 99408,20180512,  125,    0
 18531, 99408,20180513,  140,    0
 18531, 99408,20180514,  166,    0
 18531, 99408,20180515,  165,    0
 18531, 99408,20180516,-9999,    9
 18531, 99408,20180517,   86,    0
 18531, 99408,20180518,  109,    0
 18531, 99408,20180519,-9999,    9
 18531, 99408,20180520,  143,    0
 18531, 99408,20180521,  168,    0
 18531, 99408,20180522,  125,    0
 18531, 99408,20180523,  150,    0
 18531, 99408,20180524,  150,    0
 18531, 99408,20180525,  153,    0
 18531, 99408,20180526,-9999,    9
 18531, 99408,20180527,  184,    0
 18531, 99408,20180528,  172,    0
 18531, 99408,20180529,  181,    0
 18531, 99408,20180530,-9999,    9
 18531, 99408,20180531,  220,    0
 18531, 99408,20180601,  201,    0
 18531, 99408,20180602,  203,    0
 18531, 99408,20180603,  187,    0
 18531, 99408,20180604,  133,    0
 18531, 99408,20180605,  116,    0
 18531, 99408,20180606,-9999,    9
 18531, 99408,20180607,  148,    0
 18531, 99408,20180608,  152,    0
 18531, 99408,20180609,  178,    0
 18531, 99408,20180610,  161,    0
 18531, 99408,20180611,  122,    0
 18531, 99408,20180612,  128,    0
 18531, 99408,20180613,  127,    0
 18531, 99408,20180614,  135,    0
 18531, 99408,20180615,   88,    0
 18531, 99408,20180616,  105,    0
 18531, 99408,20180617,  125,    0
 18531, 99408,20180618,  110,    0
 18531, 99408,20180619,   76,    0
 18531, 99408,20180620,   84,    0
 18531, 99408,20180621,   80,    0
 18531, 99408,20180622,   99,    0
 18531, 99408,20180623,  104,    0
 18531, 99408,20180624,  110,    0
 18531, 99408,20180625,  127,    0
 18531, 99408,20180626,  125,    0
 18531, 99408,20180627,  153,    0
 18531, 99408,20180628,  136,    0
 18531, 99408,20180629,  130,    0
 18531, 99408,20180630,  158,    0
 18531, 99408,20180701,  182,    0
 18531, 99408,20180702,  161,    0
 18531, 99408,20180703,  164,    0
 18531, 99408,20180704,  178,    0
 18531, 99408,20180705,  151,    0
 18531, 99408,20180706,  128,    0
 18531, 99408,20180707,  135,    0
 18531, 99408,20180708,-9999,    9
 18531, 99408,20180709,  132,    0
 18531, 99408,20180710,  179,    0
 18531, 99408,20180711,  183,    0
 18531, 99408,20180712,  151,    0
 18531, 99408,20180713,  156,    0
 18531, 99408,20180714,  157,    0
 18531, 99408,20180715,  175,    0
 18531, 99408,20180716,  195,    0
 18531, 99408,20180717,  180,    0
 18531, 99408,20180718,  158,    0
 18531, 99408,20180719,  155,    0
 18531, 99408,20180720,  167,    0
 18531, 99408,20180721,  170,    0
 18531, 99408,20180722,  167,    0
 18531, 99408,20180723,  166,    0
 18531, 99408,20180724,  167,    0
 18531, 99408,20180725,  163,    0
 18531, 99408,20180726,  170,    0
 18531, 99408,20180727,  217,    0
 18531, 99408,20180728,  234,    0
 18531, 99408,20180729,  193,    0
 18531, 99408,20180730,  205,    0
 18531, 99408,20180731,  191,    0
 18531, 99408,20180801,  173,    0
 18531, 99408,20180802,  159,    0
 18531, 99408,20180803,  152,    0
 18531, 99408,20180804,  144,    0
 18531, 99408,20180805,  112,    0
 18531, 99408,20180806,  125,    0
 18531, 99408,20180807,  166,    0
 18531, 99408,20180808,  175,    0
 18531, 99408,20180809,  137,    0
 18531, 99408,20180810,  113,    0
 18531, 99408,20180811,  109,    0
 18531, 99408,20180812,  102,    0
 18531, 99408,20180813,  115,    0
 18531, 99408,20180814,  136,    0
 18531, 99408,20180815,  146,    0
 18531, 99408,20180816,  133,    0
 18531, 99408,20180817,  111,    0
 18531, 99408,20180818,  123,    0
 18531, 99408,20180819,  113,    0
 18531, 99408,20180820,   96,    0
 18531, 99408,20180821,  117,    0
 18531, 99408,20180822,  132,    0
 18531, 99408,20180823,  109,    0
 18531, 99408,20180824,  102,    0
 18531, 99408,20180825,   91,    0
 18531, 99408,20180826,   84,    0
 18531, 99408,20180827,   91,    0
 18531, 99408,20180828,  120,    0
 18531, 99408,20180829,  125,    0
 18531, 99408,20180830,   97,    0
 18531, 99408,20180831,  107,    0
 18531, 99408,20180901,  123,    0
 18531, 99408,20180902,  142,    0
 18531, 99408,20180903,  137,    0
 18531, 99408,20180904,  113,    0
 18531, 99408,20180905,  124,    0
 18531, 99408,20180906,  119,    0
 18531, 99408,20180907,  157,    0
 18531, 99408,20180908,  126,    0
 18531, 99408,20180909,  141,    0
 18531, 99408,20180910,  114,    0
 18531, 99408,20180911,   94,    0
 18531, 99408,20180912,   79,    0
 18531, 99408,20180913,   77,    0
 18531, 99408,20180914,   73,    0
 18531, 99408,20180915,   63,    0
 18531, 99408,20180916,   91,    0
 18531, 99408,20180917,   87,    0
 18531, 99408,20180918,  145,    0
 18531, 99408,20180919,  143,    0
 18531, 99408,20180920,   98,    0
 18531, 99408,20180921,   67,    0
 18531, 99408,20180922,   70,    0
 18531, 99408,20180923,   48,    0
 18531, 99408,20180924,   34,    0
 18531, 99408,20180925,   65,    0
 18531, 99408,20180926,-9999,    9
 18531, 99408,20180927,-9999,    9
 18531, 99408,20180928,-9999,    9
 18531, 99408,20180929,-9999,    9
 18531, 99408,20180930,-9999,    9
 18531, 99408,20181001,-9999,    9
 18531, 99408,20181002,-9999,    9
 18531, 99408,20181003,-9999,    9
 18531, 99408,20181004,   66,    0
 18531, 99408,20181005,   49,    0
 18531, 99408,20181006,   37,    0
 18531, 99408,20181007,   50,    0
 18531, 99408,20181008,   69,    0
 18531, 99408,20181009,   83,    0
 18531, 99408,20181010,   89,    0
 18531, 99408,20181011,-9999,    9
 18531, 99408,20181012,  174,    0
 18531, 99408,20181013,  129,    0
 18531, 99408,20181014,  143,    0
 18531, 99408,20181015,   40,    0
 18531, 99408,20181016,   75,    0
 18531, 99408,20181017,-9999,    9
 18531, 99408,20181018,-9999,    9
 18531, 99408,20181019,   68,    0
 18531, 99408,20181020,   64,    0
 18531, 99408,20181021,   61,    0
 18531, 99408,20181022,-9999,    9
 18531, 99408,20181023,   20,    0
 18531, 99408,20181024,   21,    0
 18531, 99408,20181025,   40,    0
 18531, 99408,20181026,   12,    0
 18531, 99408,20181027,  -30,    0
 18531, 99408,20181028,  -55,    0
 18531, 99408,20181029,  -12,    0
 18531, 99408,20181030,   18,    0
 18531, 99408,20181031,   67,    0
 18531, 99408,20181101,   89,    0
 18531, 99408,20181102,   56,    0
 18531, 99408,20181103,   60,    0
 18531, 99408,20181104,  123,    0
 18531, 99408,20181105,   90,    0
 18531, 99408,20181106,   24,    0
 18531, 99408,20181107,   71,    0
 18531, 99408,20181108,   93,    0
 18531, 99408,20181109,   37,    0
 18531, 99408,20181110,  106,    0
 18531, 99408,20181111,  108,    0
 18531, 99408,20181112,   71,    0
 18531, 99408,20181113,   80,    0
 18531, 99408,20181114,   87,    0
 18531, 99408,20181115,  107,    0
 18531, 99408,20181116,  105,    0
 18531, 99408,20181117,   49,    0
 18531, 99408,20181118,    3,    0
 18531, 99408,20181119,  -14,    0
 18531, 99408,20181120,  -32,    0
 18531, 99408,20181121,  -40,    0
 18531, 99408,20181122,  -65,    0
 18531, 99408,20181123,  -87,    0
 18531, 99408,20181124,  -85,    0
 18531, 99408,20181125,  -98,    0
 18531, 99408,20181126,  -91,    0
 18531, 99408,20181127,  -94,    0
 18531, 99408,20181128,  -32,    0
 18531, 99408,20181129,   90,    0
 18531, 99408,20181130,   84,    0
 18531, 99408,20181201,   47,    0
 18531, 99408,20181202,   51,    0
 18531, 99408,20181203,    7,    0
 18531, 99408,20181204,   -8,    0
 18531, 99408,20181205,   -7,    0
 18531, 99408,20181206,  -12,    0
 18531, 99408,20181207,    9,    0
 18531, 99408,20181208,    9,    0
 18531, 99408,20181209,   19,    0
 18531, 99408,20181210,   16,    0
 18531, 99408,20181211,  -37,    0
 18531, 99408,20181212,  -81,    0
 18531, 99408,20181213,  -94,    0
 18531, 99408,20181214, -102,    0
 18531, 99408,20181215,  -24,    0
 18531, 99408,20181216,   22,    0
 18531, 99408,20181217,  -13,    0
 18531, 99408,20181218,  -52,    0
 18531, 99408,20181219,-9999,    9
 18531, 99408,20181220,   51,    0
 18531, 99408,20181221,   35,    0
 18531, 99408,20181222,  -12,    0
 18531, 99408,20181223,   -8,    0
 18531, 99408,20181224,    4,    0
 18531, 99408,20181225,   35,    0
 18531, 99408,20181226,   22,    0
 18531, 99408,20181227,   25,    0
 18531, 99408,20181228,   23,    0
 18531, 99408,20181229,   17,    0
 18531, 99408,20181230,    4,    0
 18531, 99408,20181231,   37,    0
 18531, 99408,20190101,   11,    0
 18531, 99408,20190102,   -1,    0
 18531, 99408,20190103,    6,    0
 18531, 99408,20190104,   16,    0
 18531, 99408,20190105,   21,    0
 18531, 99408,20190106,   24,    0
 18531, 99408,20190107,   14,    0
 18531, 99408,20190108,   19,    0
 18531, 99408,20190109,   -4,    0
 18531, 99408,20190110,    9,    0
 18531, 99408,20190111,   11,    0
 18531, 99408,20190112,   -9,    0
 18531, 99408,20190113,  -11,    0
 18531, 99408,20190114,  -29,    0
 18531, 99408,20190115,  -21,    0
 18531, 99408,20190116,  -16,    0
 18531, 99408,20190117,  -43,    0
 18531, 99408,20190118,-9999,    9
 18531, 99408,20190119,-9999,    9
 18531, 99408,20190120,  -78,    0
 18531, 99408,20190121,  -34,    0
 18531, 99408,20190122,  -19,    0
 18531, 99408,20190123,  -43,    0
 18531, 99408,20190124,  -24,    0
 18531, 99408,20190125,   -2,    0
 18531, 99408,20190126,   -7,    0
 18531, 99408,20190127,  -44,    0
 18531, 99408,20190128,  -91,    0
 18531, 99408,20190129,  -22,    0
 18531, 99408,20190130,-9999,    9
 18531, 99408,20190131,    5,    0
 18531, 99408,20190201,   -2,    0
 18531, 99408,20190202,  -64,    0
 18531, 99408,20190203,  -67,    0
 18531, 99408,20190204,  -41,    0
 18531, 99408,20190205,  -99,    0
 18531, 99408,20190206,  -42,    0
 18531, 99408,20190207,   16,    0
 18531, 99408,20190208,   17,    0
 18531, 99408,20190209,   36,    0
 18531, 99408,20190210,  -13,    0
 18531, 99408,20190211,  -13,    0
 18531, 99408,20190212,   -6,    0
 18531, 99408,20190213,-9999,    9
 18531, 99408,20190214,-9999,    9
 18531, 99408,20190215,-9999,    9
 18531, 99408,20190216,   30,    0
 18531, 99408,20190217,   36,    0
 18531, 99408,20190218,   62,    0
 18531, 99408,20190219,   30,    0
 18531, 99408,20190220,    6,    0
 18531, 99408,20190221,   28,    0
 18531, 99408,20190222,   48,    0
 18531, 99408,20190223,   67,    0
 18531, 99408,20190224,   49,    0
 18531, 99408,20190225,   29,    0
 18531, 99408,20190226,   48,    0
 18531, 99408,20190227,   35,    0
 18531, 99408,20190228,   22,    0
 18531, 99408,20190301,    3,    0
 18531, 99408,20190302,    3,    0
 18531, 99408,20190303,   38,    0
 18531, 99408,20190304,   13,    0
 18531, 99408,20190305,    0,    0
 18531, 99408,20190306,    9,    0
 18531, 99408,20190307,    5,    0
 18531, 99408,20190308,   -5,    0
 18531, 99408,20190309,  -39,    0
 18531, 99408,20190310,  -42,    0
 18531, 99408,20190311,  -34,    0
 18531, 99408,20190312,    8,    0
 18531, 99408,20190313,   11,    0
 18531, 99408,20190314,    6,    0
 18531, 99408,20190315,   21,    0
 18531, 99408,20190316,   12,    0
 18531, 99408,20190317,   24,    0
 18531, 99408,20190318,   19,    0
 18531, 99408,20190319,   11,    0
 18531, 99408,20190320,   34,    0
 18531, 99408,20190321,   32,    0
 18531, 99408,20190322,   51,    0
 18531, 99408,20190323,   19,    0
 18531, 99408,20190324,    8,    0
 18531, 99408,20190325,   19,    0
 18531, 99408,20190326,    4,    0
 18531, 99408,20190327,   34,    0
 18531, 99408,20190328,   62,    0
 18531, 99408,20190329,   58,    0
 18531, 99408,20190330,   12,    0
 18531, 99408,20190331,-9999,    9
 18531, 99408,20190401,   19,    0
 18531, 99408,20190402,   44,    0
 18531, 99408,20190403,   59,    0
 18531, 99408,20190404,   60,    0
 18531, 99408,20190405,   74,    0
 18531, 99408,20190406,   52,    0
 18531, 99408,20190407,   36,    0
 18531, 99408,20190408,   20,    0
 18531, 99408,20190409,-9999,    9
 18531, 99408,20190410,-9999,    9
 18531, 99408,20190411,-9999,    9
 18531, 99408,20190412,   20,    0
 18531, 99408,20190413,   33,    0
 18531, 99408,20190414,   37,    0
 18531, 99408,20190415,   41,    0
 18531, 99408,20190416,   70,    0
 18531, 99408,20190417,   87,    0
 18531, 99408,20190418,   81,    0
 18531, 99408,20190419,   92,    0
 18531, 99408,20190420,   99,    0
 18531, 99408,20190421,   80,    0
 18531, 99408,20190422,  120,    0
 18531, 99408,20190423,  131,    0
 18531, 99408,20190424,  150,    0
 18531, 99408,20190425,  148,    0
 18531, 99408,20190426,  155,    0
 18531, 99408,20190427,  149,    0
 18531, 99408,20190428,  138,    0
 18531, 99408,20190429,  141,    0
 18531, 99408,20190430,-9999,    9
 18531, 99408,20190501,   73,    0
 18531, 99408,20190502,   24,    0
 18531, 99408,20190503,   15,    0
 18531, 99408,20190504,   23,    0
 18531, 99408,20190505,   18,    0
 18531, 99408,20190506,   31,    0
 18531, 99408,20190507,   25,    0
 18531, 99408,20190508,   31,    0
 18531, 99408,20190509,   36,    0
 18531, 99408,20190510,   40,    0
 18531, 99408,20190511,   51,    0
 18531, 99408,20190512,   39,    0
 18531, 99408,20190513,   52,    0
 18531, 99408,20190514,   87,    0
 18531, 99408,20190515,  118,    0
 18531, 99408,20190516,  124,    0
 18531, 99408,20190517,  144,    0
 18531, 99408,20190518,  140,    0
 18531, 99408,20190519,  140,    0
 18531, 99408,20190520,  154,    0
 18531, 99408,20190521,  165,    0
 18531, 99408,20190522,  129,    0
 18531, 99408,20190523,  122,    0
 18531, 99408,20190524,  115,    0
 18531, 99408,20190525,   86,    0
 18531, 99408,20190526,   77,    0
 18531, 99408,20190527,   72,    0
 18531, 99408,20190528,   49,    0
 18531, 99408,20190529,-9999,    9
 18531, 99408,20190530,-9999,    9
 18531, 99408,20190531,-9999,    9
 18531, 99408,20190601,   72,    0
 18531, 99408,20190602,   95,    0
 18531, 99408,20190603,  147,    0
 18531, 99408,20190604,  118,    0
 18531, 99408,20190605,  130,    0
 18531, 99408,20190606,  166,    0
 18531, 99408,20190607,  142,    0
 18531, 99408,20190608,  136,    0
 18531, 99408,20190609,  118,    0
 18531, 99408,20190610,   93,    0
 18531, 99408,20190611,  134,    0
 18531, 99408,20190612,  140,    0
 18531, 99408,20190613,  147,    0
 18531, 99408,20190614,  178,    0
 18531, 99408,20190615,  170,    0
 18531, 99408,20190616,  133,    0
 18531, 99408,20190617,  132,    0
 18531, 99408,20190618,  117,    0
 18531, 99408,20190619,  131,    0
 18531, 99408,20190620,  122,    0
 18531, 99408,20190621,   99,    0
 18531, 99408,20190622,   85,    0
 18531, 99408,20190623,   92,    0
 18531, 99408,20190624,  125,    0
 18531, 99408,20190625,  133,    0
 18531, 99408,20190626,  125,    0
 18531, 99408,20190627,  123,    0
 18531, 99408,20190628,  125,    0
 18531, 99408,20190629,  153,    0
 18531, 99408,20190630,  130,    0
 18531, 99408,20190701,  106,    0
 18531, 99408,20190702,   65,    0
 18531, 99408,20190703,   62,    0
 18531, 99408,20190704,   70,    0
 18531, 99408,20190705,   97,    0
 18531, 99408,20190706,  121,    0
 18531, 99408,20190707,  124,    0
 18531, 99408,20190708,  130,    0
 18531, 99408,20190709,  132,    0
 18531, 99408,20190710,  156,    0
 18531, 99408,20190711,  174,    0
 18531, 99408,20190712,  188,    0
 18531, 99408,20190713,  144,    0
 18531, 99408,20190714,  136,    0
 18531, 99408,20190715,  132,    0
 18531, 99408,20190716,  152,    0
 18531, 99408,20190717,  165,    0
 18531, 99408,20190718,  161,    0
 18531, 99408,20190719,  158,    0
 18531, 99408,20190720,  150,    0
 18531, 99408,20190721,  140,    0
 18531, 99408,20190722,  144,    0
 18531, 99408,20190723,  161,    0
 18531, 99408,20190724,  211,    0
 18531, 99408,20190725,  221,    0
 18531, 99408,20190726,  225,    0
 18531, 99408,20190727,  232,    0
 18531, 99408,20190728,  236,    0
 18531, 99408,20190729,  226,    0
 18531, 99408,20190730,  186,    0
 18531, 99408,20190731,  148,    0
 18531, 99408,20190801,  164,    0
 18531, 99408,20190802,  181,    0
 18531, 99408,20190803,  150,    0
 18531, 99408,20190804,  162,    0
 18531, 99408,20190805,  175,    0
 18531, 99408,20190806,  154,    0
 18531, 99408,20190807,  150,    0
 18531, 99408,20190808,  149,    0
 18531, 99408,20190809,  165,    0
 18531, 99408,20190810,  178,    0
 18531, 99408,20190811,  164,    0
 18531, 99408,20190812,  132,    0
 18531, 99408,20190813,  102,    0
 18531, 99408,20190814,  101,    0
 18531, 99408,20190815,  132,    0
 18531, 99408,20190816,  130,    0
 18531, 99408,20190817,  140,    0
 18531, 99408,20190818,  137,    0
 18531, 99408,20190819,  123,    0
 18531, 99408,20190820,  113,    0
 18531, 99408,20190821,  104,    0
 18531, 99408,20190822,-9999,    9
 18531, 99408,20190823,  113,    0
 18531, 99408,20190824,  148,    0
 18531, 99408,20190825,  167,    0
 18531, 99408,20190826,  184,    0
 18531, 99408,20190827,  184,    0
 18531, 99408,20190828,  195,    0
 18531, 99408,20190829,  139,    0
 18531, 99408,20190830,  136,    0
 18531, 99408,20190831,  171,    0
 18531, 99408,20190901,  114,    0
 18531, 99408,20190902,   85,    0
 18531, 99408,20190903,   82,    0
 18531, 99408,20190904,   79,    0
 18531, 99408,20190905,   84,    0
 18531, 99408,20190906,   89,    0
 18531, 99408,20190907,   93,    0
 18531, 99408,20190908,   88,    0
 18531, 99408,20190909,  115,    0
 18531, 99408,20190910,  110,    0
 18531, 99408,20190911,  133,    0
 18531, 99408,20190912,   92,    0
 18531, 99408,20190913,   73,    0
 18531, 99408,20190914,   83,    0
 18531, 99408,20190915,   78,    0
 18531, 99408,20190916,   53,    0
 18531, 99408,20190917,   44,    0
 18531, 99408,20190918,   60,    0
 18531, 99408,20190919,   60,    0
 18531, 99408,20190920,   91,    0
 18531, 99408,20190921,   98,    0
 18531, 99408,20190922,   89,    0
 18531, 99408,20190923,   88,    0
 18531, 99408,20190924,   75,    0
 18531, 99408,20190925,   66,    0
 18531, 99408,20190926,   91,    0
 18531, 99408,20190927,  133,    0
 18531, 99408,20190928,   97,    0
 18531, 99408,20190929,   92,    0
 18531, 99408,20190930,   42,    0
 18531, 99408,20191001,   41,    0
 18531, 99408,20191002,   54,    0
 18531, 99408,20191003,   58,    0
 18531, 99408,20191004,   39,    0
 18531, 99408,20191005,    7,    0
 18531, 99408,20191006,   -3,    0
 18531, 99408,20191007,    8,    0
 18531, 99408,20191008,   56,    0
 18531, 99408,20191009,   85,    0
 18531, 99408,20191010,   73,    0
 18531, 99408,20191011,   57,    0
 18531, 99408,20191012,   56,    0
 18531, 99408,20191013,   19,    0
 18531, 99408,20191014,   27,    0
 18531, 99408,20191015,   54,    0
 18531, 99408,20191016,   78,    0
 18531, 99408,20191017,   74,    0
 18531, 99408,20191018,   46,    0
 18531, 99408,20191019,   20,    0
 18531, 99408,20191020,    9,    0
 18531, 99408,20191021,   38,    0
 18531, 99408,20191022,   58,    0
 18531, 99408,20191023,-9999,    9
 18531, 99408,20191024,-9999,    9
 18531, 99408,20191025,-9999,    9
 18531, 99408,20191026,-9999,    9
 18531, 99408,20191027,   12,    0
 18531, 99408,20191028,   20,    0
 18531, 99408,20191029,   17,    0
 18531, 99408,20191030,   25,    0
 18531, 99408,20191031,   39,    0
 18531, 99408,20191101,   25,    0
 18531, 99408,20191102,  -24,    0
 18531, 99408,20191103,  -36,    0
 18531, 99408,20191104,  -50,    0
 18531, 99408,20191105,  -57,    0
 18531, 99408,20191106,  -28,    0
 18531, 99408,20191107,  -17,    0
 18531, 99408,20191108,  -79,    0
 18531, 99408,20191109,  -87,    0
 18531, 99408,20191110, -101,    0
 18531, 99408,20191111, -117,    0
 18531, 99408,20191112,  -38,    0
 18531, 99408,20191113,   -1,    0
 18531, 99408,20191114,  -65,    0
 18531, 99408,20191115,  -60,    0
 18531, 99408,20191116,  -33,    0
 18531, 99408,20191117,  -36,    0
 18531, 99408,20191118,  -29,    0
 18531, 99408,20191119,   -8,    0
 18531, 99408,20191120,  -44,    0
 18531, 99408,20191121,  -15,    0
 18531, 99408,20191122,   30,    0
 18531, 99408,20191123,   18,    0
 18531, 99408,20191124,    4,    0
 18531, 99408,20191125,   15,    0
 18531, 99408,20191126,    7,    0
 18531, 99408,20191127,  -19,    0
 18531, 99408,20191128,   12,    0
 18531, 99408,20191129,   -4,    0
 18531, 99408,20191130,  -12,    0
 18531, 99408,20191201,   -4,    0
 18531, 99408,20191202,  -13,    0
 18531, 99408,20191203,   14,    0
 18531, 99408,20191204,   36,    0
 18531, 99408,20191205,   29,    0
 18531, 99408,20191206,   11,    0
 18531, 99408,20191207,-9999,    9
 18531, 99408,20191208,   19,    0
 18531, 99408,20191209,    5,    0
 18531, 99408,20191210,    1,    0
 18531, 99408,20191211,   33,    0
 18531, 99408,20191212,   41,    0
 18531, 99408,20191213,   39,    0
 18531, 99408,20191214,-9999,    9
 18531, 99408,20191215,   10,    0
 18531, 99408,20191216,    0,    0
 18531, 99408,20191217,    2,    0
 18531, 99408,20191218,    8,    0
 18531, 99408,20191219,   26,    0
 18531, 99408,20191220,   64,    0
 18531, 99408,20191221,-9999,    9
 18531, 99408,20191222,-9999,    9
 18531, 99408,20191223,-9999,    9
 18531, 99408,20191224,  -18,    0
 18531, 99408,20191225,   -8,    0
 18531, 99408,20191226,  -11,    0
 18531, 99408,20191227,  -53,    0
 18531, 99408,20191228,   29,    0
 18531, 99408,20191229,   61,    0
 18531, 99408,20191230,   47,    0
 18531, 99408,20191231,-9999,    9
 18531, 99408,20200101,   52,    0
 18531, 99408,20200102,   64,    0
 18531, 99408,20200103,    1,    0
 18531, 99408,20200104,  -12,    0
 18531, 99408,20200105,-9999,    9
 18531, 99408,20200106,-9999,    9
 18531, 99408,20200107,   45,    0
 18531, 99408,20200108,   29,    0
 18531, 99408,20200109,    3,    0
 18531, 99408,20200110,  -12,    0
 18531, 99408,20200111,   44,    0
 18531, 99408,20200112,-9999,    9
 18531, 99408,20200113,-9999,    9
 18531, 99408,20200114,-9999,    9
 18531, 99408,20200115,-9999,    9
 18531, 99408,20200116,   48,    0
 18531, 99408,20200117,   69,    0
 18531, 99408,20200118,   32,    0
 18531, 99408,20200119,    6,    0
 18531, 99408,20200120,   43,    0
 18531, 99408,20200121,   27,    0
 18531, 99408,20200122,    2,    0
 18531, 99408,20200123,   35,    0
 18531, 99408,20200124,   14,    0
 18531, 99408,20200125,   25,    0
 18531, 99408,20200126,   52,    0
 18531, 99408,20200127,-9999,    9
 18531, 99408,20200128,-9999,    9
 18531, 99408,20200129,    2,    0
 18531, 99408,20200130,    8,    0
 18531, 99408,20200131,   41,    0
 18531, 99408,20200201,   11,    0
 18531, 99408,20200202,   -1,    0
 18531, 99408,20200203,  -31,    0
 18531, 99408,20200204,  -20,    0
 18531, 99408,20200205,   18,    0
 18531, 99408,20200206,   33,    0
 18531, 99408,20200207,   17,    0
 18531, 99408,20200208,   70,    0
 18531, 99408,20200209,   57,    0
 18531, 99408,20200210,   14,    0
 18531, 99408,20200211,    3,    0
 18531, 99408,20200212,   -1,    0
 18531, 99408,20200213,  -21,    0
 18531, 99408,20200214,    7,    0
 18531, 99408,20200215,   42,    0
 18531, 99408,20200216,   38,    0
 18531, 99408,20200217,   31,    0
 18531, 99408,20200218,   12,    0
 18531, 99408,20200219,   10,    0
 18531, 99408,20200220,   40,    0
 18531, 99408,20200221,   30,    0
 18531, 99408,20200222,    9,    0
 18531, 99408,20200223,   11,    0
 18531, 99408,20200224,  -14,    0
 18531, 99408,20200225,  -47,    0
 18531, 99408,20200226,   -6,    0
 18531, 99408,20200227,    6,    0
 18531, 99408,20200228,   -5,    0
 18531, 99408,20200229,  -20,    0
 18531, 99408,20200301,   24,    0
 18531, 99408,20200302,   31,    0
 18531, 99408,20200303,   44,    0
 18531, 99408,20200304,   15,    0
 18531, 99408,20200305,   16,    0
 18531, 99408,20200306,   17,    0
 18531, 99408,20200307,   30,    0
 18531, 99408,20200308,   67,    0
 18531, 99408,20200309,   30,    0
 18531, 99408,20200310,   50,    0
 18531, 99408,20200311,   21,    0
 18531, 99408,20200312,-9999,    9
 18531, 99408,20200313,-9999,    9
 18531, 99408,20200314,-9999,    9
 18531, 99408,20200315,-9999,    9
 18531, 99408,20200316,-9999,    9
 18531, 99408,20200317,   25,    0
 18531, 99408,20200318,    8,    0
 18531, 99408,20200319,   11,    0
 18531, 99408,20200320,-9999,    9
 18531, 99408,20200321,-9999,    9
 18531, 99408,20200322,-9999,    9
 18531, 99408,20200323,-9999,    9
 18531, 99408,20200324,-9999,    9
 18531, 99408,20200325,-9999,    9
 18531, 99408,20200326,-9999,    9
 18531, 99408,20200327,   22,    0
 18531, 99408,20200328,   -6,    0
 18531, 99408,20200329,-9999,    9
 18531, 99408,20200330,   14,    0
 18531, 99408,20200331,   23,    0
 18531, 99408,20200401,   24,    0
 18531, 99408,20200402,   -1,    0
 18531, 99408,20200403,  -14,    0
 18531, 99408,20200404,   -5,    0
 18531, 99408,20200405,   52,    0
 18531, 99408,20200406,  105,    0
 18531, 99408,20200407,   67,    0
 18531, 99408,20200408,   41,    0
 18531, 99408,20200409,   18,    0
 18531, 99408,20200410,   25,    0
 18531, 99408,20200411,-9999,    9
 18531, 99408,20200412,-9999,    9
 18531, 99408,20200413,-9999,    9
 18531, 99408,20200414,-9999,    9
 18531, 99408,20200415,-9999,    9
 18531, 99408,20200416,-9999,    9
 18531, 99408,20200417,   31,    0
 18531, 99408,20200418,   37,    0
 18531, 99408,20200419,   60,    0
 18531, 99408,20200420,   80,    0
 18531, 99408,20200421,   89,    0
 18531, 99408,20200422,   83,    0
 18531, 99408,20200423,   76,    0
 18531, 99408,20200424,   66,    0
 18531, 99408,20200425,   52,    0
 18531, 99408,20200426,   61,    0
 18531, 99408,20200427,   67,    0
 18531, 99408,20200428,   63,    0
 18531, 99408,20200429,   56,    0
 18531, 99408,20200430,   71,    0
 18531, 99408,20200501,   47,    0
 18531, 99408,20200502,   41,    0
 18531, 99408,20200503,   45,    0
 18531, 99408,20200504,   34,    0
 18531, 99408,20200505,   39,    0
 18531, 99408,20200506,   61,    0
 18531, 99408,20200507,   58,    0
 18531, 99408,20200508,   55,    0
 18531, 99408,20200509,   43,    0
 18531, 99408,20200510,   17,    0
 18531, 99408,20200511,   11,    0
 18531, 99408,20200512,   12,    0
 18531, 99408,20200513,   15,    0
 18531, 99408,20200514,   24,    0
 18531, 99408,20200515,   15,    0
 18531, 99408,20200516,    7,    0
 18531, 99408,20200517,   24,    0
 18531, 99408,20200518,   57,    0
 18531, 99408,20200519,   49,    0
 18531, 99408,20200520,   74,    0
 18531, 99408,20200521,  114,    0
 18531, 99408,20200522,  120,    0
 18531, 99408,20200523,  113,    0
 18531, 99408,20200524,  108,    0
 18531, 99408,20200525,  112,    0
 18531, 99408,20200526,   90,    0
 18531, 99408,20200527,   72,    0
 18531, 99408,20200528,   81,    0
 18531, 99408,20200529,  107,    0
 18531, 99408,20200530,  148,    0
 18531, 99408,20200531,  160,    0
 18531, 99408,20200601,  150,    0
 18531, 99408,20200602,  127,    0
 18531, 99408,20200603,  131,    0
 18531, 99408,20200604,  124,    0
 18531, 99408,20200605,  146,    0
 18531, 99408,20200606,  117,    0
 18531, 99408,20200607,   89,    0
 18531, 99408,20200608,   82,    0
 18531, 99408,20200609,  118,    0
 18531, 99408,20200610,  139,    0
 18531, 99408,20200611,  160,    0
 18531, 99408,20200612,  178,    0
 18531, 99408,20200613,  197,    0
 18531, 99408,20200614,  177,    0
 18531, 99408,20200615,  184,    0
 18531, 99408,20200616,  201,    0
 18531, 99408,20200617,  202,    0
 18531, 99408,20200618,  200,    0
 18531, 99408,20200619,  216,    0
 18531, 99408,20200620,  202,    0
 18531, 99408,20200621,  174,    0
 18531, 99408,20200622,  145,    0
 18531, 99408,20200623,  160,    0
 18531, 99408,20200624,  203,    0
 18531, 99408,20200625,  205,    0
 18531, 99408,20200626,  204,    0
 18531, 99408,20200627,-9999,    9
 18531, 99408,20200628,  190,    0
 18531, 99408,20200629,  166,    0
 18531, 99408,20200630,-9999,    9
 18531, 99408,20200701,  117,    0
 18531, 99408,20200702,-9999,    9
 18531, 99408,20200703,   70,    0
 18531, 99408,20200704,  109,    0
 18531, 99408,20200705,  110,    0
 18531, 99408,20200706,   93,    0
 18531, 99408,20200707,   85,    0
 18531, 99408,20200708,   85,    0
 18531, 99408,20200709,  100,    0
 18531, 99408,20200710,  106,    0
 18531, 99408,20200711,   91,    0
 18531, 99408,20200712,  100,    0
 18531, 99408,20200713,  118,    0
 18531, 99408,20200714,  129,    0
 18531, 99408,20200715,  151,    0
 18531, 99408,20200716,  158,    0
 18531, 99408,20200717,  128,    0
 18531, 99408,20200718,  131,    0
 18531, 99408,20200719,  113,    0
 18531, 99408,20200720,  102,    0
 18531, 99408,20200721,   96,    0
 18531, 99408,20200722,   92,    0
 18531, 99408,20200723,  107,    0
 18531, 99408,20200724,  121,    0
 18531, 99408,20200725,  132,    0
 18531, 99408,20200726,  151,    0
 18531, 99408,20200727,  155,    0
 18531, 99408,20200728,  170,    0
 18531, 99408,20200729,  131,    0
 18531, 99408,20200730,  158,    0
 18531, 99408,20200731,  180,    0
 18531, 99408,20200801,  192,    0
 18531, 99408,20200802,  137,    0
 18531, 99408,20200803,  106,    0
 18531, 99408,20200804,-9999,    9
 18531, 99408,20200805,-9999,    9
 18531, 99408,20200806,  153,    0
 18531, 99408,20200807,  182,    0
 18531, 99408,20200808,  163,    0
 18531, 99408,20200809,  133,    0
 18531, 99408,20200810,  162,    0
 18531, 99408,20200811,  177,    0
 18531, 99408,20200812,  194,    0
 18531, 99408,20200813,  161,    0
 18531, 99408,20200814,  166,    0
 18531, 99408,20200815,  159,    0
 18531, 99408,20200816,  164,    0
 18531, 99408,20200817,  175,    0
 18531, 99408,20200818,  170,    0
 18531, 99408,20200819,  154,    0
 18531, 99408,20200820,  164,    0
 18531, 99408,20200821,  183,    0
 18531, 99408,20200822,  141,    0
 18531, 99408,20200823,   97,    0
 18531, 99408,20200824,-9999,    9
 18531, 99408,20200825,-9999,    9
 18531, 99408,20200826,   90,    0
 18531, 99408,20200827,  106,    0
 18531, 99408,20200828,  109,    0
 18531, 99408,20200829,  103,    0
 18531, 99408,20200830,  101,    0
 18531, 99408,20200831,   88,    0
 18531, 99408,20200901,  114,    0
 18531, 99408,20200902,  154,    0
 18531, 99408,20200903,  141,    0
 18531, 99408,20200904,-9999,    9
 18531, 99408,20200905,   83,    0
 18531, 99408,20200906,   85,    0
 18531, 99408,20200907,   96,    0
 18531, 99408,20200908,  102,    0
 18531, 99408,20200909,   85,    0
 18531, 99408,20200910,   68,    0
 18531, 99408,20200911,   93,    0
 18531, 99408,20200912,   75,    0
 18531, 99408,20200913,   87,    0
 18531, 99408,20200914,  101,    0
 18531, 99408,20200915,  124,    0
 18531, 99408,20200916,   81,    0
 18531, 99408,20200917,   82,    0
 18531, 99408,20200918,   93,    0
 18531, 99408,20200919,   81,    0
 18531, 99408,20200920,   96,    0
 18531, 99408,20200921,  123,    0
 18531, 99408,20200922,-9999,    9
 18531, 99408,20200923,   94,    0
 18531, 99408,20200924,   92,    0
 18531, 99408,20200925,   72,    0
 18531, 99408,20200926,   78,    0
 18531, 99408,20200927,  118,    0
 18531, 99408,20200928,-9999,    9
 18531, 99408,20200929,  115,    0
 18531, 99408,20200930,  129,    0
 18531, 99408,20201001,  159,    0
 18531, 99408,20201002,-9999,    9
 18531, 99408,20201003,  150,    0
 18531, 99408,20201004,  164,    0
 18531, 99408,20201005,  116,    0
 18531, 99408,20201006,  106,    0
 18531, 99408,20201007,   95,    0
 18531, 99408,20201008,   82,    0
 18531, 99408,20201009,   48,    0
 18531, 99408,20201010,   36,    0
 18531, 99408,20201011,   52,    0
 18531, 99408,20201012,   47,    0
 18531, 99408,20201013,   10,    0
 18531, 99408,20201014,   -3,    0
 18531, 99408,20201015,    4,    0
 18531, 99408,20201016,    4,    0
 18531, 99408,20201017,   27,    0
 18531, 99408,20201018,   19,    0
 18531, 99408,20201019,    4,    0
 18531, 99408,20201020,   30,    0
 18531, 99408,20201021,   46,    0
 18531, 99408,20201022,   45,    0
 18531, 99408,20201023,   17,    0
 18531, 99408,20201024,   57,    0
 18531, 99408,20201025,-9999,    9
 18531, 99408,20201026,   92,    0
 18531, 99408,20201027,   46,    0
 18531, 99408,20201028,   71,    0
 18531, 99408,20201029,   49,    0
 18531, 99408,20201030,   55,    0
 18531, 99408,20201031,   69,    0
 18531, 99408,20201101,  102,    0
 18531, 99408,20201102,   73,    0
 18531, 99408,20201103,   43,    0
 18531, 99408,20201104,   39,    0
 18531, 99408,20201105,   78,    0
 18531, 99408,20201106,   78,    0
 18531, 99408,20201107,   70,    0
 18531, 99408,20201108,   62,    0
 18531, 99408,20201109,   47,    0
 18531, 99408,20201110,   73,    0
 18531, 99408,20201111,   95,    0
 18531, 99408,20201112,  113,    0
 18531, 99408,20201113,  101,    0
 18531, 99408,20201114,   87,    0
 18531, 99408,20201115,  121,    0
 18531, 99408,20201116,   77,    0
 18531, 99408,20201117,   60,    0
 18531, 99408,20201118,   49,    0
 18531, 99408,20201119,   -7,    0
 18531, 99408,20201120,  -15,    0
 18531, 99408,20201121,   44,    0
 18531, 99408,20201122,   34,    0
 18531, 99408,20201123,   23,    0
 18531, 99408,20201124,   36,    0
 18531, 99408,20201125,   39,    0
 18531, 99408,20201126,   20,    0
 18531, 99408,20201127,    7,    0
 18531, 99408,20201128,    3,    0
 18531, 99408,20201129,   39,    0
 18531, 99408,20201130,   34,    0
 18531, 99408,20201201,    8,    0
 18531, 99408,20201202,   55,    0
 18531, 99408,20201203,   49,    0
 18531, 99408,20201204,   16,    0
 18531, 99408,20201205,  -31,    0
 18531, 99408,20201206,  -11,    0
 18531, 99408,20201207,-9999,    9
 18531, 99408,20201208,-9999,    9
 18531, 99408,20201209,   26,    0
 18531, 99408,20201210,   47,    0
 18531, 99408,20201211,   45,    0
 18531, 99408,20201212,  -18,    0
 18531, 99408,20201213,   12,    0
 18531, 99408,20201214,-9999,    9
 18531, 99408,20201215,   38,    0
 18531, 99408,20201216,   27,    0
 18531, 99408,20201217,   73,    0
 18531, 99408,20201218,   64,    0
 18531, 99408,20201219,   99,    0
 18531, 99408,20201220,   67,    0
 18531, 99408,20201221,   49,    0
 18531, 99408,20201222,-9999,    9
 18531, 99408,20201223,   15,    0
 18531, 99408,20201224,    6,    0
 18531, 99408,20201225,  -19,    0
 18531, 99408,20201226,-9999,    9
 18531, 99408,20201227,-9999,    9
 18531, 99408,20201228,   42,    0
 18531, 99408,20201229,    7,    0
 18531, 99408,20201230,   -3,    0
 18531, 99408,20201231,  -10,    0
 18531, 99408,20210101,  -36,    0
 18531, 99408,20210102,  -35,    0
 18531, 99408,20210103, -105,    0
 18531, 99408,20210104, -126,    0
 18531, 99408,20210105, -105,    0
 18531, 99408,20210106,  -92,    0
 18531, 99408,20210107,  -89,    0
 18531, 99408,20210108, -106,    0
 18531, 99408,20210109,   -8,    0
 18531, 99408,20210110,  -24,    0
 18531, 99408,20210111,  -47,    0
 18531, 99408,20210112,  -25,    0
 18531, 99408,20210113,  -91,    0
 18531, 99408,20210114, -162,    0
 18531, 99408,20210115, -161,    0
 18531, 99408,20210116, -149,    0
 18531, 99408,20210117,   14,    0
 18531, 99408,20210118,   29,    0
 18531, 99408,20210119,    1,    0
 18531, 99408,20210120,  -13,    0
 18531, 99408,20210121,   32,    0
 18531, 99408,20210122,   20,    0
 18531, 99408,20210123,    4,    0
 18531, 99408,20210124,  -25,    0
 18531, 99408,20210125,  -96,    0
 18531, 99408,20210126,  -48,    0
 18531, 99408,20210127, -123,    0
 18531, 99408,20210128, -109,    0
 18531, 99408,20210129,  -62,    0
 18531, 99408,20210130,  -33,    0
 18531, 99408,20210131,  -45,    0
 18531, 99408,20210201, -125,    0
 18531, 99408,20210202, -107,    0
 18531, 99408,20210203, -170,    0
 18531, 99408,20210204, -183,    0
 18531, 99408,20210205, -168,    0
 18531, 99408,20210206, -162,    0
 18531, 99408,20210207, -171,    0
 18531, 99408,20210208, -167,    0
 18531, 99408,20210209, -168,    0
 18531, 99408,20210210, -138,    0
 18531, 99408,20210211, -168,    0
 18531, 99408,20210212, -183,    0
 18531, 99408,20210213, -175,    0
 18531, 99408,20210214, -110,    0
 18531, 99408,20210215,   17,    0
 18531, 99408,20210216,   16,    0
 18531, 99408,20210217,   21,    0
 18531, 99408,20210218,   48,    0
 18531, 99408,20210219,   63,    0
 18531, 99408,20210220,   53,    0
 18531, 99408,20210221,   83,    0
 18531, 99408,20210222,   55,    0
 18531, 99408,20210223,   53,    0
 18531, 99408,20210224,   57,    0
 18531, 99408,20210225,   47,    0
 18531, 99408,20210226,   41,    0
 18531, 99408,20210227,-9999,    9
 18531, 99408,20210228,   42,    0
 18531, 99408,20210301,   42,    0
 18531, 99408,20210302,   44,    0
 18531, 99408,20210303,   27,    0
 18531, 99408,20210304,  -10,    0
 18531, 99408,20210305,   -7,    0
 18531, 99408,20210306,   15,    0
 18531, 99408,20210307,  -20,    0
 18531, 99408,20210308,  -31,    0
 18531, 99408,20210309,    9,    0
 18531, 99408,20210310,   25,    0
 18531, 99408,20210311,   39,    0
 18531, 99408,20210312,   19,    0
 18531, 99408,20210313,   33,    0
 18531, 99408,20210314,   24,    0
 18531, 99408,20210315,-9999,    9
 18531, 99408,20210316,-9999,    9
 18531, 99408,20210317,    7,    0
 18531, 99408,20210318,   19,    0
 18531, 99408,20210319,   19,    0
 18531, 99408,20210320,   33,    0
 18531, 99408,20210321,-9999,    9
 18531, 99408,20210322,   33,    0
 18531, 99408,20210323,   61,    0
 18531, 99408,20210324,-9999,    9
 18531, 99408,20210325,   32,    0
 18531, 99408,20210326,   74,    0
 18531, 99408,20210327,   34,    0
 18531, 99408,20210328,-9999,    9
 18531, 99408,20210329,   61,    0
 18531, 99408,20210330,   35,    0
 18531, 99408,20210331,   28,    0
 18531, 99408,20210401,   15,    0
 18531, 99408,20210402,   27,    0
 18531, 99408,20210403,   23,    0
 18531, 99408,20210404,   18,    0
 18531, 99408,20210405,  -26,    0
 18531, 99408,20210406,   -2,    0
 18531, 99408,20210407,    7,    0
 18531, 99408,20210408,    2,    0
 18531, 99408,20210409,   -3,    0
 18531, 99408,20210410,   -3,    0
 18531, 99408,20210411,    1,    0
 18531, 99408,20210412,   12,    0
 18531, 99408,20210413,   14,    0
 18531, 99408,20210414,   15,    0
 18531, 99408,20210415,   23,    0
 18531, 99408,20210416,   28,    0
 18531, 99408,20210417,-9999,    9
 18531, 99408,20210418,   60,    0
 18531, 99408,20210419,   76,    0
 18531, 99408,20210420,   64,    0
 18531, 99408,20210421,   20,    0
 18531, 99408,20210422,   18,    0
 18531, 99408,20210423,   18,    0
 18531, 99408,20210424,   21,    0
 18531, 99408,20210425,   18,    0
 18531, 99408,20210426,   32,    0
 18531, 99408,20210427,   28,    0
 18531, 99408,20210428,   26,    0
 18531, 99408,20210429,   30,    0
 18531, 99408,20210430,   33,    0
 18531, 99408,20210501,   44,    0
 18531, 99408,20210502,   42,    0
 18531, 99408,20210503,   26,    0
 18531, 99408,20210504,   44,    0
 18531, 99408,20210505,   57,    0
 18531, 99408,20210506,   46,    0
 18531, 99408,20210507,   48,    0
 18531, 99408,20210508,   29,    0
 18531, 99408,20210509,   60,    0
 18531, 99408,20210510,-9999,    9
 18531, 99408,20210511,-9999,    9
 18531, 99408,20210512,  105,    0
 18531, 99408,20210513,  122,    0
 18531, 99408,20210514,  134,    0
 18531, 99408,20210515,  149,    0
 18531, 99408,20210516,   96,    0
 18531, 99408,20210517,  104,    0
 18531, 99408,20210518,   79,    0
 18531, 99408,20210519,   79,    0
 18531, 99408,20210520,   71,    0
 18531, 99408,20210521,   87,    0
 18531, 99408,20210522,  107,    0
 18531, 99408,20210523,  114,    0
 18531, 99408,20210524,-9999,    9
 18531, 99408,20210525,  138,    0
 18531, 99408,20210526,  134,    0
 18531, 99408,20210527,  122,    0
 18531, 99408,20210528,  135,    0
 18531, 99408,20210529,  161,    0
 18531, 99408,20210530,  152,    0
 18531, 99408,20210531,  177,    0
 18531, 99408,20210601,  173,    0
 18531, 99408,20210602,  171,    0
 18531, 99408,20210603,  171,    0
 18531, 99408,20210604,  167,    0
 18531, 99408,20210605,  162,    0
 18531, 99408,20210606,  140,    0
 18531, 99408,20210607,  162,    0
 18531, 99408,20210608,  155,    0
 18531, 99408,20210609,  154,    0
 18531, 99408,20210610,  148,    0
 18531, 99408,20210611,  152,    0
 18531, 99408,20210612,   88,    0
 18531, 99408,20210613,   92,    0
 18531, 99408,20210614,   96,    0
 18531, 99408,20210615,   86,    0
 18531, 99408,20210616,   93,    0
 18531, 99408,20210617,  142,    0
 18531, 99408,20210618,  115,    0
 18531, 99408,20210619,  103,    0
 18531, 99408,20210620,  129,    0
 18531, 99408,20210621,  114,    0
 18531, 99408,20210622,  135,    0
 18531, 99408,20210623,  133,    0
 18531, 99408,20210624,  147,    0
 18531, 99408,20210625,  143,    0
 18531, 99408,20210626,  147,    0
 18531, 99408,20210627,  144,    0
 18531, 99408,20210628,  153,    0
 18531, 99408,20210629,  151,    0
 18531, 99408,20210630,  167,    0
 18531, 99408,20210701,  188,    0
 18531, 99408,20210702,  204,    0
 18531, 99408,20210703,  206,    0
 18531, 99408,20210704,  182,    0
 18531, 99408,20210705,  196,    0
 18531, 99408,20210706,  198,    0
 18531, 99408,20210707,  180,    0
 18531, 99408,20210708,  164,    0
 18531, 99408,20210709,  158,    0
 18531, 99408,20210710,  160,    0
 18531, 99408,20210711,  144,    0
 18531, 99408,20210712,  177,    0
 18531, 99408,20210713,  198,    0
 18531, 99408,20210714,  188,    0
 18531, 99408,20210715,  155,    0
 18531, 99408,20210716,  138,    0
 18531, 99408,20210717,  142,    0
 18531, 99408,20210718,  107,    0
 18531, 99408,20210719,  128,    0
 18531, 99408,20210720,  127,    0
 18531, 99408,20210721,  143,    0
 18531, 99408,20210722,  145,    0
 18531, 99408,20210723,  169,    0
 18531, 99408,20210724,  191,    0
 18531, 99408,20210725,  194,    0
 18531, 99408,20210726,  207,    0
 18531, 99408,20210727,  211,    0
 18531, 99408,20210728,  175,    0
 18531, 99408,20210729,  180,    0
 18531, 99408,20210730,  173,    0
 18531, 99408,20210731,  130,    0
 18531, 99408,20210801,  139,    0
 18531, 99408,20210802,  135,    0
 18531, 99408,20210803,  123,    0
 18531, 99408,20210804,  130,    0
 18531, 99408,20210805,  146,    0
 18531, 99408,20210806,  172,    0
 18531, 99408,20210807,  183,    0
 18531, 99408,20210808,  155,    0
 18531, 99408,20210809,  156,    0
 18531, 99408,20210810,  147,    0
 18531, 99408,20210811,  158,    0
 18531, 99408,20210812,-9999,    9
 18531, 99408,20210813,  141,    0
 18531, 99408,20210814,  116,    0
 18531, 99408,20210815,  112,    0
 18531, 99408,20210816,  137,    0
 18531, 99408,20210817,  138,    0
 18531, 99408,20210818,  115,    0
 18531, 99408,20210819,  108,    0
 18531, 99408,20210820,  103,    0
 18531, 99408,20210821,  114,    0
 18531, 99408,20210822,  120,    0
 18531, 99408,20210823,  130,    0
 18531, 99408,20210824,  119,    0
 18531, 99408,20210825,  129,    0
 18531, 99408,20210826,  138,    0
 18531, 99408,20210827,  127,    0
 18531, 99408,20210828,  127,    0
 18531, 99408,20210829,  128,    0
 18531, 99408,20210830,  129,    0
 18531, 99408,20210831,-9999,    9
 18531, 99408,20210901,  102,    0
 18531, 99408,20210902,  126,    0
 18531, 99408,20210903,  107,    0
 18531, 99408,20210904,   94,    0
 18531, 99408,20210905,  123,    0
 18531, 99408,20210906,  117,    0
 18531, 99408,20210907,  138,    0
 18531, 99408,20210908,  143,    0
 18531, 99408,20210909,  147,    0
 18531, 99408,20210910,  140,    0
 18531, 99408,20210911,  138,    0
 18531, 99408,20210912,  116,    0
 18531, 99408,20210913,   85,    0
 18531, 99408,20210914,   81,    0
 18531, 99408,20210915,   87,    0
 18531, 99408,20210916,  110,    0
 18531, 99408,20210917,  116,    0
 18531, 99408,20210918,  101,    0
 18531, 99408,20210919,  125,    0
 18531, 99408,20210920,  110,    0
 18531, 99408,20210921,   93,    0
 18531, 99408,20210922,  109,    0
 18531, 99408,20210923,   77,    0
 18531, 99408,20210924,   76,    0
 18531, 99408,20210925,   86,    0
 18531, 99408,20210926,  132,    0
 18531, 99408,20210927,  167,    0
 18531, 99408,20210928,  109,    0
 18531, 99408,20210929,  134,    0
 18531, 99408,20210930,  126,    0
 18531, 99408,20211001,-9999,    9
 18531, 99408,20211002,  101,    0
 18531, 99408,20211003,  113,    0
 18531, 99408,20211004,-9999,    9
 18531, 99408,20211005,   90,    0
 18531, 99408,20211006,   77,    0
 18531, 99408,20211007,   88,    0
 18531, 99408,20211008,  125,    0
 18531, 99408,20211009,  125,    0
 18531, 99408,20211010,   89,    0
 18531, 99408,20211011,   44,    0
 18531, 99408,20211012,   44,    0
 18531, 99408,20211013,-9999,    9
 18531, 99408,20211014,   86,    0
 18531, 99408,20211015,   43,    0
 18531, 99408,20211016,   39,    0
 18531, 99408,20211017,   16,    0
 18531, 99408,20211018,    2,    0
 18531, 99408,20211019,   67,    0
 18531, 99408,20211020,   86,    0
 18531, 99408,20211021,   16,    0
 18531, 99408,20211022,   17,    0
 18531, 99408,20211023,   34,    0
 18531, 99408,20211024,   85,    0
 18531, 99408,20211025,   87,    0
 18531, 99408,20211026,   65,    0
 18531, 99408,20211027,   85,    0
 18531, 99408,20211028,   95,    0
 18531, 99408,20211029,  119,    0
 18531, 99408,20211030,  106,    0
 18531, 99408,20211031,-9999,    9
 18531, 99408,20211101,-9999,    9
 18531, 99408,20211102,   89,    0
 18531, 99408,20211103,   32,    0
 18531, 99408,20211104,   -3,    0
 18531, 99408,20211105,   36,    0
 18531, 99408,20211106,   23,    0
 18531, 99408,20211107,-9999,    9
 18531, 99408,20211108,-9999,    9
 18531, 99408,20211109,   72,    0
 18531, 99408,20211110,   52,    0
 18531, 99408,20211111,   44,    0
 18531, 99408,20211112,   16,    0
 18531, 99408,20211113,   19,    0
 18531, 99408,20211114,    9,    0
 18531, 99408,20211115,   59,    0
 18531, 99408,20211116,   76,    0
 18531, 99408,20211117,   28,    0
 18531, 99408,20211118,   24,    0
 18531, 99408,20211119,   56,    0
 18531, 99408,20211120,   17,    0
 18531, 99408,20211121,    6,    0
 18531, 99408,20211122,   13,    0
 18531, 99408,20211123,   42,    0
 18531, 99408,20211124,   35,    0
 18531, 99408,20211125,   -1,    0
 18531, 99408,20211126,  -47,    0
 18531, 99408,20211127,  -78,    0
 18531, 99408,20211128, -114,    0
 18531, 99408,20211129,  -67,    0
 18531, 99408,20211130,-9999,    9
 18531, 99408,20211201,  -87,    0
 18531, 99408,20211202,  -50,    0
 18531, 99408,20211203,  -90,    0
 18531, 99408,20211204,   -3,    0
 18531, 99408,20211205,  -29,    0
 18531, 99408,20211206,  -46,    0
 18531, 99408,20211207,    3,    0
 18531, 99408,20211208,    0,    0
 18531, 99408,20211209,-9999,    9
 18531, 99408,20211210,  -20,    0
 18531, 99408,20211211,  -62,    0
 18531, 99408,20211212,   16,    0
 18531, 99408,20211213,   41,    0
 18531, 99408,20211214,   21,    0
 18531, 99408,20211215,   48,    0
 18531, 99408,20211216,   40,    0
 18531, 99408,20211217,   39,    0
 18531, 99408,20211218,   55,    0
 18531, 99408,20211219,   17,    0
 18531, 99408,20211220,  -21,    0
 18531, 99408,20211221,  -24,    0
 18531, 99408,20211222,   -2,    0
 18531, 99408,20211223,  -24,    0
 18531, 99408,20211224,  -90,    0
 18531, 99408,20211225,  -46,    0
 18531, 99408,20211226,  -24,    0
 18531, 99408,20211227,  -84,    0
 18531, 99408,20211228,  -18,    0
 18531, 99408,20211229,  -16,    0
 18531, 99408,20211230,   11,    0
 18531, 99408,20211231,   20,    0
 18531, 99408,20220101,    7,    0
 18531, 99408,20220102,   47,    0
 18531, 99408,20220103,   15,    0
 18531, 99408,20220104,    1,    0
 18531, 99408,20220105,  -10,    0
 18531, 99408,20220106,  -52,    0
 18531, 99408,20220107,   11,    0
 18531, 99408,20220108,   -9,    0
 18531, 99408,20220109,   -8,    0
 18531, 99408,20220110,   24,    0
 18531, 99408,20220111,   38,    0
 18531, 99408,20220112,   48,    0
 18531, 99408,20220113,   66,    0
 18531, 99408,20220114,-9999,    9
 18531, 99408,20220115,   -5,    0
 18531, 99408,20220116,    7,    0
 18531, 99408,20220117,-9999,    9
 18531, 99408,20220118,   10,    0
 18531, 99408,20220119,   -2,    0
 18531, 99408,20220120,  -30,    0
 18531, 99408,20220121,   -4,    0
 18531, 99408,20220122,   14,    0
 18531, 99408,20220123,   37,    0
 18531, 99408,20220124,   32,    0
 18531, 99408,20220125,    6,    0
 18531, 99408,20220126,   15,    0
 18531, 99408,20220127,   14,    0
 18531, 99408,20220128,   -4,    0
 18531, 99408,20220129,   12,    0
 18531, 99408,20220130,  -11,    0
 18531, 99408,20220131,  -42,    0
 18531, 99408,20220201,  -16,    0
 18531, 99408,20220202,  -15,    0
 18531, 99408,20220203,    1,    0
 18531, 99408,20220204,    3,    0
 18531, 99408,20220205,   -2,    0
 18531, 99408,20220206,   -5,    0
 18531, 99408,20220207,    6,    0
 18531, 99408,20220208,   11,    0
 18531, 99408,20220209,    5,    0
 18531, 99408,20220210,  -10,    0
 18531, 99408,20220211,  -25,    0
 18531, 99408,20220212,   13,    0
 18531, 99408,20220213,   15,    0
 18531, 99408,20220214,   12,    0
 18531, 99408,20220215,   -2,    0
 18531, 99408,20220216,    6,    0
 18531, 99408,20220217,   -5,    0
 18531, 99408,20220218,  -13,    0
 18531, 99408,20220219,  -29,    0
 18531, 99408,20220220,   -5,    0
 18531, 99408,20220221,    6,    0
 18531, 99408,20220222,  -31,    0
 18531, 99408,20220223,   15,    0
 18531, 99408,20220224,   -1,    0
 18531, 99408,20220225,   -4,    0
 18531, 99408,20220226,   11,    0
 18531, 99408,20220227,   54,    0
 18531, 99408,20220228,   51,    0
 18531, 99408,20220301,   17,    0
 18531, 99408,20220302,   17,    0
 18531, 99408,20220303,-9999,    9
 18531, 99408,20220304,  -23,    0
 18531, 99408,20220305,   -2,    0
 18531, 99408,20220306,    8,    0
 18531, 99408,20220307,   11,    0
 18531, 99408,20220308,  -27,    0
 18531, 99408,20220309,   74,    0
 18531, 99408,20220310,   79,    0
 18531, 99408,20220311,   77,    0
 18531, 99408,20220312,   84,    0
 18531, 99408,20220313,   74,    0
 18531, 99408,20220314,   62,    0
 18531, 99408,20220315,   52,    0
 18531, 99408,20220316,   67,    0
 18531, 99408,20220317,   56,    0
 18531, 99408,20220318,   27,    0
 18531, 99408,20220319,   35,    0
 18531, 99408,20220320,   34,    0
 18531, 99408,20220321,   23,    0
 18531, 99408,20220322,   19,    0
 18531, 99408,20220323,   15,    0
 18531, 99408,20220324,   34,    0
 18531, 99408,20220325,   48,    0
 18531, 99408,20220326,   34,    0
 18531, 99408,20220327,-9999,    9
 18531, 99408,20220328,   21,    0
 18531, 99408,20220329,  -14,    0
 18531, 99408,20220330,  -37,    0
 18531, 99408,20220331,  -17,    0
 18531, 99408,20220401,  -17,    0
 18531, 99408,20220402,  -16,    0
 18531, 99408,20220403,    5,    0
 18531, 99408,20220404,    1,    0
 18531, 99408,20220405,  -17,    0
 18531, 99408,20220406,  -12,    0
 18531, 99408,20220407,  -21,    0
 18531, 99408,20220408,  -12,    0
 18531, 99408,20220409,    2,    0
 18531, 99408,20220410,    7,    0
 18531, 99408,20220411,    6,    0
 18531, 99408,20220412,   16,    0
 18531, 99408,20220413,   33,    0
 18531, 99408,20220414,   40,    0
 18531, 99408,20220415,   48,    0
 18531, 99408,20220416,   51,    0
 18531, 99408,20220417,   60,    0
 18531, 99408,20220418,   74,    0
 18531, 99408,20220419,   73,    0
 18531, 99408,20220420,   76,    0
 18531, 99408,20220421,   91,    0
 18531, 99408,20220422,   91,    0
 18531, 99408,20220423,   87,    0
 18531, 99408,20220424,   72,    0
 18531, 99408,20220425,   53,    0
 18531, 99408,20220426,   46,    0
 18531, 99408,20220427,   36,    0
 18531, 99408,20220428,   41,    0
 18531, 99408,20220429,   47,    0
 18531, 99408,20220430,   50,    0
 18531, 99408,20220501,-9999,    9
 18531, 99408,20220502,-9999,    9
 18531, 99408,20220503,-9999,    9
 18531, 99408,20220504,-9999,    9
 18531, 99408,20220505,-9999,    9
 18531, 99408,20220506,-9999,    9
 18531, 99408,20220507,-9999,    9
 18531, 99408,20220508,-9999,    9
 18531, 99408,20220509,-9999,    9
 18531, 99408,20220510,-9999,    9
 18531, 99408,20220511,-9999,    9
 18531, 99408,20220512,-9999,    9
 18531, 99408,20220513,-9999,    9
 18531, 99408,20220514,-9999,    9
 18531, 99408,20220515,   64,    0
 18531, 99408,20220516,   83,    0
 18531, 99408,20220517,  107,    0
 18531, 99408,20220518,  122,    0
 18531, 99408,20220519,-9999,    9
 18531, 99408,20220520,-9999,    9
 18531, 99408,20220521,   91,    0
 18531, 99408,20220522,  118,    0
 18531, 99408,20220523,  114,    0
 18531, 99408,20220524,  113,    0
 18531, 99408,20220525,  105,    0
 18531, 99408,20220526,   75,    0
 18531, 99408,20220527,   70,    0
 18531, 99408,20220528,   75,    0
 18531, 99408,20220529,   62,    0
 18531, 99408,20220530,  104,    0
 18531, 99408,20220531,  137,    0
 18531, 99408,20220601,  111,    0
 18531, 99408,20220602,   97,    0
 18531, 99408,20220603,   94,    0
 18531, 99408,20220604,  106,    0
 18531, 99408,20220605,  101,    0
 18531, 99408,20220606,  124,    0
 18531, 99408,20220607,  146,    0
 18531, 99408,20220608,  148,    0
 18531, 99408,20220609,  157,    0
 18531, 99408,20220610,  144,    0
 18531, 99408,20220611,  125,    0
 18531, 99408,20220612,   98,    0
 18531, 99408,20220613,   93,    0
 18531, 99408,20220614,  100,    0
 18531, 99408,20220615,-9999,    9
 18531, 99408,20220616,-9999,    9
 18531, 99408,20220617,  128,    0
 18531, 99408,20220618,   87,    0
 18531, 99408,20220619,  133,    0
 18531, 99408,20220620,  136,    0
 18531, 99408,20220621,  103,    0
 18531, 99408,20220622,  114,    0
 18531, 99408,20220623,  143,    0
 18531, 99408,20220624,  198,    0
 18531, 99408,20220625,  213,    0
 18531, 99408,20220626,  184,    0
 18531, 99408,20220627,  157,    0
 18531, 99408,20220628,  140,    0
 18531, 99408,20220629,  169,    0
 18531, 99408,20220630,  187,    0
 18531, 99408,20220701,  197,    0
 18531, 99408,20220702,  141,    0
 18531, 99408,20220703,  124,    0
 18531, 99408,20220704,  125,    0
 18531, 99408,20220705,   97,    0
 18531, 99408,20220706,   96,    0
 18531, 99408,20220707,  101,    0
 18531, 99408,20220708,  107,    0
 18531, 99408,20220709,   90,    0
 18531, 99408,20220710,  118,    0
 18531, 99408,20220711,  145,    0
 18531, 99408,20220712,  153,    0
 18531, 99408,20220713,  109,    0
 18531, 99408,20220714,  101,    0
 18531, 99408,20220715,   96,    0
 18531, 99408,20220716,  103,    0
 18531, 99408,20220717,  106,    0
 18531, 99408,20220718,  134,    0
 18531, 99408,20220719,  164,    0
 18531, 99408,20220720,  187,    0
 18531, 99408,20220721,  143,    0
 18531, 99408,20220722,  136,    0
 18531, 99408,20220723,  145,    0
 18531, 99408,20220724,  137,    0
 18531, 99408,20220725,  153,    0
 18531, 99408,20220726,  109,    0
 18531, 99408,20220727,  110,    0
 18531, 99408,20220728,  117,    0
 18531, 99408,20220729,  150,    0
 18531, 99408,20220730,  160,    0
 18531, 99408,20220731,  127,    0
 18531, 99408,20220801,  112,    0
 18531, 99408,20220802,  110,    0
 18531, 99408,20220803,  142,    0
 18531, 99408,20220804,  112,    0
 18531, 99408,20220805,   98,    0
 18531, 99408,20220806,   95,    0
 18531, 99408,20220807,  112,    0
 18531, 99408,20220808,  133,    0
 18531, 99408,20220809,-9999,    9
 18531, 99408,20220810,  153,    0
 18531, 99408,20220811,  140,    0
 18531, 99408,20220812,  141,    0
 18531, 99408,20220813,  146,    0
 18531, 99408,20220814,  172,    0
 18531, 99408,20220815,-9999,    9
 18531, 99408,20220816,  168,    0
 18531, 99408,20220817,-9999,    9
 18531, 99408,20220818,  130,    0
 18531, 99408,20220819,  155,    0
 18531, 99408,20220820,  144,    0
 18531, 99408,20220821,  115,    0
 18531, 99408,20220822,  107,    0
 18531, 99408,20220823,  124,    0
 18531, 99408,20220824,  175,    0
 18531, 99408,20220825,  191,    0
 18531, 99408,20220826,  147,    0
 18531, 99408,20220827,  117,    0
 18531, 99408,20220828,  119,    0
 18531, 99408,20220829,  110,    0
 18531, 99408,20220830,  116,    0
 18531, 99408,20220831,  121,    0
 18531, 99408,20220901,  124,    0
 18531, 99408,20220902,  132,    0
 18531, 99408,20220903,  106,    0
 18531, 99408,20220904,  110,    0
 18531, 99408,20220905,  118,    0
 18531, 99408,20220906,  114,    0
 18531, 99408,20220907,  115,    0
 18531, 99408,20220908,  124,    0
 18531, 99408,20220909,   96,    0
 18531, 99408,20220910,   92,    0
 18531, 99408,20220911,   96,    0
 18531, 99408,20220912,  120,    0
 18531, 99408,20220913,  101,    0
 18531, 99408,20220914,   88,    0
 18531, 99408,20220915,   83,    0
 18531, 99408,20220916,   90,    0
 18531, 99408,20220917,   76,    0
 18531, 99408,20220918,   83,    0
 18531, 99408,20220919,   73,    0
 18531, 99408,20220920,   54,    0
 18531, 99408,20220921,   79,    0
 18531, 99408,20220922,  120,    0
 18531, 99408,20220923,   94,    0
 18531, 99408,20220924,   76,    0
 18531, 99408,20220925,   64,    0
 18531, 99408,20220926,   95,    0
 18531, 99408,20220927,  110,    0
 18531, 99408,20220928,   87,    0
 18531, 99408,20220929,   66,    0
 18531, 99408,20220930,-9999,    9
 18531, 99408,20221001,  114,    0
 18531, 99408,20221002,   88,    0
 18531, 99408,20221003,   85,    0
 18531, 99408,20221004,  115,    0
 18531, 99408,20221005,   80,    0
 18531, 99408,20221006,   78,    0
 18531, 99408,20221007,   77,    0
 18531, 99408,20221008,   57,    0
 18531, 99408,20221009,   86,    0
 18531, 99408,20221010,   81,    0
 18531, 99408,20221011,   47,    0
 18531, 99408,20221012,   72,    0
 18531, 99408,20221013,   59,    0
 18531, 99408,20221014,   59,    0
 18531, 99408,20221015,   60,    0
 18531, 99408,20221016,   84,    0
 18531, 99408,20221017,   62,    0
 18531, 99408,20221018,   53,    0
 18531, 99408,20221019,    0,    0
 18531, 99408,20221020,  -10,    0
 18531, 99408,20221021,   -4,    0
 18531, 99408,20221022,   36,    0
 18531, 99408,20221023,   46,    0
 18531, 99408,20221024,   76,    0
 18531, 99408,20221025,   78,    0
 18531, 99408,20221026,   87,    0
 18531, 99408,20221027,  117,    0
 18531, 99408,20221028,  101,    0
 18531, 99408,20221029,   93,    0
 18531, 99408,20221030,-9999,    9
 18531, 99408,20221031,   91,    0
