EUROPEAN CLIMATE ASSESSMENT & DATASET (ECA&D), file created on: 16-11-2022
THESE DATA CAN BE USED FOR NON-COMMERCIAL RESEARCH AND EDUCATION PROVIDED THAT THE FOLLOWING SOURCE IS ACKNOWLEDGED: 

Klein Tank, A.M.G. and Coauthors, 2002. Daily dataset of 20th-century surface
air temperature and precipitation series for the European Climate Assessment.
Int. J. of Climatol., 22, 1441-1453.
Data and metadata available at http://www.ecad.eu

FILE FORMAT (MISSING VALUE CODE = -9999):

01-06 STAID: Station identifier
08-13 SOUID: Source identifier
15-22 DATE : Date YYYYMMDD
24-28 TG   : Mean temperature in 0.1 &#176;C
30-34 Q_TG : quality code for TG (0='valid'; 1='suspect'; 9='missing')

This is the blended series of station MOESVASSDAMMEN, NORWAY (STAID: 19457)
Blended and updated with sources:101009 118340 
See files sources.txt and stations.txt for more info.

STAID, SOUID,    DATE,   TG, Q_TG
 19457,101009,20151001,-9999,    9
 19457,101009,20151002,-9999,    9
 19457,101009,20151003,-9999,    9
 19457,101009,20151004,-9999,    9
 19457,101009,20151005,-9999,    9
 19457,101009,20151006,-9999,    9
 19457,101009,20151007,-9999,    9
 19457,101009,20151008,-9999,    9
 19457,101009,20151009,-9999,    9
 19457,101009,20151010,-9999,    9
 19457,101009,20151011,-9999,    9
 19457,101009,20151012,-9999,    9
 19457,101009,20151013,-9999,    9
 19457,101009,20151014,-9999,    9
 19457,101009,20151015,-9999,    9
 19457,101009,20151016,-9999,    9
 19457,101009,20151017,-9999,    9
 19457,101009,20151018,-9999,    9
 19457,101009,20151019,-9999,    9
 19457,101009,20151020,-9999,    9
 19457,101009,20151021,-9999,    9
 19457,101009,20151022,-9999,    9
 19457,101009,20151023,-9999,    9
 19457,101009,20151024,-9999,    9
 19457,101009,20151025,-9999,    9
 19457,101009,20151026,-9999,    9
 19457,101009,20151027,-9999,    9
 19457,101009,20151028,-9999,    9
 19457,101009,20151029,-9999,    9
 19457,101009,20151030,-9999,    9
 19457,101009,20151031,   47,    0
 19457,101009,20151101,   59,    0
 19457,101009,20151102,   75,    0
 19457,101009,20151103,   32,    0
 19457,101009,20151104,   13,    0
 19457,101009,20151105,   24,    0
 19457,101009,20151106,   42,    0
 19457,101009,20151107,   50,    0
 19457,101009,20151108,   24,    0
 19457,101009,20151109,   22,    0
 19457,101009,20151110,-9999,    9
 19457,101009,20151111,   32,    0
 19457,101009,20151112,   21,    0
 19457,101009,20151113,   12,    0
 19457,101009,20151114,    7,    0
 19457,101009,20151115,   -2,    0
 19457,101009,20151116,  -16,    0
 19457,101009,20151117,   -6,    0
 19457,101009,20151118,  -39,    0
 19457,101009,20151119,  -50,    0
 19457,101009,20151120, -141,    0
 19457,101009,20151121, -147,    0
 19457,101009,20151122, -173,    0
 19457,101009,20151123,  -49,    0
 19457,101009,20151124,   -2,    0
 19457,101009,20151125,  -52,    0
 19457,101009,20151126,  -39,    0
 19457,101009,20151127,   48,    0
 19457,101009,20151128,  -16,    0
 19457,101009,20151129,  -25,    0
 19457,101009,20151130,  -29,    0
 19457,101009,20151201,  -37,    0
 19457,101009,20151202,   -5,    0
 19457,101009,20151203,  -19,    0
 19457,101009,20151204,   -8,    0
 19457,101009,20151205,   24,    0
 19457,101009,20151206,   15,    0
 19457,101009,20151207,  -25,    0
 19457,101009,20151208,   17,    0
 19457,101009,20151209,   12,    0
 19457,101009,20151210,    5,    0
 19457,101009,20151211,  -31,    0
 19457,101009,20151212,  -40,    0
 19457,101009,20151213, -106,    0
 19457,101009,20151214, -135,    0
 19457,101009,20151215, -152,    0
 19457,101009,20151216,  -53,    0
 19457,101009,20151217,    8,    0
 19457,101009,20151218,   44,    0
 19457,101009,20151219,   48,    0
 19457,101009,20151220,   46,    0
 19457,101009,20151221,   17,    0
 19457,101009,20151222,    6,    0
 19457,101009,20151223,   -1,    0
 19457,101009,20151224,   12,    0
 19457,101009,20151225,  -20,    0
 19457,101009,20151226,  -90,    0
 19457,101009,20151227, -103,    0
 19457,101009,20151228, -131,    0
 19457,101009,20151229,  -53,    0
 19457,101009,20151230,   -3,    0
 19457,101009,20151231,  -20,    0
 19457,101009,20160101,  -17,    0
 19457,101009,20160102,  -60,    0
 19457,101009,20160103, -110,    0
 19457,101009,20160104, -126,    0
 19457,101009,20160105, -118,    0
 19457,101009,20160106, -181,    0
 19457,101009,20160107, -250,    0
 19457,101009,20160108, -157,    0
 19457,101009,20160109, -133,    0
 19457,101009,20160110, -119,    0
 19457,101009,20160111,  -72,    0
 19457,101009,20160112,  -82,    0
 19457,101009,20160113,  -99,    0
 19457,101009,20160114, -161,    0
 19457,101009,20160115, -152,    0
 19457,101009,20160116, -162,    0
 19457,101009,20160117, -198,    0
 19457,101009,20160118, -107,    0
 19457,101009,20160119, -205,    0
 19457,101009,20160120, -228,    0
 19457,101009,20160121, -232,    0
 19457,101009,20160122, -100,    0
 19457,101009,20160123,  -56,    0
 19457,101009,20160124,  -10,    0
 19457,101009,20160125,   37,    0
 19457,101009,20160126,    4,    0
 19457,101009,20160127,   17,    0
 19457,101009,20160128,  -15,    0
 19457,101009,20160129,   -3,    0
 19457,101009,20160130,  -38,    0
 19457,101009,20160131,  -54,    0
 19457,101009,20160201,  -42,    0
 19457,101009,20160202,  -10,    0
 19457,101009,20160203,  -44,    0
 19457,101009,20160204,  -65,    0
 19457,101009,20160205,  -40,    0
 19457,101009,20160206,   -4,    0
 19457,101009,20160207,   10,    0
 19457,101009,20160208,   -7,    0
 19457,101009,20160209,  -21,    0
 19457,101009,20160210,  -79,    0
 19457,101009,20160211,  -81,    0
 19457,101009,20160212, -123,    0
 19457,101009,20160213, -151,    0
 19457,101009,20160214, -207,    0
 19457,101009,20160215, -183,    0
 19457,101009,20160216, -141,    0
 19457,101009,20160217,  -37,    0
 19457,101009,20160218,  -64,    0
 19457,101009,20160219,  -58,    0
 19457,101009,20160220,  -27,    0
 19457,101009,20160221,  -35,    0
 19457,101009,20160222,  -41,    0
 19457,101009,20160223,  -28,    0
 19457,101009,20160224,  -59,    0
 19457,101009,20160225,  -89,    0
 19457,101009,20160226,  -65,    0
 19457,101009,20160227,  -96,    0
 19457,101009,20160228, -106,    0
 19457,101009,20160229, -147,    0
 19457,101009,20160301,  -64,    0
 19457,101009,20160302,  -52,    0
 19457,101009,20160303,  -38,    0
 19457,101009,20160304,  -44,    0
 19457,101009,20160305,  -99,    0
 19457,101009,20160306,  -46,    0
 19457,101009,20160307,  -54,    0
 19457,101009,20160308, -124,    0
 19457,101009,20160309,  -73,    0
 19457,101009,20160310,  -57,    0
 19457,101009,20160311, -119,    0
 19457,101009,20160312,  -61,    0
 19457,101009,20160313,   27,    0
 19457,101009,20160314,   52,    0
 19457,101009,20160315,   24,    0
 19457,101009,20160316,   25,    0
 19457,101009,20160317,   27,    0
 19457,101009,20160318,    5,    0
 19457,101009,20160319,   -7,    0
 19457,101009,20160320,    0,    0
 19457,101009,20160321,    2,    0
 19457,101009,20160322,   -4,    0
 19457,101009,20160323,  -35,    0
 19457,101009,20160324,  -45,    0
 19457,101009,20160325,   -5,    0
 19457,101009,20160326,   -3,    0
 19457,101009,20160327,   17,    0
 19457,101009,20160328,    8,    0
 19457,101009,20160329,   -3,    0
 19457,101009,20160330,  -37,    0
 19457,101009,20160331,  -69,    0
 19457,101009,20160401,-9999,    9
 19457,101009,20160402,-9999,    9
 19457,101009,20160403,-9999,    9
 19457,101009,20160404,-9999,    9
 19457,101009,20160405,-9999,    9
 19457,101009,20160406,-9999,    9
 19457,101009,20160407,-9999,    9
 19457,101009,20160408,-9999,    9
 19457,101009,20160409,-9999,    9
 19457,101009,20160410,-9999,    9
 19457,101009,20160411,-9999,    9
 19457,101009,20160412,-9999,    9
 19457,101009,20160413,-9999,    9
 19457,101009,20160414,-9999,    9
 19457,101009,20160415,-9999,    9
 19457,101009,20160416,-9999,    9
 19457,101009,20160417,-9999,    9
 19457,101009,20160418,-9999,    9
 19457,101009,20160419,-9999,    9
 19457,101009,20160420,-9999,    9
 19457,101009,20160421,-9999,    9
 19457,101009,20160422,-9999,    9
 19457,101009,20160423,-9999,    9
 19457,101009,20160424,-9999,    9
 19457,101009,20160425,-9999,    9
 19457,101009,20160426,-9999,    9
 19457,101009,20160427,-9999,    9
 19457,101009,20160428,-9999,    9
 19457,101009,20160429,-9999,    9
 19457,101009,20160430,-9999,    9
 19457,101009,20160501,-9999,    9
 19457,101009,20160502,-9999,    9
 19457,101009,20160503,-9999,    9
 19457,101009,20160504,-9999,    9
 19457,101009,20160505,-9999,    9
 19457,101009,20160506,-9999,    9
 19457,101009,20160507,-9999,    9
 19457,101009,20160508,-9999,    9
 19457,101009,20160509,-9999,    9
 19457,101009,20160510,-9999,    9
 19457,101009,20160511,-9999,    9
 19457,101009,20160512,-9999,    9
 19457,101009,20160513,-9999,    9
 19457,101009,20160514,-9999,    9
 19457,101009,20160515,-9999,    9
 19457,101009,20160516,-9999,    9
 19457,101009,20160517,-9999,    9
 19457,101009,20160518,-9999,    9
 19457,101009,20160519,-9999,    9
 19457,101009,20160520,-9999,    9
 19457,101009,20160521,-9999,    9
 19457,101009,20160522,-9999,    9
 19457,101009,20160523,-9999,    9
 19457,101009,20160524,-9999,    9
 19457,101009,20160525,-9999,    9
 19457,101009,20160526,-9999,    9
 19457,101009,20160527,-9999,    9
 19457,101009,20160528,-9999,    9
 19457,101009,20160529,-9999,    9
 19457,101009,20160530,-9999,    9
 19457,101009,20160531,-9999,    9
 19457,101009,20160601,-9999,    9
 19457,101009,20160602,-9999,    9
 19457,101009,20160603,-9999,    9
 19457,101009,20160604,-9999,    9
 19457,101009,20160605,-9999,    9
 19457,101009,20160606,-9999,    9
 19457,101009,20160607,-9999,    9
 19457,101009,20160608,-9999,    9
 19457,101009,20160609,-9999,    9
 19457,101009,20160610,-9999,    9
 19457,101009,20160611,-9999,    9
 19457,101009,20160612,-9999,    9
 19457,101009,20160613,-9999,    9
 19457,101009,20160614,-9999,    9
 19457,101009,20160615,-9999,    9
 19457,101009,20160616,-9999,    9
 19457,101009,20160617,-9999,    9
 19457,101009,20160618,-9999,    9
 19457,101009,20160619,-9999,    9
 19457,101009,20160620,-9999,    9
 19457,101009,20160621,-9999,    9
 19457,101009,20160622,-9999,    9
 19457,101009,20160623,-9999,    9
 19457,101009,20160624,-9999,    9
 19457,101009,20160625,-9999,    9
 19457,101009,20160626,-9999,    9
 19457,101009,20160627,-9999,    9
 19457,101009,20160628,-9999,    9
 19457,101009,20160629,-9999,    9
 19457,101009,20160630,-9999,    9
 19457,101009,20160701,-9999,    9
 19457,101009,20160702,-9999,    9
 19457,101009,20160703,-9999,    9
 19457,101009,20160704,-9999,    9
 19457,101009,20160705,-9999,    9
 19457,101009,20160706,-9999,    9
 19457,101009,20160707,-9999,    9
 19457,101009,20160708,-9999,    9
 19457,101009,20160709,-9999,    9
 19457,101009,20160710,-9999,    9
 19457,101009,20160711,-9999,    9
 19457,101009,20160712,-9999,    9
 19457,101009,20160713,-9999,    9
 19457,101009,20160714,-9999,    9
 19457,101009,20160715,-9999,    9
 19457,101009,20160716,-9999,    9
 19457,101009,20160717,-9999,    9
 19457,101009,20160718,-9999,    9
 19457,101009,20160719,-9999,    9
 19457,101009,20160720,-9999,    9
 19457,101009,20160721,-9999,    9
 19457,101009,20160722,-9999,    9
 19457,101009,20160723,-9999,    9
 19457,101009,20160724,-9999,    9
 19457,101009,20160725,-9999,    9
 19457,101009,20160726,-9999,    9
 19457,101009,20160727,-9999,    9
 19457,101009,20160728,-9999,    9
 19457,101009,20160729,-9999,    9
 19457,101009,20160730,-9999,    9
 19457,101009,20160731,-9999,    9
 19457,101009,20160801,-9999,    9
 19457,101009,20160802,-9999,    9
 19457,101009,20160803,-9999,    9
 19457,101009,20160804,-9999,    9
 19457,101009,20160805,-9999,    9
 19457,101009,20160806,-9999,    9
 19457,101009,20160807,-9999,    9
 19457,101009,20160808,-9999,    9
 19457,101009,20160809,-9999,    9
 19457,101009,20160810,-9999,    9
 19457,101009,20160811,-9999,    9
 19457,101009,20160812,-9999,    9
 19457,101009,20160813,-9999,    9
 19457,101009,20160814,-9999,    9
 19457,101009,20160815,-9999,    9
 19457,101009,20160816,-9999,    9
 19457,101009,20160817,-9999,    9
 19457,101009,20160818,-9999,    9
 19457,101009,20160819,-9999,    9
 19457,101009,20160820,-9999,    9
 19457,101009,20160821,-9999,    9
 19457,101009,20160822,-9999,    9
 19457,101009,20160823,-9999,    9
 19457,101009,20160824,-9999,    9
 19457,101009,20160825,-9999,    9
 19457,101009,20160826,-9999,    9
 19457,101009,20160827,-9999,    9
 19457,101009,20160828,-9999,    9
 19457,101009,20160829,-9999,    9
 19457,101009,20160830,-9999,    9
 19457,101009,20160831,-9999,    9
 19457,101009,20160901,   86,    0
 19457,101009,20160902,   85,    0
 19457,101009,20160903,   85,    0
 19457,101009,20160904,   89,    0
 19457,101009,20160905,   93,    0
 19457,101009,20160906,  109,    0
 19457,101009,20160907,  130,    0
 19457,101009,20160908,  110,    0
 19457,101009,20160909,  138,    0
 19457,101009,20160910,  124,    0
 19457,101009,20160911,   96,    0
 19457,101009,20160912,   66,    0
 19457,101009,20160913,  121,    0
 19457,101009,20160914,  126,    0
 19457,101009,20160915,  137,    0
 19457,101009,20160916,  115,    0
 19457,101009,20160917,  110,    0
 19457,101009,20160918,   96,    0
 19457,101009,20160919,   98,    0
 19457,101009,20160920,   83,    0
 19457,101009,20160921,   95,    0
 19457,101009,20160922,  100,    0
 19457,101009,20160923,   83,    0
 19457,101009,20160924,   64,    0
 19457,101009,20160925,  115,    0
 19457,101009,20160926,   98,    0
 19457,101009,20160927,   55,    0
 19457,101009,20160928,   55,    0
 19457,101009,20160929,   79,    0
 19457,101009,20160930,   35,    0
 19457,101009,20161001,   35,    0
 19457,101009,20161002,    8,    0
 19457,101009,20161003,    8,    0
 19457,101009,20161004,    6,    0
 19457,101009,20161005,   -1,    0
 19457,101009,20161006,    9,    0
 19457,101009,20161007,   39,    0
 19457,101009,20161008,   27,    0
 19457,101009,20161009,   -3,    0
 19457,101009,20161010,  -17,    0
 19457,101009,20161011,  -11,    0
 19457,101009,20161012,  -12,    0
 19457,101009,20161013,  -35,    0
 19457,101009,20161014,  -25,    0
 19457,101009,20161015,  -29,    0
 19457,101009,20161016,   -5,    0
 19457,101009,20161017,   15,    0
 19457,101009,20161018,   30,    0
 19457,101009,20161019,   25,    0
 19457,101009,20161020,   21,    0
 19457,101009,20161021,   -4,    0
 19457,101009,20161022,  -26,    0
 19457,101009,20161023,  -22,    0
 19457,101009,20161024,   -4,    0
 19457,101009,20161025,    2,    0
 19457,101009,20161026,    4,    0
 19457,101009,20161027,   46,    0
 19457,101009,20161028,   29,    0
 19457,101009,20161029,   11,    0
 19457,101009,20161030,   25,    0
 19457,101009,20161031,   46,    0
 19457,101009,20161101,   21,    0
 19457,101009,20161102,  -33,    0
 19457,101009,20161103,  -77,    0
 19457,101009,20161104,  -57,    0
 19457,101009,20161105,  -49,    0
 19457,101009,20161106,  -87,    0
 19457,101009,20161107, -137,    0
 19457,101009,20161108, -130,    0
 19457,101009,20161109, -119,    0
 19457,101009,20161110, -110,    0
 19457,101009,20161111, -122,    0
 19457,101009,20161112,  -64,    0
 19457,101009,20161113,   -7,    0
 19457,101009,20161114,    9,    0
 19457,101009,20161115,   32,    0
 19457,101009,20161116,    6,    0
 19457,101009,20161117,  -26,    0
 19457,101009,20161118,  -24,    0
 19457,101009,20161119,  -31,    0
 19457,101009,20161120,  -44,    0
 19457,101009,20161121,  -62,    0
 19457,101009,20161122,   -1,    0
 19457,101009,20161123,   12,    0
 19457,101009,20161124,  -16,    0
 19457,101009,20161125,   32,    0
 19457,101009,20161126,   20,    0
 19457,101009,20161127,  -49,    0
 19457,101009,20161128,  -97,    0
 19457,101009,20161129,  -36,    0
 19457,101009,20161130,  -22,    0
 19457,101009,20161201,  -10,    0
 19457,101009,20161202,  -47,    0
 19457,101009,20161203,  -21,    0
 19457,101009,20161204,   13,    0
 19457,101009,20161205,   17,    0
 19457,101009,20161206,  -90,    0
 19457,101009,20161207,   -6,    0
 19457,101009,20161208,  -59,    0
 19457,101009,20161209,   29,    0
 19457,101009,20161210,   11,    0
 19457,101009,20161211,   -4,    0
 19457,101009,20161212,  -42,    0
 19457,101009,20161213,   -7,    0
 19457,101009,20161214, -124,    0
 19457,101009,20161215,  -64,    0
 19457,101009,20161216,   -8,    0
 19457,101009,20161217,  -23,    0
 19457,101009,20161218,  -27,    0
 19457,101009,20161219,   22,    0
 19457,101009,20161220,   12,    0
 19457,101009,20161221,   -9,    0
 19457,101009,20161222,  -14,    0
 19457,101009,20161223,  -25,    0
 19457,101009,20161224,  -27,    0
 19457,101009,20161225,    3,    0
 19457,101009,20161226,  -18,    0
 19457,101009,20161227,  -14,    0
 19457,101009,20161228,  -13,    0
 19457,101009,20161229,   18,    0
 19457,101009,20161230,   39,    0
 19457,101009,20161231,   40,    0
 19457,101009,20170101,  -26,    0
 19457,101009,20170102,  -76,    0
 19457,101009,20170103,  -36,    0
 19457,101009,20170104,  -66,    0
 19457,101009,20170105, -189,    0
 19457,101009,20170106,  -83,    0
 19457,101009,20170107,  -41,    0
 19457,101009,20170108,  -33,    0
 19457,101009,20170109,   13,    0
 19457,101009,20170110,   -8,    0
 19457,101009,20170111,   -8,    0
 19457,101009,20170112,  -34,    0
 19457,101009,20170113, -100,    0
 19457,101009,20170114,  -81,    0
 19457,101009,20170115, -186,    0
 19457,101009,20170116, -206,    0
 19457,101009,20170117,  -25,    0
 19457,101009,20170118,   43,    0
 19457,101009,20170119,   37,    0
 19457,101009,20170120,   31,    0
 19457,101009,20170121,   -2,    0
 19457,101009,20170122,  -44,    0
 19457,101009,20170123,  -27,    0
 19457,101009,20170124,  -58,    0
 19457,101009,20170125,   33,    0
 19457,101009,20170126,   -6,    0
 19457,101009,20170127,  -62,    0
 19457,101009,20170128,  -54,    0
 19457,101009,20170129,  -36,    0
 19457,101009,20170130,  -57,    0
 19457,101009,20170131, -138,    0
 19457,101009,20170201,  -71,    0
 19457,101009,20170202,  -35,    0
 19457,101009,20170203,  -35,    0
 19457,101009,20170204,  -35,    0
 19457,101009,20170205,  -46,    0
 19457,101009,20170206,  -56,    0
 19457,101009,20170207, -114,    0
 19457,101009,20170208, -139,    0
 19457,101009,20170209, -121,    0
 19457,101009,20170210,  -99,    0
 19457,101009,20170211,  -94,    0
 19457,101009,20170212, -142,    0
 19457,101009,20170213,  -62,    0
 19457,101009,20170214,  -35,    0
 19457,101009,20170215,  -68,    0
 19457,101009,20170216,   10,    0
 19457,101009,20170217,   -6,    0
 19457,101009,20170218,  -38,    0
 19457,101009,20170219,   25,    0
 19457,101009,20170220,   32,    0
 19457,101009,20170221,   -7,    0
 19457,101009,20170222,  -17,    0
 19457,101009,20170223,  -77,    0
 19457,101009,20170224, -128,    0
 19457,101009,20170225, -112,    0
 19457,101009,20170226,  -19,    0
 19457,101009,20170227,    3,    0
 19457,101009,20170228,  -16,    0
 19457,101009,20170301,  -38,    0
 19457,101009,20170302,  -79,    0
 19457,101009,20170303,  -47,    0
 19457,101009,20170304,  -37,    0
 19457,101009,20170305,  -67,    0
 19457,101009,20170306,  -94,    0
 19457,101009,20170307, -129,    0
 19457,101009,20170308, -158,    0
 19457,101009,20170309,  -23,    0
 19457,101009,20170310,   -9,    0
 19457,101009,20170311,  -44,    0
 19457,101009,20170312,   -1,    0
 19457,101009,20170313,   -6,    0
 19457,101009,20170314,   10,    0
 19457,101009,20170315,  -13,    0
 19457,101009,20170316,    7,    0
 19457,101009,20170317,  -36,    0
 19457,101009,20170318,  -77,    0
 19457,101009,20170319,  -78,    0
 19457,101009,20170320,  -21,    0
 19457,101009,20170321,  -15,    0
 19457,101009,20170322,  -60,    0
 19457,101009,20170323,  -63,    0
 19457,101009,20170324,  -20,    0
 19457,101009,20170325,   12,    0
 19457,101009,20170326,   39,    0
 19457,101009,20170327,   46,    0
 19457,101009,20170328,   38,    0
 19457,101009,20170329,   17,    0
 19457,101009,20170330,    2,    0
 19457,101009,20170331,   30,    0
 19457,101009,20170401,   37,    0
 19457,101009,20170402,   37,    0
 19457,101009,20170403,   21,    0
 19457,101009,20170404,   16,    0
 19457,101009,20170405,   -1,    0
 19457,101009,20170406,   25,    0
 19457,101009,20170407,   49,    0
 19457,101009,20170408,   39,    0
 19457,101009,20170409,   44,    0
 19457,101009,20170410,   24,    0
 19457,101009,20170411,  -12,    0
 19457,101009,20170412,    3,    0
 19457,101009,20170413,   -6,    0
 19457,101009,20170414,  -18,    0
 19457,101009,20170415,  -26,    0
 19457,101009,20170416,  -25,    0
 19457,101009,20170417,  -39,    0
 19457,101009,20170418,  -38,    0
 19457,101009,20170419,  -29,    0
 19457,101009,20170420,   31,    0
 19457,101009,20170421,    1,    0
 19457,101009,20170422,   -9,    0
 19457,101009,20170423,  -23,    0
 19457,101009,20170424,  -26,    0
 19457,101009,20170425,  -23,    0
 19457,101009,20170426,  -43,    0
 19457,101009,20170427,  -35,    0
 19457,101009,20170428,  -23,    0
 19457,101009,20170429,   -9,    0
 19457,101009,20170430,-9999,    9
 19457,101009,20170501,-9999,    9
 19457,101009,20170502,-9999,    9
 19457,101009,20170503,-9999,    9
 19457,101009,20170504,-9999,    9
 19457,101009,20170505,-9999,    9
 19457,101009,20170506,-9999,    9
 19457,101009,20170507,-9999,    9
 19457,101009,20170508,-9999,    9
 19457,101009,20170509,-9999,    9
 19457,101009,20170510,-9999,    9
 19457,101009,20170511,-9999,    9
 19457,101009,20170512,-9999,    9
 19457,101009,20170513,-9999,    9
 19457,101009,20170514,-9999,    9
 19457,101009,20170515,-9999,    9
 19457,101009,20170516,-9999,    9
 19457,101009,20170517,-9999,    9
 19457,101009,20170518,-9999,    9
 19457,101009,20170519,-9999,    9
 19457,101009,20170520,-9999,    9
 19457,101009,20170521,-9999,    9
 19457,101009,20170522,-9999,    9
 19457,101009,20170523,-9999,    9
 19457,101009,20170524,-9999,    9
 19457,101009,20170525,-9999,    9
 19457,101009,20170526,-9999,    9
 19457,101009,20170527,-9999,    9
 19457,101009,20170528,-9999,    9
 19457,101009,20170529,-9999,    9
 19457,101009,20170530,-9999,    9
 19457,101009,20170531,-9999,    9
 19457,101009,20170601,-9999,    9
 19457,101009,20170602,-9999,    9
 19457,101009,20170603,-9999,    9
 19457,101009,20170604,-9999,    9
 19457,101009,20170605,-9999,    9
 19457,101009,20170606,-9999,    9
 19457,101009,20170607,-9999,    9
 19457,101009,20170608,-9999,    9
 19457,101009,20170609,-9999,    9
 19457,101009,20170610,-9999,    9
 19457,101009,20170611,-9999,    9
 19457,101009,20170612,-9999,    9
 19457,101009,20170613,-9999,    9
 19457,101009,20170614,-9999,    9
 19457,101009,20170615,-9999,    9
 19457,101009,20170616,-9999,    9
 19457,101009,20170617,-9999,    9
 19457,101009,20170618,-9999,    9
 19457,101009,20170619,-9999,    9
 19457,101009,20170620,-9999,    9
 19457,101009,20170621,-9999,    9
 19457,101009,20170622,-9999,    9
 19457,101009,20170623,-9999,    9
 19457,101009,20170624,-9999,    9
 19457,101009,20170625,-9999,    9
 19457,101009,20170626,-9999,    9
 19457,101009,20170627,-9999,    9
 19457,101009,20170628,-9999,    9
 19457,101009,20170629,-9999,    9
 19457,101009,20170630,-9999,    9
 19457,101009,20170701,-9999,    9
 19457,101009,20170702,-9999,    9
 19457,101009,20170703,-9999,    9
 19457,101009,20170704,-9999,    9
 19457,101009,20170705,-9999,    9
 19457,101009,20170706,-9999,    9
 19457,101009,20170707,-9999,    9
 19457,101009,20170708,-9999,    9
 19457,101009,20170709,-9999,    9
 19457,101009,20170710,-9999,    9
 19457,101009,20170711,-9999,    9
 19457,101009,20170712,-9999,    9
 19457,101009,20170713,-9999,    9
 19457,101009,20170714,-9999,    9
 19457,101009,20170715,-9999,    9
 19457,101009,20170716,-9999,    9
 19457,101009,20170717,-9999,    9
 19457,101009,20170718,-9999,    9
 19457,101009,20170719,-9999,    9
 19457,101009,20170720,-9999,    9
 19457,101009,20170721,-9999,    9
 19457,101009,20170722,-9999,    9
 19457,101009,20170723,-9999,    9
 19457,101009,20170724,-9999,    9
 19457,101009,20170725,-9999,    9
 19457,101009,20170726,-9999,    9
 19457,101009,20170727,-9999,    9
 19457,101009,20170728,-9999,    9
 19457,101009,20170729,-9999,    9
 19457,101009,20170730,-9999,    9
 19457,101009,20170731,-9999,    9
 19457,101009,20170801,-9999,    9
 19457,101009,20170802,-9999,    9
 19457,101009,20170803,-9999,    9
 19457,101009,20170804,-9999,    9
 19457,101009,20170805,-9999,    9
 19457,101009,20170806,-9999,    9
 19457,101009,20170807,-9999,    9
 19457,101009,20170808,-9999,    9
 19457,101009,20170809,-9999,    9
 19457,101009,20170810,-9999,    9
 19457,101009,20170811,-9999,    9
 19457,101009,20170812,-9999,    9
 19457,101009,20170813,-9999,    9
 19457,101009,20170814,-9999,    9
 19457,101009,20170815,-9999,    9
 19457,101009,20170816,-9999,    9
 19457,101009,20170817,-9999,    9
 19457,101009,20170818,-9999,    9
 19457,101009,20170819,-9999,    9
 19457,101009,20170820,-9999,    9
 19457,101009,20170821,-9999,    9
 19457,101009,20170822,-9999,    9
 19457,101009,20170823,-9999,    9
 19457,101009,20170824,-9999,    9
 19457,101009,20170825,-9999,    9
 19457,101009,20170826,-9999,    9
 19457,101009,20170827,-9999,    9
 19457,101009,20170828,-9999,    9
 19457,101009,20170829,-9999,    9
 19457,101009,20170830,-9999,    9
 19457,101009,20170831,-9999,    9
 19457,101009,20170901,-9999,    9
 19457,101009,20170902,-9999,    9
 19457,101009,20170903,-9999,    9
 19457,101009,20170904,-9999,    9
 19457,101009,20170905,-9999,    9
 19457,101009,20170906,-9999,    9
 19457,101009,20170907,-9999,    9
 19457,101009,20170908,-9999,    9
 19457,101009,20170909,-9999,    9
 19457,101009,20170910,-9999,    9
 19457,101009,20170911,-9999,    9
 19457,101009,20170912,-9999,    9
 19457,101009,20170913,-9999,    9
 19457,101009,20170914,-9999,    9
 19457,101009,20170915,-9999,    9
 19457,101009,20170916,-9999,    9
 19457,101009,20170917,-9999,    9
 19457,101009,20170918,-9999,    9
 19457,101009,20170919,-9999,    9
 19457,101009,20170920,-9999,    9
 19457,101009,20170921,-9999,    9
 19457,101009,20170922,-9999,    9
 19457,101009,20170923,-9999,    9
 19457,101009,20170924,-9999,    9
 19457,101009,20170925,-9999,    9
 19457,101009,20170926,-9999,    9
 19457,101009,20170927,-9999,    9
 19457,101009,20170928,-9999,    9
 19457,101009,20170929,-9999,    9
 19457,101009,20170930,-9999,    9
 19457,101009,20171001,-9999,    9
 19457,101009,20171002,-9999,    9
 19457,101009,20171003,-9999,    9
 19457,101009,20171004,-9999,    9
 19457,101009,20171005,-9999,    9
 19457,101009,20171006,-9999,    9
 19457,101009,20171007,-9999,    9
 19457,101009,20171008,-9999,    9
 19457,101009,20171009,-9999,    9
 19457,101009,20171010,-9999,    9
 19457,101009,20171011,-9999,    9
 19457,101009,20171012,-9999,    9
 19457,101009,20171013,-9999,    9
 19457,101009,20171014,-9999,    9
 19457,101009,20171015,-9999,    9
 19457,101009,20171016,-9999,    9
 19457,101009,20171017,-9999,    9
 19457,101009,20171018,-9999,    9
 19457,101009,20171019,-9999,    9
 19457,101009,20171020,-9999,    9
 19457,101009,20171021,-9999,    9
 19457,101009,20171022,-9999,    9
 19457,101009,20171023,-9999,    9
 19457,101009,20171024,-9999,    9
 19457,101009,20171025,-9999,    9
 19457,101009,20171026,-9999,    9
 19457,101009,20171027,-9999,    9
 19457,101009,20171028,-9999,    9
 19457,101009,20171029,-9999,    9
 19457,101009,20171030,-9999,    9
 19457,101009,20171031,-9999,    9
 19457,101009,20171101,-9999,    9
 19457,101009,20171102,-9999,    9
 19457,101009,20171103,-9999,    9
 19457,101009,20171104,-9999,    9
 19457,101009,20171105,-9999,    9
 19457,101009,20171106,-9999,    9
 19457,101009,20171107,-9999,    9
 19457,101009,20171108,-9999,    9
 19457,101009,20171109,-9999,    9
 19457,101009,20171110,-9999,    9
 19457,101009,20171111,-9999,    9
 19457,101009,20171112,-9999,    9
 19457,101009,20171113,-9999,    9
 19457,101009,20171114,-9999,    9
 19457,101009,20171115,-9999,    9
 19457,101009,20171116,-9999,    9
 19457,101009,20171117,-9999,    9
 19457,101009,20171118,-9999,    9
 19457,101009,20171119,-9999,    9
 19457,101009,20171120,-9999,    9
 19457,101009,20171121,-9999,    9
 19457,101009,20171122,-9999,    9
 19457,101009,20171123,-9999,    9
 19457,101009,20171124,-9999,    9
 19457,101009,20171125,-9999,    9
 19457,101009,20171126,-9999,    9
 19457,101009,20171127,-9999,    9
 19457,101009,20171128,-9999,    9
 19457,101009,20171129,-9999,    9
 19457,101009,20171130,-9999,    9
 19457,101009,20171201,-9999,    9
 19457,101009,20171202,-9999,    9
 19457,101009,20171203,-9999,    9
 19457,101009,20171204,-9999,    9
 19457,101009,20171205,-9999,    9
 19457,101009,20171206,-9999,    9
 19457,101009,20171207,-9999,    9
 19457,101009,20171208,-9999,    9
 19457,101009,20171209,-9999,    9
 19457,101009,20171210,-9999,    9
 19457,101009,20171211,-9999,    9
 19457,101009,20171212,-9999,    9
 19457,101009,20171213,-9999,    9
 19457,101009,20171214,-9999,    9
 19457,101009,20171215,-9999,    9
 19457,101009,20171216,-9999,    9
 19457,101009,20171217,-9999,    9
 19457,101009,20171218,-9999,    9
 19457,101009,20171219,-9999,    9
 19457,101009,20171220,-9999,    9
 19457,101009,20171221,-9999,    9
 19457,101009,20171222,-9999,    9
 19457,101009,20171223,-9999,    9
 19457,101009,20171224,-9999,    9
 19457,101009,20171225,-9999,    9
 19457,101009,20171226,-9999,    9
 19457,101009,20171227,-9999,    9
 19457,101009,20171228,-9999,    9
 19457,101009,20171229,-9999,    9
 19457,101009,20171230,-9999,    9
 19457,101009,20171231,-9999,    9
 19457,101009,20180101,-9999,    9
 19457,101009,20180102,-9999,    9
 19457,101009,20180103,-9999,    9
 19457,101009,20180104,-9999,    9
 19457,101009,20180105,-9999,    9
 19457,101009,20180106,-9999,    9
 19457,101009,20180107,-9999,    9
 19457,101009,20180108,-9999,    9
 19457,101009,20180109,-9999,    9
 19457,101009,20180110,-9999,    9
 19457,101009,20180111,-9999,    9
 19457,101009,20180112,-9999,    9
 19457,101009,20180113,-9999,    9
 19457,101009,20180114,-9999,    9
 19457,101009,20180115,-9999,    9
 19457,101009,20180116,-9999,    9
 19457,101009,20180117,-9999,    9
 19457,101009,20180118,-9999,    9
 19457,101009,20180119,-9999,    9
 19457,101009,20180120,-9999,    9
 19457,101009,20180121,-9999,    9
 19457,101009,20180122,-9999,    9
 19457,101009,20180123,-9999,    9
 19457,101009,20180124,-9999,    9
 19457,101009,20180125,-9999,    9
 19457,101009,20180126,-9999,    9
 19457,101009,20180127,-9999,    9
 19457,101009,20180128,-9999,    9
 19457,101009,20180129,-9999,    9
 19457,101009,20180130,-9999,    9
 19457,101009,20180131,-9999,    9
 19457,101009,20180201,-9999,    9
 19457,101009,20180202,-9999,    9
 19457,101009,20180203,-9999,    9
 19457,101009,20180204,-9999,    9
 19457,101009,20180205,-9999,    9
 19457,101009,20180206,-9999,    9
 19457,101009,20180207,-9999,    9
 19457,101009,20180208,-9999,    9
 19457,101009,20180209,-9999,    9
 19457,101009,20180210,-9999,    9
 19457,101009,20180211,-9999,    9
 19457,101009,20180212,-9999,    9
 19457,101009,20180213,-9999,    9
 19457,101009,20180214,-9999,    9
 19457,101009,20180215,-9999,    9
 19457,101009,20180216,-9999,    9
 19457,101009,20180217,-9999,    9
 19457,101009,20180218,-9999,    9
 19457,101009,20180219,-9999,    9
 19457,101009,20180220,-9999,    9
 19457,101009,20180221,-9999,    9
 19457,101009,20180222,-9999,    9
 19457,101009,20180223,-9999,    9
 19457,101009,20180224,-9999,    9
 19457,101009,20180225,-9999,    9
 19457,101009,20180226,-9999,    9
 19457,101009,20180227,-9999,    9
 19457,101009,20180228,-9999,    9
 19457,101009,20180301,-9999,    9
 19457,101009,20180302,-9999,    9
 19457,101009,20180303,-9999,    9
 19457,101009,20180304,-9999,    9
 19457,101009,20180305,-9999,    9
 19457,101009,20180306,-9999,    9
 19457,101009,20180307,-9999,    9
 19457,101009,20180308,-9999,    9
 19457,101009,20180309,-9999,    9
 19457,101009,20180310,-9999,    9
 19457,101009,20180311,-9999,    9
 19457,101009,20180312,-9999,    9
 19457,101009,20180313,-9999,    9
 19457,101009,20180314,-9999,    9
 19457,101009,20180315,-9999,    9
 19457,101009,20180316,-9999,    9
 19457,101009,20180317,-9999,    9
 19457,101009,20180318,-9999,    9
 19457,101009,20180319,-9999,    9
 19457,101009,20180320,-9999,    9
 19457,101009,20180321,-9999,    9
 19457,101009,20180322,-9999,    9
 19457,101009,20180323,-9999,    9
 19457,101009,20180324,-9999,    9
 19457,101009,20180325,-9999,    9
 19457,101009,20180326,-9999,    9
 19457,101009,20180327,-9999,    9
 19457,101009,20180328,-9999,    9
 19457,101009,20180329,-9999,    9
 19457,101009,20180330,-9999,    9
 19457,101009,20180331,-9999,    9
 19457,101009,20180401,-9999,    9
 19457,101009,20180402,-9999,    9
 19457,101009,20180403,-9999,    9
 19457,101009,20180404,-9999,    9
 19457,101009,20180405,-9999,    9
 19457,101009,20180406,-9999,    9
 19457,101009,20180407,-9999,    9
 19457,101009,20180408,-9999,    9
 19457,101009,20180409,-9999,    9
 19457,101009,20180410,-9999,    9
 19457,101009,20180411,-9999,    9
 19457,101009,20180412,-9999,    9
 19457,101009,20180413,-9999,    9
 19457,101009,20180414,-9999,    9
 19457,101009,20180415,-9999,    9
 19457,101009,20180416,-9999,    9
 19457,101009,20180417,-9999,    9
 19457,101009,20180418,-9999,    9
 19457,101009,20180419,-9999,    9
 19457,101009,20180420,-9999,    9
 19457,101009,20180421,-9999,    9
 19457,101009,20180422,-9999,    9
 19457,101009,20180423,-9999,    9
 19457,101009,20180424,-9999,    9
 19457,101009,20180425,-9999,    9
 19457,101009,20180426,-9999,    9
 19457,101009,20180427,-9999,    9
 19457,101009,20180428,-9999,    9
 19457,101009,20180429,-9999,    9
 19457,101009,20180430,-9999,    9
 19457,101009,20180501,-9999,    9
 19457,101009,20180502,-9999,    9
 19457,101009,20180503,-9999,    9
 19457,101009,20180504,-9999,    9
 19457,101009,20180505,-9999,    9
 19457,101009,20180506,-9999,    9
 19457,101009,20180507,-9999,    9
 19457,101009,20180508,-9999,    9
 19457,101009,20180509,-9999,    9
 19457,101009,20180510,-9999,    9
 19457,101009,20180511,-9999,    9
 19457,101009,20180512,-9999,    9
 19457,101009,20180513,-9999,    9
 19457,101009,20180514,-9999,    9
 19457,101009,20180515,-9999,    9
 19457,101009,20180516,-9999,    9
 19457,101009,20180517,-9999,    9
 19457,101009,20180518,-9999,    9
 19457,101009,20180519,-9999,    9
 19457,101009,20180520,-9999,    9
 19457,101009,20180521,-9999,    9
 19457,101009,20180522,-9999,    9
 19457,101009,20180523,-9999,    9
 19457,101009,20180524,-9999,    9
 19457,101009,20180525,-9999,    9
 19457,101009,20180526,-9999,    9
 19457,101009,20180527,-9999,    9
 19457,101009,20180528,-9999,    9
 19457,101009,20180529,-9999,    9
 19457,101009,20180530,-9999,    9
 19457,101009,20180531,-9999,    9
 19457,101009,20180601,-9999,    9
 19457,101009,20180602,-9999,    9
 19457,101009,20180603,-9999,    9
 19457,101009,20180604,-9999,    9
 19457,101009,20180605,-9999,    9
 19457,101009,20180606,-9999,    9
 19457,101009,20180607,-9999,    9
 19457,101009,20180608,-9999,    9
 19457,101009,20180609,-9999,    9
 19457,101009,20180610,-9999,    9
 19457,101009,20180611,-9999,    9
 19457,101009,20180612,-9999,    9
 19457,101009,20180613,-9999,    9
 19457,101009,20180614,-9999,    9
 19457,101009,20180615,-9999,    9
 19457,101009,20180616,-9999,    9
 19457,101009,20180617,-9999,    9
 19457,101009,20180618,-9999,    9
 19457,101009,20180619,-9999,    9
 19457,101009,20180620,-9999,    9
 19457,101009,20180621,-9999,    9
 19457,101009,20180622,-9999,    9
 19457,101009,20180623,-9999,    9
 19457,101009,20180624,-9999,    9
 19457,101009,20180625,-9999,    9
 19457,101009,20180626,-9999,    9
 19457,101009,20180627,-9999,    9
 19457,101009,20180628,-9999,    9
 19457,101009,20180629,-9999,    9
 19457,101009,20180630,-9999,    9
 19457,101009,20180701,-9999,    9
 19457,101009,20180702,-9999,    9
 19457,101009,20180703,-9999,    9
 19457,101009,20180704,-9999,    9
 19457,101009,20180705,-9999,    9
 19457,101009,20180706,-9999,    9
 19457,101009,20180707,-9999,    9
 19457,101009,20180708,-9999,    9
 19457,101009,20180709,-9999,    9
 19457,101009,20180710,-9999,    9
 19457,101009,20180711,-9999,    9
 19457,101009,20180712,-9999,    9
 19457,101009,20180713,-9999,    9
 19457,101009,20180714,-9999,    9
 19457,101009,20180715,-9999,    9
 19457,101009,20180716,-9999,    9
 19457,101009,20180717,-9999,    9
 19457,101009,20180718,-9999,    9
 19457,101009,20180719,-9999,    9
 19457,101009,20180720,-9999,    9
 19457,101009,20180721,-9999,    9
 19457,101009,20180722,-9999,    9
 19457,101009,20180723,-9999,    9
 19457,101009,20180724,-9999,    9
 19457,101009,20180725,-9999,    9
 19457,101009,20180726,-9999,    9
 19457,101009,20180727,-9999,    9
 19457,101009,20180728,-9999,    9
 19457,101009,20180729,-9999,    9
 19457,101009,20180730,-9999,    9
 19457,101009,20180731,-9999,    9
 19457,101009,20180801,-9999,    9
 19457,101009,20180802,-9999,    9
 19457,101009,20180803,-9999,    9
 19457,101009,20180804,-9999,    9
 19457,101009,20180805,-9999,    9
 19457,101009,20180806,-9999,    9
 19457,101009,20180807,-9999,    9
 19457,101009,20180808,-9999,    9
 19457,101009,20180809,-9999,    9
 19457,101009,20180810,-9999,    9
 19457,101009,20180811,-9999,    9
 19457,101009,20180812,-9999,    9
 19457,101009,20180813,-9999,    9
 19457,101009,20180814,-9999,    9
 19457,101009,20180815,-9999,    9
 19457,101009,20180816,-9999,    9
 19457,101009,20180817,-9999,    9
 19457,101009,20180818,-9999,    9
 19457,101009,20180819,-9999,    9
 19457,101009,20180820,-9999,    9
 19457,101009,20180821,-9999,    9
 19457,101009,20180822,-9999,    9
 19457,101009,20180823,-9999,    9
 19457,101009,20180824,-9999,    9
 19457,101009,20180825,-9999,    9
 19457,101009,20180826,-9999,    9
 19457,101009,20180827,-9999,    9
 19457,101009,20180828,-9999,    9
 19457,101009,20180829,-9999,    9
 19457,101009,20180830,-9999,    9
 19457,101009,20180831,-9999,    9
 19457,101009,20180901,-9999,    9
 19457,101009,20180902,-9999,    9
 19457,101009,20180903,-9999,    9
 19457,101009,20180904,-9999,    9
 19457,101009,20180905,-9999,    9
 19457,101009,20180906,-9999,    9
 19457,101009,20180907,-9999,    9
 19457,101009,20180908,-9999,    9
 19457,101009,20180909,-9999,    9
 19457,101009,20180910,-9999,    9
 19457,101009,20180911,-9999,    9
 19457,101009,20180912,-9999,    9
 19457,101009,20180913,-9999,    9
 19457,101009,20180914,-9999,    9
 19457,101009,20180915,-9999,    9
 19457,101009,20180916,-9999,    9
 19457,101009,20180917,-9999,    9
 19457,101009,20180918,-9999,    9
 19457,101009,20180919,-9999,    9
 19457,101009,20180920,-9999,    9
 19457,101009,20180921,-9999,    9
 19457,101009,20180922,-9999,    9
 19457,101009,20180923,-9999,    9
 19457,101009,20180924,-9999,    9
 19457,101009,20180925,-9999,    9
 19457,101009,20180926,-9999,    9
 19457,101009,20180927,-9999,    9
 19457,101009,20180928,-9999,    9
 19457,101009,20180929,-9999,    9
 19457,101009,20180930,-9999,    9
 19457,101009,20181001,-9999,    9
 19457,101009,20181002,-9999,    9
 19457,101009,20181003,-9999,    9
 19457,101009,20181004,-9999,    9
 19457,101009,20181005,-9999,    9
 19457,101009,20181006,-9999,    9
 19457,101009,20181007,-9999,    9
 19457,101009,20181008,-9999,    9
 19457,101009,20181009,-9999,    9
 19457,101009,20181010,-9999,    9
 19457,101009,20181011,-9999,    9
 19457,101009,20181012,-9999,    9
 19457,101009,20181013,-9999,    9
 19457,101009,20181014,-9999,    9
 19457,101009,20181015,-9999,    9
 19457,101009,20181016,-9999,    9
 19457,101009,20181017,-9999,    9
 19457,101009,20181018,-9999,    9
 19457,101009,20181019,-9999,    9
 19457,101009,20181020,-9999,    9
 19457,101009,20181021,-9999,    9
 19457,101009,20181022,-9999,    9
 19457,101009,20181023,-9999,    9
 19457,101009,20181024,-9999,    9
 19457,101009,20181025,-9999,    9
 19457,101009,20181026,-9999,    9
 19457,101009,20181027,-9999,    9
 19457,101009,20181028,-9999,    9
 19457,101009,20181029,-9999,    9
 19457,101009,20181030,-9999,    9
 19457,101009,20181031,-9999,    9
 19457,101009,20181101,-9999,    9
 19457,101009,20181102,-9999,    9
 19457,101009,20181103,-9999,    9
 19457,101009,20181104,-9999,    9
 19457,101009,20181105,-9999,    9
 19457,101009,20181106,-9999,    9
 19457,101009,20181107,-9999,    9
 19457,101009,20181108,-9999,    9
 19457,101009,20181109,-9999,    9
 19457,101009,20181110,-9999,    9
 19457,101009,20181111,-9999,    9
 19457,101009,20181112,-9999,    9
 19457,101009,20181113,-9999,    9
 19457,101009,20181114,-9999,    9
 19457,101009,20181115,-9999,    9
 19457,101009,20181116,-9999,    9
 19457,101009,20181117,-9999,    9
 19457,101009,20181118,-9999,    9
 19457,101009,20181119,-9999,    9
 19457,101009,20181120,-9999,    9
 19457,101009,20181121,-9999,    9
 19457,101009,20181122,-9999,    9
 19457,101009,20181123,-9999,    9
 19457,101009,20181124,-9999,    9
 19457,101009,20181125,-9999,    9
 19457,101009,20181126,-9999,    9
 19457,101009,20181127,-9999,    9
 19457,101009,20181128,-9999,    9
 19457,101009,20181129,-9999,    9
 19457,101009,20181130,-9999,    9
 19457,101009,20181201,-9999,    9
 19457,101009,20181202,-9999,    9
 19457,101009,20181203,-9999,    9
 19457,101009,20181204,-9999,    9
 19457,101009,20181205,-9999,    9
 19457,101009,20181206,-9999,    9
 19457,101009,20181207,-9999,    9
 19457,101009,20181208,-9999,    9
 19457,101009,20181209,-9999,    9
 19457,101009,20181210,-9999,    9
 19457,101009,20181211,-9999,    9
 19457,101009,20181212,-9999,    9
 19457,101009,20181213,-9999,    9
 19457,101009,20181214,-9999,    9
 19457,101009,20181215,-9999,    9
 19457,101009,20181216,-9999,    9
 19457,101009,20181217,-9999,    9
 19457,101009,20181218,-9999,    9
 19457,101009,20181219,-9999,    9
 19457,101009,20181220,-9999,    9
 19457,101009,20181221,-9999,    9
 19457,101009,20181222,-9999,    9
 19457,101009,20181223,-9999,    9
 19457,101009,20181224,-9999,    9
 19457,101009,20181225,-9999,    9
 19457,101009,20181226,-9999,    9
 19457,101009,20181227,-9999,    9
 19457,101009,20181228,-9999,    9
 19457,101009,20181229,-9999,    9
 19457,101009,20181230,-9999,    9
 19457,101009,20181231,-9999,    9
 19457,101009,20190101,-9999,    9
 19457,101009,20190102,-9999,    9
 19457,101009,20190103,-9999,    9
 19457,101009,20190104,-9999,    9
 19457,101009,20190105,-9999,    9
 19457,101009,20190106,-9999,    9
 19457,101009,20190107,-9999,    9
 19457,101009,20190108,-9999,    9
 19457,101009,20190109,-9999,    9
 19457,101009,20190110,-9999,    9
 19457,101009,20190111,-9999,    9
 19457,101009,20190112,-9999,    9
 19457,101009,20190113,-9999,    9
 19457,101009,20190114,-9999,    9
 19457,101009,20190115,-9999,    9
 19457,101009,20190116,-9999,    9
 19457,101009,20190117,-9999,    9
 19457,101009,20190118,-9999,    9
 19457,101009,20190119,-9999,    9
 19457,101009,20190120,-9999,    9
 19457,101009,20190121,-9999,    9
 19457,101009,20190122,-9999,    9
 19457,101009,20190123,-9999,    9
 19457,101009,20190124,-9999,    9
 19457,101009,20190125,-9999,    9
 19457,101009,20190126,-9999,    9
 19457,101009,20190127,-9999,    9
 19457,101009,20190128,-9999,    9
 19457,101009,20190129,-9999,    9
 19457,101009,20190130,-9999,    9
 19457,101009,20190131,-9999,    9
 19457,101009,20190201,-9999,    9
 19457,101009,20190202,-9999,    9
 19457,101009,20190203,-9999,    9
 19457,101009,20190204,-9999,    9
 19457,101009,20190205,-9999,    9
 19457,101009,20190206,-9999,    9
 19457,101009,20190207,-9999,    9
 19457,101009,20190208,-9999,    9
 19457,101009,20190209,-9999,    9
 19457,101009,20190210,-9999,    9
 19457,101009,20190211,-9999,    9
 19457,101009,20190212,-9999,    9
 19457,101009,20190213,-9999,    9
 19457,101009,20190214,-9999,    9
 19457,101009,20190215,-9999,    9
 19457,101009,20190216,-9999,    9
 19457,101009,20190217,-9999,    9
 19457,101009,20190218,-9999,    9
 19457,101009,20190219,-9999,    9
 19457,101009,20190220,-9999,    9
 19457,101009,20190221,-9999,    9
 19457,101009,20190222,-9999,    9
 19457,101009,20190223,-9999,    9
 19457,101009,20190224,-9999,    9
 19457,101009,20190225,-9999,    9
 19457,101009,20190226,-9999,    9
 19457,101009,20190227,-9999,    9
 19457,101009,20190228,-9999,    9
 19457,101009,20190301,-9999,    9
 19457,101009,20190302,-9999,    9
 19457,101009,20190303,-9999,    9
 19457,101009,20190304,-9999,    9
 19457,101009,20190305,-9999,    9
 19457,101009,20190306,-9999,    9
 19457,101009,20190307,-9999,    9
 19457,101009,20190308,-9999,    9
 19457,101009,20190309,-9999,    9
 19457,101009,20190310,-9999,    9
 19457,101009,20190311,-9999,    9
 19457,101009,20190312,-9999,    9
 19457,101009,20190313,-9999,    9
 19457,101009,20190314,-9999,    9
 19457,101009,20190315,-9999,    9
 19457,101009,20190316,-9999,    9
 19457,101009,20190317,-9999,    9
 19457,101009,20190318,-9999,    9
 19457,101009,20190319,-9999,    9
 19457,101009,20190320,-9999,    9
 19457,101009,20190321,-9999,    9
 19457,101009,20190322,-9999,    9
 19457,101009,20190323,-9999,    9
 19457,101009,20190324,-9999,    9
 19457,101009,20190325,-9999,    9
 19457,101009,20190326,-9999,    9
 19457,101009,20190327,-9999,    9
 19457,101009,20190328,-9999,    9
 19457,101009,20190329,-9999,    9
 19457,101009,20190330,-9999,    9
 19457,101009,20190331,-9999,    9
 19457,101009,20190401,-9999,    9
 19457,101009,20190402,-9999,    9
 19457,101009,20190403,-9999,    9
 19457,101009,20190404,-9999,    9
 19457,101009,20190405,-9999,    9
 19457,101009,20190406,-9999,    9
 19457,101009,20190407,-9999,    9
 19457,101009,20190408,-9999,    9
 19457,101009,20190409,-9999,    9
 19457,101009,20190410,-9999,    9
 19457,101009,20190411,-9999,    9
 19457,101009,20190412,-9999,    9
 19457,101009,20190413,-9999,    9
 19457,101009,20190414,-9999,    9
 19457,101009,20190415,-9999,    9
 19457,101009,20190416,-9999,    9
 19457,101009,20190417,-9999,    9
 19457,101009,20190418,-9999,    9
 19457,101009,20190419,-9999,    9
 19457,101009,20190420,-9999,    9
 19457,101009,20190421,-9999,    9
 19457,101009,20190422,-9999,    9
 19457,101009,20190423,-9999,    9
 19457,101009,20190424,-9999,    9
 19457,101009,20190425,-9999,    9
 19457,101009,20190426,-9999,    9
 19457,101009,20190427,-9999,    9
 19457,101009,20190428,-9999,    9
 19457,101009,20190429,-9999,    9
 19457,101009,20190430,-9999,    9
 19457,101009,20190501,-9999,    9
 19457,101009,20190502,-9999,    9
 19457,101009,20190503,-9999,    9
 19457,101009,20190504,-9999,    9
 19457,101009,20190505,-9999,    9
 19457,101009,20190506,-9999,    9
 19457,101009,20190507,-9999,    9
 19457,101009,20190508,-9999,    9
 19457,101009,20190509,-9999,    9
 19457,101009,20190510,-9999,    9
 19457,101009,20190511,-9999,    9
 19457,101009,20190512,-9999,    9
 19457,101009,20190513,-9999,    9
 19457,101009,20190514,-9999,    9
 19457,101009,20190515,-9999,    9
 19457,101009,20190516,-9999,    9
 19457,101009,20190517,-9999,    9
 19457,101009,20190518,-9999,    9
 19457,101009,20190519,-9999,    9
 19457,101009,20190520,-9999,    9
 19457,101009,20190521,-9999,    9
 19457,101009,20190522,-9999,    9
 19457,101009,20190523,-9999,    9
 19457,101009,20190524,-9999,    9
 19457,101009,20190525,-9999,    9
 19457,101009,20190526,-9999,    9
 19457,101009,20190527,-9999,    9
 19457,101009,20190528,-9999,    9
 19457,101009,20190529,-9999,    9
 19457,101009,20190530,-9999,    9
 19457,101009,20190531,-9999,    9
 19457,101009,20190601,-9999,    9
 19457,101009,20190602,-9999,    9
 19457,101009,20190603,-9999,    9
 19457,101009,20190604,-9999,    9
 19457,101009,20190605,-9999,    9
 19457,101009,20190606,-9999,    9
 19457,101009,20190607,-9999,    9
 19457,101009,20190608,-9999,    9
 19457,101009,20190609,-9999,    9
 19457,101009,20190610,-9999,    9
 19457,101009,20190611,-9999,    9
 19457,101009,20190612,-9999,    9
 19457,101009,20190613,-9999,    9
 19457,101009,20190614,-9999,    9
 19457,101009,20190615,-9999,    9
 19457,101009,20190616,-9999,    9
 19457,101009,20190617,-9999,    9
 19457,101009,20190618,-9999,    9
 19457,101009,20190619,-9999,    9
 19457,101009,20190620,-9999,    9
 19457,101009,20190621,-9999,    9
 19457,101009,20190622,-9999,    9
 19457,101009,20190623,-9999,    9
 19457,101009,20190624,-9999,    9
 19457,101009,20190625,-9999,    9
 19457,101009,20190626,-9999,    9
 19457,101009,20190627,-9999,    9
 19457,101009,20190628,-9999,    9
 19457,101009,20190629,-9999,    9
 19457,101009,20190630,-9999,    9
 19457,101009,20190701,-9999,    9
 19457,101009,20190702,-9999,    9
 19457,101009,20190703,-9999,    9
 19457,101009,20190704,-9999,    9
 19457,101009,20190705,-9999,    9
 19457,101009,20190706,-9999,    9
 19457,101009,20190707,-9999,    9
 19457,101009,20190708,-9999,    9
 19457,101009,20190709,-9999,    9
 19457,101009,20190710,-9999,    9
 19457,101009,20190711,-9999,    9
 19457,101009,20190712,-9999,    9
 19457,101009,20190713,-9999,    9
 19457,101009,20190714,-9999,    9
 19457,101009,20190715,-9999,    9
 19457,101009,20190716,-9999,    9
 19457,101009,20190717,-9999,    9
 19457,101009,20190718,-9999,    9
 19457,101009,20190719,-9999,    9
 19457,101009,20190720,-9999,    9
 19457,101009,20190721,-9999,    9
 19457,101009,20190722,-9999,    9
 19457,101009,20190723,-9999,    9
 19457,101009,20190724,-9999,    9
 19457,101009,20190725,-9999,    9
 19457,101009,20190726,-9999,    9
 19457,101009,20190727,-9999,    9
 19457,101009,20190728,-9999,    9
 19457,101009,20190729,-9999,    9
 19457,101009,20190730,-9999,    9
 19457,101009,20190731,-9999,    9
 19457,101009,20190801,-9999,    9
 19457,101009,20190802,-9999,    9
 19457,101009,20190803,-9999,    9
 19457,101009,20190804,-9999,    9
 19457,101009,20190805,-9999,    9
 19457,101009,20190806,-9999,    9
 19457,101009,20190807,-9999,    9
 19457,101009,20190808,-9999,    9
 19457,101009,20190809,-9999,    9
 19457,101009,20190810,-9999,    9
 19457,101009,20190811,-9999,    9
 19457,101009,20190812,-9999,    9
 19457,101009,20190813,-9999,    9
 19457,101009,20190814,-9999,    9
 19457,101009,20190815,-9999,    9
 19457,101009,20190816,-9999,    9
 19457,101009,20190817,-9999,    9
 19457,101009,20190818,-9999,    9
 19457,101009,20190819,-9999,    9
 19457,101009,20190820,-9999,    9
 19457,101009,20190821,-9999,    9
 19457,101009,20190822,-9999,    9
 19457,101009,20190823,-9999,    9
 19457,101009,20190824,-9999,    9
 19457,101009,20190825,-9999,    9
 19457,101009,20190826,-9999,    9
 19457,101009,20190827,-9999,    9
 19457,101009,20190828,-9999,    9
 19457,101009,20190829,-9999,    9
 19457,101009,20190830,-9999,    9
 19457,101009,20190831,-9999,    9
 19457,101009,20190901,-9999,    9
 19457,101009,20190902,-9999,    9
 19457,101009,20190903,-9999,    9
 19457,101009,20190904,-9999,    9
 19457,101009,20190905,-9999,    9
 19457,101009,20190906,-9999,    9
 19457,101009,20190907,-9999,    9
 19457,101009,20190908,-9999,    9
 19457,101009,20190909,-9999,    9
 19457,101009,20190910,-9999,    9
 19457,101009,20190911,-9999,    9
 19457,101009,20190912,-9999,    9
 19457,101009,20190913,-9999,    9
 19457,101009,20190914,-9999,    9
 19457,101009,20190915,-9999,    9
 19457,101009,20190916,-9999,    9
 19457,101009,20190917,-9999,    9
 19457,101009,20190918,-9999,    9
 19457,101009,20190919,-9999,    9
 19457,101009,20190920,-9999,    9
 19457,101009,20190921,-9999,    9
 19457,101009,20190922,-9999,    9
 19457,101009,20190923,-9999,    9
 19457,101009,20190924,-9999,    9
 19457,101009,20190925,-9999,    9
 19457,101009,20190926,-9999,    9
 19457,101009,20190927,-9999,    9
 19457,101009,20190928,-9999,    9
 19457,101009,20190929,-9999,    9
 19457,101009,20190930,-9999,    9
 19457,101009,20191001,-9999,    9
 19457,101009,20191002,-9999,    9
 19457,101009,20191003,-9999,    9
 19457,101009,20191004,-9999,    9
 19457,101009,20191005,-9999,    9
 19457,101009,20191006,-9999,    9
 19457,101009,20191007,-9999,    9
 19457,101009,20191008,-9999,    9
 19457,101009,20191009,-9999,    9
 19457,101009,20191010,-9999,    9
 19457,101009,20191011,-9999,    9
 19457,101009,20191012,-9999,    9
 19457,101009,20191013,-9999,    9
 19457,101009,20191014,-9999,    9
 19457,101009,20191015,-9999,    9
 19457,101009,20191016,-9999,    9
 19457,101009,20191017,-9999,    9
 19457,101009,20191018,-9999,    9
 19457,101009,20191019,-9999,    9
 19457,101009,20191020,-9999,    9
 19457,101009,20191021,-9999,    9
 19457,101009,20191022,-9999,    9
 19457,101009,20191023,-9999,    9
 19457,101009,20191024,-9999,    9
 19457,101009,20191025,-9999,    9
 19457,101009,20191026,-9999,    9
 19457,101009,20191027,-9999,    9
 19457,101009,20191028,-9999,    9
 19457,101009,20191029,-9999,    9
 19457,101009,20191030,-9999,    9
 19457,101009,20191031,-9999,    9
 19457,101009,20191101,-9999,    9
 19457,101009,20191102,-9999,    9
 19457,101009,20191103,-9999,    9
 19457,101009,20191104,-9999,    9
 19457,101009,20191105,-9999,    9
 19457,101009,20191106,-9999,    9
 19457,101009,20191107,-9999,    9
 19457,101009,20191108,-9999,    9
 19457,101009,20191109,-9999,    9
 19457,101009,20191110,-9999,    9
 19457,101009,20191111,-9999,    9
 19457,101009,20191112,-9999,    9
 19457,101009,20191113,-9999,    9
 19457,101009,20191114,-9999,    9
 19457,101009,20191115,-9999,    9
 19457,101009,20191116,-9999,    9
 19457,101009,20191117,-9999,    9
 19457,101009,20191118,-9999,    9
 19457,101009,20191119,-9999,    9
 19457,101009,20191120,-9999,    9
 19457,101009,20191121,-9999,    9
 19457,101009,20191122,-9999,    9
 19457,101009,20191123,-9999,    9
 19457,101009,20191124,-9999,    9
 19457,101009,20191125,-9999,    9
 19457,101009,20191126,-9999,    9
 19457,101009,20191127,-9999,    9
 19457,101009,20191128,-9999,    9
 19457,101009,20191129,-9999,    9
 19457,101009,20191130,-9999,    9
 19457,101009,20191201,-9999,    9
 19457,101009,20191202,-9999,    9
 19457,101009,20191203,-9999,    9
 19457,101009,20191204,-9999,    9
 19457,101009,20191205,-9999,    9
 19457,101009,20191206,-9999,    9
 19457,101009,20191207,-9999,    9
 19457,101009,20191208,-9999,    9
 19457,101009,20191209,-9999,    9
 19457,101009,20191210,-9999,    9
 19457,101009,20191211,-9999,    9
 19457,101009,20191212,-9999,    9
 19457,101009,20191213,-9999,    9
 19457,101009,20191214,-9999,    9
 19457,101009,20191215,-9999,    9
 19457,101009,20191216,-9999,    9
 19457,101009,20191217,-9999,    9
 19457,101009,20191218,-9999,    9
 19457,101009,20191219,-9999,    9
 19457,101009,20191220,-9999,    9
 19457,101009,20191221,-9999,    9
 19457,101009,20191222,-9999,    9
 19457,101009,20191223,-9999,    9
 19457,101009,20191224,-9999,    9
 19457,101009,20191225,-9999,    9
 19457,101009,20191226,-9999,    9
 19457,101009,20191227,-9999,    9
 19457,101009,20191228,-9999,    9
 19457,101009,20191229,-9999,    9
 19457,101009,20191230,-9999,    9
 19457,101009,20191231,-9999,    9
 19457,101009,20200101,-9999,    9
 19457,101009,20200102,-9999,    9
 19457,101009,20200103,-9999,    9
 19457,101009,20200104,-9999,    9
 19457,101009,20200105,-9999,    9
 19457,101009,20200106,-9999,    9
 19457,101009,20200107,-9999,    9
 19457,101009,20200108,-9999,    9
 19457,101009,20200109,-9999,    9
 19457,101009,20200110,-9999,    9
 19457,101009,20200111,-9999,    9
 19457,101009,20200112,-9999,    9
 19457,101009,20200113,-9999,    9
 19457,101009,20200114,-9999,    9
 19457,101009,20200115,-9999,    9
 19457,101009,20200116,-9999,    9
 19457,101009,20200117,-9999,    9
 19457,101009,20200118,-9999,    9
 19457,101009,20200119,-9999,    9
 19457,101009,20200120,-9999,    9
 19457,101009,20200121,-9999,    9
 19457,101009,20200122,-9999,    9
 19457,101009,20200123,-9999,    9
 19457,101009,20200124,-9999,    9
 19457,101009,20200125,-9999,    9
 19457,101009,20200126,-9999,    9
 19457,101009,20200127,-9999,    9
 19457,101009,20200128,-9999,    9
 19457,101009,20200129,-9999,    9
 19457,101009,20200130,-9999,    9
 19457,101009,20200131,-9999,    9
 19457,101009,20200201,-9999,    9
 19457,101009,20200202,-9999,    9
 19457,101009,20200203,-9999,    9
 19457,101009,20200204,-9999,    9
 19457,101009,20200205,-9999,    9
 19457,101009,20200206,-9999,    9
 19457,101009,20200207,-9999,    9
 19457,101009,20200208,-9999,    9
 19457,101009,20200209,-9999,    9
 19457,101009,20200210,-9999,    9
 19457,101009,20200211,-9999,    9
 19457,101009,20200212,-9999,    9
 19457,101009,20200213,-9999,    9
 19457,101009,20200214,-9999,    9
 19457,101009,20200215,-9999,    9
 19457,101009,20200216,-9999,    9
 19457,101009,20200217,-9999,    9
 19457,101009,20200218,-9999,    9
 19457,101009,20200219,-9999,    9
 19457,101009,20200220,-9999,    9
 19457,101009,20200221,-9999,    9
 19457,101009,20200222,-9999,    9
 19457,101009,20200223,-9999,    9
 19457,101009,20200224,-9999,    9
 19457,101009,20200225,-9999,    9
 19457,101009,20200226,-9999,    9
 19457,101009,20200227,-9999,    9
 19457,101009,20200228,-9999,    9
 19457,101009,20200229,-9999,    9
 19457,101009,20200301,-9999,    9
 19457,101009,20200302,-9999,    9
 19457,101009,20200303,-9999,    9
 19457,101009,20200304,-9999,    9
 19457,101009,20200305,-9999,    9
 19457,101009,20200306,-9999,    9
 19457,101009,20200307,-9999,    9
 19457,101009,20200308,-9999,    9
 19457,101009,20200309,-9999,    9
 19457,101009,20200310,-9999,    9
 19457,101009,20200311,-9999,    9
 19457,101009,20200312,-9999,    9
 19457,101009,20200313,-9999,    9
 19457,101009,20200314,-9999,    9
 19457,101009,20200315,-9999,    9
 19457,101009,20200316,-9999,    9
 19457,101009,20200317,-9999,    9
 19457,101009,20200318,-9999,    9
 19457,101009,20200319,-9999,    9
 19457,101009,20200320,-9999,    9
 19457,101009,20200321,-9999,    9
 19457,101009,20200322,-9999,    9
 19457,101009,20200323,-9999,    9
 19457,101009,20200324,-9999,    9
 19457,101009,20200325,-9999,    9
 19457,101009,20200326,-9999,    9
 19457,101009,20200327,-9999,    9
 19457,101009,20200328,-9999,    9
 19457,101009,20200329,-9999,    9
 19457,101009,20200330,-9999,    9
 19457,101009,20200331,-9999,    9
 19457,101009,20200401,-9999,    9
 19457,101009,20200402,-9999,    9
 19457,101009,20200403,-9999,    9
 19457,101009,20200404,-9999,    9
 19457,101009,20200405,-9999,    9
 19457,101009,20200406,-9999,    9
 19457,101009,20200407,-9999,    9
 19457,101009,20200408,-9999,    9
 19457,101009,20200409,-9999,    9
 19457,101009,20200410,-9999,    9
 19457,101009,20200411,-9999,    9
 19457,101009,20200412,-9999,    9
 19457,101009,20200413,-9999,    9
 19457,101009,20200414,-9999,    9
 19457,101009,20200415,-9999,    9
 19457,101009,20200416,-9999,    9
 19457,101009,20200417,-9999,    9
 19457,101009,20200418,-9999,    9
 19457,101009,20200419,-9999,    9
 19457,101009,20200420,-9999,    9
 19457,101009,20200421,-9999,    9
 19457,101009,20200422,-9999,    9
 19457,101009,20200423,-9999,    9
 19457,101009,20200424,-9999,    9
 19457,101009,20200425,-9999,    9
 19457,101009,20200426,-9999,    9
 19457,101009,20200427,-9999,    9
 19457,101009,20200428,-9999,    9
 19457,101009,20200429,-9999,    9
 19457,101009,20200430,-9999,    9
 19457,101009,20200501,-9999,    9
 19457,101009,20200502,-9999,    9
 19457,101009,20200503,-9999,    9
 19457,101009,20200504,-9999,    9
 19457,101009,20200505,-9999,    9
 19457,101009,20200506,-9999,    9
 19457,101009,20200507,-9999,    9
 19457,101009,20200508,-9999,    9
 19457,101009,20200509,-9999,    9
 19457,101009,20200510,-9999,    9
 19457,101009,20200511,-9999,    9
 19457,101009,20200512,-9999,    9
 19457,101009,20200513,-9999,    9
 19457,101009,20200514,-9999,    9
 19457,101009,20200515,-9999,    9
 19457,101009,20200516,-9999,    9
 19457,101009,20200517,-9999,    9
 19457,101009,20200518,-9999,    9
 19457,101009,20200519,-9999,    9
 19457,101009,20200520,-9999,    9
 19457,101009,20200521,-9999,    9
 19457,101009,20200522,-9999,    9
 19457,101009,20200523,-9999,    9
 19457,101009,20200524,-9999,    9
 19457,101009,20200525,-9999,    9
 19457,101009,20200526,-9999,    9
 19457,101009,20200527,-9999,    9
 19457,101009,20200528,-9999,    9
 19457,101009,20200529,-9999,    9
 19457,101009,20200530,-9999,    9
 19457,101009,20200531,-9999,    9
 19457,101009,20200601,-9999,    9
 19457,101009,20200602,-9999,    9
 19457,101009,20200603,-9999,    9
 19457,101009,20200604,-9999,    9
 19457,101009,20200605,-9999,    9
 19457,101009,20200606,-9999,    9
 19457,101009,20200607,-9999,    9
 19457,101009,20200608,-9999,    9
 19457,101009,20200609,-9999,    9
 19457,101009,20200610,-9999,    9
 19457,101009,20200611,-9999,    9
 19457,101009,20200612,-9999,    9
 19457,101009,20200613,-9999,    9
 19457,101009,20200614,-9999,    9
 19457,101009,20200615,-9999,    9
 19457,101009,20200616,-9999,    9
 19457,101009,20200617,-9999,    9
 19457,101009,20200618,-9999,    9
 19457,101009,20200619,-9999,    9
 19457,101009,20200620,-9999,    9
 19457,101009,20200621,-9999,    9
 19457,101009,20200622,-9999,    9
 19457,101009,20200623,-9999,    9
 19457,101009,20200624,-9999,    9
 19457,101009,20200625,-9999,    9
 19457,101009,20200626,-9999,    9
 19457,101009,20200627,-9999,    9
 19457,101009,20200628,-9999,    9
 19457,101009,20200629,-9999,    9
 19457,101009,20200630,-9999,    9
 19457,101009,20200701,-9999,    9
 19457,101009,20200702,-9999,    9
 19457,101009,20200703,-9999,    9
 19457,101009,20200704,-9999,    9
 19457,101009,20200705,-9999,    9
 19457,101009,20200706,-9999,    9
 19457,101009,20200707,-9999,    9
 19457,101009,20200708,-9999,    9
 19457,101009,20200709,-9999,    9
 19457,101009,20200710,-9999,    9
 19457,101009,20200711,-9999,    9
 19457,101009,20200712,-9999,    9
 19457,101009,20200713,-9999,    9
 19457,101009,20200714,-9999,    9
 19457,101009,20200715,-9999,    9
 19457,101009,20200716,-9999,    9
 19457,101009,20200717,-9999,    9
 19457,101009,20200718,-9999,    9
 19457,101009,20200719,-9999,    9
 19457,101009,20200720,-9999,    9
 19457,101009,20200721,-9999,    9
 19457,101009,20200722,-9999,    9
 19457,101009,20200723,-9999,    9
 19457,101009,20200724,-9999,    9
 19457,101009,20200725,-9999,    9
 19457,101009,20200726,-9999,    9
 19457,101009,20200727,-9999,    9
 19457,101009,20200728,-9999,    9
 19457,101009,20200729,-9999,    9
 19457,101009,20200730,-9999,    9
 19457,101009,20200731,-9999,    9
 19457,101009,20200801,-9999,    9
 19457,101009,20200802,-9999,    9
 19457,101009,20200803,-9999,    9
 19457,101009,20200804,-9999,    9
 19457,101009,20200805,-9999,    9
 19457,101009,20200806,-9999,    9
 19457,101009,20200807,-9999,    9
 19457,101009,20200808,-9999,    9
 19457,101009,20200809,-9999,    9
 19457,101009,20200810,-9999,    9
 19457,101009,20200811,-9999,    9
 19457,101009,20200812,-9999,    9
 19457,101009,20200813,-9999,    9
 19457,101009,20200814,-9999,    9
 19457,101009,20200815,-9999,    9
 19457,101009,20200816,-9999,    9
 19457,101009,20200817,-9999,    9
 19457,101009,20200818,-9999,    9
 19457,101009,20200819,-9999,    9
 19457,101009,20200820,-9999,    9
 19457,101009,20200821,-9999,    9
 19457,101009,20200822,-9999,    9
 19457,101009,20200823,-9999,    9
 19457,101009,20200824,-9999,    9
 19457,101009,20200825,-9999,    9
 19457,101009,20200826,-9999,    9
 19457,101009,20200827,-9999,    9
 19457,101009,20200828,-9999,    9
 19457,101009,20200829,-9999,    9
 19457,101009,20200830,-9999,    9
 19457,101009,20200831,-9999,    9
 19457,101009,20200901,-9999,    9
 19457,101009,20200902,-9999,    9
 19457,101009,20200903,-9999,    9
 19457,101009,20200904,-9999,    9
 19457,101009,20200905,-9999,    9
 19457,101009,20200906,-9999,    9
 19457,101009,20200907,-9999,    9
 19457,101009,20200908,-9999,    9
 19457,101009,20200909,-9999,    9
 19457,101009,20200910,-9999,    9
 19457,101009,20200911,-9999,    9
 19457,101009,20200912,-9999,    9
 19457,101009,20200913,-9999,    9
 19457,101009,20200914,-9999,    9
 19457,101009,20200915,-9999,    9
 19457,101009,20200916,-9999,    9
 19457,101009,20200917,-9999,    9
 19457,101009,20200918,-9999,    9
 19457,101009,20200919,-9999,    9
 19457,101009,20200920,-9999,    9
 19457,101009,20200921,-9999,    9
 19457,101009,20200922,-9999,    9
 19457,101009,20200923,-9999,    9
 19457,101009,20200924,-9999,    9
 19457,101009,20200925,-9999,    9
 19457,101009,20200926,-9999,    9
 19457,101009,20200927,-9999,    9
 19457,101009,20200928,-9999,    9
 19457,101009,20200929,-9999,    9
 19457,101009,20200930,-9999,    9
 19457,101009,20201001,-9999,    9
 19457,101009,20201002,-9999,    9
 19457,101009,20201003,-9999,    9
 19457,101009,20201004,-9999,    9
 19457,101009,20201005,-9999,    9
 19457,101009,20201006,-9999,    9
 19457,101009,20201007,-9999,    9
 19457,101009,20201008,-9999,    9
 19457,101009,20201009,-9999,    9
 19457,101009,20201010,-9999,    9
 19457,101009,20201011,-9999,    9
 19457,101009,20201012,-9999,    9
 19457,101009,20201013,-9999,    9
 19457,101009,20201014,-9999,    9
 19457,101009,20201015,-9999,    9
 19457,101009,20201016,-9999,    9
 19457,101009,20201017,-9999,    9
 19457,101009,20201018,-9999,    9
 19457,101009,20201019,-9999,    9
 19457,101009,20201020,-9999,    9
 19457,101009,20201021,-9999,    9
 19457,101009,20201022,-9999,    9
 19457,101009,20201023,-9999,    9
 19457,101009,20201024,-9999,    9
 19457,101009,20201025,-9999,    9
 19457,101009,20201026,-9999,    9
 19457,101009,20201027,-9999,    9
 19457,101009,20201028,-9999,    9
 19457,101009,20201029,-9999,    9
 19457,101009,20201030,-9999,    9
 19457,101009,20201031,-9999,    9
 19457,101009,20201101,-9999,    9
 19457,101009,20201102,-9999,    9
 19457,101009,20201103,-9999,    9
 19457,101009,20201104,-9999,    9
 19457,101009,20201105,-9999,    9
 19457,101009,20201106,-9999,    9
 19457,101009,20201107,-9999,    9
 19457,101009,20201108,-9999,    9
 19457,101009,20201109,-9999,    9
 19457,101009,20201110,-9999,    9
 19457,101009,20201111,-9999,    9
 19457,101009,20201112,-9999,    9
 19457,101009,20201113,-9999,    9
 19457,101009,20201114,-9999,    9
 19457,101009,20201115,-9999,    9
 19457,101009,20201116,-9999,    9
 19457,101009,20201117,-9999,    9
 19457,101009,20201118,-9999,    9
 19457,101009,20201119,-9999,    9
 19457,101009,20201120,-9999,    9
 19457,101009,20201121,-9999,    9
 19457,101009,20201122,-9999,    9
 19457,101009,20201123,-9999,    9
 19457,101009,20201124,-9999,    9
 19457,101009,20201125,-9999,    9
 19457,101009,20201126,-9999,    9
 19457,101009,20201127,-9999,    9
 19457,101009,20201128,-9999,    9
 19457,101009,20201129,-9999,    9
 19457,101009,20201130,-9999,    9
 19457,101009,20201201,-9999,    9
 19457,101009,20201202,-9999,    9
 19457,101009,20201203,-9999,    9
 19457,101009,20201204,-9999,    9
 19457,101009,20201205,-9999,    9
 19457,101009,20201206,-9999,    9
 19457,101009,20201207,-9999,    9
 19457,101009,20201208,-9999,    9
 19457,101009,20201209,-9999,    9
 19457,101009,20201210,-9999,    9
 19457,101009,20201211,-9999,    9
 19457,101009,20201212,-9999,    9
 19457,101009,20201213,-9999,    9
 19457,101009,20201214,-9999,    9
 19457,101009,20201215,-9999,    9
 19457,101009,20201216,-9999,    9
 19457,101009,20201217,-9999,    9
 19457,101009,20201218,-9999,    9
 19457,101009,20201219,-9999,    9
 19457,101009,20201220,-9999,    9
 19457,101009,20201221,-9999,    9
 19457,101009,20201222,-9999,    9
 19457,101009,20201223,-9999,    9
 19457,101009,20201224,-9999,    9
 19457,101009,20201225,-9999,    9
 19457,101009,20201226,-9999,    9
 19457,101009,20201227,-9999,    9
 19457,101009,20201228,-9999,    9
 19457,101009,20201229,-9999,    9
 19457,101009,20201230,-9999,    9
 19457,101009,20201231,-9999,    9
 19457,101009,20210101,-9999,    9
 19457,101009,20210102,-9999,    9
 19457,101009,20210103,-9999,    9
 19457,101009,20210104,-9999,    9
 19457,101009,20210105,-9999,    9
 19457,101009,20210106,-9999,    9
 19457,101009,20210107,-9999,    9
 19457,101009,20210108,-9999,    9
 19457,101009,20210109,-9999,    9
 19457,101009,20210110,-9999,    9
 19457,101009,20210111,-9999,    9
 19457,101009,20210112,-9999,    9
 19457,101009,20210113,-9999,    9
 19457,101009,20210114,-9999,    9
 19457,101009,20210115,-9999,    9
 19457,101009,20210116,-9999,    9
 19457,101009,20210117,-9999,    9
 19457,101009,20210118,-9999,    9
 19457,101009,20210119,-9999,    9
 19457,101009,20210120,-9999,    9
 19457,101009,20210121,-9999,    9
 19457,101009,20210122,-9999,    9
 19457,101009,20210123,-9999,    9
 19457,101009,20210124,-9999,    9
 19457,101009,20210125,-9999,    9
 19457,101009,20210126,-9999,    9
 19457,101009,20210127,-9999,    9
 19457,101009,20210128,-9999,    9
 19457,101009,20210129,-9999,    9
 19457,101009,20210130, -138,    0
 19457,101009,20210131, -104,    0
 19457,101009,20210201, -191,    0
 19457,101009,20210202, -215,    0
 19457,101009,20210203, -146,    0
 19457,101009,20210204, -229,    0
 19457,101009,20210205, -211,    0
 19457,101009,20210206, -164,    0
 19457,101009,20210207, -166,    0
 19457,101009,20210208, -167,    0
 19457,101009,20210209, -150,    0
 19457,101009,20210210, -185,    0
 19457,101009,20210211, -234,    0
 19457,101009,20210212, -229,    0
 19457,101009,20210213, -221,    0
 19457,101009,20210214, -212,    0
 19457,101009,20210215,  -62,    0
 19457,101009,20210216,  -64,    0
 19457,101009,20210217,  -69,    0
 19457,101009,20210218,  -57,    0
 19457,101009,20210219,  -26,    0
 19457,101009,20210220,   10,    0
 19457,101009,20210221,   27,    0
 19457,101009,20210222,   24,    0
 19457,101009,20210223,   13,    0
 19457,101009,20210224,   32,    0
 19457,101009,20210225,   23,    0
 19457,101009,20210226,   14,    0
 19457,101009,20210227,   29,    0
 19457,101009,20210228,   30,    0
 19457,118340,20210301,-9999,    9
 19457,118340,20210302,-9999,    9
 19457,118340,20210303,-9999,    9
 19457,118340,20210304,-9999,    9
 19457,118340,20210305,-9999,    9
 19457,118340,20210306,-9999,    9
 19457,118340,20210307,-9999,    9
 19457,118340,20210308, -125,    0
 19457,118340,20210309,  -58,    0
 19457,118340,20210310,  -54,    0
 19457,118340,20210311,  -32,    0
 19457,118340,20210312,  -22,    0
 19457,118340,20210313,  -32,    0
 19457,118340,20210314,  -38,    0
 19457,118340,20210315,  -35,    0
 19457,118340,20210316,  -63,    0
 19457,118340,20210317, -108,    0
 19457,118340,20210318,-9999,    9
 19457,118340,20210319,  -35,    0
 19457,118340,20210320,   19,    0
 19457,118340,20210321,  -30,    0
 19457,118340,20210322,   13,    0
 19457,118340,20210323,   18,    0
 19457,118340,20210324,    5,    0
 19457,118340,20210325,    0,    0
 19457,118340,20210326,    2,    0
 19457,118340,20210327,  -13,    0
 19457,118340,20210328,  -23,    0
 19457,118340,20210329,   29,    0
 19457,118340,20210330,   49,    0
 19457,118340,20210331,   27,    0
 19457,118340,20210401,   -5,    0
 19457,118340,20210402,   -4,    0
 19457,118340,20210403,   -3,    0
 19457,118340,20210404,-9999,    9
 19457,118340,20210405,-9999,    9
 19457,118340,20210406,-9999,    9
 19457,118340,20210407,  -38,    0
 19457,118340,20210408,  -53,    0
 19457,118340,20210409,  -36,    0
 19457,118340,20210410,  -48,    0
 19457,101009,20210411,  -64,    0
 19457,118340,20210412,  -36,    0
 19457,118340,20210413,  -43,    0
 19457,118340,20210414,  -45,    0
 19457,118340,20210415,  -54,    0
 19457,118340,20210416,  -54,    0
 19457,118340,20210417,  -11,    0
 19457,118340,20210418,    2,    0
 19457,118340,20210419,   10,    0
 19457,118340,20210420,   10,    0
 19457,118340,20210421,   -7,    0
 19457,118340,20210422,  -16,    0
 19457,118340,20210423,  -25,    0
 19457,118340,20210424,  -46,    0
 19457,118340,20210425,  -46,    0
 19457,118340,20210426,  -38,    0
 19457,118340,20210427,  -22,    0
 19457,118340,20210428,   -2,    0
 19457,118340,20210429,  -21,    0
 19457,118340,20210430,  -23,    0
 19457,118340,20210501,  -15,    0
 19457,118340,20210502,  -19,    0
 19457,118340,20210503,   -7,    0
 19457,118340,20210504,  -23,    0
 19457,118340,20210505,  -19,    0
 19457,118340,20210506,  -23,    0
 19457,118340,20210507,  -24,    0
 19457,118340,20210508,   -4,    0
 19457,118340,20210509,    5,    0
 19457,118340,20210510,   36,    0
 19457,118340,20210511,   56,    0
 19457,118340,20210512,   37,    0
 19457,118340,20210513,   62,    0
 19457,118340,20210514,   82,    0
 19457,118340,20210515,   54,    0
 19457,118340,20210516,   44,    0
 19457,118340,20210517,   46,    0
 19457,118340,20210518,   45,    0
 19457,118340,20210519,   46,    0
 19457,118340,20210520,   47,    0
 19457,118340,20210521,   37,    0
 19457,118340,20210522,   40,    0
 19457,118340,20210523,   44,    0
 19457,118340,20210524,   45,    0
 19457,118340,20210525,-9999,    9
 19457,118340,20210526,-9999,    9
 19457,118340,20210527,-9999,    9
 19457,118340,20210528,-9999,    9
 19457,118340,20210529,  113,    0
 19457,118340,20210530,  127,    0
 19457,118340,20210531,  134,    0
 19457,118340,20210601,  131,    0
 19457,118340,20210602,  117,    0
 19457,118340,20210603,  110,    0
 19457,118340,20210604,  113,    0
 19457,118340,20210605,  127,    0
 19457,118340,20210606,  119,    0
 19457,118340,20210607,  119,    0
 19457,118340,20210608,  124,    0
 19457,118340,20210609,  121,    0
 19457,118340,20210610,  118,    0
 19457,118340,20210611,  116,    0
 19457,118340,20210612,   80,    0
 19457,118340,20210613,   85,    0
 19457,118340,20210614,   91,    0
 19457,118340,20210615,   74,    0
 19457,118340,20210616,   85,    0
 19457,118340,20210617,  126,    0
 19457,118340,20210618,  125,    0
 19457,118340,20210619,   94,    0
 19457,118340,20210620,  106,    0
 19457,118340,20210621,  117,    0
 19457,118340,20210622,  114,    0
 19457,118340,20210623,  133,    0
 19457,118340,20210624,  139,    0
 19457,118340,20210625,  143,    0
 19457,118340,20210626,  147,    0
 19457,118340,20210627,  155,    0
 19457,118340,20210628,  164,    0
 19457,118340,20210629,  162,    0
 19457,118340,20210630,  119,    0
 19457,118340,20210701,  123,    0
 19457,118340,20210702,  156,    0
 19457,118340,20210703,  164,    0
 19457,118340,20210704,  140,    0
 19457,118340,20210705,  130,    0
 19457,118340,20210706,  122,    0
 19457,101009,20210707,  113,    0
 19457,118340,20210708,  112,    0
 19457,101009,20210709,  130,    0
 19457,101009,20210710,  108,    0
 19457,101009,20210711,  130,    0
 19457,118340,20210712,  137,    0
 19457,118340,20210713,  148,    0
 19457,118340,20210714,  154,    0
 19457,118340,20210715,  165,    0
 19457,118340,20210716,  164,    0
 19457,118340,20210717,  145,    0
 19457,118340,20210718,  108,    0
 19457,118340,20210719,  120,    0
 19457,118340,20210720,  124,    0
 19457,101009,20210721,  112,    0
 19457,101009,20210722,  158,    0
 19457,101009,20210723,  140,    0
 19457,101009,20210724,  164,    0
 19457,118340,20210725,  154,    0
 19457,118340,20210726,  146,    0
 19457,118340,20210727,  136,    0
 19457,118340,20210728,  129,    0
 19457,101009,20210729,  112,    0
 19457,118340,20210730,  148,    0
 19457,118340,20210731,  125,    0
 19457,118340,20210801,   91,    0
 19457,118340,20210802,   97,    0
 19457,118340,20210803,  104,    0
 19457,118340,20210804,  109,    0
 19457,118340,20210805,   93,    0
 19457,118340,20210806,  100,    0
 19457,118340,20210807,  101,    0
 19457,118340,20210808,  112,    0
 19457,118340,20210809,   99,    0
 19457,118340,20210810,  118,    0
 19457,118340,20210811,  121,    0
 19457,118340,20210812,  118,    0
 19457,118340,20210813,  107,    0
 19457,118340,20210814,   93,    0
 19457,118340,20210815,   95,    0
 19457,118340,20210816,   74,    0
 19457,118340,20210817,  121,    0
 19457,118340,20210818,   89,    0
 19457,118340,20210819,   91,    0
 19457,118340,20210820,   82,    0
 19457,118340,20210821,   89,    0
 19457,118340,20210822,  106,    0
 19457,118340,20210823,  118,    0
 19457,118340,20210824,  128,    0
 19457,118340,20210825,  131,    0
 19457,118340,20210826,   91,    0
 19457,118340,20210827,   83,    0
 19457,118340,20210828,  103,    0
 19457,118340,20210829,  126,    0
 19457,118340,20210830,  134,    0
 19457,118340,20210831,  135,    0
 19457,118340,20210901,  125,    0
 19457,118340,20210902,  125,    0
 19457,118340,20210903,  106,    0
 19457,118340,20210904,   69,    0
 19457,118340,20210905,  103,    0
 19457,118340,20210906,  100,    0
 19457,118340,20210907,  117,    0
 19457,118340,20210908,  139,    0
 19457,118340,20210909,  127,    0
 19457,118340,20210910,  131,    0
 19457,118340,20210911,  120,    0
 19457,118340,20210912,  122,    0
 19457,118340,20210913,   87,    0
 19457,118340,20210914,   81,    0
 19457,118340,20210915,   76,    0
 19457,118340,20210916,   59,    0
 19457,118340,20210917,   38,    0
 19457,118340,20210918,   43,    0
 19457,118340,20210919,   42,    0
 19457,118340,20210920,   43,    0
 19457,118340,20210921,   70,    0
 19457,118340,20210922,  100,    0
 19457,118340,20210923,   53,    0
 19457,118340,20210924,   62,    0
 19457,118340,20210925,   70,    0
 19457,118340,20210926,   86,    0
 19457,118340,20210927,   85,    0
 19457,118340,20210928,   76,    0
 19457,118340,20210929,   64,    0
 19457,118340,20210930,   60,    0
 19457,118340,20211001,   67,    0
 19457,118340,20211002,   54,    0
 19457,118340,20211003,   68,    0
 19457,118340,20211004,   64,    0
 19457,118340,20211005,   62,    0
 19457,118340,20211006,   58,    0
 19457,118340,20211007,   69,    0
 19457,118340,20211008,   91,    0
 19457,118340,20211009,  102,    0
 19457,118340,20211010,   56,    0
 19457,118340,20211011,   27,    0
 19457,118340,20211012,   16,    0
 19457,118340,20211013,    3,    0
 19457,118340,20211014,   59,    0
 19457,118340,20211015,   25,    0
 19457,118340,20211016,   28,    0
 19457,118340,20211017,   -5,    0
 19457,118340,20211018,  -20,    0
 19457,118340,20211019,    5,    0
 19457,118340,20211020,   58,    0
 19457,118340,20211021,   10,    0
 19457,118340,20211022,    1,    0
 19457,118340,20211023,   13,    0
 19457,118340,20211024,   37,    0
 19457,118340,20211025,   48,    0
 19457,118340,20211026,   27,    0
 19457,118340,20211027,   63,    0
 19457,118340,20211028,   82,    0
 19457,118340,20211029,   65,    0
 19457,118340,20211030,   55,    0
 19457,118340,20211031,   44,    0
 19457,118340,20211101,   35,    0
 19457,118340,20211102,   33,    0
 19457,118340,20211103,    5,    0
 19457,118340,20211104,  -21,    0
 19457,118340,20211105,    9,    0
 19457,118340,20211106,    7,    0
 19457,118340,20211107,  -12,    0
 19457,118340,20211108,  -11,    0
 19457,118340,20211109,   26,    0
 19457,118340,20211110,   24,    0
 19457,118340,20211111,    8,    0
 19457,118340,20211112,  -14,    0
 19457,118340,20211113,  -23,    0
 19457,118340,20211114,  -42,    0
 19457,118340,20211115,    3,    0
 19457,118340,20211116,   25,    0
 19457,118340,20211117,   10,    0
 19457,118340,20211118,   15,    0
 19457,118340,20211119,   47,    0
 19457,118340,20211120,    6,    0
 19457,118340,20211121,  -48,    0
 19457,118340,20211122,  -13,    0
 19457,118340,20211123,   21,    0
 19457,118340,20211124,   16,    0
 19457,118340,20211125,  -42,    0
 19457,118340,20211126,  -74,    0
 19457,118340,20211127,  -70,    0
 19457,118340,20211128, -101,    0
 19457,118340,20211129, -126,    0
 19457,118340,20211130,  -97,    0
 19457,118340,20211201, -158,    0
 19457,118340,20211202, -105,    0
 19457,118340,20211203, -118,    0
 19457,118340,20211204, -108,    0
 19457,118340,20211205, -110,    0
 19457,118340,20211206, -137,    0
 19457,118340,20211207, -110,    0
 19457,118340,20211208,  -95,    0
 19457,118340,20211209,  -69,    0
 19457,118340,20211210,  -61,    0
 19457,118340,20211211,  -51,    0
 19457,118340,20211212,  -43,    0
 19457,118340,20211213,  -33,    0
 19457,118340,20211214,  -16,    0
 19457,118340,20211215,   31,    0
 19457,118340,20211216,    5,    0
 19457,118340,20211217,   39,    0
 19457,118340,20211218,   35,    0
 19457,118340,20211219,  -24,    0
 19457,118340,20211220,  -85,    0
 19457,118340,20211221, -109,    0
 19457,118340,20211222,  -96,    0
 19457,118340,20211223,  -92,    0
 19457,118340,20211224, -120,    0
 19457,118340,20211225,  -91,    0
 19457,118340,20211226, -130,    0
 19457,118340,20211227, -129,    0
 19457,118340,20211228,  -93,    0
 19457,118340,20211229, -121,    0
 19457,118340,20211230,   -3,    0
 19457,118340,20211231,   18,    0
 19457,118340,20220101,  -39,    0
 19457,118340,20220102,    2,    0
 19457,118340,20220103,  -22,    0
 19457,118340,20220104,  -52,    0
 19457,118340,20220105,  -98,    0
 19457,118340,20220106, -139,    0
 19457,118340,20220107,  -83,    0
 19457,118340,20220108,  -68,    0
 19457,118340,20220109,  -66,    0
 19457,118340,20220110,  -57,    0
 19457,118340,20220111,  -40,    0
 19457,118340,20220112,   16,    0
 19457,118340,20220113,   36,    0
 19457,118340,20220114,  -31,    0
 19457,118340,20220115,  -39,    0
 19457,118340,20220116,  -13,    0
 19457,118340,20220117,  -46,    0
 19457,118340,20220118,   12,    0
 19457,118340,20220119,  -23,    0
 19457,118340,20220120,  -82,    0
 19457,118340,20220121,   -6,    0
 19457,118340,20220122,   25,    0
 19457,118340,20220123,   20,    0
 19457,118340,20220124,    4,    0
 19457,118340,20220125,   -9,    0
 19457,118340,20220126,   -9,    0
 19457,118340,20220127,   -8,    0
 19457,118340,20220128,  -47,    0
 19457,118340,20220129,    0,    0
 19457,118340,20220130,  -53,    0
 19457,118340,20220131,  -90,    0
 19457,118340,20220201,  -81,    0
 19457,118340,20220202,  -59,    0
 19457,118340,20220203,  -48,    0
 19457,118340,20220204,  -35,    0
 19457,118340,20220205,  -40,    0
 19457,118340,20220206,  -57,    0
 19457,118340,20220207,  -32,    0
 19457,118340,20220208,  -23,    0
 19457,118340,20220209,  -34,    0
 19457,118340,20220210,  -55,    0
 19457,118340,20220211,  -74,    0
 19457,118340,20220212,  -18,    0
 19457,118340,20220213,    3,    0
 19457,118340,20220214,  -22,    0
 19457,118340,20220215,  -40,    0
 19457,118340,20220216,  -42,    0
 19457,118340,20220217,  -73,    0
 19457,118340,20220218,  -46,    0
 19457,118340,20220219,  -74,    0
 19457,118340,20220220,  -78,    0
 19457,118340,20220221,  -40,    0
 19457,118340,20220222,  -99,    0
 19457,118340,20220223,  -33,    0
 19457,118340,20220224,  -48,    0
 19457,118340,20220225,  -40,    0
 19457,118340,20220226,  -90,    0
 19457,118340,20220227,  -31,    0
 19457,118340,20220228,  -38,    0
 19457,118340,20220301,  -19,    0
 19457,118340,20220302,  -17,    0
 19457,118340,20220303, -130,    0
 19457,118340,20220304, -179,    0
 19457,118340,20220305, -144,    0
 19457,118340,20220306,  -28,    0
 19457,118340,20220307,  -30,    0
 19457,118340,20220308, -113,    0
 19457,118340,20220309,  -70,    0
 19457,118340,20220310,  -50,    0
 19457,118340,20220311,  -39,    0
 19457,118340,20220312,  -87,    0
 19457,118340,20220313,  -20,    0
 19457,118340,20220314,  -19,    0
 19457,118340,20220315,  -78,    0
 19457,118340,20220316,  -28,    0
 19457,118340,20220317,  -24,    0
 19457,118340,20220318,  -22,    0
 19457,118340,20220319,   -6,    0
 19457,118340,20220320,  -35,    0
 19457,118340,20220321,  -46,    0
 19457,118340,20220322,  -35,    0
 19457,118340,20220323,  -58,    0
 19457,118340,20220324,   17,    0
 19457,118340,20220325,   33,    0
 19457,118340,20220326,   24,    0
 19457,118340,20220327,   25,    0
 19457,118340,20220328,   -1,    0
 19457,118340,20220329,  -56,    0
 19457,118340,20220330,  -93,    0
 19457,118340,20220331,  -96,    0
 19457,118340,20220401, -101,    0
 19457,118340,20220402,  -86,    0
 19457,118340,20220403,  -23,    0
 19457,118340,20220404,  -35,    0
 19457,118340,20220405,  -68,    0
 19457,118340,20220406,  -81,    0
 19457,118340,20220407,  -57,    0
 19457,118340,20220408,  -56,    0
 19457,118340,20220409,  -32,    0
 19457,118340,20220410,  -25,    0
 19457,118340,20220411,  -35,    0
 19457,118340,20220412,  -36,    0
 19457,118340,20220413,  -12,    0
 19457,118340,20220414,    3,    0
 19457,118340,20220415,   17,    0
 19457,118340,20220416,  -10,    0
 19457,118340,20220417,   -5,    0
 19457,118340,20220418,    5,    0
 19457,118340,20220419,   -2,    0
 19457,118340,20220420,   14,    0
 19457,118340,20220421,   41,    0
 19457,118340,20220422,   62,    0
 19457,118340,20220423,   44,    0
 19457,118340,20220424,   17,    0
 19457,118340,20220425,   20,    0
 19457,118340,20220426,   17,    0
 19457,118340,20220427,   14,    0
 19457,118340,20220428,    9,    0
 19457,118340,20220429,    2,    0
 19457,118340,20220430,   11,    0
 19457,118340,20220501,   28,    0
 19457,118340,20220502,   18,    0
 19457,118340,20220503,    4,    0
 19457,118340,20220504,   15,    0
 19457,118340,20220505,   34,    0
 19457,118340,20220506,   51,    0
 19457,118340,20220507,   23,    0
 19457,118340,20220508,   24,    0
 19457,118340,20220509,   50,    0
 19457,118340,20220510,   40,    0
 19457,118340,20220511,   31,    0
 19457,118340,20220512,   29,    0
 19457,118340,20220513,   35,    0
 19457,118340,20220514,   36,    0
 19457,118340,20220515,   54,    0
 19457,118340,20220516,   65,    0
 19457,118340,20220517,   78,    0
 19457,118340,20220518,   53,    0
 19457,118340,20220519,   61,    0
 19457,118340,20220520,   95,    0
 19457,118340,20220521,   58,    0
 19457,118340,20220522,   77,    0
 19457,118340,20220523,   66,    0
 19457,118340,20220524,   64,    0
 19457,118340,20220525,   61,    0
 19457,118340,20220526,   51,    0
 19457,118340,20220527,   43,    0
 19457,118340,20220528,   59,    0
 19457,118340,20220529,   26,    0
 19457,118340,20220530,   53,    0
 19457,118340,20220531,   71,    0
 19457,118340,20220601,   73,    0
 19457,118340,20220602,   75,    0
 19457,118340,20220603,   85,    0
 19457,118340,20220604,   91,    0
 19457,118340,20220605,  113,    0
 19457,118340,20220606,  124,    0
 19457,118340,20220607,   97,    0
 19457,118340,20220608,   94,    0
 19457,118340,20220609,  108,    0
 19457,118340,20220610,  114,    0
 19457,118340,20220611,   87,    0
 19457,118340,20220612,   78,    0
 19457,118340,20220613,   77,    0
 19457,118340,20220614,   90,    0
 19457,118340,20220615,  101,    0
 19457,118340,20220616,  116,    0
 19457,118340,20220617,   97,    0
 19457,118340,20220618,   80,    0
 19457,118340,20220619,   65,    0
 19457,118340,20220620,  118,    0
 19457,118340,20220621,   93,    0
 19457,118340,20220622,  107,    0
 19457,118340,20220623,  134,    0
 19457,118340,20220624,  151,    0
 19457,118340,20220625,  158,    0
 19457,118340,20220626,  143,    0
 19457,118340,20220627,  113,    0
 19457,118340,20220628,  113,    0
 19457,118340,20220629,  133,    0
 19457,118340,20220630,  142,    0
 19457,118340,20220701,  151,    0
 19457,118340,20220702,  109,    0
 19457,118340,20220703,   95,    0
 19457,118340,20220704,   80,    0
 19457,118340,20220705,   92,    0
 19457,118340,20220706,   74,    0
 19457,118340,20220707,  106,    0
 19457,118340,20220708,  110,    0
 19457,118340,20220709,   90,    0
 19457,118340,20220710,  108,    0
 19457,118340,20220711,  138,    0
 19457,118340,20220712,  135,    0
 19457,118340,20220713,   99,    0
 19457,118340,20220714,   86,    0
 19457,118340,20220715,   76,    0
 19457,118340,20220716,   91,    0
 19457,118340,20220717,  101,    0
 19457,118340,20220718,  121,    0
 19457,118340,20220719,  148,    0
 19457,118340,20220720,  189,    0
 19457,118340,20220721,  167,    0
 19457,118340,20220722,  134,    0
 19457,118340,20220723,  122,    0
 19457,118340,20220724,  108,    0
 19457,118340,20220725,  123,    0
 19457,118340,20220726,   98,    0
 19457,118340,20220727,  109,    0
 19457,118340,20220728,  109,    0
 19457,118340,20220729,  119,    0
 19457,118340,20220730,  110,    0
 19457,118340,20220731,  104,    0
 19457,118340,20220801,   94,    0
 19457,118340,20220802,   67,    0
 19457,118340,20220803,  130,    0
 19457,118340,20220804,  111,    0
 19457,118340,20220805,   85,    0
 19457,118340,20220806,   85,    0
 19457,118340,20220807,   77,    0
 19457,118340,20220808,  118,    0
 19457,118340,20220809,  126,    0
 19457,118340,20220810,  145,    0
 19457,118340,20220811,  149,    0
 19457,118340,20220812,  140,    0
 19457,118340,20220813,  148,    0
 19457,118340,20220814,  157,    0
 19457,118340,20220815,  156,    0
 19457,118340,20220816,  140,    0
 19457,118340,20220817,  140,    0
 19457,118340,20220818,  108,    0
 19457,118340,20220819,  112,    0
 19457,118340,20220820,  125,    0
 19457,118340,20220821,   93,    0
 19457,118340,20220822,   90,    0
 19457,118340,20220823,  101,    0
 19457,118340,20220824,  119,    0
 19457,118340,20220825,  140,    0
 19457,118340,20220826,  126,    0
 19457,118340,20220827,  121,    0
 19457,118340,20220828,  105,    0
 19457,118340,20220829,  117,    0
 19457,118340,20220830,  115,    0
 19457,118340,20220831,  108,    0
 19457,118340,20220901,  111,    0
 19457,118340,20220902,   94,    0
 19457,118340,20220903,  103,    0
 19457,118340,20220904,   91,    0
 19457,118340,20220905,   83,    0
 19457,118340,20220906,   79,    0
 19457,118340,20220907,   71,    0
 19457,118340,20220908,   71,    0
 19457,118340,20220909,   62,    0
 19457,118340,20220910,   80,    0
 19457,118340,20220911,   83,    0
 19457,118340,20220912,   76,    0
 19457,118340,20220913,   75,    0
 19457,118340,20220914,   78,    0
 19457,118340,20220915,   63,    0
 19457,118340,20220916,   70,    0
 19457,118340,20220917,   60,    0
 19457,118340,20220918,   58,    0
 19457,118340,20220919,   44,    0
 19457,118340,20220920,   44,    0
 19457,118340,20220921,   58,    0
 19457,118340,20220922,   61,    0
 19457,118340,20220923,   69,    0
 19457,118340,20220924,   42,    0
 19457,118340,20220925,   32,    0
 19457,118340,20220926,   44,    0
 19457,118340,20220927,   55,    0
 19457,118340,20220928,   54,    0
 19457,118340,20220929,   35,    0
 19457,118340,20220930,   27,    0
 19457,118340,20221001,   54,    0
 19457,118340,20221002,   63,    0
 19457,118340,20221003,   55,    0
 19457,118340,20221004,   56,    0
 19457,118340,20221005,   76,    0
 19457,118340,20221006,   46,    0
 19457,118340,20221007,   55,    0
 19457,118340,20221008,   34,    0
 19457,118340,20221009,   46,    0
 19457,118340,20221010,   44,    0
 19457,118340,20221011,   29,    0
 19457,118340,20221012,   35,    0
 19457,118340,20221013,   42,    0
 19457,118340,20221014,   16,    0
 19457,118340,20221015,   28,    0
 19457,118340,20221016,   21,    0
 19457,118340,20221017,   16,    0
 19457,118340,20221018,   17,    0
 19457,118340,20221019,   -1,    0
 19457,118340,20221020,    0,    0
 19457,118340,20221021,   -7,    0
 19457,118340,20221022,   18,    0
 19457,118340,20221023,   41,    0
 19457,118340,20221024,   24,    0
 19457,118340,20221025,   39,    0
 19457,118340,20221026,   41,    0
 19457,118340,20221027,   65,    0
 19457,118340,20221028,   73,    0
 19457,118340,20221029,   59,    0
 19457,118340,20221030,   33,    0
 19457,118340,20221031,   65,    0
