EUROPEAN CLIMATE ASSESSMENT & DATASET (ECA&D), file created on: 16-11-2022
THESE DATA CAN BE USED FOR NON-COMMERCIAL RESEARCH AND EDUCATION PROVIDED THAT THE FOLLOWING SOURCE IS ACKNOWLEDGED: 

Klein Tank, A.M.G. and Coauthors, 2002. Daily dataset of 20th-century surface
air temperature and precipitation series for the European Climate Assessment.
Int. J. of Climatol., 22, 1441-1453.
Data and metadata available at http://www.ecad.eu

FILE FORMAT (MISSING VALUE CODE = -9999):

01-06 STAID: Station identifier
08-13 SOUID: Source identifier
15-22 DATE : Date YYYYMMDD
24-28 TG   : Mean temperature in 0.1 &#176;C
30-34 Q_TG : quality code for TG (0='valid'; 1='suspect'; 9='missing')

This is the blended series of station RV7 SKULEVIKA, NORWAY (STAID: 18703)
Blended and updated with sources:99714 
See files sources.txt and stations.txt for more info.

STAID, SOUID,    DATE,   TG, Q_TG
 18703, 99714,20151101,-9999,    9
 18703, 99714,20151102,-9999,    9
 18703, 99714,20151103,-9999,    9
 18703, 99714,20151104,-9999,    9
 18703, 99714,20151105,-9999,    9
 18703, 99714,20151106,-9999,    9
 18703, 99714,20151107,-9999,    9
 18703, 99714,20151108,-9999,    9
 18703, 99714,20151109,-9999,    9
 18703, 99714,20151110,-9999,    9
 18703, 99714,20151111,-9999,    9
 18703, 99714,20151112,-9999,    9
 18703, 99714,20151113,-9999,    9
 18703, 99714,20151114,-9999,    9
 18703, 99714,20151115,-9999,    9
 18703, 99714,20151116,-9999,    9
 18703, 99714,20151117,-9999,    9
 18703, 99714,20151118,  -26,    0
 18703, 99714,20151119,  -91,    0
 18703, 99714,20151120, -157,    0
 18703, 99714,20151121,-9999,    9
 18703, 99714,20151122, -169,    0
 18703, 99714,20151123,  -57,    0
 18703, 99714,20151124,  -24,    0
 18703, 99714,20151125,  -49,    0
 18703, 99714,20151126,  -37,    0
 18703, 99714,20151127,   16,    0
 18703, 99714,20151128,  -53,    0
 18703, 99714,20151129,  -56,    0
 18703, 99714,20151130,  -55,    0
 18703, 99714,20151201,  -61,    0
 18703, 99714,20151202,  -21,    0
 18703, 99714,20151203,  -54,    0
 18703, 99714,20151204,  -43,    0
 18703, 99714,20151205,   -2,    0
 18703, 99714,20151206,  -25,    0
 18703, 99714,20151207,  -60,    0
 18703, 99714,20151208,    0,    0
 18703, 99714,20151209,  -20,    0
 18703, 99714,20151210,  -28,    0
 18703, 99714,20151211,  -58,    0
 18703, 99714,20151212,  -62,    0
 18703, 99714,20151213, -107,    0
 18703, 99714,20151214,-9999,    9
 18703, 99714,20151215, -154,    0
 18703, 99714,20151216,  -91,    0
 18703, 99714,20151217,   12,    0
 18703, 99714,20151218,   12,    0
 18703, 99714,20151219,   21,    0
 18703, 99714,20151220,-9999,    9
 18703, 99714,20151221,-9999,    9
 18703, 99714,20151222,-9999,    9
 18703, 99714,20151223,  -29,    0
 18703, 99714,20151224,  -11,    0
 18703, 99714,20151225,  -43,    0
 18703, 99714,20151226, -153,    0
 18703, 99714,20151227, -134,    0
 18703, 99714,20151228, -142,    0
 18703, 99714,20151229,-9999,    9
 18703, 99714,20151230,-9999,    9
 18703, 99714,20151231,  -42,    0
 18703, 99714,20160101,-9999,    9
 18703, 99714,20160102,-9999,    9
 18703, 99714,20160103,-9999,    9
 18703, 99714,20160104,-9999,    9
 18703, 99714,20160105,-9999,    9
 18703, 99714,20160106,-9999,    9
 18703, 99714,20160107,-9999,    9
 18703, 99714,20160108,-9999,    9
 18703, 99714,20160109,-9999,    9
 18703, 99714,20160110,-9999,    9
 18703, 99714,20160111,-9999,    9
 18703, 99714,20160112,-9999,    9
 18703, 99714,20160113,-9999,    9
 18703, 99714,20160114,-9999,    9
 18703, 99714,20160115,-9999,    9
 18703, 99714,20160116,-9999,    9
 18703, 99714,20160117,-9999,    9
 18703, 99714,20160118,-9999,    9
 18703, 99714,20160119,-9999,    9
 18703, 99714,20160120,-9999,    9
 18703, 99714,20160121,-9999,    9
 18703, 99714,20160122,-9999,    9
 18703, 99714,20160123,-9999,    9
 18703, 99714,20160124,-9999,    9
 18703, 99714,20160125,-9999,    9
 18703, 99714,20160126,-9999,    9
 18703, 99714,20160127,-9999,    9
 18703, 99714,20160128,-9999,    9
 18703, 99714,20160129,-9999,    9
 18703, 99714,20160130,-9999,    9
 18703, 99714,20160131,-9999,    9
 18703, 99714,20160201,-9999,    9
 18703, 99714,20160202,-9999,    9
 18703, 99714,20160203,-9999,    9
 18703, 99714,20160204,-9999,    9
 18703, 99714,20160205,-9999,    9
 18703, 99714,20160206,-9999,    9
 18703, 99714,20160207,-9999,    9
 18703, 99714,20160208,-9999,    9
 18703, 99714,20160209,-9999,    9
 18703, 99714,20160210,-9999,    9
 18703, 99714,20160211,-9999,    9
 18703, 99714,20160212,-9999,    9
 18703, 99714,20160213,-9999,    9
 18703, 99714,20160214,-9999,    9
 18703, 99714,20160215,-9999,    9
 18703, 99714,20160216,-9999,    9
 18703, 99714,20160217,-9999,    9
 18703, 99714,20160218,-9999,    9
 18703, 99714,20160219,-9999,    9
 18703, 99714,20160220,-9999,    9
 18703, 99714,20160221,-9999,    9
 18703, 99714,20160222,-9999,    9
 18703, 99714,20160223,-9999,    9
 18703, 99714,20160224,-9999,    9
 18703, 99714,20160225,-9999,    9
 18703, 99714,20160226,-9999,    9
 18703, 99714,20160227,-9999,    9
 18703, 99714,20160228,-9999,    9
 18703, 99714,20160229,-9999,    9
 18703, 99714,20160301,-9999,    9
 18703, 99714,20160302,-9999,    9
 18703, 99714,20160303,-9999,    9
 18703, 99714,20160304,-9999,    9
 18703, 99714,20160305,-9999,    9
 18703, 99714,20160306,-9999,    9
 18703, 99714,20160307,-9999,    9
 18703, 99714,20160308,-9999,    9
 18703, 99714,20160309,-9999,    9
 18703, 99714,20160310,-9999,    9
 18703, 99714,20160311,-9999,    9
 18703, 99714,20160312,-9999,    9
 18703, 99714,20160313,-9999,    9
 18703, 99714,20160314,-9999,    9
 18703, 99714,20160315,-9999,    9
 18703, 99714,20160316,-9999,    9
 18703, 99714,20160317,-9999,    9
 18703, 99714,20160318,-9999,    9
 18703, 99714,20160319,-9999,    9
 18703, 99714,20160320,-9999,    9
 18703, 99714,20160321,-9999,    9
 18703, 99714,20160322,-9999,    9
 18703, 99714,20160323,-9999,    9
 18703, 99714,20160324,-9999,    9
 18703, 99714,20160325,-9999,    9
 18703, 99714,20160326,-9999,    9
 18703, 99714,20160327,-9999,    9
 18703, 99714,20160328,-9999,    9
 18703, 99714,20160329,-9999,    9
 18703, 99714,20160330,-9999,    9
 18703, 99714,20160331,-9999,    9
 18703, 99714,20160401,-9999,    9
 18703, 99714,20160402,-9999,    9
 18703, 99714,20160403,-9999,    9
 18703, 99714,20160404,-9999,    9
 18703, 99714,20160405,-9999,    9
 18703, 99714,20160406,-9999,    9
 18703, 99714,20160407,-9999,    9
 18703, 99714,20160408,-9999,    9
 18703, 99714,20160409,-9999,    9
 18703, 99714,20160410,-9999,    9
 18703, 99714,20160411,-9999,    9
 18703, 99714,20160412,-9999,    9
 18703, 99714,20160413,-9999,    9
 18703, 99714,20160414,-9999,    9
 18703, 99714,20160415,-9999,    9
 18703, 99714,20160416,-9999,    9
 18703, 99714,20160417,-9999,    9
 18703, 99714,20160418,-9999,    9
 18703, 99714,20160419,-9999,    9
 18703, 99714,20160420,-9999,    9
 18703, 99714,20160421,-9999,    9
 18703, 99714,20160422,-9999,    9
 18703, 99714,20160423,-9999,    9
 18703, 99714,20160424,-9999,    9
 18703, 99714,20160425,-9999,    9
 18703, 99714,20160426,-9999,    9
 18703, 99714,20160427,-9999,    9
 18703, 99714,20160428,-9999,    9
 18703, 99714,20160429,-9999,    9
 18703, 99714,20160430,-9999,    9
 18703, 99714,20160501,-9999,    9
 18703, 99714,20160502,-9999,    9
 18703, 99714,20160503,-9999,    9
 18703, 99714,20160504,-9999,    9
 18703, 99714,20160505,-9999,    9
 18703, 99714,20160506,-9999,    9
 18703, 99714,20160507,-9999,    9
 18703, 99714,20160508,-9999,    9
 18703, 99714,20160509,-9999,    9
 18703, 99714,20160510,-9999,    9
 18703, 99714,20160511,-9999,    9
 18703, 99714,20160512,-9999,    9
 18703, 99714,20160513,-9999,    9
 18703, 99714,20160514,-9999,    9
 18703, 99714,20160515,-9999,    9
 18703, 99714,20160516,-9999,    9
 18703, 99714,20160517,-9999,    9
 18703, 99714,20160518,-9999,    9
 18703, 99714,20160519,-9999,    9
 18703, 99714,20160520,-9999,    9
 18703, 99714,20160521,-9999,    9
 18703, 99714,20160522,-9999,    9
 18703, 99714,20160523,-9999,    9
 18703, 99714,20160524,-9999,    9
 18703, 99714,20160525,-9999,    9
 18703, 99714,20160526,-9999,    9
 18703, 99714,20160527,-9999,    9
 18703, 99714,20160528,-9999,    9
 18703, 99714,20160529,-9999,    9
 18703, 99714,20160530,-9999,    9
 18703, 99714,20160531,-9999,    9
 18703, 99714,20160601,-9999,    9
 18703, 99714,20160602,-9999,    9
 18703, 99714,20160603,-9999,    9
 18703, 99714,20160604,-9999,    9
 18703, 99714,20160605,-9999,    9
 18703, 99714,20160606,-9999,    9
 18703, 99714,20160607,-9999,    9
 18703, 99714,20160608,-9999,    9
 18703, 99714,20160609,-9999,    9
 18703, 99714,20160610,-9999,    9
 18703, 99714,20160611,-9999,    9
 18703, 99714,20160612,-9999,    9
 18703, 99714,20160613,-9999,    9
 18703, 99714,20160614,-9999,    9
 18703, 99714,20160615,-9999,    9
 18703, 99714,20160616,-9999,    9
 18703, 99714,20160617,-9999,    9
 18703, 99714,20160618,-9999,    9
 18703, 99714,20160619,-9999,    9
 18703, 99714,20160620,-9999,    9
 18703, 99714,20160621,-9999,    9
 18703, 99714,20160622,-9999,    9
 18703, 99714,20160623,-9999,    9
 18703, 99714,20160624,-9999,    9
 18703, 99714,20160625,-9999,    9
 18703, 99714,20160626,-9999,    9
 18703, 99714,20160627,-9999,    9
 18703, 99714,20160628,-9999,    9
 18703, 99714,20160629,-9999,    9
 18703, 99714,20160630,-9999,    9
 18703, 99714,20160701,-9999,    9
 18703, 99714,20160702,-9999,    9
 18703, 99714,20160703,-9999,    9
 18703, 99714,20160704,-9999,    9
 18703, 99714,20160705,-9999,    9
 18703, 99714,20160706,-9999,    9
 18703, 99714,20160707,-9999,    9
 18703, 99714,20160708,-9999,    9
 18703, 99714,20160709,-9999,    9
 18703, 99714,20160710,-9999,    9
 18703, 99714,20160711,-9999,    9
 18703, 99714,20160712,-9999,    9
 18703, 99714,20160713,-9999,    9
 18703, 99714,20160714,-9999,    9
 18703, 99714,20160715,-9999,    9
 18703, 99714,20160716,-9999,    9
 18703, 99714,20160717,-9999,    9
 18703, 99714,20160718,-9999,    9
 18703, 99714,20160719,-9999,    9
 18703, 99714,20160720,-9999,    9
 18703, 99714,20160721,-9999,    9
 18703, 99714,20160722,-9999,    9
 18703, 99714,20160723,-9999,    9
 18703, 99714,20160724,-9999,    9
 18703, 99714,20160725,-9999,    9
 18703, 99714,20160726,-9999,    9
 18703, 99714,20160727,-9999,    9
 18703, 99714,20160728,-9999,    9
 18703, 99714,20160729,-9999,    9
 18703, 99714,20160730,-9999,    9
 18703, 99714,20160731,-9999,    9
 18703, 99714,20160801,-9999,    9
 18703, 99714,20160802,-9999,    9
 18703, 99714,20160803,-9999,    9
 18703, 99714,20160804,-9999,    9
 18703, 99714,20160805,-9999,    9
 18703, 99714,20160806,-9999,    9
 18703, 99714,20160807,-9999,    9
 18703, 99714,20160808,-9999,    9
 18703, 99714,20160809,-9999,    9
 18703, 99714,20160810,-9999,    9
 18703, 99714,20160811,-9999,    9
 18703, 99714,20160812,-9999,    9
 18703, 99714,20160813,-9999,    9
 18703, 99714,20160814,-9999,    9
 18703, 99714,20160815,-9999,    9
 18703, 99714,20160816,-9999,    9
 18703, 99714,20160817,-9999,    9
 18703, 99714,20160818,-9999,    9
 18703, 99714,20160819,-9999,    9
 18703, 99714,20160820,-9999,    9
 18703, 99714,20160821,-9999,    9
 18703, 99714,20160822,-9999,    9
 18703, 99714,20160823,-9999,    9
 18703, 99714,20160824,-9999,    9
 18703, 99714,20160825,-9999,    9
 18703, 99714,20160826,-9999,    9
 18703, 99714,20160827,-9999,    9
 18703, 99714,20160828,-9999,    9
 18703, 99714,20160829,-9999,    9
 18703, 99714,20160830,-9999,    9
 18703, 99714,20160831,-9999,    9
 18703, 99714,20160901,-9999,    9
 18703, 99714,20160902,-9999,    9
 18703, 99714,20160903,-9999,    9
 18703, 99714,20160904,-9999,    9
 18703, 99714,20160905,-9999,    9
 18703, 99714,20160906,-9999,    9
 18703, 99714,20160907,-9999,    9
 18703, 99714,20160908,-9999,    9
 18703, 99714,20160909,-9999,    9
 18703, 99714,20160910,-9999,    9
 18703, 99714,20160911,-9999,    9
 18703, 99714,20160912,-9999,    9
 18703, 99714,20160913,-9999,    9
 18703, 99714,20160914,-9999,    9
 18703, 99714,20160915,-9999,    9
 18703, 99714,20160916,-9999,    9
 18703, 99714,20160917,-9999,    9
 18703, 99714,20160918,-9999,    9
 18703, 99714,20160919,-9999,    9
 18703, 99714,20160920,-9999,    9
 18703, 99714,20160921,-9999,    9
 18703, 99714,20160922,-9999,    9
 18703, 99714,20160923,-9999,    9
 18703, 99714,20160924,-9999,    9
 18703, 99714,20160925,-9999,    9
 18703, 99714,20160926,-9999,    9
 18703, 99714,20160927,-9999,    9
 18703, 99714,20160928,-9999,    9
 18703, 99714,20160929,-9999,    9
 18703, 99714,20160930,-9999,    9
 18703, 99714,20161001,-9999,    9
 18703, 99714,20161002,-9999,    9
 18703, 99714,20161003,-9999,    9
 18703, 99714,20161004,-9999,    9
 18703, 99714,20161005,-9999,    9
 18703, 99714,20161006,-9999,    9
 18703, 99714,20161007,-9999,    9
 18703, 99714,20161008,-9999,    9
 18703, 99714,20161009,-9999,    9
 18703, 99714,20161010,-9999,    9
 18703, 99714,20161011,-9999,    9
 18703, 99714,20161012,-9999,    9
 18703, 99714,20161013,-9999,    9
 18703, 99714,20161014,-9999,    9
 18703, 99714,20161015,-9999,    9
 18703, 99714,20161016,-9999,    9
 18703, 99714,20161017,-9999,    9
 18703, 99714,20161018,-9999,    9
 18703, 99714,20161019,-9999,    9
 18703, 99714,20161020,-9999,    9
 18703, 99714,20161021,-9999,    9
 18703, 99714,20161022,-9999,    9
 18703, 99714,20161023,-9999,    9
 18703, 99714,20161024,-9999,    9
 18703, 99714,20161025,-9999,    9
 18703, 99714,20161026,-9999,    9
 18703, 99714,20161027,-9999,    9
 18703, 99714,20161028,-9999,    9
 18703, 99714,20161029,-9999,    9
 18703, 99714,20161030,-9999,    9
 18703, 99714,20161031,-9999,    9
 18703, 99714,20161101,-9999,    9
 18703, 99714,20161102,-9999,    9
 18703, 99714,20161103,-9999,    9
 18703, 99714,20161104,-9999,    9
 18703, 99714,20161105,-9999,    9
 18703, 99714,20161106,-9999,    9
 18703, 99714,20161107,-9999,    9
 18703, 99714,20161108,-9999,    9
 18703, 99714,20161109,-9999,    9
 18703, 99714,20161110,-9999,    9
 18703, 99714,20161111,-9999,    9
 18703, 99714,20161112,-9999,    9
 18703, 99714,20161113,-9999,    9
 18703, 99714,20161114,-9999,    9
 18703, 99714,20161115,-9999,    9
 18703, 99714,20161116,-9999,    9
 18703, 99714,20161117,-9999,    9
 18703, 99714,20161118,-9999,    9
 18703, 99714,20161119,-9999,    9
 18703, 99714,20161120,-9999,    9
 18703, 99714,20161121,-9999,    9
 18703, 99714,20161122,-9999,    9
 18703, 99714,20161123,-9999,    9
 18703, 99714,20161124,-9999,    9
 18703, 99714,20161125,-9999,    9
 18703, 99714,20161126,-9999,    9
 18703, 99714,20161127,-9999,    9
 18703, 99714,20161128,-9999,    9
 18703, 99714,20161129,-9999,    9
 18703, 99714,20161130,-9999,    9
 18703, 99714,20161201,-9999,    9
 18703, 99714,20161202,-9999,    9
 18703, 99714,20161203,-9999,    9
 18703, 99714,20161204,-9999,    9
 18703, 99714,20161205,-9999,    9
 18703, 99714,20161206,-9999,    9
 18703, 99714,20161207,-9999,    9
 18703, 99714,20161208,-9999,    9
 18703, 99714,20161209,-9999,    9
 18703, 99714,20161210,-9999,    9
 18703, 99714,20161211,-9999,    9
 18703, 99714,20161212,-9999,    9
 18703, 99714,20161213,-9999,    9
 18703, 99714,20161214,-9999,    9
 18703, 99714,20161215,-9999,    9
 18703, 99714,20161216,-9999,    9
 18703, 99714,20161217,-9999,    9
 18703, 99714,20161218,-9999,    9
 18703, 99714,20161219,-9999,    9
 18703, 99714,20161220,-9999,    9
 18703, 99714,20161221,-9999,    9
 18703, 99714,20161222,-9999,    9
 18703, 99714,20161223,-9999,    9
 18703, 99714,20161224,-9999,    9
 18703, 99714,20161225,-9999,    9
 18703, 99714,20161226,-9999,    9
 18703, 99714,20161227,-9999,    9
 18703, 99714,20161228,-9999,    9
 18703, 99714,20161229,-9999,    9
 18703, 99714,20161230,-9999,    9
 18703, 99714,20161231,-9999,    9
 18703, 99714,20170101,-9999,    9
 18703, 99714,20170102,-9999,    9
 18703, 99714,20170103,-9999,    9
 18703, 99714,20170104,-9999,    9
 18703, 99714,20170105,-9999,    9
 18703, 99714,20170106,-9999,    9
 18703, 99714,20170107,-9999,    9
 18703, 99714,20170108,-9999,    9
 18703, 99714,20170109,-9999,    9
 18703, 99714,20170110,-9999,    9
 18703, 99714,20170111,-9999,    9
 18703, 99714,20170112,-9999,    9
 18703, 99714,20170113,-9999,    9
 18703, 99714,20170114,-9999,    9
 18703, 99714,20170115,-9999,    9
 18703, 99714,20170116,-9999,    9
 18703, 99714,20170117,-9999,    9
 18703, 99714,20170118,-9999,    9
 18703, 99714,20170119,-9999,    9
 18703, 99714,20170120,-9999,    9
 18703, 99714,20170121,-9999,    9
 18703, 99714,20170122,-9999,    9
 18703, 99714,20170123,-9999,    9
 18703, 99714,20170124,-9999,    9
 18703, 99714,20170125,-9999,    9
 18703, 99714,20170126,-9999,    9
 18703, 99714,20170127,-9999,    9
 18703, 99714,20170128,-9999,    9
 18703, 99714,20170129,-9999,    9
 18703, 99714,20170130,-9999,    9
 18703, 99714,20170131,-9999,    9
 18703, 99714,20170201,-9999,    9
 18703, 99714,20170202,-9999,    9
 18703, 99714,20170203,-9999,    9
 18703, 99714,20170204,-9999,    9
 18703, 99714,20170205,-9999,    9
 18703, 99714,20170206,-9999,    9
 18703, 99714,20170207,-9999,    9
 18703, 99714,20170208,-9999,    9
 18703, 99714,20170209,-9999,    9
 18703, 99714,20170210,-9999,    9
 18703, 99714,20170211,-9999,    9
 18703, 99714,20170212,-9999,    9
 18703, 99714,20170213,-9999,    9
 18703, 99714,20170214,-9999,    9
 18703, 99714,20170215,-9999,    9
 18703, 99714,20170216,-9999,    9
 18703, 99714,20170217,-9999,    9
 18703, 99714,20170218,-9999,    9
 18703, 99714,20170219,-9999,    9
 18703, 99714,20170220,-9999,    9
 18703, 99714,20170221,-9999,    9
 18703, 99714,20170222,-9999,    9
 18703, 99714,20170223,-9999,    9
 18703, 99714,20170224,-9999,    9
 18703, 99714,20170225,-9999,    9
 18703, 99714,20170226,-9999,    9
 18703, 99714,20170227,-9999,    9
 18703, 99714,20170228,-9999,    9
 18703, 99714,20170301,-9999,    9
 18703, 99714,20170302,-9999,    9
 18703, 99714,20170303,-9999,    9
 18703, 99714,20170304,-9999,    9
 18703, 99714,20170305,-9999,    9
 18703, 99714,20170306,-9999,    9
 18703, 99714,20170307,-9999,    9
 18703, 99714,20170308,-9999,    9
 18703, 99714,20170309,-9999,    9
 18703, 99714,20170310,-9999,    9
 18703, 99714,20170311,-9999,    9
 18703, 99714,20170312,-9999,    9
 18703, 99714,20170313,  -27,    0
 18703, 99714,20170314,-9999,    9
 18703, 99714,20170315,-9999,    9
 18703, 99714,20170316,-9999,    9
 18703, 99714,20170317,-9999,    9
 18703, 99714,20170318,-9999,    9
 18703, 99714,20170319,-9999,    9
 18703, 99714,20170320,-9999,    9
 18703, 99714,20170321,-9999,    9
 18703, 99714,20170322,-9999,    9
 18703, 99714,20170323,-9999,    9
 18703, 99714,20170324,-9999,    9
 18703, 99714,20170325,-9999,    9
 18703, 99714,20170326,-9999,    9
 18703, 99714,20170327,-9999,    9
 18703, 99714,20170328,-9999,    9
 18703, 99714,20170329,-9999,    9
 18703, 99714,20170330,-9999,    9
 18703, 99714,20170331,-9999,    9
 18703, 99714,20170401,-9999,    9
 18703, 99714,20170402,-9999,    9
 18703, 99714,20170403,  -12,    0
 18703, 99714,20170404,  -14,    0
 18703, 99714,20170405,  -40,    0
 18703, 99714,20170406,  -18,    0
 18703, 99714,20170407,   -2,    0
 18703, 99714,20170408,   -5,    0
 18703, 99714,20170409,    1,    0
 18703, 99714,20170410,  -34,    0
 18703, 99714,20170411,  -52,    0
 18703, 99714,20170412,  -27,    0
 18703, 99714,20170413,  -44,    0
 18703, 99714,20170414,  -80,    0
 18703, 99714,20170415,  -64,    0
 18703, 99714,20170416,  -56,    0
 18703, 99714,20170417,  -68,    0
 18703, 99714,20170418,  -86,    0
 18703, 99714,20170419,  -49,    0
 18703, 99714,20170420,  -12,    0
 18703, 99714,20170421,  -46,    0
 18703, 99714,20170422,  -54,    0
 18703, 99714,20170423,  -65,    0
 18703, 99714,20170424,  -63,    0
 18703, 99714,20170425,  -68,    0
 18703, 99714,20170426,  -75,    0
 18703, 99714,20170427,-9999,    9
 18703, 99714,20170428,  -63,    0
 18703, 99714,20170429,  -57,    0
 18703, 99714,20170430,  -84,    0
 18703, 99714,20170501,  -63,    0
 18703, 99714,20170502,  -50,    0
 18703, 99714,20170503,  -31,    0
 18703, 99714,20170504,  -14,    0
 18703, 99714,20170505,   11,    0
 18703, 99714,20170506,   21,    0
 18703, 99714,20170507,    8,    0
 18703, 99714,20170508,  -37,    0
 18703, 99714,20170509,  -40,    0
 18703, 99714,20170510,  -38,    0
 18703, 99714,20170511,  -32,    0
 18703, 99714,20170512,   -7,    0
 18703, 99714,20170513,    3,    0
 18703, 99714,20170514,   16,    0
 18703, 99714,20170515,   23,    0
 18703, 99714,20170516,   20,    0
 18703, 99714,20170517,   36,    0
 18703, 99714,20170518,   34,    0
 18703, 99714,20170519,   34,    0
 18703, 99714,20170520,-9999,    9
 18703, 99714,20170521,   17,    0
 18703, 99714,20170522,   10,    0
 18703, 99714,20170523,   18,    0
 18703, 99714,20170524,   17,    0
 18703, 99714,20170525,   20,    0
 18703, 99714,20170526,   41,    0
 18703, 99714,20170527,   71,    0
 18703, 99714,20170528,   59,    0
 18703, 99714,20170529,   63,    0
 18703, 99714,20170530,   40,    0
 18703, 99714,20170531,   18,    0
 18703, 99714,20170601,   11,    0
 18703, 99714,20170602,   23,    0
 18703, 99714,20170603,   52,    0
 18703, 99714,20170604,   41,    0
 18703, 99714,20170605,   29,    0
 18703, 99714,20170606,   47,    0
 18703, 99714,20170607,   44,    0
 18703, 99714,20170608,   45,    0
 18703, 99714,20170609,-9999,    9
 18703, 99714,20170610,   43,    0
 18703, 99714,20170611,   59,    0
 18703, 99714,20170612,   43,    0
 18703, 99714,20170613,   41,    0
 18703, 99714,20170614,   48,    0
 18703, 99714,20170615,   75,    0
 18703, 99714,20170616,   55,    0
 18703, 99714,20170617,   56,    0
 18703, 99714,20170618,   57,    0
 18703, 99714,20170619,   36,    0
 18703, 99714,20170620,   18,    0
 18703, 99714,20170621,   27,    0
 18703, 99714,20170622,   61,    0
 18703, 99714,20170623,   67,    0
 18703, 99714,20170624,   35,    0
 18703, 99714,20170625,   34,    0
 18703, 99714,20170626,   26,    0
 18703, 99714,20170627,   42,    0
 18703, 99714,20170628,   81,    0
 18703, 99714,20170629,   81,    0
 18703, 99714,20170630,  107,    0
 18703, 99714,20170701,  106,    0
 18703, 99714,20170702,   57,    0
 18703, 99714,20170703,   42,    0
 18703, 99714,20170704,   59,    0
 18703, 99714,20170705,   61,    0
 18703, 99714,20170706,   73,    0
 18703, 99714,20170707,   79,    0
 18703, 99714,20170708,   65,    0
 18703, 99714,20170709,   57,    0
 18703, 99714,20170710,   69,    0
 18703, 99714,20170711,   67,    0
 18703, 99714,20170712,   39,    0
 18703, 99714,20170713,   39,    0
 18703, 99714,20170714,   58,    0
 18703, 99714,20170715,   88,    0
 18703, 99714,20170716,   59,    0
 18703, 99714,20170717,   33,    0
 18703, 99714,20170718,   55,    0
 18703, 99714,20170719,   98,    0
 18703, 99714,20170720,  114,    0
 18703, 99714,20170721,   86,    0
 18703, 99714,20170722,  100,    0
 18703, 99714,20170723,  114,    0
 18703, 99714,20170724,   95,    0
 18703, 99714,20170725,  104,    0
 18703, 99714,20170726,  103,    0
 18703, 99714,20170727,   91,    0
 18703, 99714,20170728,   76,    0
 18703, 99714,20170729,   82,    0
 18703, 99714,20170730,   86,    0
 18703, 99714,20170731,   74,    0
 18703, 99714,20170801,   75,    0
 18703, 99714,20170802,   66,    0
 18703, 99714,20170803,   63,    0
 18703, 99714,20170804,   82,    0
 18703, 99714,20170805,   82,    0
 18703, 99714,20170806,   65,    0
 18703, 99714,20170807,   62,    0
 18703, 99714,20170808,   77,    0
 18703, 99714,20170809,   76,    0
 18703, 99714,20170810,   71,    0
 18703, 99714,20170811,   81,    0
 18703, 99714,20170812,   69,    0
 18703, 99714,20170813,   35,    0
 18703, 99714,20170814,   54,    0
 18703, 99714,20170815,   71,    0
 18703, 99714,20170816,   73,    0
 18703, 99714,20170817,   65,    0
 18703, 99714,20170818,   94,    0
 18703, 99714,20170819,   68,    0
 18703, 99714,20170820,   69,    0
 18703, 99714,20170821,   69,    0
 18703, 99714,20170822,   72,    0
 18703, 99714,20170823,   74,    0
 18703, 99714,20170824,   66,    0
 18703, 99714,20170825,   71,    0
 18703, 99714,20170826,   66,    0
 18703, 99714,20170827,   75,    0
 18703, 99714,20170828,   89,    0
 18703, 99714,20170829,   65,    0
 18703, 99714,20170830,   44,    0
 18703, 99714,20170831,   51,    0
 18703, 99714,20170901,   46,    0
 18703, 99714,20170902,   57,    0
 18703, 99714,20170903,   60,    0
 18703, 99714,20170904,   44,    0
 18703, 99714,20170905,   63,    0
 18703, 99714,20170906,   74,    0
 18703, 99714,20170907,   55,    0
 18703, 99714,20170908,   34,    0
 18703, 99714,20170909,   53,    0
 18703, 99714,20170910,   55,    0
 18703, 99714,20170911,   53,    0
 18703, 99714,20170912,   49,    0
 18703, 99714,20170913,   43,    0
 18703, 99714,20170914,   42,    0
 18703, 99714,20170915,   46,    0
 18703, 99714,20170916,   48,    0
 18703, 99714,20170917,   48,    0
 18703, 99714,20170918,   56,    0
 18703, 99714,20170919,   51,    0
 18703, 99714,20170920,   36,    0
 18703, 99714,20170921,   29,    0
 18703, 99714,20170922,   36,    0
 18703, 99714,20170923,   50,    0
 18703, 99714,20170924,   65,    0
 18703, 99714,20170925,   62,    0
 18703, 99714,20170926,   49,    0
 18703, 99714,20170927,   57,    0
 18703, 99714,20170928,   46,    0
 18703, 99714,20170929,   39,    0
 18703, 99714,20170930,   34,    0
 18703, 99714,20171001,   41,    0
 18703, 99714,20171002,   47,    0
 18703, 99714,20171003,   18,    0
 18703, 99714,20171004,-9999,    9
 18703, 99714,20171005,   -3,    0
 18703, 99714,20171006,   11,    0
 18703, 99714,20171007,  -10,    0
 18703, 99714,20171008,  -10,    0
 18703, 99714,20171009,  -21,    0
 18703, 99714,20171010,  -16,    0
 18703, 99714,20171011,    6,    0
 18703, 99714,20171012,    5,    0
 18703, 99714,20171013,   21,    0
 18703, 99714,20171014,-9999,    9
 18703, 99714,20171015,   49,    0
 18703, 99714,20171016,   20,    0
 18703, 99714,20171017,-9999,    9
 18703, 99714,20171018,-9999,    9
 18703, 99714,20171019,-9999,    9
 18703, 99714,20171020,-9999,    9
 18703, 99714,20171021,-9999,    9
 18703, 99714,20171022,-9999,    9
 18703, 99714,20171023,-9999,    9
 18703, 99714,20171024,-9999,    9
 18703, 99714,20171025,   -8,    0
 18703, 99714,20171026,    0,    0
 18703, 99714,20171027,   -3,    0
 18703, 99714,20171028,   -7,    0
 18703, 99714,20171029,  -42,    0
 18703, 99714,20171030,  -47,    0
 18703, 99714,20171031,  -14,    0
 18703, 99714,20171101,-9999,    9
 18703, 99714,20171102,-9999,    9
 18703, 99714,20171103,  -13,    0
 18703, 99714,20171104,   -5,    0
 18703, 99714,20171105,  -18,    0
 18703, 99714,20171106,  -54,    0
 18703, 99714,20171107,  -15,    0
 18703, 99714,20171108,   -7,    0
 18703, 99714,20171109,  -19,    0
 18703, 99714,20171110,  -50,    0
 18703, 99714,20171111,  -46,    0
 18703, 99714,20171112,  -39,    0
 18703, 99714,20171113,  -68,    0
 18703, 99714,20171114,  -44,    0
 18703, 99714,20171115,  -32,    0
 18703, 99714,20171116,  -28,    0
 18703, 99714,20171117,  -37,    0
 18703, 99714,20171118,  -46,    0
 18703, 99714,20171119,  -64,    0
 18703, 99714,20171120,  -87,    0
 18703, 99714,20171121, -163,    0
 18703, 99714,20171122, -124,    0
 18703, 99714,20171123,  -15,    0
 18703, 99714,20171124,  -60,    0
 18703, 99714,20171125,  -66,    0
 18703, 99714,20171126,  -77,    0
 18703, 99714,20171127,  -85,    0
 18703, 99714,20171128,-9999,    9
 18703, 99714,20171129,-9999,    9
 18703, 99714,20171130, -122,    0
 18703, 99714,20171201, -130,    0
 18703, 99714,20171202,  -30,    0
 18703, 99714,20171203,  -50,    0
 18703, 99714,20171204,  -60,    0
 18703, 99714,20171205,  -11,    0
 18703, 99714,20171206,    0,    0
 18703, 99714,20171207,   -6,    0
 18703, 99714,20171208,  -43,    0
 18703, 99714,20171209,  -69,    0
 18703, 99714,20171210, -142,    0
 18703, 99714,20171211, -131,    0
 18703, 99714,20171212, -126,    0
 18703, 99714,20171213,  -92,    0
 18703, 99714,20171214,  -76,    0
 18703, 99714,20171215, -163,    0
 18703, 99714,20171216, -160,    0
 18703, 99714,20171217,  -95,    0
 18703, 99714,20171218,  -43,    0
 18703, 99714,20171219,    1,    0
 18703, 99714,20171220,    6,    0
 18703, 99714,20171221,  -36,    0
 18703, 99714,20171222,  -29,    0
 18703, 99714,20171223,    2,    0
 18703, 99714,20171224,  -32,    0
 18703, 99714,20171225,  -31,    0
 18703, 99714,20171226,  -56,    0
 18703, 99714,20171227,  -60,    0
 18703, 99714,20171228,  -77,    0
 18703, 99714,20171229,  -86,    0
 18703, 99714,20171230, -104,    0
 18703, 99714,20171231,  -83,    0
 18703, 99714,20180101,  -38,    0
 18703, 99714,20180102,  -57,    0
 18703, 99714,20180103,  -81,    0
 18703, 99714,20180104,  -81,    0
 18703, 99714,20180105, -115,    0
 18703, 99714,20180106, -155,    0
 18703, 99714,20180107,  -89,    0
 18703, 99714,20180108,  -77,    0
 18703, 99714,20180109, -120,    0
 18703, 99714,20180110,  -83,    0
 18703, 99714,20180111,  -89,    0
 18703, 99714,20180112,  -92,    0
 18703, 99714,20180113, -129,    0
 18703, 99714,20180114,  -99,    0
 18703, 99714,20180115,  -74,    0
 18703, 99714,20180116,  -76,    0
 18703, 99714,20180117, -151,    0
 18703, 99714,20180118, -125,    0
 18703, 99714,20180119,  -93,    0
 18703, 99714,20180120,  -94,    0
 18703, 99714,20180121, -139,    0
 18703, 99714,20180122,  -94,    0
 18703, 99714,20180123,  -51,    0
 18703, 99714,20180124,  -27,    0
 18703, 99714,20180125,  -37,    0
 18703, 99714,20180126,  -65,    0
 18703, 99714,20180127,  -91,    0
 18703, 99714,20180128,  -34,    0
 18703, 99714,20180129,  -47,    0
 18703, 99714,20180130,  -51,    0
 18703, 99714,20180131,  -47,    0
 18703, 99714,20180201,  -73,    0
 18703, 99714,20180202,-9999,    9
 18703, 99714,20180203,-9999,    9
 18703, 99714,20180204,-9999,    9
 18703, 99714,20180205,-9999,    9
 18703, 99714,20180206,-9999,    9
 18703, 99714,20180207,-9999,    9
 18703, 99714,20180208,-9999,    9
 18703, 99714,20180209,-9999,    9
 18703, 99714,20180210,-9999,    9
 18703, 99714,20180211,-9999,    9
 18703, 99714,20180212,-9999,    9
 18703, 99714,20180213,-9999,    9
 18703, 99714,20180214,-9999,    9
 18703, 99714,20180215,-9999,    9
 18703, 99714,20180216,-9999,    9
 18703, 99714,20180217,-9999,    9
 18703, 99714,20180218,-9999,    9
 18703, 99714,20180219,-9999,    9
 18703, 99714,20180220,-9999,    9
 18703, 99714,20180221,-9999,    9
 18703, 99714,20180222,-9999,    9
 18703, 99714,20180223,-9999,    9
 18703, 99714,20180224,-9999,    9
 18703, 99714,20180225,-9999,    9
 18703, 99714,20180226,-9999,    9
 18703, 99714,20180227,-9999,    9
 18703, 99714,20180228,-9999,    9
 18703, 99714,20180301,-9999,    9
 18703, 99714,20180302, -175,    0
 18703, 99714,20180303,-9999,    9
 18703, 99714,20180304, -136,    0
 18703, 99714,20180305, -133,    0
 18703, 99714,20180306, -126,    0
 18703, 99714,20180307,  -87,    0
 18703, 99714,20180308,  -82,    0
 18703, 99714,20180309, -122,    0
 18703, 99714,20180310,-9999,    9
 18703, 99714,20180311,  -97,    0
 18703, 99714,20180312,  -89,    0
 18703, 99714,20180313, -111,    0
 18703, 99714,20180314, -164,    0
 18703, 99714,20180315, -117,    0
 18703, 99714,20180316, -186,    0
 18703, 99714,20180317,-9999,    9
 18703, 99714,20180318, -133,    0
 18703, 99714,20180319,  -75,    0
 18703, 99714,20180320,  -88,    0
 18703, 99714,20180321,  -57,    0
 18703, 99714,20180322,  -58,    0
 18703, 99714,20180323,  -37,    0
 18703, 99714,20180324,  -34,    0
 18703, 99714,20180325,  -43,    0
 18703, 99714,20180326,  -83,    0
 18703, 99714,20180327, -147,    0
 18703, 99714,20180328, -183,    0
 18703, 99714,20180329, -163,    0
 18703, 99714,20180330, -195,    0
 18703, 99714,20180331, -188,    0
 18703, 99714,20180401, -201,    0
 18703, 99714,20180402, -174,    0
 18703, 99714,20180403, -135,    0
 18703, 99714,20180404,  -40,    0
 18703, 99714,20180405,  -43,    0
 18703, 99714,20180406,  -74,    0
 18703, 99714,20180407,-9999,    9
 18703, 99714,20180408,   -8,    0
 18703, 99714,20180409,  -15,    0
 18703, 99714,20180410,  -60,    0
 18703, 99714,20180411,  -77,    0
 18703, 99714,20180412,  -72,    0
 18703, 99714,20180413,  -47,    0
 18703, 99714,20180414,   -6,    0
 18703, 99714,20180415,   -6,    0
 18703, 99714,20180416,  -10,    0
 18703, 99714,20180417,   14,    0
 18703, 99714,20180418,   18,    0
 18703, 99714,20180419,   29,    0
 18703, 99714,20180420,   21,    0
 18703, 99714,20180421,   -9,    0
 18703, 99714,20180422,  -14,    0
 18703, 99714,20180423,    1,    0
 18703, 99714,20180424,  -10,    0
 18703, 99714,20180425,  -22,    0
 18703, 99714,20180426,  -24,    0
 18703, 99714,20180427,  -29,    0
 18703, 99714,20180428,  -32,    0
 18703, 99714,20180429,  -42,    0
 18703, 99714,20180430,  -17,    0
 18703, 99714,20180501,  -19,    0
 18703, 99714,20180502,   -3,    0
 18703, 99714,20180503,  -13,    0
 18703, 99714,20180504,    0,    0
 18703, 99714,20180505,-9999,    9
 18703, 99714,20180506,   27,    0
 18703, 99714,20180507,   31,    0
 18703, 99714,20180508,   40,    0
 18703, 99714,20180509,   48,    0
 18703, 99714,20180510,   37,    0
 18703, 99714,20180511,   23,    0
 18703, 99714,20180512,   37,    0
 18703, 99714,20180513,   36,    0
 18703, 99714,20180514,   52,    0
 18703, 99714,20180515,   56,    0
 18703, 99714,20180516,-9999,    9
 18703, 99714,20180517,   20,    0
 18703, 99714,20180518,   31,    0
 18703, 99714,20180519,-9999,    9
 18703, 99714,20180520,   47,    0
 18703, 99714,20180521,   70,    0
 18703, 99714,20180522,   60,    0
 18703, 99714,20180523,   73,    0
 18703, 99714,20180524,   81,    0
 18703, 99714,20180525,   84,    0
 18703, 99714,20180526,-9999,    9
 18703, 99714,20180527,  107,    0
 18703, 99714,20180528,   87,    0
 18703, 99714,20180529,  103,    0
 18703, 99714,20180530,-9999,    9
 18703, 99714,20180531,  126,    0
 18703, 99714,20180601,  123,    0
 18703, 99714,20180602,  132,    0
 18703, 99714,20180603,  124,    0
 18703, 99714,20180604,   97,    0
 18703, 99714,20180605,   90,    0
 18703, 99714,20180606,-9999,    9
 18703, 99714,20180607,  103,    0
 18703, 99714,20180608,  126,    0
 18703, 99714,20180609,  135,    0
 18703, 99714,20180610,  112,    0
 18703, 99714,20180611,   79,    0
 18703, 99714,20180612,   75,    0
 18703, 99714,20180613,   74,    0
 18703, 99714,20180614,   72,    0
 18703, 99714,20180615,   40,    0
 18703, 99714,20180616,   62,    0
 18703, 99714,20180617,   65,    0
 18703, 99714,20180618,   61,    0
 18703, 99714,20180619,   18,    0
 18703, 99714,20180620,   21,    0
 18703, 99714,20180621,   23,    0
 18703, 99714,20180622,   37,    0
 18703, 99714,20180623,   42,    0
 18703, 99714,20180624,   60,    0
 18703, 99714,20180625,   91,    0
 18703, 99714,20180626,  121,    0
 18703, 99714,20180627,  144,    0
 18703, 99714,20180628,  105,    0
 18703, 99714,20180629,  103,    0
 18703, 99714,20180630,  115,    0
 18703, 99714,20180701,  136,    0
 18703, 99714,20180702,  115,    0
 18703, 99714,20180703,  124,    0
 18703, 99714,20180704,  158,    0
 18703, 99714,20180705,  130,    0
 18703, 99714,20180706,   85,    0
 18703, 99714,20180707,   96,    0
 18703, 99714,20180708,  108,    0
 18703, 99714,20180709,   79,    0
 18703, 99714,20180710,  135,    0
 18703, 99714,20180711,  130,    0
 18703, 99714,20180712,  146,    0
 18703, 99714,20180713,  134,    0
 18703, 99714,20180714,  111,    0
 18703, 99714,20180715,  144,    0
 18703, 99714,20180716,  146,    0
 18703, 99714,20180717,  128,    0
 18703, 99714,20180718,  123,    0
 18703, 99714,20180719,  117,    0
 18703, 99714,20180720,  125,    0
 18703, 99714,20180721,  104,    0
 18703, 99714,20180722,  110,    0
 18703, 99714,20180723,  125,    0
 18703, 99714,20180724,  141,    0
 18703, 99714,20180725,  123,    0
 18703, 99714,20180726,  139,    0
 18703, 99714,20180727,  171,    0
 18703, 99714,20180728,  150,    0
 18703, 99714,20180729,  132,    0
 18703, 99714,20180730,  123,    0
 18703, 99714,20180731,  131,    0
 18703, 99714,20180801,  116,    0
 18703, 99714,20180802,  105,    0
 18703, 99714,20180803,  114,    0
 18703, 99714,20180804,  101,    0
 18703, 99714,20180805,   55,    0
 18703, 99714,20180806,   72,    0
 18703, 99714,20180807,  116,    0
 18703, 99714,20180808,  114,    0
 18703, 99714,20180809,   82,    0
 18703, 99714,20180810,   64,    0
 18703, 99714,20180811,   54,    0
 18703, 99714,20180812,   53,    0
 18703, 99714,20180813,   72,    0
 18703, 99714,20180814,   87,    0
 18703, 99714,20180815,  101,    0
 18703, 99714,20180816,   97,    0
 18703, 99714,20180817,   65,    0
 18703, 99714,20180818,   69,    0
 18703, 99714,20180819,   58,    0
 18703, 99714,20180820,   42,    0
 18703, 99714,20180821,   58,    0
 18703, 99714,20180822,   87,    0
 18703, 99714,20180823,   67,    0
 18703, 99714,20180824,   43,    0
 18703, 99714,20180825,   35,    0
 18703, 99714,20180826,   33,    0
 18703, 99714,20180827,   46,    0
 18703, 99714,20180828,   71,    0
 18703, 99714,20180829,   72,    0
 18703, 99714,20180830,   50,    0
 18703, 99714,20180831,   54,    0
 18703, 99714,20180901,   69,    0
 18703, 99714,20180902,   96,    0
 18703, 99714,20180903,   85,    0
 18703, 99714,20180904,   77,    0
 18703, 99714,20180905,   96,    0
 18703, 99714,20180906,   94,    0
 18703, 99714,20180907,   80,    0
 18703, 99714,20180908,   66,    0
 18703, 99714,20180909,   64,    0
 18703, 99714,20180910,   53,    0
 18703, 99714,20180911,   44,    0
 18703, 99714,20180912,   12,    0
 18703, 99714,20180913,   26,    0
 18703, 99714,20180914,   26,    0
 18703, 99714,20180915,   12,    0
 18703, 99714,20180916,   24,    0
 18703, 99714,20180917,   37,    0
 18703, 99714,20180918,  104,    0
 18703, 99714,20180919,   83,    0
 18703, 99714,20180920,   30,    0
 18703, 99714,20180921,   21,    0
 18703, 99714,20180922,    4,    0
 18703, 99714,20180923,   -9,    0
 18703, 99714,20180924,  -24,    0
 18703, 99714,20180925,    6,    0
 18703, 99714,20180926,-9999,    9
 18703, 99714,20180927,-9999,    9
 18703, 99714,20180928,-9999,    9
 18703, 99714,20180929,-9999,    9
 18703, 99714,20180930,-9999,    9
 18703, 99714,20181001,-9999,    9
 18703, 99714,20181002,-9999,    9
 18703, 99714,20181003,-9999,    9
 18703, 99714,20181004,   11,    0
 18703, 99714,20181005,   -8,    0
 18703, 99714,20181006,  -18,    0
 18703, 99714,20181007,  -18,    0
 18703, 99714,20181008,   12,    0
 18703, 99714,20181009,   48,    0
 18703, 99714,20181010,   64,    0
 18703, 99714,20181011,-9999,    9
 18703, 99714,20181012,   62,    0
 18703, 99714,20181013,  103,    0
 18703, 99714,20181014,  101,    0
 18703, 99714,20181015,    5,    0
 18703, 99714,20181016,   16,    0
 18703, 99714,20181017,-9999,    9
 18703, 99714,20181018,-9999,    9
 18703, 99714,20181019,    4,    0
 18703, 99714,20181020,    3,    0
 18703, 99714,20181021,   36,    0
 18703, 99714,20181022,-9999,    9
 18703, 99714,20181023,  -21,    0
 18703, 99714,20181024,  -33,    0
 18703, 99714,20181025,  -18,    0
 18703, 99714,20181026,  -55,    0
 18703, 99714,20181027,  -85,    0
 18703, 99714,20181028, -152,    0
 18703, 99714,20181029,  -98,    0
 18703, 99714,20181030,  -67,    0
 18703, 99714,20181031,  -16,    0
 18703, 99714,20181101,   -7,    0
 18703, 99714,20181102,  -13,    0
 18703, 99714,20181103,  -21,    0
 18703, 99714,20181104,    7,    0
 18703, 99714,20181105,    2,    0
 18703, 99714,20181106,    6,    0
 18703, 99714,20181107,    1,    0
 18703, 99714,20181108,    3,    0
 18703, 99714,20181109,  -12,    0
 18703, 99714,20181110,    0,    0
 18703, 99714,20181111,    8,    0
 18703, 99714,20181112,    5,    0
 18703, 99714,20181113,   -5,    0
 18703, 99714,20181114,    1,    0
 18703, 99714,20181115,   26,    0
 18703, 99714,20181116,   20,    0
 18703, 99714,20181117,  -17,    0
 18703, 99714,20181118,  -29,    0
 18703, 99714,20181119,  -88,    0
 18703, 99714,20181120,  -72,    0
 18703, 99714,20181121,  -71,    0
 18703, 99714,20181122,  -94,    0
 18703, 99714,20181123, -121,    0
 18703, 99714,20181124,  -90,    0
 18703, 99714,20181125, -126,    0
 18703, 99714,20181126, -118,    0
 18703, 99714,20181127, -111,    0
 18703, 99714,20181128,  -80,    0
 18703, 99714,20181129,  -23,    0
 18703, 99714,20181130,   -7,    0
 18703, 99714,20181201,  -28,    0
 18703, 99714,20181202,  -23,    0
 18703, 99714,20181203,  -23,    0
 18703, 99714,20181204,  -67,    0
 18703, 99714,20181205,  -64,    0
 18703, 99714,20181206,  -80,    0
 18703, 99714,20181207,  -38,    0
 18703, 99714,20181208,  -75,    0
 18703, 99714,20181209,  -51,    0
 18703, 99714,20181210,  -48,    0
 18703, 99714,20181211, -134,    0
 18703, 99714,20181212, -193,    0
 18703, 99714,20181213, -207,    0
 18703, 99714,20181214, -192,    0
 18703, 99714,20181215,  -87,    0
 18703, 99714,20181216,  -75,    0
 18703, 99714,20181217, -102,    0
 18703, 99714,20181218, -140,    0
 18703, 99714,20181219,  -65,    0
 18703, 99714,20181220,  -57,    0
 18703, 99714,20181221,  -85,    0
 18703, 99714,20181222,  -89,    0
 18703, 99714,20181223,  -75,    0
 18703, 99714,20181224,  -57,    0
 18703, 99714,20181225,  -22,    0
 18703, 99714,20181226, -114,    0
 18703, 99714,20181227, -399,    0
 18703, 99714,20181228, -144,    0
 18703, 99714,20181229,  -48,    0
 18703, 99714,20181230,  -59,    0
 18703, 99714,20181231, -267,    0
 18703, 99714,20190101,  -48,    0
 18703, 99714,20190102,  -77,    0
 18703, 99714,20190103,  -45,    0
 18703, 99714,20190104,-9999,    9
 18703, 99714,20190105,    2,    0
 18703, 99714,20190106, -126,    0
 18703, 99714,20190107,  -56,    0
 18703, 99714,20190108,  -61,    0
 18703, 99714,20190109,  -89,    0
 18703, 99714,20190110,  -60,    0
 18703, 99714,20190111,  -61,    0
 18703, 99714,20190112,  -66,    0
 18703, 99714,20190113,  -58,    0
 18703, 99714,20190114, -103,    0
 18703, 99714,20190115,  -71,    0
 18703, 99714,20190116,  -54,    0
 18703, 99714,20190117, -120,    0
 18703, 99714,20190118,-9999,    9
 18703, 99714,20190119,-9999,    9
 18703, 99714,20190120,  -76,    0
 18703, 99714,20190121,  -90,    0
 18703, 99714,20190122, -127,    0
 18703, 99714,20190123,  -88,    0
 18703, 99714,20190124,  -95,    0
 18703, 99714,20190125, -116,    0
 18703, 99714,20190126, -125,    0
 18703, 99714,20190127, -138,    0
 18703, 99714,20190128, -163,    0
 18703, 99714,20190129, -116,    0
 18703, 99714,20190130,-9999,    9
 18703, 99714,20190131, -114,    0
 18703, 99714,20190201, -112,    0
 18703, 99714,20190202, -137,    0
 18703, 99714,20190203, -156,    0
 18703, 99714,20190204,  -88,    0
 18703, 99714,20190205,  -91,    0
 18703, 99714,20190206,  -89,    0
 18703, 99714,20190207,  -64,    0
 18703, 99714,20190208,  -57,    0
 18703, 99714,20190209,  -39,    0
 18703, 99714,20190210,  -60,    0
 18703, 99714,20190211,  -86,    0
 18703, 99714,20190212,  -84,    0
 18703, 99714,20190213,-9999,    9
 18703, 99714,20190214,-9999,    9
 18703, 99714,20190215,-9999,    9
 18703, 99714,20190216, -135,    0
 18703, 99714,20190217,   -5,    0
 18703, 99714,20190218,  -10,    0
 18703, 99714,20190219,  -31,    0
 18703, 99714,20190220,  -45,    0
 18703, 99714,20190221, -237,    0
 18703, 99714,20190222, -288,    0
 18703, 99714,20190223,  -51,    0
 18703, 99714,20190224,  -68,    0
 18703, 99714,20190225, -171,    0
 18703, 99714,20190226,   10,    0
 18703, 99714,20190227,  -21,    0
 18703, 99714,20190228,  -59,    0
 18703, 99714,20190301,  -99,    0
 18703, 99714,20190302,  -68,    0
 18703, 99714,20190303,  -27,    0
 18703, 99714,20190304,  -45,    0
 18703, 99714,20190305,  -63,    0
 18703, 99714,20190306,  -65,    0
 18703, 99714,20190307,  -65,    0
 18703, 99714,20190308,  -71,    0
 18703, 99714,20190309,  -94,    0
 18703, 99714,20190310, -155,    0
 18703, 99714,20190311, -148,    0
 18703, 99714,20190312,  -80,    0
 18703, 99714,20190313,  -84,    0
 18703, 99714,20190314,  -59,    0
 18703, 99714,20190315,  -56,    0
 18703, 99714,20190316,  -46,    0
 18703, 99714,20190317,  -69,    0
 18703, 99714,20190318,  -65,    0
 18703, 99714,20190319,  -78,    0
 18703, 99714,20190320,  -22,    0
 18703, 99714,20190321, -158,    0
 18703, 99714,20190322,  -23,    0
 18703, 99714,20190323,  -48,    0
 18703, 99714,20190324,  -44,    0
 18703, 99714,20190325,  -58,    0
 18703, 99714,20190326,  -51,    0
 18703, 99714,20190327,  -92,    0
 18703, 99714,20190328,-9999,    9
 18703, 99714,20190329,-9999,    9
 18703, 99714,20190330,  -33,    0
 18703, 99714,20190331,  -93,    0
 18703, 99714,20190401,  -69,    0
 18703, 99714,20190402,  -53,    0
 18703, 99714,20190403,  -51,    0
 18703, 99714,20190404,  -14,    0
 18703, 99714,20190405,  -33,    0
 18703, 99714,20190406,  -19,    0
 18703, 99714,20190407,  -52,    0
 18703, 99714,20190408,  -94,    0
 18703, 99714,20190409,-9999,    9
 18703, 99714,20190410,-9999,    9
 18703, 99714,20190411,-9999,    9
 18703, 99714,20190412, -117,    0
 18703, 99714,20190413,  -93,    0
 18703, 99714,20190414,  -89,    0
 18703, 99714,20190415,  -85,    0
 18703, 99714,20190416,  -47,    0
 18703, 99714,20190417,  -38,    0
 18703, 99714,20190418,  -47,    0
 18703, 99714,20190419,  -25,    0
 18703, 99714,20190420,   -7,    0
 18703, 99714,20190421,   30,    0
 18703, 99714,20190422,   17,    0
 18703, 99714,20190423,    7,    0
 18703, 99714,20190424,    9,    0
 18703, 99714,20190425,   13,    0
 18703, 99714,20190426,-9999,    9
 18703, 99714,20190427,-9999,    9
 18703, 99714,20190428, -190,    0
 18703, 99714,20190429,   32,    0
 18703, 99714,20190430,   40,    0
 18703, 99714,20190501,   15,    0
 18703, 99714,20190502,  -40,    0
 18703, 99714,20190503,  -61,    0
 18703, 99714,20190504,  -51,    0
 18703, 99714,20190505,  -44,    0
 18703, 99714,20190506,  -56,    0
 18703, 99714,20190507,  -62,    0
 18703, 99714,20190508,  -48,    0
 18703, 99714,20190509,  -28,    0
 18703, 99714,20190510,  -36,    0
 18703, 99714,20190511,  -23,    0
 18703, 99714,20190512,  -37,    0
 18703, 99714,20190513,  -27,    0
 18703, 99714,20190514,    4,    0
 18703, 99714,20190515,   13,    0
 18703, 99714,20190516,   27,    0
 18703, 99714,20190517,   39,    0
 18703, 99714,20190518,  -39,    0
 18703, 99714,20190519, -148,    0
 18703, 99714,20190520,  -21,    0
 18703, 99714,20190521, -161,    0
 18703, 99714,20190522,-9999,    9
 18703, 99714,20190523,-9999,    9
 18703, 99714,20190524,-9999,    9
 18703, 99714,20190525,-9999,    9
 18703, 99714,20190526,-9999,    9
 18703, 99714,20190527,-9999,    9
 18703, 99714,20190528,-9999,    9
 18703, 99714,20190529,-9999,    9
 18703, 99714,20190530,-9999,    9
 18703, 99714,20190531,-9999,    9
 18703, 99714,20190601,   14,    0
 18703, 99714,20190602,   42,    0
 18703, 99714,20190603,   59,    0
 18703, 99714,20190604,   45,    0
 18703, 99714,20190605,   45,    0
 18703, 99714,20190606,   80,    0
 18703, 99714,20190607,   65,    0
 18703, 99714,20190608,   58,    0
 18703, 99714,20190609,   49,    0
 18703, 99714,20190610,   36,    0
 18703, 99714,20190611,   71,    0
 18703, 99714,20190612,   34,    0
 18703, 99714,20190613,   48,    0
 18703, 99714,20190614,   69,    0
 18703, 99714,20190615,  102,    0
 18703, 99714,20190616,   86,    0
 18703, 99714,20190617,   71,    0
 18703, 99714,20190618,   66,    0
 18703, 99714,20190619,   68,    0
 18703, 99714,20190620,   76,    0
 18703, 99714,20190621,   38,    0
 18703, 99714,20190622,   29,    0
 18703, 99714,20190623,   49,    0
 18703, 99714,20190624,   69,    0
 18703, 99714,20190625,-9999,    9
 18703, 99714,20190626,   80,    0
 18703, 99714,20190627,   70,    0
 18703, 99714,20190628,   93,    0
 18703, 99714,20190629,  109,    0
 18703, 99714,20190630,   97,    0
 18703, 99714,20190701,   62,    0
 18703, 99714,20190702,    8,    0
 18703, 99714,20190703,    3,    0
 18703, 99714,20190704,   23,    0
 18703, 99714,20190705,   45,    0
 18703, 99714,20190706,   63,    0
 18703, 99714,20190707,   63,    0
 18703, 99714,20190708,   77,    0
 18703, 99714,20190709,   86,    0
 18703, 99714,20190710,  115,    0
 18703, 99714,20190711,  124,    0
 18703, 99714,20190712,  126,    0
 18703, 99714,20190713,  124,    0
 18703, 99714,20190714,   94,    0
 18703, 99714,20190715,   92,    0
 18703, 99714,20190716,  103,    0
 18703, 99714,20190717,  114,    0
 18703, 99714,20190718,  108,    0
 18703, 99714,20190719,  101,    0
 18703, 99714,20190720,   88,    0
 18703, 99714,20190721,   90,    0
 18703, 99714,20190722,   87,    0
 18703, 99714,20190723,  118,    0
 18703, 99714,20190724,  152,    0
 18703, 99714,20190725,  162,    0
 18703, 99714,20190726,  171,    0
 18703, 99714,20190727,  167,    0
 18703, 99714,20190728,  164,    0
 18703, 99714,20190729,  160,    0
 18703, 99714,20190730,   95,    0
 18703, 99714,20190731,   63,    0
 18703, 99714,20190801,  106,    0
 18703, 99714,20190802,  135,    0
 18703, 99714,20190803,  136,    0
 18703, 99714,20190804,  129,    0
 18703, 99714,20190805,  118,    0
 18703, 99714,20190806,  101,    0
 18703, 99714,20190807,   93,    0
 18703, 99714,20190808,  102,    0
 18703, 99714,20190809,  116,    0
 18703, 99714,20190810,   96,    0
 18703, 99714,20190811,  106,    0
 18703, 99714,20190812,   95,    0
 18703, 99714,20190813,   47,    0
 18703, 99714,20190814,   43,    0
 18703, 99714,20190815,   60,    0
 18703, 99714,20190816,   93,    0
 18703, 99714,20190817,   87,    0
 18703, 99714,20190818,   71,    0
 18703, 99714,20190819,   65,    0
 18703, 99714,20190820,   65,    0
 18703, 99714,20190821,   45,    0
 18703, 99714,20190822,-9999,    9
 18703, 99714,20190823,   79,    0
 18703, 99714,20190824,  111,    0
 18703, 99714,20190825,  122,    0
 18703, 99714,20190826,  128,    0
 18703, 99714,20190827,  136,    0
 18703, 99714,20190828,  123,    0
 18703, 99714,20190829,   97,    0
 18703, 99714,20190830,   87,    0
 18703, 99714,20190831,  103,    0
 18703, 99714,20190901,   61,    0
 18703, 99714,20190902,   30,    0
 18703, 99714,20190903,   42,    0
 18703, 99714,20190904,   34,    0
 18703, 99714,20190905,   26,    0
 18703, 99714,20190906,   28,    0
 18703, 99714,20190907,   44,    0
 18703, 99714,20190908,   39,    0
 18703, 99714,20190909,   56,    0
 18703, 99714,20190910,-9999,    9
 18703, 99714,20190911,   61,    0
 18703, 99714,20190912,   40,    0
 18703, 99714,20190913,   13,    0
 18703, 99714,20190914,   26,    0
 18703, 99714,20190915,    9,    0
 18703, 99714,20190916,   -3,    0
 18703, 99714,20190917,  -13,    0
 18703, 99714,20190918,   -2,    0
 18703, 99714,20190919,   -6,    0
 18703, 99714,20190920,   34,    0
 18703, 99714,20190921,   78,    0
 18703, 99714,20190922,   80,    0
 18703, 99714,20190923,   56,    0
 18703, 99714,20190924,   26,    0
 18703, 99714,20190925,   25,    0
 18703, 99714,20190926,   20,    0
 18703, 99714,20190927,   32,    0
 18703, 99714,20190928,   35,    0
 18703, 99714,20190929,   44,    0
 18703, 99714,20190930,   -3,    0
 18703, 99714,20191001,  -14,    0
 18703, 99714,20191002,   12,    0
 18703, 99714,20191003,   -3,    0
 18703, 99714,20191004,  -42,    0
 18703, 99714,20191005,  -59,    0
 18703, 99714,20191006,  -62,    0
 18703, 99714,20191007,  -32,    0
 18703, 99714,20191008,  -18,    0
 18703, 99714,20191009,   -3,    0
 18703, 99714,20191010,    9,    0
 18703, 99714,20191011,   -4,    0
 18703, 99714,20191012,    6,    0
 18703, 99714,20191013,    2,    0
 18703, 99714,20191014,    5,    0
 18703, 99714,20191015,   -2,    0
 18703, 99714,20191016,   -6,    0
 18703, 99714,20191017,    1,    0
 18703, 99714,20191018,   -2,    0
 18703, 99714,20191019,   -8,    0
 18703, 99714,20191020,  -16,    0
 18703, 99714,20191021,  -17,    0
 18703, 99714,20191022,    9,    0
 18703, 99714,20191023,-9999,    9
 18703, 99714,20191024,-9999,    9
 18703, 99714,20191025,-9999,    9
 18703, 99714,20191026,-9999,    9
 18703, 99714,20191027,  -63,    0
 18703, 99714,20191028,  -55,    0
 18703, 99714,20191029,  -79,    0
 18703, 99714,20191030,  -39,    0
 18703, 99714,20191031,  -24,    0
 18703, 99714,20191101,  -57,    0
 18703, 99714,20191102,  -55,    0
 18703, 99714,20191103,  -65,    0
 18703, 99714,20191104,  -81,    0
 18703, 99714,20191105,  -86,    0
 18703, 99714,20191106,  -74,    0
 18703, 99714,20191107,  -95,    0
 18703, 99714,20191108, -126,    0
 18703, 99714,20191109,  -87,    0
 18703, 99714,20191110, -125,    0
 18703, 99714,20191111, -116,    0
 18703, 99714,20191112,  -62,    0
 18703, 99714,20191113,  -40,    0
 18703, 99714,20191114,  -48,    0
 18703, 99714,20191115, -112,    0
 18703, 99714,20191116,  -53,    0
 18703, 99714,20191117,  -63,    0
 18703, 99714,20191118,  -58,    0
 18703, 99714,20191119,  -53,    0
 18703, 99714,20191120, -127,    0
 18703, 99714,20191121,  -36,    0
 18703, 99714,20191122,  -21,    0
 18703, 99714,20191123,  -23,    0
 18703, 99714,20191124,  -25,    0
 18703, 99714,20191125,  -32,    0
 18703, 99714,20191126,  -33,    0
 18703, 99714,20191127,  -50,    0
 18703, 99714,20191128,  -70,    0
 18703, 99714,20191129,  -82,    0
 18703, 99714,20191130,  -74,    0
 18703, 99714,20191201,  -57,    0
 18703, 99714,20191202,  -72,    0
 18703, 99714,20191203,  -13,    0
 18703, 99714,20191204,    0,    0
 18703, 99714,20191205,  -18,    0
 18703, 99714,20191206,  -24,    0
 18703, 99714,20191207,-9999,    9
 18703, 99714,20191208,  -52,    0
 18703, 99714,20191209,  -62,    0
 18703, 99714,20191210,  -82,    0
 18703, 99714,20191211,  -38,    0
 18703, 99714,20191212,-9999,    9
 18703, 99714,20191213,-9999,    9
 18703, 99714,20191214,-9999,    9
 18703, 99714,20191215,-9999,    9
 18703, 99714,20191216,-9999,    9
 18703, 99714,20191217,-9999,    9
 18703, 99714,20191218,-9999,    9
 18703, 99714,20191219,-9999,    9
 18703, 99714,20191220,-9999,    9
 18703, 99714,20191221,-9999,    9
 18703, 99714,20191222,-9999,    9
 18703, 99714,20191223,-9999,    9
 18703, 99714,20191224,-9999,    9
 18703, 99714,20191225,-9999,    9
 18703, 99714,20191226,-9999,    9
 18703, 99714,20191227,-9999,    9
 18703, 99714,20191228,-9999,    9
 18703, 99714,20191229,-9999,    9
 18703, 99714,20191230,-9999,    9
 18703, 99714,20191231,-9999,    9
 18703, 99714,20200101,-9999,    9
 18703, 99714,20200102,-9999,    9
 18703, 99714,20200103,-9999,    9
 18703, 99714,20200104,-9999,    9
 18703, 99714,20200105,-9999,    9
 18703, 99714,20200106,-9999,    9
 18703, 99714,20200107,-9999,    9
 18703, 99714,20200108,-9999,    9
 18703, 99714,20200109,-9999,    9
 18703, 99714,20200110,-9999,    9
 18703, 99714,20200111,  -25,    0
 18703, 99714,20200112,-9999,    9
 18703, 99714,20200113,-9999,    9
 18703, 99714,20200114,-9999,    9
 18703, 99714,20200115,-9999,    9
 18703, 99714,20200116,  -24,    0
 18703, 99714,20200117,  -13,    0
 18703, 99714,20200118,  -32,    0
 18703, 99714,20200119,  -54,    0
 18703, 99714,20200120,   -8,    0
 18703, 99714,20200121,  -24,    0
 18703, 99714,20200122,  -57,    0
 18703, 99714,20200123,  -14,    0
 18703, 99714,20200124,  -38,    0
 18703, 99714,20200125,  -24,    0
 18703, 99714,20200126,  -20,    0
 18703, 99714,20200127,-9999,    9
 18703, 99714,20200128,-9999,    9
 18703, 99714,20200129,  -64,    0
 18703, 99714,20200130, -108,    0
 18703, 99714,20200131,  -46,    0
 18703, 99714,20200201,  -20,    0
 18703, 99714,20200202,  -67,    0
 18703, 99714,20200203, -119,    0
 18703, 99714,20200204,  -95,    0
 18703, 99714,20200205,  -34,    0
 18703, 99714,20200206,  -11,    0
 18703, 99714,20200207,  -42,    0
 18703, 99714,20200208,  -40,    0
 18703, 99714,20200209,  -28,    0
 18703, 99714,20200210,  -46,    0
 18703, 99714,20200211,  -54,    0
 18703, 99714,20200212,  -65,    0
 18703, 99714,20200213,-9999,    9
 18703, 99714,20200214,-9999,    9
 18703, 99714,20200215,-9999,    9
 18703, 99714,20200216,-9999,    9
 18703, 99714,20200217,-9999,    9
 18703, 99714,20200218,  -42,    0
 18703, 99714,20200219,  -78,    0
 18703, 99714,20200220,-9999,    9
 18703, 99714,20200221,-9999,    9
 18703, 99714,20200222,-9999,    9
 18703, 99714,20200223,-9999,    9
 18703, 99714,20200224,-9999,    9
 18703, 99714,20200225,-9999,    9
 18703, 99714,20200226,-9999,    9
 18703, 99714,20200227,-9999,    9
 18703, 99714,20200228,-9999,    9
 18703, 99714,20200229,-9999,    9
 18703, 99714,20200301,-9999,    9
 18703, 99714,20200302,-9999,    9
 18703, 99714,20200303,-9999,    9
 18703, 99714,20200304,-9999,    9
 18703, 99714,20200305,-9999,    9
 18703, 99714,20200306, -172,    0
 18703, 99714,20200307, -146,    0
 18703, 99714,20200308,-9999,    9
 18703, 99714,20200309,-9999,    9
 18703, 99714,20200310,-9999,    9
 18703, 99714,20200311,-9999,    9
 18703, 99714,20200312,-9999,    9
 18703, 99714,20200313,-9999,    9
 18703, 99714,20200314,-9999,    9
 18703, 99714,20200315,-9999,    9
 18703, 99714,20200316,-9999,    9
 18703, 99714,20200317,-9999,    9
 18703, 99714,20200318,-9999,    9
 18703, 99714,20200319,-9999,    9
 18703, 99714,20200320,-9999,    9
 18703, 99714,20200321,-9999,    9
 18703, 99714,20200322,-9999,    9
 18703, 99714,20200323,-9999,    9
 18703, 99714,20200324,-9999,    9
 18703, 99714,20200325,-9999,    9
 18703, 99714,20200326,-9999,    9
 18703, 99714,20200327,-9999,    9
 18703, 99714,20200328,-9999,    9
 18703, 99714,20200329,-9999,    9
 18703, 99714,20200330,-9999,    9
 18703, 99714,20200331,-9999,    9
 18703, 99714,20200401,-9999,    9
 18703, 99714,20200402,-9999,    9
 18703, 99714,20200403,-9999,    9
 18703, 99714,20200404,-9999,    9
 18703, 99714,20200405,-9999,    9
 18703, 99714,20200406,-9999,    9
 18703, 99714,20200407,-9999,    9
 18703, 99714,20200408,-9999,    9
 18703, 99714,20200409,-9999,    9
 18703, 99714,20200410,-9999,    9
 18703, 99714,20200411,-9999,    9
 18703, 99714,20200412,-9999,    9
 18703, 99714,20200413,-9999,    9
 18703, 99714,20200414,-9999,    9
 18703, 99714,20200415,-9999,    9
 18703, 99714,20200416,-9999,    9
 18703, 99714,20200417,-9999,    9
 18703, 99714,20200418,-9999,    9
 18703, 99714,20200419,-9999,    9
 18703, 99714,20200420,-9999,    9
 18703, 99714,20200421,-9999,    9
 18703, 99714,20200422,-9999,    9
 18703, 99714,20200423,-9999,    9
 18703, 99714,20200424,-9999,    9
 18703, 99714,20200425,-9999,    9
 18703, 99714,20200426,-9999,    9
 18703, 99714,20200427,-9999,    9
 18703, 99714,20200428,-9999,    9
 18703, 99714,20200429,-9999,    9
 18703, 99714,20200430,-9999,    9
 18703, 99714,20200501,  -23,    0
 18703, 99714,20200502,  -14,    0
 18703, 99714,20200503,  -28,    0
 18703, 99714,20200504,  -57,    0
 18703, 99714,20200505,  -47,    0
 18703, 99714,20200506,  -17,    0
 18703, 99714,20200507,  -17,    0
 18703, 99714,20200508,  -17,    0
 18703, 99714,20200509,  -26,    0
 18703, 99714,20200510,  -62,    0
 18703, 99714,20200511,  -67,    0
 18703, 99714,20200512,  -70,    0
 18703, 99714,20200513,  -73,    0
 18703, 99714,20200514,  -52,    0
 18703, 99714,20200515,  -46,    0
 18703, 99714,20200516,  -54,    0
 18703, 99714,20200517,  -33,    0
 18703, 99714,20200518,  -26,    0
 18703, 99714,20200519,  -25,    0
 18703, 99714,20200520,  -14,    0
 18703, 99714,20200521,   32,    0
 18703, 99714,20200522,   29,    0
 18703, 99714,20200523,   17,    0
 18703, 99714,20200524,   11,    0
 18703, 99714,20200525,   25,    0
 18703, 99714,20200526,   34,    0
 18703, 99714,20200527,    7,    0
 18703, 99714,20200528,    1,    0
 18703, 99714,20200529,   22,    0
 18703, 99714,20200530,   47,    0
 18703, 99714,20200531,   53,    0
 18703, 99714,20200601,   60,    0
 18703, 99714,20200602,   51,    0
 18703, 99714,20200603,   50,    0
 18703, 99714,20200604,   39,    0
 18703, 99714,20200605,   31,    0
 18703, 99714,20200606,   14,    0
 18703, 99714,20200607,   18,    0
 18703, 99714,20200608,   31,    0
 18703, 99714,20200609,   38,    0
 18703, 99714,20200610,-9999,    9
 18703, 99714,20200611,   68,    0
 18703, 99714,20200612,   65,    0
 18703, 99714,20200613,   64,    0
 18703, 99714,20200614,   68,    0
 18703, 99714,20200615,   75,    0
 18703, 99714,20200616,   90,    0
 18703, 99714,20200617,   89,    0
 18703, 99714,20200618,   89,    0
 18703, 99714,20200619,  102,    0
 18703, 99714,20200620,   91,    0
 18703, 99714,20200621,   63,    0
 18703, 99714,20200622,   53,    0
 18703, 99714,20200623,   68,    0
 18703, 99714,20200624,  101,    0
 18703, 99714,20200625,  116,    0
 18703, 99714,20200626,  124,    0
 18703, 99714,20200627,-9999,    9
 18703, 99714,20200628,   94,    0
 18703, 99714,20200629,   62,    0
 18703, 99714,20200630,-9999,    9
 18703, 99714,20200701,   43,    0
 18703, 99714,20200702,   15,    0
 18703, 99714,20200703,    8,    0
 18703, 99714,20200704,   45,    0
 18703, 99714,20200705,   49,    0
 18703, 99714,20200706,   28,    0
 18703, 99714,20200707,   13,    0
 18703, 99714,20200708,   23,    0
 18703, 99714,20200709,   38,    0
 18703, 99714,20200710,   51,    0
 18703, 99714,20200711,   31,    0
 18703, 99714,20200712,   36,    0
 18703, 99714,20200713,   58,    0
 18703, 99714,20200714,   70,    0
 18703, 99714,20200715,   81,    0
 18703, 99714,20200716,   92,    0
 18703, 99714,20200717,   89,    0
 18703, 99714,20200718,   90,    0
 18703, 99714,20200719,   66,    0
 18703, 99714,20200720,   45,    0
 18703, 99714,20200721,   34,    0
 18703, 99714,20200722,   32,    0
 18703, 99714,20200723,   54,    0
 18703, 99714,20200724,   73,    0
 18703, 99714,20200725,   92,    0
 18703, 99714,20200726,   93,    0
 18703, 99714,20200727,   83,    0
 18703, 99714,20200728,   82,    0
 18703, 99714,20200729,   69,    0
 18703, 99714,20200730,   75,    0
 18703, 99714,20200731,  116,    0
 18703, 99714,20200801,  128,    0
 18703, 99714,20200802,   84,    0
 18703, 99714,20200803,   47,    0
 18703, 99714,20200804,   54,    0
 18703, 99714,20200805,   90,    0
 18703, 99714,20200806,  126,    0
 18703, 99714,20200807,  119,    0
 18703, 99714,20200808,  123,    0
 18703, 99714,20200809,  107,    0
 18703, 99714,20200810,  113,    0
 18703, 99714,20200811,  125,    0
 18703, 99714,20200812,  146,    0
 18703, 99714,20200813,  137,    0
 18703, 99714,20200814,  133,    0
 18703, 99714,20200815,  138,    0
 18703, 99714,20200816,  150,    0
 18703, 99714,20200817,  143,    0
 18703, 99714,20200818,  129,    0
 18703, 99714,20200819,  114,    0
 18703, 99714,20200820,  118,    0
 18703, 99714,20200821,  119,    0
 18703, 99714,20200822,   95,    0
 18703, 99714,20200823,   57,    0
 18703, 99714,20200824,-9999,    9
 18703, 99714,20200825,-9999,    9
 18703, 99714,20200826,   60,    0
 18703, 99714,20200827,   60,    0
 18703, 99714,20200828,   60,    0
 18703, 99714,20200829,   62,    0
 18703, 99714,20200830,   55,    0
 18703, 99714,20200831,   56,    0
 18703, 99714,20200901,   62,    0
 18703, 99714,20200902,   74,    0
 18703, 99714,20200903,   53,    0
 18703, 99714,20200904,   54,    0
 18703, 99714,20200905,   29,    0
 18703, 99714,20200906,   29,    0
 18703, 99714,20200907,   41,    0
 18703, 99714,20200908,   48,    0
 18703, 99714,20200909,   30,    0
 18703, 99714,20200910,    3,    0
 18703, 99714,20200911,   34,    0
 18703, 99714,20200912,   16,    0
 18703, 99714,20200913,   28,    0
 18703, 99714,20200914,   86,    0
 18703, 99714,20200915,   85,    0
 18703, 99714,20200916,   46,    0
 18703, 99714,20200917,   39,    0
 18703, 99714,20200918,   46,    0
 18703, 99714,20200919,   58,    0
 18703, 99714,20200920,   54,    0
 18703, 99714,20200921,   62,    0
 18703, 99714,20200922,   60,    0
 18703, 99714,20200923,   64,    0
 18703, 99714,20200924,   55,    0
 18703, 99714,20200925,   20,    0
 18703, 99714,20200926,   12,    0
 18703, 99714,20200927,   45,    0
 18703, 99714,20200928,   68,    0
 18703, 99714,20200929,   69,    0
 18703, 99714,20200930,   65,    0
 18703, 99714,20201001,   49,    0
 18703, 99714,20201002,   44,    0
 18703, 99714,20201003,   50,    0
 18703, 99714,20201004,   60,    0
 18703, 99714,20201005,   50,    0
 18703, 99714,20201006,   43,    0
 18703, 99714,20201007,   47,    0
 18703, 99714,20201008,   31,    0
 18703, 99714,20201009,   -2,    0
 18703, 99714,20201010,    0,    0
 18703, 99714,20201011,    7,    0
 18703, 99714,20201012,  -19,    0
 18703, 99714,20201013,   -6,    0
 18703, 99714,20201014,  -34,    0
 18703, 99714,20201015,    0,    0
 18703, 99714,20201016,    6,    0
 18703, 99714,20201017,  -11,    0
 18703, 99714,20201018,  -39,    0
 18703, 99714,20201019,  -40,    0
 18703, 99714,20201020,  -38,    0
 18703, 99714,20201021,   13,    0
 18703, 99714,20201022,   11,    0
 18703, 99714,20201023,  -25,    0
 18703, 99714,20201024,   -7,    0
 18703, 99714,20201025,   10,    0
 18703, 99714,20201026,   -1,    0
 18703, 99714,20201027,    0,    0
 18703, 99714,20201028,   -5,    0
 18703, 99714,20201029,   -6,    0
 18703, 99714,20201030,  -13,    0
 18703, 99714,20201031,  -10,    0
 18703, 99714,20201101,   13,    0
 18703, 99714,20201102,    8,    0
 18703, 99714,20201103,  -15,    0
 18703, 99714,20201104,  -23,    0
 18703, 99714,20201105,   23,    0
 18703, 99714,20201106,   19,    0
 18703, 99714,20201107,    5,    0
 18703, 99714,20201108,   -5,    0
 18703, 99714,20201109,   -2,    0
 18703, 99714,20201110,   -8,    0
 18703, 99714,20201111,    9,    0
 18703, 99714,20201112,   -2,    0
 18703, 99714,20201113,   -9,    0
 18703, 99714,20201114,  -14,    0
 18703, 99714,20201115,   21,    0
 18703, 99714,20201116,    6,    0
 18703, 99714,20201117,    8,    0
 18703, 99714,20201118,   34,    0
 18703, 99714,20201119,  -55,    0
 18703, 99714,20201120,  -73,    0
 18703, 99714,20201121,  -19,    0
 18703, 99714,20201122,  -28,    0
 18703, 99714,20201123,  -32,    0
 18703, 99714,20201124,   -2,    0
 18703, 99714,20201125,   -3,    0
 18703, 99714,20201126,  -56,    0
 18703, 99714,20201127, -124,    0
 18703, 99714,20201128, -105,    0
 18703, 99714,20201129,  -53,    0
 18703, 99714,20201130,  -20,    0
 18703, 99714,20201201, -101,    0
 18703, 99714,20201202,  -44,    0
 18703, 99714,20201203,  -47,    0
 18703, 99714,20201204,  -66,    0
 18703, 99714,20201205,  -59,    0
 18703, 99714,20201206,  -50,    0
 18703, 99714,20201207,-9999,    9
 18703, 99714,20201208,-9999,    9
 18703, 99714,20201209,  -45,    0
 18703, 99714,20201210,  -47,    0
 18703, 99714,20201211,  -58,    0
 18703, 99714,20201212,  -62,    0
 18703, 99714,20201213,  -48,    0
 18703, 99714,20201214,-9999,    9
 18703, 99714,20201215,  -32,    0
 18703, 99714,20201216,  -30,    0
 18703, 99714,20201217,  -16,    0
 18703, 99714,20201218,  -16,    0
 18703, 99714,20201219,   18,    0
 18703, 99714,20201220,  -16,    0
 18703, 99714,20201221,  -29,    0
 18703, 99714,20201222,-9999,    9
 18703, 99714,20201223,  -44,    0
 18703, 99714,20201224,  -96,    0
 18703, 99714,20201225, -106,    0
 18703, 99714,20201226,  -42,    0
 18703, 99714,20201227,-9999,    9
 18703, 99714,20201228,  -55,    0
 18703, 99714,20201229,  -48,    0
 18703, 99714,20201230,  -49,    0
 18703, 99714,20201231,  -66,    0
 18703, 99714,20210101,  -80,    0
 18703, 99714,20210102,  -86,    0
 18703, 99714,20210103, -126,    0
 18703, 99714,20210104, -139,    0
 18703, 99714,20210105, -185,    0
 18703, 99714,20210106, -234,    0
 18703, 99714,20210107, -239,    0
 18703, 99714,20210108, -232,    0
 18703, 99714,20210109, -119,    0
 18703, 99714,20210110,  -81,    0
 18703, 99714,20210111, -118,    0
 18703, 99714,20210112,  -93,    0
 18703, 99714,20210113, -133,    0
 18703, 99714,20210114, -181,    0
 18703, 99714,20210115, -178,    0
 18703, 99714,20210116, -204,    0
 18703, 99714,20210117, -101,    0
 18703, 99714,20210118,  -63,    0
 18703, 99714,20210119,  -75,    0
 18703, 99714,20210120,  -75,    0
 18703, 99714,20210121,  -47,    0
 18703, 99714,20210122,  -40,    0
 18703, 99714,20210123,  -63,    0
 18703, 99714,20210124, -158,    0
 18703, 99714,20210125, -190,    0
 18703, 99714,20210126, -104,    0
 18703, 99714,20210127, -195,    0
 18703, 99714,20210128, -192,    0
 18703, 99714,20210129, -180,    0
 18703, 99714,20210130, -105,    0
 18703, 99714,20210131, -108,    0
 18703, 99714,20210201, -197,    0
 18703, 99714,20210202, -211,    0
 18703, 99714,20210203, -193,    0
 18703, 99714,20210204, -205,    0
 18703, 99714,20210205, -197,    0
 18703, 99714,20210206, -178,    0
 18703, 99714,20210207, -173,    0
 18703, 99714,20210208, -171,    0
 18703, 99714,20210209, -176,    0
 18703, 99714,20210210, -175,    0
 18703, 99714,20210211, -232,    0
 18703, 99714,20210212, -230,    0
 18703, 99714,20210213, -195,    0
 18703, 99714,20210214, -202,    0
 18703, 99714,20210215,  -92,    0
 18703, 99714,20210216,  -93,    0
 18703, 99714,20210217,  -99,    0
 18703, 99714,20210218,  -82,    0
 18703, 99714,20210219,  -50,    0
 18703, 99714,20210220,   -2,    0
 18703, 99714,20210221,    7,    0
 18703, 99714,20210222,    9,    0
 18703, 99714,20210223,  -21,    0
 18703, 99714,20210224,    6,    0
 18703, 99714,20210225,   -8,    0
 18703, 99714,20210226,  -21,    0
 18703, 99714,20210227,   -9,    0
 18703, 99714,20210228,  -28,    0
 18703, 99714,20210301,  -20,    0
 18703, 99714,20210302,  -27,    0
 18703, 99714,20210303,  -46,    0
 18703, 99714,20210304, -105,    0
 18703, 99714,20210305,  -81,    0
 18703, 99714,20210306,  -42,    0
 18703, 99714,20210307, -111,    0
 18703, 99714,20210308, -131,    0
 18703, 99714,20210309, -107,    0
 18703, 99714,20210310,  -91,    0
 18703, 99714,20210311,  -52,    0
 18703, 99714,20210312,  -52,    0
 18703, 99714,20210313,  -62,    0
 18703, 99714,20210314,  -65,    0
 18703, 99714,20210315,  -85,    0
 18703, 99714,20210316,  -86,    0
 18703, 99714,20210317, -124,    0
 18703, 99714,20210318,  -50,    0
 18703, 99714,20210319,  -66,    0
 18703, 99714,20210320,  -27,    0
 18703, 99714,20210321,-9999,    9
 18703, 99714,20210322,  -24,    0
 18703, 99714,20210323,   -7,    0
 18703, 99714,20210324,  -29,    0
 18703, 99714,20210325,  -29,    0
 18703, 99714,20210326,  -16,    0
 18703, 99714,20210327,  -44,    0
 18703, 99714,20210328,  -42,    0
 18703, 99714,20210329,    3,    0
 18703, 99714,20210330,   12,    0
 18703, 99714,20210331,  -21,    0
 18703, 99714,20210401,  -51,    0
 18703, 99714,20210402,  -42,    0
 18703, 99714,20210403,  -52,    0
 18703, 99714,20210404,  -37,    0
 18703, 99714,20210405,  -91,    0
 18703, 99714,20210406,  -73,    0
 18703, 99714,20210407,  -67,    0
 18703, 99714,20210408,  -72,    0
 18703, 99714,20210409,  -64,    0
 18703, 99714,20210410,  -75,    0
 18703, 99714,20210411,  -89,    0
 18703, 99714,20210412,  -62,    0
 18703, 99714,20210413,  -67,    0
 18703, 99714,20210414,  -78,    0
 18703, 99714,20210415, -105,    0
 18703, 99714,20210416,  -84,    0
 18703, 99714,20210417,-9999,    9
 18703, 99714,20210418,  -31,    0
 18703, 99714,20210419,  -32,    0
 18703, 99714,20210420,  -11,    0
 18703, 99714,20210421,  -45,    0
 18703, 99714,20210422,  -55,    0
 18703, 99714,20210423,  -61,    0
 18703, 99714,20210424,  -74,    0
 18703, 99714,20210425,  -89,    0
 18703, 99714,20210426,  -98,    0
 18703, 99714,20210427,  -81,    0
 18703, 99714,20210428,  -63,    0
 18703, 99714,20210429,  -60,    0
 18703, 99714,20210430,  -69,    0
 18703, 99714,20210501,  -52,    0
 18703, 99714,20210502,  -52,    0
 18703, 99714,20210503,  -45,    0
 18703, 99714,20210504,  -52,    0
 18703, 99714,20210505,  -42,    0
 18703, 99714,20210506,  -46,    0
 18703, 99714,20210507,  -55,    0
 18703, 99714,20210508,  -40,    0
 18703, 99714,20210509,  -10,    0
 18703, 99714,20210510,-9999,    9
 18703, 99714,20210511,-9999,    9
 18703, 99714,20210512,   10,    0
 18703, 99714,20210513,   28,    0
 18703, 99714,20210514,   35,    0
 18703, 99714,20210515,   19,    0
 18703, 99714,20210516,   12,    0
 18703, 99714,20210517,   20,    0
 18703, 99714,20210518,    3,    0
 18703, 99714,20210519,   12,    0
 18703, 99714,20210520,    6,    0
 18703, 99714,20210521,    9,    0
 18703, 99714,20210522,   15,    0
 18703, 99714,20210523,   18,    0
 18703, 99714,20210524,   20,    0
 18703, 99714,20210525,   17,    0
 18703, 99714,20210526,   25,    0
 18703, 99714,20210527,   41,    0
 18703, 99714,20210528,   56,    0
 18703, 99714,20210529,   83,    0
 18703, 99714,20210530,  101,    0
 18703, 99714,20210531,  113,    0
 18703, 99714,20210601,  106,    0
 18703, 99714,20210602,   84,    0
 18703, 99714,20210603,   83,    0
 18703, 99714,20210604,   87,    0
 18703, 99714,20210605,  104,    0
 18703, 99714,20210606,   88,    0
 18703, 99714,20210607,   92,    0
 18703, 99714,20210608,   88,    0
 18703, 99714,20210609,   87,    0
 18703, 99714,20210610,   93,    0
 18703, 99714,20210611,   88,    0
 18703, 99714,20210612,   25,    0
 18703, 99714,20210613,   36,    0
 18703, 99714,20210614,   51,    0
 18703, 99714,20210615,   25,    0
 18703, 99714,20210616,   65,    0
 18703, 99714,20210617,  100,    0
 18703, 99714,20210618,   74,    0
 18703, 99714,20210619,   67,    0
 18703, 99714,20210620,   79,    0
 18703, 99714,20210621,   61,    0
 18703, 99714,20210622,   91,    0
 18703, 99714,20210623,   95,    0
 18703, 99714,20210624,  111,    0
 18703, 99714,20210625,  123,    0
 18703, 99714,20210626,  125,    0
 18703, 99714,20210627,  108,    0
 18703, 99714,20210628,  108,    0
 18703, 99714,20210629,  117,    0
 18703, 99714,20210630,  108,    0
 18703, 99714,20210701,  119,    0
 18703, 99714,20210702,  149,    0
 18703, 99714,20210703,  157,    0
 18703, 99714,20210704,  128,    0
 18703, 99714,20210705,  118,    0
 18703, 99714,20210706,  110,    0
 18703, 99714,20210707,  100,    0
 18703, 99714,20210708,   97,    0
 18703, 99714,20210709,  103,    0
 18703, 99714,20210710,  107,    0
 18703, 99714,20210711,   88,    0
 18703, 99714,20210712,  117,    0
 18703, 99714,20210713,  141,    0
 18703, 99714,20210714,  134,    0
 18703, 99714,20210715,  113,    0
 18703, 99714,20210716,  109,    0
 18703, 99714,20210717,   88,    0
 18703, 99714,20210718,   52,    0
 18703, 99714,20210719,   70,    0
 18703, 99714,20210720,   71,    0
 18703, 99714,20210721,  103,    0
 18703, 99714,20210722,  115,    0
 18703, 99714,20210723,  145,    0
 18703, 99714,20210724,  158,    0
 18703, 99714,20210725,  147,    0
 18703, 99714,20210726,  136,    0
 18703, 99714,20210727,  123,    0
 18703, 99714,20210728,  118,    0
 18703, 99714,20210729,  102,    0
 18703, 99714,20210730,  117,    0
 18703, 99714,20210731,   90,    0
 18703, 99714,20210801,   77,    0
 18703, 99714,20210802,   76,    0
 18703, 99714,20210803,   78,    0
 18703, 99714,20210804,   87,    0
 18703, 99714,20210805,   95,    0
 18703, 99714,20210806,   88,    0
 18703, 99714,20210807,   86,    0
 18703, 99714,20210808,   96,    0
 18703, 99714,20210809,   94,    0
 18703, 99714,20210810,  103,    0
 18703, 99714,20210811,  105,    0
 18703, 99714,20210812,-9999,    9
 18703, 99714,20210813,   84,    0
 18703, 99714,20210814,   64,    0
 18703, 99714,20210815,   59,    0
 18703, 99714,20210816,   65,    0
 18703, 99714,20210817,   90,    0
 18703, 99714,20210818,   55,    0
 18703, 99714,20210819,   52,    0
 18703, 99714,20210820,   51,    0
 18703, 99714,20210821,   69,    0
 18703, 99714,20210822,   81,    0
 18703, 99714,20210823,   93,    0
 18703, 99714,20210824,   90,    0
 18703, 99714,20210825,   87,    0
 18703, 99714,20210826,   74,    0
 18703, 99714,20210827,   64,    0
 18703, 99714,20210828,   78,    0
 18703, 99714,20210829,  108,    0
 18703, 99714,20210830,  109,    0
 18703, 99714,20210831,-9999,    9
 18703, 99714,20210901,  100,    0
 18703, 99714,20210902,   72,    0
 18703, 99714,20210903,   56,    0
 18703, 99714,20210904,   65,    0
 18703, 99714,20210905,   76,    0
 18703, 99714,20210906,   65,    0
 18703, 99714,20210907,   91,    0
 18703, 99714,20210908,   97,    0
 18703, 99714,20210909,  108,    0
 18703, 99714,20210910,  114,    0
 18703, 99714,20210911,  109,    0
 18703, 99714,20210912,   97,    0
 18703, 99714,20210913,   65,    0
 18703, 99714,20210914,   59,    0
 18703, 99714,20210915,   63,    0
 18703, 99714,20210916,   53,    0
 18703, 99714,20210917,   21,    0
 18703, 99714,20210918,   33,    0
 18703, 99714,20210919,   39,    0
 18703, 99714,20210920,   32,    0
 18703, 99714,20210921,   38,    0
 18703, 99714,20210922,   68,    0
 18703, 99714,20210923,   14,    0
 18703, 99714,20210924,   25,    0
 18703, 99714,20210925,   22,    0
 18703, 99714,20210926,   73,    0
 18703, 99714,20210927,   68,    0
 18703, 99714,20210928,   47,    0
 18703, 99714,20210929,   45,    0
 18703, 99714,20210930,   43,    0
 18703, 99714,20211001,   46,    0
 18703, 99714,20211002,   26,    0
 18703, 99714,20211003,   50,    0
 18703, 99714,20211004,   39,    0
 18703, 99714,20211005,   42,    0
 18703, 99714,20211006,   36,    0
 18703, 99714,20211007,   44,    0
 18703, 99714,20211008,   86,    0
 18703, 99714,20211009,   83,    0
 18703, 99714,20211010,   35,    0
 18703, 99714,20211011,   -9,    0
 18703, 99714,20211012,  -14,    0
 18703, 99714,20211013,  -15,    0
 18703, 99714,20211014,   29,    0
 18703, 99714,20211015,  -15,    0
 18703, 99714,20211016,  -19,    0
 18703, 99714,20211017,  -52,    0
 18703, 99714,20211018,  -67,    0
 18703, 99714,20211019,    1,    0
 18703, 99714,20211020,   30,    0
 18703, 99714,20211021,  -34,    0
 18703, 99714,20211022,  -36,    0
 18703, 99714,20211023,  -28,    0
 18703, 99714,20211024,   18,    0
 18703, 99714,20211025,   20,    0
 18703, 99714,20211026,   -3,    0
 18703, 99714,20211027,   32,    0
 18703, 99714,20211028,   57,    0
 18703, 99714,20211029,   45,    0
 18703, 99714,20211030,   27,    0
 18703, 99714,20211031,   15,    0
 18703, 99714,20211101,-9999,    9
 18703, 99714,20211102,   13,    0
 18703, 99714,20211103,  -18,    0
 18703, 99714,20211104,  -26,    0
 18703, 99714,20211105,  -20,    0
 18703, 99714,20211106,  -26,    0
 18703, 99714,20211107,-9999,    9
 18703, 99714,20211108,-9999,    9
 18703, 99714,20211109,    3,    0
 18703, 99714,20211110,  -14,    0
 18703, 99714,20211111,  -20,    0
 18703, 99714,20211112,  -54,    0
 18703, 99714,20211113,  -46,    0
 18703, 99714,20211114,  -88,    0
 18703, 99714,20211115,   -9,    0
 18703, 99714,20211116,   11,    0
 18703, 99714,20211117,  -22,    0
 18703, 99714,20211118,   -8,    0
 18703, 99714,20211119,    4,    0
 18703, 99714,20211120,  -27,    0
 18703, 99714,20211121,  -81,    0
 18703, 99714,20211122,  -38,    0
 18703, 99714,20211123,  -10,    0
 18703, 99714,20211124,  -13,    0
 18703, 99714,20211125,  -71,    0
 18703, 99714,20211126, -101,    0
 18703, 99714,20211127,  -99,    0
 18703, 99714,20211128, -167,    0
 18703, 99714,20211129, -202,    0
 18703, 99714,20211130,-9999,    9
 18703, 99714,20211201, -192,    0
 18703, 99714,20211202, -121,    0
 18703, 99714,20211203, -139,    0
 18703, 99714,20211204, -139,    0
 18703, 99714,20211205, -140,    0
 18703, 99714,20211206, -149,    0
 18703, 99714,20211207, -138,    0
 18703, 99714,20211208, -120,    0
 18703, 99714,20211209,  -95,    0
 18703, 99714,20211210,  -84,    0
 18703, 99714,20211211,  -72,    0
 18703, 99714,20211212,  -48,    0
 18703, 99714,20211213,  -36,    0
 18703, 99714,20211214,  -29,    0
 18703, 99714,20211215,    2,    0
 18703, 99714,20211216,  -18,    0
 18703, 99714,20211217,    3,    0
 18703, 99714,20211218,   -1,    0
 18703, 99714,20211219,  -58,    0
 18703, 99714,20211220, -120,    0
 18703, 99714,20211221,  -90,    0
 18703, 99714,20211222,  -69,    0
 18703, 99714,20211223, -119,    0
 18703, 99714,20211224, -165,    0
 18703, 99714,20211225, -116,    0
 18703, 99714,20211226, -119,    0
 18703, 99714,20211227, -177,    0
 18703, 99714,20211228, -124,    0
 18703, 99714,20211229, -110,    0
 18703, 99714,20211230,  -13,    0
 18703, 99714,20211231,   -3,    0
 18703, 99714,20220101,  -52,    0
 18703, 99714,20220102,  -13,    0
 18703, 99714,20220103,  -39,    0
 18703, 99714,20220104,  -86,    0
 18703, 99714,20220105,  -98,    0
 18703, 99714,20220106, -135,    0
 18703, 99714,20220107, -107,    0
 18703, 99714,20220108,  -98,    0
 18703, 99714,20220109,  -87,    0
 18703, 99714,20220110,  -78,    0
 18703, 99714,20220111,  -46,    0
 18703, 99714,20220112,   -6,    0
 18703, 99714,20220113,    6,    0
 18703, 99714,20220114,  -65,    0
 18703, 99714,20220115,  -52,    0
 18703, 99714,20220116,  -44,    0
 18703, 99714,20220117,  -79,    0
 18703, 99714,20220118,  -21,    0
 18703, 99714,20220119,  -53,    0
 18703, 99714,20220120, -106,    0
 18703, 99714,20220121,  -42,    0
 18703, 99714,20220122,  -10,    0
 18703, 99714,20220123,   -7,    0
 18703, 99714,20220124,  -25,    0
 18703, 99714,20220125,  -37,    0
 18703, 99714,20220126,  -35,    0
 18703, 99714,20220127,  -35,    0
 18703, 99714,20220128,  -70,    0
 18703, 99714,20220129,  -23,    0
 18703, 99714,20220130,  -89,    0
 18703, 99714,20220131, -126,    0
 18703, 99714,20220201,  -81,    0
 18703, 99714,20220202,  -78,    0
 18703, 99714,20220203,  -57,    0
 18703, 99714,20220204,  -64,    0
 18703, 99714,20220205,  -65,    0
 18703, 99714,20220206,  -76,    0
 18703, 99714,20220207,  -56,    0
 18703, 99714,20220208,  -45,    0
 18703, 99714,20220209,  -58,    0
 18703, 99714,20220210,  -75,    0
 18703, 99714,20220211,  -93,    0
 18703, 99714,20220212,  -41,    0
 18703, 99714,20220213,  -24,    0
 18703, 99714,20220214,  -45,    0
 18703, 99714,20220215,  -71,    0
 18703, 99714,20220216,  -63,    0
 18703, 99714,20220217,  -80,    0
 18703, 99714,20220218,  -85,    0
 18703, 99714,20220219, -109,    0
 18703, 99714,20220220,  -98,    0
 18703, 99714,20220221,  -77,    0
 18703, 99714,20220222, -113,    0
 18703, 99714,20220223,  -46,    0
 18703, 99714,20220224,  -77,    0
 18703, 99714,20220225,  -76,    0
 18703, 99714,20220226,  -65,    0
 18703, 99714,20220227,  -62,    0
 18703, 99714,20220228,  -73,    0
 18703, 99714,20220301,  -42,    0
 18703, 99714,20220302,  -39,    0
 18703, 99714,20220303,-9999,    9
 18703, 99714,20220304, -140,    0
 18703, 99714,20220305,  -98,    0
 18703, 99714,20220306,  -60,    0
 18703, 99714,20220307,  -62,    0
 18703, 99714,20220308, -109,    0
 18703, 99714,20220309,  -95,    0
 18703, 99714,20220310,  -62,    0
 18703, 99714,20220311,  -90,    0
 18703, 99714,20220312,  -87,    0
 18703, 99714,20220313,  -53,    0
 18703, 99714,20220314,  -59,    0
 18703, 99714,20220315,  -77,    0
 18703, 99714,20220316,  -37,    0
 18703, 99714,20220317,  -40,    0
 18703, 99714,20220318,  -53,    0
 18703, 99714,20220319,  -43,    0
 18703, 99714,20220320,  -65,    0
 18703, 99714,20220321,  -86,    0
 18703, 99714,20220322,  -69,    0
 18703, 99714,20220323,  -48,    0
 18703, 99714,20220324,-9999,    9
 18703, 99714,20220325,-9999,    9
 18703, 99714,20220326,  -34,    0
 18703, 99714,20220327,  -14,    0
 18703, 99714,20220328,  -45,    0
 18703, 99714,20220329,  -91,    0
 18703, 99714,20220330, -121,    0
 18703, 99714,20220331, -123,    0
 18703, 99714,20220401, -136,    0
 18703, 99714,20220402, -106,    0
 18703, 99714,20220403,  -51,    0
 18703, 99714,20220404,  -52,    0
 18703, 99714,20220405, -103,    0
 18703, 99714,20220406, -125,    0
 18703, 99714,20220407,  -97,    0
 18703, 99714,20220408, -100,    0
 18703, 99714,20220409,  -65,    0
 18703, 99714,20220410,  -59,    0
 18703, 99714,20220411,  -76,    0
 18703, 99714,20220412,  -87,    0
 18703, 99714,20220413,  -41,    0
 18703, 99714,20220414,  -24,    0
 18703, 99714,20220415,  -38,    0
 18703, 99714,20220416,  -43,    0
 18703, 99714,20220417,  -47,    0
 18703, 99714,20220418,  -45,    0
 18703, 99714,20220419,  -54,    0
 18703, 99714,20220420,  -28,    0
 18703, 99714,20220421,    3,    0
 18703, 99714,20220422,    8,    0
 18703, 99714,20220423,   -9,    0
 18703, 99714,20220424,  -25,    0
 18703, 99714,20220425,  -23,    0
 18703, 99714,20220426,  -25,    0
 18703, 99714,20220427,  -26,    0
 18703, 99714,20220428,  -30,    0
 18703, 99714,20220429,  -34,    0
 18703, 99714,20220430,  -26,    0
 18703, 99714,20220501,-9999,    9
 18703, 99714,20220502,-9999,    9
 18703, 99714,20220503,-9999,    9
 18703, 99714,20220504,-9999,    9
 18703, 99714,20220505,-9999,    9
 18703, 99714,20220506,-9999,    9
 18703, 99714,20220507,-9999,    9
 18703, 99714,20220508,-9999,    9
 18703, 99714,20220509,-9999,    9
 18703, 99714,20220510,-9999,    9
 18703, 99714,20220511,-9999,    9
 18703, 99714,20220512,-9999,    9
 18703, 99714,20220513,-9999,    9
 18703, 99714,20220514,-9999,    9
 18703, 99714,20220515,    4,    0
 18703, 99714,20220516,    9,    0
 18703, 99714,20220517,    8,    0
 18703, 99714,20220518,   20,    0
 18703, 99714,20220519,-9999,    9
 18703, 99714,20220520,-9999,    9
 18703, 99714,20220521,  -12,    0
 18703, 99714,20220522,  -36,    0
 18703, 99714,20220523,   26,    0
 18703, 99714,20220524,   22,    0
 18703, 99714,20220525,   19,    0
 18703, 99714,20220526,    1,    0
 18703, 99714,20220527,  -11,    0
 18703, 99714,20220528,   13,    0
 18703, 99714,20220529,  -12,    0
 18703, 99714,20220530,   20,    0
 18703, 99714,20220531,   31,    0
 18703, 99714,20220601,   32,    0
 18703, 99714,20220602,   22,    0
 18703, 99714,20220603,-9999,    9
 18703, 99714,20220604,   32,    0
 18703, 99714,20220605,   37,    0
 18703, 99714,20220606,   78,    0
 18703, 99714,20220607,   73,    0
 18703, 99714,20220608,   58,    0
 18703, 99714,20220609,  -73,    0
 18703, 99714,20220610,   71,    0
 18703, 99714,20220611,   50,    0
 18703, 99714,20220612,   36,    0
 18703, 99714,20220613,   24,    0
 18703, 99714,20220614,   33,    0
 18703, 99714,20220615,   51,    0
 18703, 99714,20220616,-9999,    9
 18703, 99714,20220617,   66,    0
 18703, 99714,20220618,   24,    0
 18703, 99714,20220619,   36,    0
 18703, 99714,20220620,   71,    0
 18703, 99714,20220621,    0,    0
 18703, 99714,20220622,-9999,    9
 18703, 99714,20220623,   88,    0
 18703, 99714,20220624,  133,    0
 18703, 99714,20220625,  124,    0
 18703, 99714,20220626,  124,    0
 18703, 99714,20220627,   89,    0
 18703, 99714,20220628,   79,    0
 18703, 99714,20220629,  117,    0
 18703, 99714,20220630,  132,    0
 18703, 99714,20220701,  141,    0
 18703, 99714,20220702,   82,    0
 18703, 99714,20220703,   75,    0
 18703, 99714,20220704,   56,    0
 18703, 99714,20220705,-9999,    9
 18703, 99714,20220706,   50,    0
 18703, 99714,20220707,   38,    0
 18703, 99714,20220708,   11,    0
 18703, 99714,20220709,-9999,    9
 18703, 99714,20220710,   59,    0
 18703, 99714,20220711,   98,    0
 18703, 99714,20220712,  110,    0
 18703, 99714,20220713,   57,    0
 18703, 99714,20220714,  -97,    0
 18703, 99714,20220715,   33,    0
 18703, 99714,20220716,   43,    0
 18703, 99714,20220717,    8,    0
 18703, 99714,20220718,   79,    0
 18703, 99714,20220719,  127,    0
 18703, 99714,20220720,  155,    0
 18703, 99714,20220721,  113,    0
 18703, 99714,20220722,  120,    0
 18703, 99714,20220723,  106,    0
 18703, 99714,20220724,   92,    0
 18703, 99714,20220725,  108,    0
 18703, 99714,20220726,-9999,    9
 18703, 99714,20220727,-9999,    9
 18703, 99714,20220728,   86,    0
 18703, 99714,20220729,  107,    0
 18703, 99714,20220730,   96,    0
 18703, 99714,20220731,   91,    0
 18703, 99714,20220801,   -9,    0
 18703, 99714,20220802,   61,    0
 18703, 99714,20220803,  106,    0
 18703, 99714,20220804,   85,    0
 18703, 99714,20220805,   42,    0
 18703, 99714,20220806,-9999,    9
 18703, 99714,20220807,-9999,    9
 18703, 99714,20220808,-9999,    9
 18703, 99714,20220809,-9999,    9
 18703, 99714,20220810,-9999,    9
 18703, 99714,20220811,   90,    0
 18703, 99714,20220812,  110,    0
 18703, 99714,20220813,  118,    0
 18703, 99714,20220814,  134,    0
 18703, 99714,20220815,-9999,    9
 18703, 99714,20220816,  124,    0
 18703, 99714,20220817,-9999,    9
 18703, 99714,20220818,   -4,    0
 18703, 99714,20220819,  105,    0
 18703, 99714,20220820,   90,    0
 18703, 99714,20220821,   67,    0
 18703, 99714,20220822,   53,    0
 18703, 99714,20220823,   91,    0
 18703, 99714,20220824,  106,    0
 18703, 99714,20220825,  122,    0
 18703, 99714,20220826,   80,    0
 18703, 99714,20220827,  -43,    0
 18703, 99714,20220828,  -57,    0
 18703, 99714,20220829,   18,    0
 18703, 99714,20220830,   85,    0
 18703, 99714,20220831,  -40,    0
 18703, 99714,20220901,   -2,    0
 18703, 99714,20220902, -111,    0
 18703, 99714,20220903,   56,    0
 18703, 99714,20220904,   34,    0
 18703, 99714,20220905,-9999,    9
 18703, 99714,20220906,-9999,    9
 18703, 99714,20220907,-9999,    9
 18703, 99714,20220908,-9999,    9
 18703, 99714,20220909,-9999,    9
 18703, 99714,20220910,-9999,    9
 18703, 99714,20220911,-9999,    9
 18703, 99714,20220912,-9999,    9
 18703, 99714,20220913,-9999,    9
 18703, 99714,20220914,-9999,    9
 18703, 99714,20220915,-9999,    9
 18703, 99714,20220916,-9999,    9
 18703, 99714,20220917,-9999,    9
 18703, 99714,20220918,-9999,    9
 18703, 99714,20220919,-9999,    9
 18703, 99714,20220920,-9999,    9
 18703, 99714,20220921,-9999,    9
 18703, 99714,20220922,-9999,    9
 18703, 99714,20220923,-9999,    9
 18703, 99714,20220924,-9999,    9
 18703, 99714,20220925,-9999,    9
 18703, 99714,20220926,-9999,    9
 18703, 99714,20220927,-9999,    9
 18703, 99714,20220928,-9999,    9
 18703, 99714,20220929,-9999,    9
 18703, 99714,20220930,-9999,    9
 18703, 99714,20221001,-9999,    9
 18703, 99714,20221002,-9999,    9
 18703, 99714,20221003,-9999,    9
 18703, 99714,20221004,-9999,    9
 18703, 99714,20221005,-9999,    9
 18703, 99714,20221006,-9999,    9
 18703, 99714,20221007,-9999,    9
 18703, 99714,20221008,-9999,    9
 18703, 99714,20221009,-9999,    9
 18703, 99714,20221010,-9999,    9
 18703, 99714,20221011,-9999,    9
 18703, 99714,20221012,-9999,    9
 18703, 99714,20221013,-9999,    9
 18703, 99714,20221014,-9999,    9
 18703, 99714,20221015,-9999,    9
 18703, 99714,20221016,-9999,    9
 18703, 99714,20221017,-9999,    9
 18703, 99714,20221018,-9999,    9
 18703, 99714,20221019,-9999,    9
 18703, 99714,20221020,-9999,    9
 18703, 99714,20221021,-9999,    9
 18703, 99714,20221022,-9999,    9
 18703, 99714,20221023,-9999,    9
 18703, 99714,20221024,-9999,    9
 18703, 99714,20221025,-9999,    9
 18703, 99714,20221026,-9999,    9
 18703, 99714,20221027,-9999,    9
 18703, 99714,20221028,-9999,    9
 18703, 99714,20221029,-9999,    9
 18703, 99714,20221030,-9999,    9
 18703, 99714,20221031,-9999,    9
