EUROPEAN CLIMATE ASSESSMENT & DATASET (ECA&D), file created on: 16-11-2022
THESE DATA CAN BE USED FOR NON-COMMERCIAL RESEARCH AND EDUCATION PROVIDED THAT THE FOLLOWING SOURCE IS ACKNOWLEDGED: 

Klein Tank, A.M.G. and Coauthors, 2002. Daily dataset of 20th-century surface
air temperature and precipitation series for the European Climate Assessment.
Int. J. of Climatol., 22, 1441-1453.
Data and metadata available at http://www.ecad.eu

FILE FORMAT (MISSING VALUE CODE = -9999):

01-06 STAID: Station identifier
08-13 SOUID: Source identifier
15-22 DATE : Date YYYYMMDD
24-28 TG   : Mean temperature in 0.1 &#176;C
30-34 Q_TG : quality code for TG (0='valid'; 1='suspect'; 9='missing')

This is the blended series of station E39 REED, NORWAY (STAID: 18664)
Blended and updated with sources:99651 
See files sources.txt and stations.txt for more info.

STAID, SOUID,    DATE,   TG, Q_TG
 18664, 99651,20170701,-9999,    9
 18664, 99651,20170702,-9999,    9
 18664, 99651,20170703,-9999,    9
 18664, 99651,20170704,-9999,    9
 18664, 99651,20170705,-9999,    9
 18664, 99651,20170706,-9999,    9
 18664, 99651,20170707,-9999,    9
 18664, 99651,20170708,-9999,    9
 18664, 99651,20170709,-9999,    9
 18664, 99651,20170710,-9999,    9
 18664, 99651,20170711,-9999,    9
 18664, 99651,20170712,  107,    0
 18664, 99651,20170713,  114,    0
 18664, 99651,20170714,  123,    0
 18664, 99651,20170715,  152,    0
 18664, 99651,20170716,  122,    0
 18664, 99651,20170717,   91,    0
 18664, 99651,20170718,  120,    0
 18664, 99651,20170719,  130,    0
 18664, 99651,20170720,  155,    0
 18664, 99651,20170721,  181,    0
 18664, 99651,20170722,  182,    0
 18664, 99651,20170723,  183,    0
 18664, 99651,20170724,  137,    0
 18664, 99651,20170725,  155,    0
 18664, 99651,20170726,  160,    0
 18664, 99651,20170727,  151,    0
 18664, 99651,20170728,  144,    0
 18664, 99651,20170729,  144,    0
 18664, 99651,20170730,  157,    0
 18664, 99651,20170731,  138,    0
 18664, 99651,20170801,  142,    0
 18664, 99651,20170802,  139,    0
 18664, 99651,20170803,  153,    0
 18664, 99651,20170804,  140,    0
 18664, 99651,20170805,  142,    0
 18664, 99651,20170806,  153,    0
 18664, 99651,20170807,  145,    0
 18664, 99651,20170808,  137,    0
 18664, 99651,20170809,  131,    0
 18664, 99651,20170810,  144,    0
 18664, 99651,20170811,  159,    0
 18664, 99651,20170812,  122,    0
 18664, 99651,20170813,   96,    0
 18664, 99651,20170814,  119,    0
 18664, 99651,20170815,  134,    0
 18664, 99651,20170816,  129,    0
 18664, 99651,20170817,  141,    0
 18664, 99651,20170818,  147,    0
 18664, 99651,20170819,  136,    0
 18664, 99651,20170820,  125,    0
 18664, 99651,20170821,  138,    0
 18664, 99651,20170822,  128,    0
 18664, 99651,20170823,  123,    0
 18664, 99651,20170824,  126,    0
 18664, 99651,20170825,  120,    0
 18664, 99651,20170826,  118,    0
 18664, 99651,20170827,  122,    0
 18664, 99651,20170828,  152,    0
 18664, 99651,20170829,  133,    0
 18664, 99651,20170830,  115,    0
 18664, 99651,20170831,  113,    0
 18664, 99651,20170901,  108,    0
 18664, 99651,20170902,  119,    0
 18664, 99651,20170903,  111,    0
 18664, 99651,20170904,  140,    0
 18664, 99651,20170905,  142,    0
 18664, 99651,20170906,  133,    0
 18664, 99651,20170907,  125,    0
 18664, 99651,20170908,  125,    0
 18664, 99651,20170909,  108,    0
 18664, 99651,20170910,  119,    0
 18664, 99651,20170911,  107,    0
 18664, 99651,20170912,  100,    0
 18664, 99651,20170913,  111,    0
 18664, 99651,20170914,  107,    0
 18664, 99651,20170915,  110,    0
 18664, 99651,20170916,  107,    0
 18664, 99651,20170917,   91,    0
 18664, 99651,20170918,  107,    0
 18664, 99651,20170919,  115,    0
 18664, 99651,20170920,   98,    0
 18664, 99651,20170921,   98,    0
 18664, 99651,20170922,  122,    0
 18664, 99651,20170923,  113,    0
 18664, 99651,20170924,  109,    0
 18664, 99651,20170925,  124,    0
 18664, 99651,20170926,  137,    0
 18664, 99651,20170927,  148,    0
 18664, 99651,20170928,  165,    0
 18664, 99651,20170929,  164,    0
 18664, 99651,20170930,  146,    0
 18664, 99651,20171001,  147,    0
 18664, 99651,20171002,  127,    0
 18664, 99651,20171003,   96,    0
 18664, 99651,20171004,-9999,    9
 18664, 99651,20171005,   76,    0
 18664, 99651,20171006,   82,    0
 18664, 99651,20171007,   59,    0
 18664, 99651,20171008,   51,    0
 18664, 99651,20171009,   34,    0
 18664, 99651,20171010,   69,    0
 18664, 99651,20171011,   91,    0
 18664, 99651,20171012,   79,    0
 18664, 99651,20171013,  104,    0
 18664, 99651,20171014,-9999,    9
 18664, 99651,20171015,  107,    0
 18664, 99651,20171016,   81,    0
 18664, 99651,20171017,-9999,    9
 18664, 99651,20171018,-9999,    9
 18664, 99651,20171019,-9999,    9
 18664, 99651,20171020,-9999,    9
 18664, 99651,20171021,-9999,    9
 18664, 99651,20171022,-9999,    9
 18664, 99651,20171023,-9999,    9
 18664, 99651,20171024,-9999,    9
 18664, 99651,20171025,   84,    0
 18664, 99651,20171026,   72,    0
 18664, 99651,20171027,   69,    0
 18664, 99651,20171028,   60,    0
 18664, 99651,20171029,   23,    0
 18664, 99651,20171030,   19,    0
 18664, 99651,20171031,   53,    0
 18664, 99651,20171101,-9999,    9
 18664, 99651,20171102,-9999,    9
 18664, 99651,20171103,   70,    0
 18664, 99651,20171104,   70,    0
 18664, 99651,20171105,   46,    0
 18664, 99651,20171106,-9999,    9
 18664, 99651,20171107,  102,    0
 18664, 99651,20171108,   73,    0
 18664, 99651,20171109,   59,    0
 18664, 99651,20171110,-9999,    9
 18664, 99651,20171111,-9999,    9
 18664, 99651,20171112,-9999,    9
 18664, 99651,20171113,-9999,    9
 18664, 99651,20171114,-9999,    9
 18664, 99651,20171115,   26,    0
 18664, 99651,20171116,   52,    0
 18664, 99651,20171117,   39,    0
 18664, 99651,20171118,   17,    0
 18664, 99651,20171119,   11,    0
 18664, 99651,20171120,    9,    0
 18664, 99651,20171121,  -28,    0
 18664, 99651,20171122,    4,    0
 18664, 99651,20171123,   22,    0
 18664, 99651,20171124,   28,    0
 18664, 99651,20171125,   41,    0
 18664, 99651,20171126,   21,    0
 18664, 99651,20171127,  -21,    0
 18664, 99651,20171128,-9999,    9
 18664, 99651,20171129,-9999,    9
 18664, 99651,20171130,  -58,    0
 18664, 99651,20171201,  -46,    0
 18664, 99651,20171202,   35,    0
 18664, 99651,20171203,   10,    0
 18664, 99651,20171204,    5,    0
 18664, 99651,20171205,   17,    0
 18664, 99651,20171206,   18,    0
 18664, 99651,20171207,   69,    0
 18664, 99651,20171208,   16,    0
 18664, 99651,20171209,    2,    0
 18664, 99651,20171210,    9,    0
 18664, 99651,20171211,   -5,    0
 18664, 99651,20171212,  -53,    0
 18664, 99651,20171213,   -3,    0
 18664, 99651,20171214,  -39,    0
 18664, 99651,20171215,  -54,    0
 18664, 99651,20171216,  -27,    0
 18664, 99651,20171217,   10,    0
 18664, 99651,20171218,   22,    0
 18664, 99651,20171219,   46,    0
 18664, 99651,20171220,   55,    0
 18664, 99651,20171221,   26,    0
 18664, 99651,20171222,   10,    0
 18664, 99651,20171223,   25,    0
 18664, 99651,20171224,   19,    0
 18664, 99651,20171225,   15,    0
 18664, 99651,20171226,   -1,    0
 18664, 99651,20171227,  -18,    0
 18664, 99651,20171228,  -44,    0
 18664, 99651,20171229,  -21,    0
 18664, 99651,20171230,  -14,    0
 18664, 99651,20171231,   11,    0
 18664, 99651,20180101,    4,    0
 18664, 99651,20180102,   -1,    0
 18664, 99651,20180103,  -31,    0
 18664, 99651,20180104,  -21,    0
 18664, 99651,20180105,  -34,    0
 18664, 99651,20180106,  -47,    0
 18664, 99651,20180107,   -8,    0
 18664, 99651,20180108,   13,    0
 18664, 99651,20180109,  -40,    0
 18664, 99651,20180110,   65,    0
 18664, 99651,20180111,   30,    0
 18664, 99651,20180112,  -11,    0
 18664, 99651,20180113,  -32,    0
 18664, 99651,20180114,   38,    0
 18664, 99651,20180115,   41,    0
 18664, 99651,20180116,   27,    0
 18664, 99651,20180117,  -10,    0
 18664, 99651,20180118,  -22,    0
 18664, 99651,20180119,   14,    0
 18664, 99651,20180120,   -6,    0
 18664, 99651,20180121,  -32,    0
 18664, 99651,20180122,   -8,    0
 18664, 99651,20180123,   41,    0
 18664, 99651,20180124,   46,    0
 18664, 99651,20180125,   26,    0
 18664, 99651,20180126,    4,    0
 18664, 99651,20180127,   14,    0
 18664, 99651,20180128,   34,    0
 18664, 99651,20180129,   11,    0
 18664, 99651,20180130,   12,    0
 18664, 99651,20180131,   35,    0
 18664, 99651,20180201,  -10,    0
 18664, 99651,20180202,  -29,    0
 18664, 99651,20180203,  -49,    0
 18664, 99651,20180204,  -13,    0
 18664, 99651,20180205,    1,    0
 18664, 99651,20180206,  -10,    0
 18664, 99651,20180207,  -17,    0
 18664, 99651,20180208,   30,    0
 18664, 99651,20180209,   40,    0
 18664, 99651,20180210,   27,    0
 18664, 99651,20180211,   33,    0
 18664, 99651,20180212,   -2,    0
 18664, 99651,20180213,   16,    0
 18664, 99651,20180214,   43,    0
 18664, 99651,20180215,   41,    0
 18664, 99651,20180216,   20,    0
 18664, 99651,20180217,   40,    0
 18664, 99651,20180218,   30,    0
 18664, 99651,20180219,  -11,    0
 18664, 99651,20180220,  -14,    0
 18664, 99651,20180221,    4,    0
 18664, 99651,20180222,  -21,    0
 18664, 99651,20180223,  -17,    0
 18664, 99651,20180224,  -16,    0
 18664, 99651,20180225,  -11,    0
 18664, 99651,20180226,  -10,    0
 18664, 99651,20180227,  -67,    0
 18664, 99651,20180228,  -91,    0
 18664, 99651,20180301,  -99,    0
 18664, 99651,20180302,  -77,    0
 18664, 99651,20180303,-9999,    9
 18664, 99651,20180304,  -41,    0
 18664, 99651,20180305,  -44,    0
 18664, 99651,20180306,  -61,    0
 18664, 99651,20180307,  -35,    0
 18664, 99651,20180308,    0,    0
 18664, 99651,20180309,    3,    0
 18664, 99651,20180310,-9999,    9
 18664, 99651,20180311,  -18,    0
 18664, 99651,20180312,   13,    0
 18664, 99651,20180313,   14,    0
 18664, 99651,20180314,  -20,    0
 18664, 99651,20180315,   -9,    0
 18664, 99651,20180316,  -24,    0
 18664, 99651,20180317,-9999,    9
 18664, 99651,20180318,  -44,    0
 18664, 99651,20180319,    0,    0
 18664, 99651,20180320,    5,    0
 18664, 99651,20180321,   15,    0
 18664, 99651,20180322,   26,    0
 18664, 99651,20180323,   48,    0
 18664, 99651,20180324,   52,    0
 18664, 99651,20180325,-9999,    9
 18664, 99651,20180326,   21,    0
 18664, 99651,20180327,   10,    0
 18664, 99651,20180328,   -3,    0
 18664, 99651,20180329,  -12,    0
 18664, 99651,20180330,  -18,    0
 18664, 99651,20180331,  -21,    0
 18664, 99651,20180401,  -23,    0
 18664, 99651,20180402,-9999,    9
 18664, 99651,20180403,-9999,    9
 18664, 99651,20180404,-9999,    9
 18664, 99651,20180405,-9999,    9
 18664, 99651,20180406,   22,    0
 18664, 99651,20180407,-9999,    9
 18664, 99651,20180408,   44,    0
 18664, 99651,20180409,   40,    0
 18664, 99651,20180410,   47,    0
 18664, 99651,20180411,   46,    0
 18664, 99651,20180412,   53,    0
 18664, 99651,20180413,   85,    0
 18664, 99651,20180414,   91,    0
 18664, 99651,20180415,   82,    0
 18664, 99651,20180416,   76,    0
 18664, 99651,20180417,   88,    0
 18664, 99651,20180418,   92,    0
 18664, 99651,20180419,  126,    0
 18664, 99651,20180420,   92,    0
 18664, 99651,20180421,   81,    0
 18664, 99651,20180422,   81,    0
 18664, 99651,20180423,   80,    0
 18664, 99651,20180424,   64,    0
 18664, 99651,20180425,   62,    0
 18664, 99651,20180426,   66,    0
 18664, 99651,20180427,   64,    0
 18664, 99651,20180428,   55,    0
 18664, 99651,20180429,   61,    0
 18664, 99651,20180430,   72,    0
 18664, 99651,20180501,   74,    0
 18664, 99651,20180502,-9999,    9
 18664, 99651,20180503,   82,    0
 18664, 99651,20180504,   89,    0
 18664, 99651,20180505,-9999,    9
 18664, 99651,20180506,  118,    0
 18664, 99651,20180507,  108,    0
 18664, 99651,20180508,  145,    0
 18664, 99651,20180509,  188,    0
 18664, 99651,20180510,  152,    0
 18664, 99651,20180511,   99,    0
 18664, 99651,20180512,  131,    0
 18664, 99651,20180513,  136,    0
 18664, 99651,20180514,  159,    0
 18664, 99651,20180515,  161,    0
 18664, 99651,20180516,-9999,    9
 18664, 99651,20180517,   92,    0
 18664, 99651,20180518,  110,    0
 18664, 99651,20180519,-9999,    9
 18664, 99651,20180520,  161,    0
 18664, 99651,20180521,  173,    0
 18664, 99651,20180522,  131,    0
 18664, 99651,20180523,  143,    0
 18664, 99651,20180524,  156,    0
 18664, 99651,20180525,  160,    0
 18664, 99651,20180526,-9999,    9
 18664, 99651,20180527,  171,    0
 18664, 99651,20180528,  171,    0
 18664, 99651,20180529,  188,    0
 18664, 99651,20180530,-9999,    9
 18664, 99651,20180531,  207,    0
 18664, 99651,20180601,  206,    0
 18664, 99651,20180602,  205,    0
 18664, 99651,20180603,  183,    0
 18664, 99651,20180604,  128,    0
 18664, 99651,20180605,  124,    0
 18664, 99651,20180606,-9999,    9
 18664, 99651,20180607,  158,    0
 18664, 99651,20180608,  163,    0
 18664, 99651,20180609,  182,    0
 18664, 99651,20180610,  159,    0
 18664, 99651,20180611,  128,    0
 18664, 99651,20180612,  127,    0
 18664, 99651,20180613,  130,    0
 18664, 99651,20180614,  134,    0
 18664, 99651,20180615,   96,    0
 18664, 99651,20180616,  110,    0
 18664, 99651,20180617,  129,    0
 18664, 99651,20180618,  120,    0
 18664, 99651,20180619,   92,    0
 18664, 99651,20180620,  102,    0
 18664, 99651,20180621,   91,    0
 18664, 99651,20180622,  108,    0
 18664, 99651,20180623,  114,    0
 18664, 99651,20180624,  121,    0
 18664, 99651,20180625,  140,    0
 18664, 99651,20180626,  129,    0
 18664, 99651,20180627,  151,    0
 18664, 99651,20180628,  146,    0
 18664, 99651,20180629,  145,    0
 18664, 99651,20180630,  156,    0
 18664, 99651,20180701,  185,    0
 18664, 99651,20180702,  168,    0
 18664, 99651,20180703,  167,    0
 18664, 99651,20180704,  186,    0
 18664, 99651,20180705,  167,    0
 18664, 99651,20180706,  134,    0
 18664, 99651,20180707,  148,    0
 18664, 99651,20180708,-9999,    9
 18664, 99651,20180709,  145,    0
 18664, 99651,20180710,  181,    0
 18664, 99651,20180711,  176,    0
 18664, 99651,20180712,  161,    0
 18664, 99651,20180713,  156,    0
 18664, 99651,20180714,  164,    0
 18664, 99651,20180715,  182,    0
 18664, 99651,20180716,  205,    0
 18664, 99651,20180717,  186,    0
 18664, 99651,20180718,  159,    0
 18664, 99651,20180719,  164,    0
 18664, 99651,20180720,  173,    0
 18664, 99651,20180721,  179,    0
 18664, 99651,20180722,  184,    0
 18664, 99651,20180723,  180,    0
 18664, 99651,20180724,  170,    0
 18664, 99651,20180725,  165,    0
 18664, 99651,20180726,  167,    0
 18664, 99651,20180727,  204,    0
 18664, 99651,20180728,  222,    0
 18664, 99651,20180729,  195,    0
 18664, 99651,20180730,  201,    0
 18664, 99651,20180731,  179,    0
 18664, 99651,20180801,  178,    0
 18664, 99651,20180802,  168,    0
 18664, 99651,20180803,  160,    0
 18664, 99651,20180804,  154,    0
 18664, 99651,20180805,  131,    0
 18664, 99651,20180806,  132,    0
 18664, 99651,20180807,  167,    0
 18664, 99651,20180808,  173,    0
 18664, 99651,20180809,  146,    0
 18664, 99651,20180810,  122,    0
 18664, 99651,20180811,  114,    0
 18664, 99651,20180812,  112,    0
 18664, 99651,20180813,  121,    0
 18664, 99651,20180814,  140,    0
 18664, 99651,20180815,  149,    0
 18664, 99651,20180816,  144,    0
 18664, 99651,20180817,  133,    0
 18664, 99651,20180818,  130,    0
 18664, 99651,20180819,  117,    0
 18664, 99651,20180820,  106,    0
 18664, 99651,20180821,  120,    0
 18664, 99651,20180822,-9999,    9
 18664, 99651,20180823,-9999,    9
 18664, 99651,20180824,-9999,    9
 18664, 99651,20180825,  102,    0
 18664, 99651,20180826,   95,    0
 18664, 99651,20180827,   94,    0
 18664, 99651,20180828,  126,    0
 18664, 99651,20180829,  131,    0
 18664, 99651,20180830,  110,    0
 18664, 99651,20180831,  116,    0
 18664, 99651,20180901,  135,    0
 18664, 99651,20180902,  167,    0
 18664, 99651,20180903,  151,    0
 18664, 99651,20180904,  120,    0
 18664, 99651,20180905,  125,    0
 18664, 99651,20180906,  118,    0
 18664, 99651,20180907,  145,    0
 18664, 99651,20180908,  116,    0
 18664, 99651,20180909,  130,    0
 18664, 99651,20180910,  121,    0
 18664, 99651,20180911,  103,    0
 18664, 99651,20180912,   85,    0
 18664, 99651,20180913,   84,    0
 18664, 99651,20180914,   83,    0
 18664, 99651,20180915,   73,    0
 18664, 99651,20180916,   90,    0
 18664, 99651,20180917,  103,    0
 18664, 99651,20180918,  152,    0
 18664, 99651,20180919,  150,    0
 18664, 99651,20180920,  106,    0
 18664, 99651,20180921,   76,    0
 18664, 99651,20180922,   77,    0
 18664, 99651,20180923,   52,    0
 18664, 99651,20180924,   42,    0
 18664, 99651,20180925,   85,    0
 18664, 99651,20180926,-9999,    9
 18664, 99651,20180927,-9999,    9
 18664, 99651,20180928,-9999,    9
 18664, 99651,20180929,-9999,    9
 18664, 99651,20180930,-9999,    9
 18664, 99651,20181001,-9999,    9
 18664, 99651,20181002,-9999,    9
 18664, 99651,20181003,-9999,    9
 18664, 99651,20181004,   76,    0
 18664, 99651,20181005,   62,    0
 18664, 99651,20181006,   49,    0
 18664, 99651,20181007,   62,    0
 18664, 99651,20181008,   82,    0
 18664, 99651,20181009,   84,    0
 18664, 99651,20181010,  105,    0
 18664, 99651,20181011,-9999,    9
 18664, 99651,20181012,  166,    0
 18664, 99651,20181013,  125,    0
 18664, 99651,20181014,  147,    0
 18664, 99651,20181015,   47,    0
 18664, 99651,20181016,   84,    0
 18664, 99651,20181017,-9999,    9
 18664, 99651,20181018,-9999,    9
 18664, 99651,20181019,   89,    0
 18664, 99651,20181020,   89,    0
 18664, 99651,20181021,   77,    0
 18664, 99651,20181022,-9999,    9
 18664, 99651,20181023,   36,    0
 18664, 99651,20181024,   33,    0
 18664, 99651,20181025,   44,    0
 18664, 99651,20181026,   25,    0
 18664, 99651,20181027,   -2,    0
 18664, 99651,20181028,  -23,    0
 18664, 99651,20181029,   -7,    0
 18664, 99651,20181030,   10,    0
 18664, 99651,20181031,   62,    0
 18664, 99651,20181101,  100,    0
 18664, 99651,20181102,   61,    0
 18664, 99651,20181103,   72,    0
 18664, 99651,20181104,  134,    0
 18664, 99651,20181105,  104,    0
 18664, 99651,20181106,   34,    0
 18664, 99651,20181107,   51,    0
 18664, 99651,20181108,-9999,    9
 18664, 99651,20181109,-9999,    9
 18664, 99651,20181110,-9999,    9
 18664, 99651,20181111,-9999,    9
 18664, 99651,20181112,-9999,    9
 18664, 99651,20181113,   86,    0
 18664, 99651,20181114,  103,    0
 18664, 99651,20181115,  127,    0
 18664, 99651,20181116,  122,    0
 18664, 99651,20181117,   76,    0
 18664, 99651,20181118,   30,    0
 18664, 99651,20181119,   11,    0
 18664, 99651,20181120,  -11,    0
 18664, 99651,20181121,  -22,    0
 18664, 99651,20181122,  -32,    0
 18664, 99651,20181123,  -44,    0
 18664, 99651,20181124,  -49,    0
 18664, 99651,20181125,  -51,    0
 18664, 99651,20181126,  -44,    0
 18664, 99651,20181127,  -52,    0
 18664, 99651,20181128,  -11,    0
 18664, 99651,20181129,   98,    0
 18664, 99651,20181130,   90,    0
 18664, 99651,20181201,   67,    0
 18664, 99651,20181202,   58,    0
 18664, 99651,20181203,   27,    0
 18664, 99651,20181204,    0,    0
 18664, 99651,20181205,    4,    0
 18664, 99651,20181206,   -5,    0
 18664, 99651,20181207,   12,    0
 18664, 99651,20181208,   21,    0
 18664, 99651,20181209,   20,    0
 18664, 99651,20181210,   19,    0
 18664, 99651,20181211,  -15,    0
 18664, 99651,20181212,  -46,    0
 18664, 99651,20181213,  -55,    0
 18664, 99651,20181214,  -63,    0
 18664, 99651,20181215,  -24,    0
 18664, 99651,20181216,   33,    0
 18664, 99651,20181217,    0,    0
 18664, 99651,20181218,  -27,    0
 18664, 99651,20181219,-9999,    9
 18664, 99651,20181220,   56,    0
 18664, 99651,20181221,   39,    0
 18664, 99651,20181222,   -3,    0
 18664, 99651,20181223,    0,    0
 18664, 99651,20181224,    5,    0
 18664, 99651,20181225,   21,    0
 18664, 99651,20181226,   32,    0
 18664, 99651,20181227,   31,    0
 18664, 99651,20181228,   37,    0
 18664, 99651,20181229,   26,    0
 18664, 99651,20181230,   15,    0
 18664, 99651,20181231,   65,    0
 18664, 99651,20190101,   23,    0
 18664, 99651,20190102,    1,    0
 18664, 99651,20190103,   11,    0
 18664, 99651,20190104,   27,    0
 18664, 99651,20190105,   38,    0
 18664, 99651,20190106,   36,    0
 18664, 99651,20190107,   23,    0
 18664, 99651,20190108,   22,    0
 18664, 99651,20190109,    6,    0
 18664, 99651,20190110,   22,    0
 18664, 99651,20190111,   21,    0
 18664, 99651,20190112,    5,    0
 18664, 99651,20190113,   -2,    0
 18664, 99651,20190114,  -16,    0
 18664, 99651,20190115,  -16,    0
 18664, 99651,20190116,   -7,    0
 18664, 99651,20190117,  -33,    0
 18664, 99651,20190118,-9999,    9
 18664, 99651,20190119,-9999,    9
 18664, 99651,20190120,  -55,    0
 18664, 99651,20190121,  -18,    0
 18664, 99651,20190122,  -21,    0
 18664, 99651,20190123,  -30,    0
 18664, 99651,20190124,   -3,    0
 18664, 99651,20190125,   14,    0
 18664, 99651,20190126,   -9,    0
 18664, 99651,20190127,  -43,    0
 18664, 99651,20190128,  -62,    0
 18664, 99651,20190129,   -5,    0
 18664, 99651,20190130,-9999,    9
 18664, 99651,20190131,   16,    0
 18664, 99651,20190201,    9,    0
 18664, 99651,20190202,  -37,    0
 18664, 99651,20190203,  -47,    0
 18664, 99651,20190204,  -28,    0
 18664, 99651,20190205,  -53,    0
 18664, 99651,20190206,  -26,    0
 18664, 99651,20190207,   21,    0
 18664, 99651,20190208,   19,    0
 18664, 99651,20190209,   35,    0
 18664, 99651,20190210,    4,    0
 18664, 99651,20190211,   -9,    0
 18664, 99651,20190212,   15,    0
 18664, 99651,20190213,-9999,    9
 18664, 99651,20190214,-9999,    9
 18664, 99651,20190215,-9999,    9
 18664, 99651,20190216,-9999,    9
 18664, 99651,20190217,-9999,    9
 18664, 99651,20190218,   82,    0
 18664, 99651,20190219,   49,    0
 18664, 99651,20190220,   21,    0
 18664, 99651,20190221,   44,    0
 18664, 99651,20190222,   86,    0
 18664, 99651,20190223,  118,    0
 18664, 99651,20190224,   71,    0
 18664, 99651,20190225,   58,    0
 18664, 99651,20190226,   66,    0
 18664, 99651,20190227,   49,    0
 18664, 99651,20190228,   27,    0
 18664, 99651,20190301,   15,    0
 18664, 99651,20190302,   25,    0
 18664, 99651,20190303,   45,    0
 18664, 99651,20190304,   25,    0
 18664, 99651,20190305,   12,    0
 18664, 99651,20190306,   16,    0
 18664, 99651,20190307,    9,    0
 18664, 99651,20190308,   -4,    0
 18664, 99651,20190309,  -18,    0
 18664, 99651,20190310,  -26,    0
 18664, 99651,20190311,  -15,    0
 18664, 99651,20190312,   21,    0
 18664, 99651,20190313,   25,    0
 18664, 99651,20190314,   24,    0
 18664, 99651,20190315,   33,    0
 18664, 99651,20190316,   20,    0
 18664, 99651,20190317,   32,    0
 18664, 99651,20190318,   29,    0
 18664, 99651,20190319,   28,    0
 18664, 99651,20190320,   56,    0
 18664, 99651,20190321,   49,    0
 18664, 99651,20190322,   67,    0
 18664, 99651,20190323,   36,    0
 18664, 99651,20190324,   23,    0
 18664, 99651,20190325,   29,    0
 18664, 99651,20190326,   17,    0
 18664, 99651,20190327,-9999,    9
 18664, 99651,20190328,   91,    0
 18664, 99651,20190329,   67,    0
 18664, 99651,20190330,   30,    0
 18664, 99651,20190331,-9999,    9
 18664, 99651,20190401,   39,    0
 18664, 99651,20190402,   54,    0
 18664, 99651,20190403,   53,    0
 18664, 99651,20190404,   55,    0
 18664, 99651,20190405,   68,    0
 18664, 99651,20190406,-9999,    9
 18664, 99651,20190407,-9999,    9
 18664, 99651,20190408,-9999,    9
 18664, 99651,20190409,-9999,    9
 18664, 99651,20190410,-9999,    9
 18664, 99651,20190411,-9999,    9
 18664, 99651,20190412,   34,    0
 18664, 99651,20190413,   38,    0
 18664, 99651,20190414,   44,    0
 18664, 99651,20190415,   48,    0
 18664, 99651,20190416,   64,    0
 18664, 99651,20190417,   90,    0
 18664, 99651,20190418,   87,    0
 18664, 99651,20190419,  100,    0
 18664, 99651,20190420,  116,    0
 18664, 99651,20190421,  100,    0
 18664, 99651,20190422,  143,    0
 18664, 99651,20190423,  123,    0
 18664, 99651,20190424,  140,    0
 18664, 99651,20190425,  149,    0
 18664, 99651,20190426,  143,    0
 18664, 99651,20190427,  131,    0
 18664, 99651,20190428,  118,    0
 18664, 99651,20190429,  139,    0
 18664, 99651,20190430,-9999,    9
 18664, 99651,20190501,   82,    0
 18664, 99651,20190502,   26,    0
 18664, 99651,20190503,   22,    0
 18664, 99651,20190504,   33,    0
 18664, 99651,20190505,   31,    0
 18664, 99651,20190506,   38,    0
 18664, 99651,20190507,   39,    0
 18664, 99651,20190508,   47,    0
 18664, 99651,20190509,   40,    0
 18664, 99651,20190510,   50,    0
 18664, 99651,20190511,   62,    0
 18664, 99651,20190512,   55,    0
 18664, 99651,20190513,   63,    0
 18664, 99651,20190514,  101,    0
 18664, 99651,20190515,  117,    0
 18664, 99651,20190516,  125,    0
 18664, 99651,20190517,  144,    0
 18664, 99651,20190518,  137,    0
 18664, 99651,20190519,  135,    0
 18664, 99651,20190520,  152,    0
 18664, 99651,20190521,  166,    0
 18664, 99651,20190522,  132,    0
 18664, 99651,20190523,  135,    0
 18664, 99651,20190524,  121,    0
 18664, 99651,20190525,   96,    0
 18664, 99651,20190526,   86,    0
 18664, 99651,20190527,   78,    0
 18664, 99651,20190528,   63,    0
 18664, 99651,20190529,-9999,    9
 18664, 99651,20190530,-9999,    9
 18664, 99651,20190531,-9999,    9
 18664, 99651,20190601,   83,    0
 18664, 99651,20190602,  100,    0
 18664, 99651,20190603,  139,    0
 18664, 99651,20190604,  120,    0
 18664, 99651,20190605,  128,    0
 18664, 99651,20190606,  158,    0
 18664, 99651,20190607,  150,    0
 18664, 99651,20190608,  136,    0
 18664, 99651,20190609,  122,    0
 18664, 99651,20190610,  112,    0
 18664, 99651,20190611,  137,    0
 18664, 99651,20190612,  139,    0
 18664, 99651,20190613,  145,    0
 18664, 99651,20190614,  168,    0
 18664, 99651,20190615,  171,    0
 18664, 99651,20190616,  138,    0
 18664, 99651,20190617,  140,    0
 18664, 99651,20190618,  122,    0
 18664, 99651,20190619,  142,    0
 18664, 99651,20190620,  130,    0
 18664, 99651,20190621,  110,    0
 18664, 99651,20190622,   97,    0
 18664, 99651,20190623,  106,    0
 18664, 99651,20190624,  123,    0
 18664, 99651,20190625,  136,    0
 18664, 99651,20190626,  134,    0
 18664, 99651,20190627,  126,    0
 18664, 99651,20190628,  134,    0
 18664, 99651,20190629,  168,    0
 18664, 99651,20190630,  141,    0
 18664, 99651,20190701,  110,    0
 18664, 99651,20190702,   78,    0
 18664, 99651,20190703,   78,    0
 18664, 99651,20190704,   85,    0
 18664, 99651,20190705,  103,    0
 18664, 99651,20190706,  125,    0
 18664, 99651,20190707,  131,    0
 18664, 99651,20190708,  135,    0
 18664, 99651,20190709,  138,    0
 18664, 99651,20190710,  163,    0
 18664, 99651,20190711,  173,    0
 18664, 99651,20190712,  186,    0
 18664, 99651,20190713,  153,    0
 18664, 99651,20190714,  136,    0
 18664, 99651,20190715,  136,    0
 18664, 99651,20190716,  163,    0
 18664, 99651,20190717,  170,    0
 18664, 99651,20190718,  170,    0
 18664, 99651,20190719,  157,    0
 18664, 99651,20190720,  149,    0
 18664, 99651,20190721,  147,    0
 18664, 99651,20190722,  150,    0
 18664, 99651,20190723,  177,    0
 18664, 99651,20190724,  206,    0
 18664, 99651,20190725,  225,    0
 18664, 99651,20190726,  214,    0
 18664, 99651,20190727,  226,    0
 18664, 99651,20190728,  228,    0
 18664, 99651,20190729,  227,    0
 18664, 99651,20190730,  190,    0
 18664, 99651,20190731,  159,    0
 18664, 99651,20190801,  169,    0
 18664, 99651,20190802,  192,    0
 18664, 99651,20190803,  163,    0
 18664, 99651,20190804,  172,    0
 18664, 99651,20190805,  184,    0
 18664, 99651,20190806,  159,    0
 18664, 99651,20190807,  156,    0
 18664, 99651,20190808,  155,    0
 18664, 99651,20190809,  172,    0
 18664, 99651,20190810,  171,    0
 18664, 99651,20190811,  164,    0
 18664, 99651,20190812,  136,    0
 18664, 99651,20190813,  107,    0
 18664, 99651,20190814,  111,    0
 18664, 99651,20190815,  131,    0
 18664, 99651,20190816,  139,    0
 18664, 99651,20190817,  135,    0
 18664, 99651,20190818,  138,    0
 18664, 99651,20190819,  125,    0
 18664, 99651,20190820,  121,    0
 18664, 99651,20190821,  117,    0
 18664, 99651,20190822,-9999,    9
 18664, 99651,20190823,  126,    0
 18664, 99651,20190824,  153,    0
 18664, 99651,20190825,  177,    0
 18664, 99651,20190826,  191,    0
 18664, 99651,20190827,  196,    0
 18664, 99651,20190828,  189,    0
 18664, 99651,20190829,  151,    0
 18664, 99651,20190830,  137,    0
 18664, 99651,20190831,  176,    0
 18664, 99651,20190901,  127,    0
 18664, 99651,20190902,   92,    0
 18664, 99651,20190903,   93,    0
 18664, 99651,20190904,   84,    0
 18664, 99651,20190905,   94,    0
 18664, 99651,20190906,   94,    0
 18664, 99651,20190907,  103,    0
 18664, 99651,20190908,   88,    0
 18664, 99651,20190909,  108,    0
 18664, 99651,20190910,  115,    0
 18664, 99651,20190911,  133,    0
 18664, 99651,20190912,   97,    0
 18664, 99651,20190913,   81,    0
 18664, 99651,20190914,   92,    0
 18664, 99651,20190915,   92,    0
 18664, 99651,20190916,   61,    0
 18664, 99651,20190917,   56,    0
 18664, 99651,20190918,   69,    0
 18664, 99651,20190919,   68,    0
 18664, 99651,20190920,  106,    0
 18664, 99651,20190921,  108,    0
 18664, 99651,20190922,   92,    0
 18664, 99651,20190923,   92,    0
 18664, 99651,20190924,   80,    0
 18664, 99651,20190925,   74,    0
 18664, 99651,20190926,   93,    0
 18664, 99651,20190927,  136,    0
 18664, 99651,20190928,  100,    0
 18664, 99651,20190929,   98,    0
 18664, 99651,20190930,   43,    0
 18664, 99651,20191001,   40,    0
 18664, 99651,20191002,   69,    0
 18664, 99651,20191003,   67,    0
 18664, 99651,20191004,   43,    0
 18664, 99651,20191005,   23,    0
 18664, 99651,20191006,   19,    0
 18664, 99651,20191007,   22,    0
 18664, 99651,20191008,   55,    0
 18664, 99651,20191009,   79,    0
 18664, 99651,20191010,   77,    0
 18664, 99651,20191011,   65,    0
 18664, 99651,20191012,   64,    0
 18664, 99651,20191013,   38,    0
 18664, 99651,20191014,   36,    0
 18664, 99651,20191015,   54,    0
 18664, 99651,20191016,   71,    0
 18664, 99651,20191017,   73,    0
 18664, 99651,20191018,   60,    0
 18664, 99651,20191019,   33,    0
 18664, 99651,20191020,   35,    0
 18664, 99651,20191021,   58,    0
 18664, 99651,20191022,   70,    0
 18664, 99651,20191023,-9999,    9
 18664, 99651,20191024,-9999,    9
 18664, 99651,20191025,-9999,    9
 18664, 99651,20191026,-9999,    9
 18664, 99651,20191027,   35,    0
 18664, 99651,20191028,   36,    0
 18664, 99651,20191029,   34,    0
 18664, 99651,20191030,   40,    0
 18664, 99651,20191031,   44,    0
 18664, 99651,20191101,   37,    0
 18664, 99651,20191102,    0,    0
 18664, 99651,20191103,   -8,    0
 18664, 99651,20191104,  -15,    0
 18664, 99651,20191105,  -21,    0
 18664, 99651,20191106,  -12,    0
 18664, 99651,20191107,   -8,    0
 18664, 99651,20191108,  -46,    0
 18664, 99651,20191109,  -52,    0
 18664, 99651,20191110,  -60,    0
 18664, 99651,20191111,  -71,    0
 18664, 99651,20191112,  -27,    0
 18664, 99651,20191113,    2,    0
 18664, 99651,20191114,  -18,    0
 18664, 99651,20191115,  -29,    0
 18664, 99651,20191116,  -15,    0
 18664, 99651,20191117,   -5,    0
 18664, 99651,20191118,  -10,    0
 18664, 99651,20191119,    2,    0
 18664, 99651,20191120,  -19,    0
 18664, 99651,20191121,   -7,    0
 18664, 99651,20191122,    6,    0
 18664, 99651,20191123,   23,    0
 18664, 99651,20191124,   11,    0
 18664, 99651,20191125,   24,    0
 18664, 99651,20191126,   18,    0
 18664, 99651,20191127,  -11,    0
 18664, 99651,20191128,   16,    0
 18664, 99651,20191129,    2,    0
 18664, 99651,20191130,   -9,    0
 18664, 99651,20191201,   -4,    0
 18664, 99651,20191202,   -9,    0
 18664, 99651,20191203,   24,    0
 18664, 99651,20191204,   74,    0
 18664, 99651,20191205,   41,    0
 18664, 99651,20191206,   24,    0
 18664, 99651,20191207,-9999,    9
 18664, 99651,20191208,   21,    0
 18664, 99651,20191209,    9,    0
 18664, 99651,20191210,   18,    0
 18664, 99651,20191211,   49,    0
 18664, 99651,20191212,   52,    0
 18664, 99651,20191213,   45,    0
 18664, 99651,20191214,-9999,    9
 18664, 99651,20191215,    9,    0
 18664, 99651,20191216,    7,    0
 18664, 99651,20191217,   16,    0
 18664, 99651,20191218,   13,    0
 18664, 99651,20191219,   17,    0
 18664, 99651,20191220,   36,    0
 18664, 99651,20191221,-9999,    9
 18664, 99651,20191222,-9999,    9
 18664, 99651,20191223,-9999,    9
 18664, 99651,20191224,   -9,    0
 18664, 99651,20191225,    4,    0
 18664, 99651,20191226,    4,    0
 18664, 99651,20191227,   -9,    0
 18664, 99651,20191228,   64,    0
 18664, 99651,20191229,   82,    0
 18664, 99651,20191230,   60,    0
 18664, 99651,20191231,-9999,    9
 18664, 99651,20200101,   70,    0
 18664, 99651,20200102,   84,    0
 18664, 99651,20200103,   17,    0
 18664, 99651,20200104,   -4,    0
 18664, 99651,20200105,-9999,    9
 18664, 99651,20200106,-9999,    9
 18664, 99651,20200107,   65,    0
 18664, 99651,20200108,   54,    0
 18664, 99651,20200109,   14,    0
 18664, 99651,20200110,   15,    0
 18664, 99651,20200111,   60,    0
 18664, 99651,20200112,-9999,    9
 18664, 99651,20200113,-9999,    9
 18664, 99651,20200114,-9999,    9
 18664, 99651,20200115,-9999,    9
 18664, 99651,20200116,   63,    0
 18664, 99651,20200117,   81,    0
 18664, 99651,20200118,   50,    0
 18664, 99651,20200119,   21,    0
 18664, 99651,20200120,   78,    0
 18664, 99651,20200121,   38,    0
 18664, 99651,20200122,   15,    0
 18664, 99651,20200123,   63,    0
 18664, 99651,20200124,   28,    0
 18664, 99651,20200125,   44,    0
 18664, 99651,20200126,   74,    0
 18664, 99651,20200127,-9999,    9
 18664, 99651,20200128,-9999,    9
 18664, 99651,20200129,    9,    0
 18664, 99651,20200130,   12,    0
 18664, 99651,20200131,   48,    0
 18664, 99651,20200201,   23,    0
 18664, 99651,20200202,    4,    0
 18664, 99651,20200203,  -25,    0
 18664, 99651,20200204,  -10,    0
 18664, 99651,20200205,   19,    0
 18664, 99651,20200206,   33,    0
 18664, 99651,20200207,   29,    0
 18664, 99651,20200208,   66,    0
 18664, 99651,20200209,   61,    0
 18664, 99651,20200210,   24,    0
 18664, 99651,20200211,   12,    0
 18664, 99651,20200212,    2,    0
 18664, 99651,20200213,    1,    0
 18664, 99651,20200214,   23,    0
 18664, 99651,20200215,   53,    0
 18664, 99651,20200216,   53,    0
 18664, 99651,20200217,   50,    0
 18664, 99651,20200218,   26,    0
 18664, 99651,20200219,   25,    0
 18664, 99651,20200220,   48,    0
 18664, 99651,20200221,   46,    0
 18664, 99651,20200222,   29,    0
 18664, 99651,20200223,   13,    0
 18664, 99651,20200224,   -3,    0
 18664, 99651,20200225,  -38,    0
 18664, 99651,20200226,  -12,    0
 18664, 99651,20200227,   15,    0
 18664, 99651,20200228,    5,    0
 18664, 99651,20200229,   -9,    0
 18664, 99651,20200301,   24,    0
 18664, 99651,20200302,   29,    0
 18664, 99651,20200303,   42,    0
 18664, 99651,20200304,   28,    0
 18664, 99651,20200305,   26,    0
 18664, 99651,20200306,   41,    0
 18664, 99651,20200307,   47,    0
 18664, 99651,20200308,   72,    0
 18664, 99651,20200309,   53,    0
 18664, 99651,20200310,   54,    0
 18664, 99651,20200311,   40,    0
 18664, 99651,20200312,   23,    0
 18664, 99651,20200313,  -15,    0
 18664, 99651,20200314,    4,    0
 18664, 99651,20200315,   42,    0
 18664, 99651,20200316,   31,    0
 18664, 99651,20200317,   40,    0
 18664, 99651,20200318,   20,    0
 18664, 99651,20200319,   22,    0
 18664, 99651,20200320,-9999,    9
 18664, 99651,20200321,-9999,    9
 18664, 99651,20200322,-9999,    9
 18664, 99651,20200323,-9999,    9
 18664, 99651,20200324,-9999,    9
 18664, 99651,20200325,-9999,    9
 18664, 99651,20200326,-9999,    9
 18664, 99651,20200327,   42,    0
 18664, 99651,20200328,   -1,    0
 18664, 99651,20200329,-9999,    9
 18664, 99651,20200330,   21,    0
 18664, 99651,20200331,   41,    0
 18664, 99651,20200401,   38,    0
 18664, 99651,20200402,   16,    0
 18664, 99651,20200403,   -3,    0
 18664, 99651,20200404,   11,    0
 18664, 99651,20200405,   61,    0
 18664, 99651,20200406,  114,    0
 18664, 99651,20200407,   78,    0
 18664, 99651,20200408,   53,    0
 18664, 99651,20200409,   25,    0
 18664, 99651,20200410,   36,    0
 18664, 99651,20200411,-9999,    9
 18664, 99651,20200412,-9999,    9
 18664, 99651,20200413,-9999,    9
 18664, 99651,20200414,-9999,    9
 18664, 99651,20200415,-9999,    9
 18664, 99651,20200416,-9999,    9
 18664, 99651,20200417,   43,    0
 18664, 99651,20200418,   44,    0
 18664, 99651,20200419,   64,    0
 18664, 99651,20200420,   80,    0
 18664, 99651,20200421,   88,    0
 18664, 99651,20200422,   89,    0
 18664, 99651,20200423,   81,    0
 18664, 99651,20200424,   76,    0
 18664, 99651,20200425,   71,    0
 18664, 99651,20200426,   75,    0
 18664, 99651,20200427,   76,    0
 18664, 99651,20200428,   68,    0
 18664, 99651,20200429,   64,    0
 18664, 99651,20200430,   71,    0
 18664, 99651,20200501,   52,    0
 18664, 99651,20200502,   50,    0
 18664, 99651,20200503,   53,    0
 18664, 99651,20200504,   44,    0
 18664, 99651,20200505,   55,    0
 18664, 99651,20200506,   71,    0
 18664, 99651,20200507,   68,    0
 18664, 99651,20200508,   70,    0
 18664, 99651,20200509,   64,    0
 18664, 99651,20200510,   26,    0
 18664, 99651,20200511,   23,    0
 18664, 99651,20200512,   21,    0
 18664, 99651,20200513,   26,    0
 18664, 99651,20200514,   40,    0
 18664, 99651,20200515,   28,    0
 18664, 99651,20200516,   29,    0
 18664, 99651,20200517,   44,    0
 18664, 99651,20200518,   70,    0
 18664, 99651,20200519,   62,    0
 18664, 99651,20200520,   81,    0
 18664, 99651,20200521,  118,    0
 18664, 99651,20200522,  123,    0
 18664, 99651,20200523,  119,    0
 18664, 99651,20200524,  117,    0
 18664, 99651,20200525,  124,    0
 18664, 99651,20200526,  108,    0
 18664, 99651,20200527,   87,    0
 18664, 99651,20200528,   89,    0
 18664, 99651,20200529,  107,    0
 18664, 99651,20200530,  144,    0
 18664, 99651,20200531,  158,    0
 18664, 99651,20200601,  150,    0
 18664, 99651,20200602,  134,    0
 18664, 99651,20200603,  139,    0
 18664, 99651,20200604,  120,    0
 18664, 99651,20200605,  133,    0
 18664, 99651,20200606,  127,    0
 18664, 99651,20200607,   99,    0
 18664, 99651,20200608,   87,    0
 18664, 99651,20200609,  123,    0
 18664, 99651,20200610,  146,    0
 18664, 99651,20200611,  165,    0
 18664, 99651,20200612,  175,    0
 18664, 99651,20200613,  187,    0
 18664, 99651,20200614,  175,    0
 18664, 99651,20200615,  190,    0
 18664, 99651,20200616,  195,    0
 18664, 99651,20200617,  203,    0
 18664, 99651,20200618,  203,    0
 18664, 99651,20200619,  209,    0
 18664, 99651,20200620,  205,    0
 18664, 99651,20200621,  163,    0
 18664, 99651,20200622,  153,    0
 18664, 99651,20200623,  164,    0
 18664, 99651,20200624,  205,    0
 18664, 99651,20200625,  210,    0
 18664, 99651,20200626,  203,    0
 18664, 99651,20200627,-9999,    9
 18664, 99651,20200628,  204,    0
 18664, 99651,20200629,  173,    0
 18664, 99651,20200630,-9999,    9
 18664, 99651,20200701,  121,    0
 18664, 99651,20200702,-9999,    9
 18664, 99651,20200703,   88,    0
 18664, 99651,20200704,  115,    0
 18664, 99651,20200705,  113,    0
 18664, 99651,20200706,  103,    0
 18664, 99651,20200707,   96,    0
 18664, 99651,20200708,   97,    0
 18664, 99651,20200709,  104,    0
 18664, 99651,20200710,  105,    0
 18664, 99651,20200711,   97,    0
 18664, 99651,20200712,  108,    0
 18664, 99651,20200713,  121,    0
 18664, 99651,20200714,  134,    0
 18664, 99651,20200715,  155,    0
 18664, 99651,20200716,  163,    0
 18664, 99651,20200717,  139,    0
 18664, 99651,20200718,  136,    0
 18664, 99651,20200719,  132,    0
 18664, 99651,20200720,  116,    0
 18664, 99651,20200721,  106,    0
 18664, 99651,20200722,  100,    0
 18664, 99651,20200723,  120,    0
 18664, 99651,20200724,  129,    0
 18664, 99651,20200725,  140,    0
 18664, 99651,20200726,  147,    0
 18664, 99651,20200727,  158,    0
 18664, 99651,20200728,  177,    0
 18664, 99651,20200729,  133,    0
 18664, 99651,20200730,  162,    0
 18664, 99651,20200731,  179,    0
 18664, 99651,20200801,  190,    0
 18664, 99651,20200802,  145,    0
 18664, 99651,20200803,  113,    0
 18664, 99651,20200804,-9999,    9
 18664, 99651,20200805,-9999,    9
 18664, 99651,20200806,  166,    0
 18664, 99651,20200807,  179,    0
 18664, 99651,20200808,  168,    0
 18664, 99651,20200809,  142,    0
 18664, 99651,20200810,  160,    0
 18664, 99651,20200811,  177,    0
 18664, 99651,20200812,  186,    0
 18664, 99651,20200813,  169,    0
 18664, 99651,20200814,  173,    0
 18664, 99651,20200815,  162,    0
 18664, 99651,20200816,  173,    0
 18664, 99651,20200817,  170,    0
 18664, 99651,20200818,  173,    0
 18664, 99651,20200819,  163,    0
 18664, 99651,20200820,  171,    0
 18664, 99651,20200821,  171,    0
 18664, 99651,20200822,  145,    0
 18664, 99651,20200823,  104,    0
 18664, 99651,20200824,-9999,    9
 18664, 99651,20200825,-9999,    9
 18664, 99651,20200826,  110,    0
 18664, 99651,20200827,  125,    0
 18664, 99651,20200828,  119,    0
 18664, 99651,20200829,  114,    0
 18664, 99651,20200830,  110,    0
 18664, 99651,20200831,   96,    0
 18664, 99651,20200901,  125,    0
 18664, 99651,20200902,  167,    0
 18664, 99651,20200903,  154,    0
 18664, 99651,20200904,-9999,    9
 18664, 99651,20200905,   94,    0
 18664, 99651,20200906,   93,    0
 18664, 99651,20200907,  109,    0
 18664, 99651,20200908,  109,    0
 18664, 99651,20200909,   95,    0
 18664, 99651,20200910,   79,    0
 18664, 99651,20200911,  100,    0
 18664, 99651,20200912,   84,    0
 18664, 99651,20200913,   97,    0
 18664, 99651,20200914,  101,    0
 18664, 99651,20200915,  123,    0
 18664, 99651,20200916,   89,    0
 18664, 99651,20200917,   92,    0
 18664, 99651,20200918,  109,    0
 18664, 99651,20200919,   88,    0
 18664, 99651,20200920,  110,    0
 18664, 99651,20200921,  129,    0
 18664, 99651,20200922,  120,    0
 18664, 99651,20200923,  106,    0
 18664, 99651,20200924,   75,    0
 18664, 99651,20200925,   85,    0
 18664, 99651,20200926,   94,    0
 18664, 99651,20200927,   80,    0
 18664, 99651,20200928,  126,    0
 18664, 99651,20200929,  110,    0
 18664, 99651,20200930,  108,    0
 18664, 99651,20201001,  137,    0
 18664, 99651,20201002,-9999,    9
 18664, 99651,20201003,  120,    0
 18664, 99651,20201004,  123,    0
 18664, 99651,20201005,  111,    0
 18664, 99651,20201006,   88,    0
 18664, 99651,20201007,  100,    0
 18664, 99651,20201008,   88,    0
 18664, 99651,20201009,   60,    0
 18664, 99651,20201010,   53,    0
 18664, 99651,20201011,   74,    0
 18664, 99651,20201012,   66,    0
 18664, 99651,20201013,   34,    0
 18664, 99651,20201014,   20,    0
 18664, 99651,20201015,   27,    0
 18664, 99651,20201016,   29,    0
 18664, 99651,20201017,   39,    0
 18664, 99651,20201018,   29,    0
 18664, 99651,20201019,   14,    0
 18664, 99651,20201020,   23,    0
 18664, 99651,20201021,   52,    0
 18664, 99651,20201022,   51,    0
 18664, 99651,20201023,   24,    0
 18664, 99651,20201024,   54,    0
 18664, 99651,20201025,-9999,    9
 18664, 99651,20201026,   94,    0
 18664, 99651,20201027,   49,    0
 18664, 99651,20201028,   61,    0
 18664, 99651,20201029,   61,    0
 18664, 99651,20201030,   52,    0
 18664, 99651,20201031,   76,    0
 18664, 99651,20201101,  112,    0
 18664, 99651,20201102,   78,    0
 18664, 99651,20201103,   55,    0
 18664, 99651,20201104,   49,    0
 18664, 99651,20201105,   99,    0
 18664, 99651,20201106,  104,    0
 18664, 99651,20201107,   89,    0
 18664, 99651,20201108,   75,    0
 18664, 99651,20201109,   56,    0
 18664, 99651,20201110,   73,    0
 18664, 99651,20201111,   85,    0
 18664, 99651,20201112,  118,    0
 18664, 99651,20201113,  113,    0
 18664, 99651,20201114,   91,    0
 18664, 99651,20201115,  121,    0
 18664, 99651,20201116,   85,    0
 18664, 99651,20201117,   72,    0
 18664, 99651,20201118,   51,    0
 18664, 99651,20201119,    1,    0
 18664, 99651,20201120,    1,    0
 18664, 99651,20201121,   67,    0
 18664, 99651,20201122,   46,    0
 18664, 99651,20201123,   29,    0
 18664, 99651,20201124,   49,    0
 18664, 99651,20201125,   54,    0
 18664, 99651,20201126,   23,    0
 18664, 99651,20201127,    9,    0
 18664, 99651,20201128,   18,    0
 18664, 99651,20201129,   58,    0
 18664, 99651,20201130,   49,    0
 18664, 99651,20201201,   27,    0
 18664, 99651,20201202,   75,    0
 18664, 99651,20201203,   62,    0
 18664, 99651,20201204,   20,    0
 18664, 99651,20201205,  -10,    0
 18664, 99651,20201206,    0,    0
 18664, 99651,20201207,-9999,    9
 18664, 99651,20201208,-9999,    9
 18664, 99651,20201209,   28,    0
 18664, 99651,20201210,   25,    0
 18664, 99651,20201211,   34,    0
 18664, 99651,20201212,  -16,    0
 18664, 99651,20201213,  -14,    0
 18664, 99651,20201214,-9999,    9
 18664, 99651,20201215,   36,    0
 18664, 99651,20201216,   34,    0
 18664, 99651,20201217,   76,    0
 18664, 99651,20201218,   79,    0
 18664, 99651,20201219,  103,    0
 18664, 99651,20201220,   78,    0
 18664, 99651,20201221,   58,    0
 18664, 99651,20201222,-9999,    9
 18664, 99651,20201223,   21,    0
 18664, 99651,20201224,    9,    0
 18664, 99651,20201225,   -1,    0
 18664, 99651,20201226,-9999,    9
 18664, 99651,20201227,-9999,    9
 18664, 99651,20201228,   41,    0
 18664, 99651,20201229,    8,    0
 18664, 99651,20201230,    5,    0
 18664, 99651,20201231,   11,    0
 18664, 99651,20210101,  -17,    0
 18664, 99651,20210102,  -17,    0
 18664, 99651,20210103,  -61,    0
 18664, 99651,20210104,  -76,    0
 18664, 99651,20210105,  -64,    0
 18664, 99651,20210106,  -61,    0
 18664, 99651,20210107,  -60,    0
 18664, 99651,20210108,  -63,    0
 18664, 99651,20210109,    8,    0
 18664, 99651,20210110,  -15,    0
 18664, 99651,20210111,  -33,    0
 18664, 99651,20210112,  -16,    0
 18664, 99651,20210113,  -69,    0
 18664, 99651,20210114, -103,    0
 18664, 99651,20210115,  -95,    0
 18664, 99651,20210116, -102,    0
 18664, 99651,20210117,   12,    0
 18664, 99651,20210118,   33,    0
 18664, 99651,20210119,    0,    0
 18664, 99651,20210120,  -25,    0
 18664, 99651,20210121,    7,    0
 18664, 99651,20210122,    4,    0
 18664, 99651,20210123,   12,    0
 18664, 99651,20210124,   -8,    0
 18664, 99651,20210125,  -54,    0
 18664, 99651,20210126,  -37,    0
 18664, 99651,20210127,  -75,    0
 18664, 99651,20210128,  -64,    0
 18664, 99651,20210129,  -21,    0
 18664, 99651,20210130,  -17,    0
 18664, 99651,20210131,  -32,    0
 18664, 99651,20210201,  -74,    0
 18664, 99651,20210202,  -70,    0
 18664, 99651,20210203, -107,    0
 18664, 99651,20210204, -118,    0
 18664, 99651,20210205, -116,    0
 18664, 99651,20210206, -105,    0
 18664, 99651,20210207, -106,    0
 18664, 99651,20210208, -110,    0
 18664, 99651,20210209, -116,    0
 18664, 99651,20210210,  -89,    0
 18664, 99651,20210211, -110,    0
 18664, 99651,20210212, -122,    0
 18664, 99651,20210213, -117,    0
 18664, 99651,20210214,  -90,    0
 18664, 99651,20210215,   18,    0
 18664, 99651,20210216,   11,    0
 18664, 99651,20210217,   32,    0
 18664, 99651,20210218,   51,    0
 18664, 99651,20210219,   73,    0
 18664, 99651,20210220,   65,    0
 18664, 99651,20210221,   91,    0
 18664, 99651,20210222,   64,    0
 18664, 99651,20210223,   63,    0
 18664, 99651,20210224,   74,    0
 18664, 99651,20210225,   67,    0
 18664, 99651,20210226,   44,    0
 18664, 99651,20210227,-9999,    9
 18664, 99651,20210228,   67,    0
 18664, 99651,20210301,   63,    0
 18664, 99651,20210302,   56,    0
 18664, 99651,20210303,   32,    0
 18664, 99651,20210304,   -5,    0
 18664, 99651,20210305,    1,    0
 18664, 99651,20210306,   16,    0
 18664, 99651,20210307,  -14,    0
 18664, 99651,20210308,   -9,    0
 18664, 99651,20210309,   22,    0
 18664, 99651,20210310,   42,    0
 18664, 99651,20210311,   56,    0
 18664, 99651,20210312,   42,    0
 18664, 99651,20210313,   47,    0
 18664, 99651,20210314,   45,    0
 18664, 99651,20210315,-9999,    9
 18664, 99651,20210316,-9999,    9
 18664, 99651,20210317,   18,    0
 18664, 99651,20210318,   28,    0
 18664, 99651,20210319,   30,    0
 18664, 99651,20210320,   52,    0
 18664, 99651,20210321,-9999,    9
 18664, 99651,20210322,   53,    0
 18664, 99651,20210323,   84,    0
 18664, 99651,20210324,-9999,    9
 18664, 99651,20210325,   49,    0
 18664, 99651,20210326,   79,    0
 18664, 99651,20210327,   47,    0
 18664, 99651,20210328,-9999,    9
 18664, 99651,20210329,   70,    0
 18664, 99651,20210330,   43,    0
 18664, 99651,20210331,   40,    0
 18664, 99651,20210401,   24,    0
 18664, 99651,20210402,   33,    0
 18664, 99651,20210403,   40,    0
 18664, 99651,20210404,   34,    0
 18664, 99651,20210405,  -16,    0
 18664, 99651,20210406,    9,    0
 18664, 99651,20210407,   14,    0
 18664, 99651,20210408,    9,    0
 18664, 99651,20210409,    6,    0
 18664, 99651,20210410,    5,    0
 18664, 99651,20210411,   14,    0
 18664, 99651,20210412,   28,    0
 18664, 99651,20210413,   23,    0
 18664, 99651,20210414,   26,    0
 18664, 99651,20210415,   37,    0
 18664, 99651,20210416,   37,    0
 18664, 99651,20210417,-9999,    9
 18664, 99651,20210418,   62,    0
 18664, 99651,20210419,   82,    0
 18664, 99651,20210420,   79,    0
 18664, 99651,20210421,   31,    0
 18664, 99651,20210422,   28,    0
 18664, 99651,20210423,   28,    0
 18664, 99651,20210424,   30,    0
 18664, 99651,20210425,   34,    0
 18664, 99651,20210426,   40,    0
 18664, 99651,20210427,   45,    0
 18664, 99651,20210428,   42,    0
 18664, 99651,20210429,   46,    0
 18664, 99651,20210430,   47,    0
 18664, 99651,20210501,   51,    0
 18664, 99651,20210502,   50,    0
 18664, 99651,20210503,   35,    0
 18664, 99651,20210504,   52,    0
 18664, 99651,20210505,   65,    0
 18664, 99651,20210506,   55,    0
 18664, 99651,20210507,   66,    0
 18664, 99651,20210508,   41,    0
 18664, 99651,20210509,   57,    0
 18664, 99651,20210510,-9999,    9
 18664, 99651,20210511,-9999,    9
 18664, 99651,20210512,  109,    0
 18664, 99651,20210513,  127,    0
 18664, 99651,20210514,  126,    0
 18664, 99651,20210515,  142,    0
 18664, 99651,20210516,  101,    0
 18664, 99651,20210517,  104,    0
 18664, 99651,20210518,   93,    0
 18664, 99651,20210519,   89,    0
 18664, 99651,20210520,   72,    0
 18664, 99651,20210521,   94,    0
 18664, 99651,20210522,  109,    0
 18664, 99651,20210523,  121,    0
 18664, 99651,20210524,-9999,    9
 18664, 99651,20210525,  137,    0
 18664, 99651,20210526,  150,    0
 18664, 99651,20210527,  132,    0
 18664, 99651,20210528,  141,    0
 18664, 99651,20210529,  161,    0
 18664, 99651,20210530,  158,    0
 18664, 99651,20210531,  175,    0
 18664, 99651,20210601,  174,    0
 18664, 99651,20210602,  180,    0
 18664, 99651,20210603,  177,    0
 18664, 99651,20210604,  175,    0
 18664, 99651,20210605,  163,    0
 18664, 99651,20210606,  142,    0
 18664, 99651,20210607,  163,    0
 18664, 99651,20210608,  160,    0
 18664, 99651,20210609,  166,    0
 18664, 99651,20210610,  171,    0
 18664, 99651,20210611,  149,    0
 18664, 99651,20210612,   99,    0
 18664, 99651,20210613,  108,    0
 18664, 99651,20210614,  108,    0
 18664, 99651,20210615,   98,    0
 18664, 99651,20210616,  104,    0
 18664, 99651,20210617,  137,    0
 18664, 99651,20210618,  122,    0
 18664, 99651,20210619,  109,    0
 18664, 99651,20210620,  140,    0
 18664, 99651,20210621,  123,    0
 18664, 99651,20210622,  146,    0
 18664, 99651,20210623,  139,    0
 18664, 99651,20210624,  146,    0
 18664, 99651,20210625,  145,    0
 18664, 99651,20210626,  147,    0
 18664, 99651,20210627,  155,    0
 18664, 99651,20210628,  159,    0
 18664, 99651,20210629,  154,    0
 18664, 99651,20210630,  174,    0
 18664, 99651,20210701,  192,    0
 18664, 99651,20210702,  203,    0
 18664, 99651,20210703,  209,    0
 18664, 99651,20210704,  185,    0
 18664, 99651,20210705,  186,    0
 18664, 99651,20210706,  189,    0
 18664, 99651,20210707,  174,    0
 18664, 99651,20210708,  173,    0
 18664, 99651,20210709,  166,    0
 18664, 99651,20210710,  166,    0
 18664, 99651,20210711,  162,    0
 18664, 99651,20210712,  186,    0
 18664, 99651,20210713,  202,    0
 18664, 99651,20210714,  190,    0
 18664, 99651,20210715,  169,    0
 18664, 99651,20210716,  152,    0
 18664, 99651,20210717,  163,    0
 18664, 99651,20210718,  118,    0
 18664, 99651,20210719,  137,    0
 18664, 99651,20210720,  139,    0
 18664, 99651,20210721,  150,    0
 18664, 99651,20210722,  153,    0
 18664, 99651,20210723,  176,    0
 18664, 99651,20210724,  195,    0
 18664, 99651,20210725,  199,    0
 18664, 99651,20210726,  210,    0
 18664, 99651,20210727,  214,    0
 18664, 99651,20210728,  182,    0
 18664, 99651,20210729,  190,    0
 18664, 99651,20210730,  178,    0
 18664, 99651,20210731,  138,    0
 18664, 99651,20210801,  147,    0
 18664, 99651,20210802,  143,    0
 18664, 99651,20210803,  140,    0
 18664, 99651,20210804,  145,    0
 18664, 99651,20210805,  161,    0
 18664, 99651,20210806,  180,    0
 18664, 99651,20210807,  188,    0
 18664, 99651,20210808,  166,    0
 18664, 99651,20210809,  166,    0
 18664, 99651,20210810,  154,    0
 18664, 99651,20210811,  165,    0
 18664, 99651,20210812,-9999,    9
 18664, 99651,20210813,  155,    0
 18664, 99651,20210814,  126,    0
 18664, 99651,20210815,  124,    0
 18664, 99651,20210816,  148,    0
 18664, 99651,20210817,  152,    0
 18664, 99651,20210818,  129,    0
 18664, 99651,20210819,  123,    0
 18664, 99651,20210820,  115,    0
 18664, 99651,20210821,  133,    0
 18664, 99651,20210822,  136,    0
 18664, 99651,20210823,  142,    0
 18664, 99651,20210824,  131,    0
 18664, 99651,20210825,  136,    0
 18664, 99651,20210826,  151,    0
 18664, 99651,20210827,  137,    0
 18664, 99651,20210828,  141,    0
 18664, 99651,20210829,  141,    0
 18664, 99651,20210830,  140,    0
 18664, 99651,20210831,-9999,    9
 18664, 99651,20210901,  125,    0
 18664, 99651,20210902,  143,    0
 18664, 99651,20210903,  117,    0
 18664, 99651,20210904,  102,    0
 18664, 99651,20210905,  132,    0
 18664, 99651,20210906,  140,    0
 18664, 99651,20210907,  156,    0
 18664, 99651,20210908,  154,    0
 18664, 99651,20210909,  157,    0
 18664, 99651,20210910,  148,    0
 18664, 99651,20210911,  146,    0
 18664, 99651,20210912,  119,    0
 18664, 99651,20210913,  101,    0
 18664, 99651,20210914,   97,    0
 18664, 99651,20210915,   95,    0
 18664, 99651,20210916,  115,    0
 18664, 99651,20210917,  129,    0
 18664, 99651,20210918,  119,    0
 18664, 99651,20210919,  130,    0
 18664, 99651,20210920,  125,    0
 18664, 99651,20210921,  112,    0
 18664, 99651,20210922,  128,    0
 18664, 99651,20210923,   87,    0
 18664, 99651,20210924,   95,    0
 18664, 99651,20210925,  105,    0
 18664, 99651,20210926,  142,    0
 18664, 99651,20210927,  177,    0
 18664, 99651,20210928,  120,    0
 18664, 99651,20210929,  112,    0
 18664, 99651,20210930,  119,    0
 18664, 99651,20211001,-9999,    9
 18664, 99651,20211002,  115,    0
 18664, 99651,20211003,  120,    0
 18664, 99651,20211004,-9999,    9
 18664, 99651,20211005,   95,    0
 18664, 99651,20211006,   84,    0
 18664, 99651,20211007,   99,    0
 18664, 99651,20211008,  138,    0
 18664, 99651,20211009,  141,    0
 18664, 99651,20211010,  101,    0
 18664, 99651,20211011,   54,    0
 18664, 99651,20211012,   52,    0
 18664, 99651,20211013,   52,    0
 18664, 99651,20211014,   93,    0
 18664, 99651,20211015,   45,    0
 18664, 99651,20211016,   41,    0
 18664, 99651,20211017,   25,    0
 18664, 99651,20211018,   16,    0
 18664, 99651,20211019,   73,    0
 18664, 99651,20211020,   86,    0
 18664, 99651,20211021,   28,    0
 18664, 99651,20211022,   17,    0
 18664, 99651,20211023,   47,    0
 18664, 99651,20211024,   99,    0
 18664, 99651,20211025,   85,    0
 18664, 99651,20211026,   75,    0
 18664, 99651,20211027,   94,    0
 18664, 99651,20211028,  101,    0
 18664, 99651,20211029,  115,    0
 18664, 99651,20211030,  105,    0
 18664, 99651,20211031,-9999,    9
 18664, 99651,20211101,-9999,    9
 18664, 99651,20211102,  101,    0
 18664, 99651,20211103,   47,    0
 18664, 99651,20211104,   16,    0
 18664, 99651,20211105,   42,    0
 18664, 99651,20211106,   25,    0
 18664, 99651,20211107,-9999,    9
 18664, 99651,20211108,-9999,    9
 18664, 99651,20211109,   83,    0
 18664, 99651,20211110,   62,    0
 18664, 99651,20211111,   51,    0
 18664, 99651,20211112,   24,    0
 18664, 99651,20211113,   29,    0
 18664, 99651,20211114,   22,    0
 18664, 99651,20211115,   82,    0
 18664, 99651,20211116,   99,    0
 18664, 99651,20211117,   40,    0
 18664, 99651,20211118,   35,    0
 18664, 99651,20211119,   75,    0
 18664, 99651,20211120,   34,    0
 18664, 99651,20211121,   19,    0
 18664, 99651,20211122,   23,    0
 18664, 99651,20211123,   48,    0
 18664, 99651,20211124,   48,    0
 18664, 99651,20211125,    7,    0
 18664, 99651,20211126,  -27,    0
 18664, 99651,20211127,  -56,    0
 18664, 99651,20211128,  -80,    0
 18664, 99651,20211129,  -45,    0
 18664, 99651,20211130,-9999,    9
 18664, 99651,20211201,  -59,    0
 18664, 99651,20211202,  -40,    0
 18664, 99651,20211203,  -73,    0
 18664, 99651,20211204,    4,    0
 18664, 99651,20211205,  -23,    0
 18664, 99651,20211206,  -36,    0
 18664, 99651,20211207,   -6,    0
 18664, 99651,20211208,    6,    0
 18664, 99651,20211209,-9999,    9
 18664, 99651,20211210,  -25,    0
 18664, 99651,20211211,  -47,    0
 18664, 99651,20211212,   27,    0
 18664, 99651,20211213,   50,    0
 18664, 99651,20211214,   40,    0
 18664, 99651,20211215,   61,    0
 18664, 99651,20211216,   39,    0
 18664, 99651,20211217,   53,    0
 18664, 99651,20211218,   61,    0
 18664, 99651,20211219,   21,    0
 18664, 99651,20211220,    6,    0
 18664, 99651,20211221,   -2,    0
 18664, 99651,20211222,    8,    0
 18664, 99651,20211223,    0,    0
 18664, 99651,20211224,  -61,    0
 18664, 99651,20211225,  -35,    0
 18664, 99651,20211226,  -14,    0
 18664, 99651,20211227,  -57,    0
 18664, 99651,20211228,  -18,    0
 18664, 99651,20211229,    4,    0
 18664, 99651,20211230,    8,    0
 18664, 99651,20211231,   20,    0
 18664, 99651,20220101,   14,    0
 18664, 99651,20220102,   57,    0
 18664, 99651,20220103,   31,    0
 18664, 99651,20220104,    9,    0
 18664, 99651,20220105,   -5,    0
 18664, 99651,20220106,  -36,    0
 18664, 99651,20220107,   -7,    0
 18664, 99651,20220108,  -11,    0
 18664, 99651,20220109,  -34,    0
 18664, 99651,20220110,   16,    0
 18664, 99651,20220111,   48,    0
 18664, 99651,20220112,   75,    0
 18664, 99651,20220113,   91,    0
 18664, 99651,20220114,-9999,    9
 18664, 99651,20220115,   13,    0
 18664, 99651,20220116,   29,    0
 18664, 99651,20220117,-9999,    9
 18664, 99651,20220118,   37,    0
 18664, 99651,20220119,   14,    0
 18664, 99651,20220120,  -23,    0
 18664, 99651,20220121,   -2,    0
 18664, 99651,20220122,   29,    0
 18664, 99651,20220123,   76,    0
 18664, 99651,20220124,   48,    0
 18664, 99651,20220125,   24,    0
 18664, 99651,20220126,   36,    0
 18664, 99651,20220127,   27,    0
 18664, 99651,20220128,   20,    0
 18664, 99651,20220129,   29,    0
 18664, 99651,20220130,    2,    0
 18664, 99651,20220131,  -28,    0
 18664, 99651,20220201,   -3,    0
 18664, 99651,20220202,  -12,    0
 18664, 99651,20220203,   18,    0
 18664, 99651,20220204,   20,    0
 18664, 99651,20220205,   13,    0
 18664, 99651,20220206,    5,    0
 18664, 99651,20220207,   13,    0
 18664, 99651,20220208,   33,    0
 18664, 99651,20220209,   29,    0
 18664, 99651,20220210,    1,    0
 18664, 99651,20220211,  -13,    0
 18664, 99651,20220212,   35,    0
 18664, 99651,20220213,   31,    0
 18664, 99651,20220214,   21,    0
 18664, 99651,20220215,   14,    0
 18664, 99651,20220216,   13,    0
 18664, 99651,20220217,    5,    0
 18664, 99651,20220218,   -1,    0
 18664, 99651,20220219,  -16,    0
 18664, 99651,20220220,    8,    0
 18664, 99651,20220221,   11,    0
 18664, 99651,20220222,  -11,    0
 18664, 99651,20220223,   24,    0
 18664, 99651,20220224,   12,    0
 18664, 99651,20220225,    7,    0
 18664, 99651,20220226,   49,    0
 18664, 99651,20220227,   77,    0
 18664, 99651,20220228,   70,    0
 18664, 99651,20220301,   42,    0
 18664, 99651,20220302,   27,    0
 18664, 99651,20220303,-9999,    9
 18664, 99651,20220304,   21,    0
 18664, 99651,20220305,   25,    0
 18664, 99651,20220306,   18,    0
 18664, 99651,20220307,   42,    0
 18664, 99651,20220308,    5,    0
 18664, 99651,20220309,   85,    0
 18664, 99651,20220310,   95,    0
 18664, 99651,20220311,   82,    0
 18664, 99651,20220312,  101,    0
 18664, 99651,20220313,   82,    0
 18664, 99651,20220314,   75,    0
 18664, 99651,20220315,   58,    0
 18664, 99651,20220316,   77,    0
 18664, 99651,20220317,   70,    0
 18664, 99651,20220318,   45,    0
 18664, 99651,20220319,   70,    0
 18664, 99651,20220320,   46,    0
 18664, 99651,20220321,   43,    0
 18664, 99651,20220322,   35,    0
 18664, 99651,20220323,   47,    0
 18664, 99651,20220324,   78,    0
 18664, 99651,20220325,   67,    0
 18664, 99651,20220326,   47,    0
 18664, 99651,20220327,-9999,    9
 18664, 99651,20220328,   30,    0
 18664, 99651,20220329,    3,    0
 18664, 99651,20220330,  -14,    0
 18664, 99651,20220331,    2,    0
 18664, 99651,20220401,    3,    0
 18664, 99651,20220402,    2,    0
 18664, 99651,20220403,   11,    0
 18664, 99651,20220404,    9,    0
 18664, 99651,20220405,    0,    0
 18664, 99651,20220406,    6,    0
 18664, 99651,20220407,    2,    0
 18664, 99651,20220408,    8,    0
 18664, 99651,20220409,    9,    0
 18664, 99651,20220410,   12,    0
 18664, 99651,20220411,   15,    0
 18664, 99651,20220412,   23,    0
 18664, 99651,20220413,   42,    0
 18664, 99651,20220414,   46,    0
 18664, 99651,20220415,   60,    0
 18664, 99651,20220416,   66,    0
 18664, 99651,20220417,   78,    0
 18664, 99651,20220418,   83,    0
 18664, 99651,20220419,   78,    0
 18664, 99651,20220420,   81,    0
 18664, 99651,20220421,   94,    0
 18664, 99651,20220422,   96,    0
 18664, 99651,20220423,-9999,    9
 18664, 99651,20220424,   88,    0
 18664, 99651,20220425,   64,    0
 18664, 99651,20220426,   67,    0
 18664, 99651,20220427,   50,    0
 18664, 99651,20220428,   51,    0
 18664, 99651,20220429,   57,    0
 18664, 99651,20220430,   56,    0
 18664, 99651,20220501,-9999,    9
 18664, 99651,20220502,-9999,    9
 18664, 99651,20220503,-9999,    9
 18664, 99651,20220504,-9999,    9
 18664, 99651,20220505,-9999,    9
 18664, 99651,20220506,-9999,    9
 18664, 99651,20220507,-9999,    9
 18664, 99651,20220508,-9999,    9
 18664, 99651,20220509,-9999,    9
 18664, 99651,20220510,-9999,    9
 18664, 99651,20220511,-9999,    9
 18664, 99651,20220512,-9999,    9
 18664, 99651,20220513,-9999,    9
 18664, 99651,20220514,-9999,    9
 18664, 99651,20220515,   70,    0
 18664, 99651,20220516,   91,    0
 18664, 99651,20220517,  105,    0
 18664, 99651,20220518,  122,    0
 18664, 99651,20220519,-9999,    9
 18664, 99651,20220520,-9999,    9
 18664, 99651,20220521,  101,    0
 18664, 99651,20220522,  119,    0
 18664, 99651,20220523,  115,    0
 18664, 99651,20220524,   95,    0
 18664, 99651,20220525,  111,    0
 18664, 99651,20220526,   83,    0
 18664, 99651,20220527,   80,    0
 18664, 99651,20220528,   84,    0
 18664, 99651,20220529,   66,    0
 18664, 99651,20220530,  100,    0
 18664, 99651,20220531,  138,    0
 18664, 99651,20220601,  114,    0
 18664, 99651,20220602,  100,    0
 18664, 99651,20220603,  103,    0
 18664, 99651,20220604,  114,    0
 18664, 99651,20220605,  111,    0
 18664, 99651,20220606,  125,    0
 18664, 99651,20220607,  148,    0
 18664, 99651,20220608,  154,    0
 18664, 99651,20220609,  160,    0
 18664, 99651,20220610,  145,    0
 18664, 99651,20220611,  131,    0
 18664, 99651,20220612,  109,    0
 18664, 99651,20220613,  102,    0
 18664, 99651,20220614,  109,    0
 18664, 99651,20220615,  129,    0
 18664, 99651,20220616,  127,    0
 18664, 99651,20220617,  131,    0
 18664, 99651,20220618,   94,    0
 18664, 99651,20220619,  133,    0
 18664, 99651,20220620,  140,    0
 18664, 99651,20220621,  116,    0
 18664, 99651,20220622,  124,    0
 18664, 99651,20220623,  158,    0
 18664, 99651,20220624,  188,    0
 18664, 99651,20220625,  204,    0
 18664, 99651,20220626,  170,    0
 18664, 99651,20220627,  159,    0
 18664, 99651,20220628,  142,    0
 18664, 99651,20220629,  171,    0
 18664, 99651,20220630,-9999,    9
 18664, 99651,20220701,  182,    0
 18664, 99651,20220702,  151,    0
 18664, 99651,20220703,  129,    0
 18664, 99651,20220704,  135,    0
 18664, 99651,20220705,  112,    0
 18664, 99651,20220706,  106,    0
 18664, 99651,20220707,  107,    0
 18664, 99651,20220708,  121,    0
 18664, 99651,20220709,   98,    0
 18664, 99651,20220710,  125,    0
 18664, 99651,20220711,  156,    0
 18664, 99651,20220712,  155,    0
 18664, 99651,20220713,  123,    0
 18664, 99651,20220714,  110,    0
 18664, 99651,20220715,  107,    0
 18664, 99651,20220716,  113,    0
 18664, 99651,20220717,  122,    0
 18664, 99651,20220718,  147,    0
 18664, 99651,20220719,  152,    0
 18664, 99651,20220720,  183,    0
 18664, 99651,20220721,  144,    0
 18664, 99651,20220722,  144,    0
 18664, 99651,20220723,  142,    0
 18664, 99651,20220724,  134,    0
 18664, 99651,20220725,  151,    0
 18664, 99651,20220726,  121,    0
 18664, 99651,20220727,  117,    0
 18664, 99651,20220728,  126,    0
 18664, 99651,20220729,  150,    0
 18664, 99651,20220730,  162,    0
 18664, 99651,20220731,  133,    0
 18664, 99651,20220801,  120,    0
 18664, 99651,20220802,  111,    0
 18664, 99651,20220803,  145,    0
 18664, 99651,20220804,  116,    0
 18664, 99651,20220805,  117,    0
 18664, 99651,20220806,  108,    0
 18664, 99651,20220807,  121,    0
 18664, 99651,20220808,  143,    0
 18664, 99651,20220809,-9999,    9
 18664, 99651,20220810,  176,    0
 18664, 99651,20220811,  143,    0
 18664, 99651,20220812,  147,    0
 18664, 99651,20220813,  147,    0
 18664, 99651,20220814,  161,    0
 18664, 99651,20220815,-9999,    9
 18664, 99651,20220816,  164,    0
 18664, 99651,20220817,-9999,    9
 18664, 99651,20220818,  131,    0
 18664, 99651,20220819,  154,    0
 18664, 99651,20220820,  146,    0
 18664, 99651,20220821,  121,    0
 18664, 99651,20220822,  114,    0
 18664, 99651,20220823,  122,    0
 18664, 99651,20220824,  158,    0
 18664, 99651,20220825,  179,    0
 18664, 99651,20220826,  141,    0
 18664, 99651,20220827,  123,    0
 18664, 99651,20220828,  123,    0
 18664, 99651,20220829,  122,    0
 18664, 99651,20220830,  128,    0
 18664, 99651,20220831,  126,    0
 18664, 99651,20220901,  129,    0
 18664, 99651,20220902,  140,    0
 18664, 99651,20220903,  115,    0
 18664, 99651,20220904,  115,    0
 18664, 99651,20220905,  119,    0
 18664, 99651,20220906,  119,    0
 18664, 99651,20220907,  119,    0
 18664, 99651,20220908,  126,    0
 18664, 99651,20220909,  110,    0
 18664, 99651,20220910,  106,    0
 18664, 99651,20220911,  104,    0
 18664, 99651,20220912,  116,    0
 18664, 99651,20220913,  112,    0
 18664, 99651,20220914,  101,    0
 18664, 99651,20220915,   94,    0
 18664, 99651,20220916,   99,    0
 18664, 99651,20220917,   85,    0
 18664, 99651,20220918,   93,    0
 18664, 99651,20220919,   81,    0
 18664, 99651,20220920,   63,    0
 18664, 99651,20220921,   97,    0
 18664, 99651,20220922,  134,    0
 18664, 99651,20220923,  103,    0
 18664, 99651,20220924,   88,    0
 18664, 99651,20220925,   82,    0
 18664, 99651,20220926,   89,    0
 18664, 99651,20220927,   96,    0
 18664, 99651,20220928,   95,    0
 18664, 99651,20220929,   84,    0
 18664, 99651,20220930,  113,    0
 18664, 99651,20221001,  124,    0
 18664, 99651,20221002,   97,    0
 18664, 99651,20221003,   96,    0
 18664, 99651,20221004,  115,    0
 18664, 99651,20221005,   83,    0
 18664, 99651,20221006,   86,    0
 18664, 99651,20221007,   85,    0
 18664, 99651,20221008,   73,    0
 18664, 99651,20221009,  106,    0
 18664, 99651,20221010,   90,    0
 18664, 99651,20221011,   65,    0
 18664, 99651,20221012,   93,    0
 18664, 99651,20221013,   72,    0
 18664, 99651,20221014,   71,    0
 18664, 99651,20221015,   66,    0
 18664, 99651,20221016,   92,    0
 18664, 99651,20221017,   68,    0
 18664, 99651,20221018,   60,    0
 18664, 99651,20221019,   22,    0
 18664, 99651,20221020,   15,    0
 18664, 99651,20221021,   15,    0
 18664, 99651,20221022,   50,    0
 18664, 99651,20221023,   56,    0
 18664, 99651,20221024,   57,    0
 18664, 99651,20221025,   74,    0
 18664, 99651,20221026,   85,    0
 18664, 99651,20221027,  121,    0
 18664, 99651,20221028,  116,    0
 18664, 99651,20221029,  101,    0
 18664, 99651,20221030,   68,    0
 18664, 99651,20221031,   98,    0
