EUROPEAN CLIMATE ASSESSMENT & DATASET (ECA&D), file created on: 16-11-2022
THESE DATA CAN BE USED FOR NON-COMMERCIAL RESEARCH AND EDUCATION PROVIDED THAT THE FOLLOWING SOURCE IS ACKNOWLEDGED: 

Klein Tank, A.M.G. and Coauthors, 2002. Daily dataset of 20th-century surface
air temperature and precipitation series for the European Climate Assessment.
Int. J. of Climatol., 22, 1441-1453.
Data and metadata available at http://www.ecad.eu

FILE FORMAT (MISSING VALUE CODE = -9999):

01-06 STAID: Station identifier
08-13 SOUID: Source identifier
15-22 DATE : Date YYYYMMDD
24-28 TG   : Mean temperature in 0.1 &#176;C
30-34 Q_TG : quality code for TG (0='valid'; 1='suspect'; 9='missing')

This is the blended series of station FV65 NORDMARKA I SURNADAL, NORWAY (STAID: 19141)
Blended and updated with sources:100681 
See files sources.txt and stations.txt for more info.

STAID, SOUID,    DATE,   TG, Q_TG
 19141,100681,20190101,-9999,    9
 19141,100681,20190102,-9999,    9
 19141,100681,20190103,-9999,    9
 19141,100681,20190104,-9999,    9
 19141,100681,20190105,-9999,    9
 19141,100681,20190106,-9999,    9
 19141,100681,20190107,-9999,    9
 19141,100681,20190108,-9999,    9
 19141,100681,20190109,-9999,    9
 19141,100681,20190110,-9999,    9
 19141,100681,20190111,-9999,    9
 19141,100681,20190112,-9999,    9
 19141,100681,20190113,-9999,    9
 19141,100681,20190114,-9999,    9
 19141,100681,20190115,-9999,    9
 19141,100681,20190116,-9999,    9
 19141,100681,20190117,-9999,    9
 19141,100681,20190118,-9999,    9
 19141,100681,20190119,-9999,    9
 19141,100681,20190120,-9999,    9
 19141,100681,20190121,-9999,    9
 19141,100681,20190122,-9999,    9
 19141,100681,20190123,-9999,    9
 19141,100681,20190124,-9999,    9
 19141,100681,20190125,-9999,    9
 19141,100681,20190126,-9999,    9
 19141,100681,20190127,-9999,    9
 19141,100681,20190128,-9999,    9
 19141,100681,20190129, -102,    0
 19141,100681,20190130,-9999,    9
 19141,100681,20190131,  -45,    0
 19141,100681,20190201,  -60,    0
 19141,100681,20190202,  -69,    0
 19141,100681,20190203,  -82,    0
 19141,100681,20190204,  -68,    0
 19141,100681,20190205,  -83,    0
 19141,100681,20190206,  -73,    0
 19141,100681,20190207,  -18,    0
 19141,100681,20190208,  -15,    0
 19141,100681,20190209,    1,    0
 19141,100681,20190210,   -3,    0
 19141,100681,20190211,  -18,    0
 19141,100681,20190212,   -4,    0
 19141,100681,20190213,-9999,    9
 19141,100681,20190214,-9999,    9
 19141,100681,20190215,-9999,    9
 19141,100681,20190216,   18,    0
 19141,100681,20190217,    0,    0
 19141,100681,20190218,   38,    0
 19141,100681,20190219,   14,    0
 19141,100681,20190220,    0,    0
 19141,100681,20190221,   11,    0
 19141,100681,20190222,   28,    0
 19141,100681,20190223,   40,    0
 19141,100681,20190224,   47,    0
 19141,100681,20190225,   40,    0
 19141,100681,20190226,   35,    0
 19141,100681,20190227,   44,    0
 19141,100681,20190228,    3,    0
 19141,100681,20190301,   -5,    0
 19141,100681,20190302,   13,    0
 19141,100681,20190303,   -1,    0
 19141,100681,20190304,  -21,    0
 19141,100681,20190305,  -66,    0
 19141,100681,20190306,  -63,    0
 19141,100681,20190307,  -25,    0
 19141,100681,20190308,  -26,    0
 19141,100681,20190309,  -46,    0
 19141,100681,20190310,  -45,    0
 19141,100681,20190311,  -69,    0
 19141,100681,20190312,  -33,    0
 19141,100681,20190313,  -18,    0
 19141,100681,20190314,  -15,    0
 19141,100681,20190315,  -24,    0
 19141,100681,20190316,  -29,    0
 19141,100681,20190317,  -15,    0
 19141,100681,20190318,   -4,    0
 19141,100681,20190319,   15,    0
 19141,100681,20190320,   30,    0
 19141,100681,20190321,   28,    0
 19141,100681,20190322,   51,    0
 19141,100681,20190323,   13,    0
 19141,100681,20190324,   10,    0
 19141,100681,20190325,   -8,    0
 19141,100681,20190326,    1,    0
 19141,100681,20190327,-9999,    9
 19141,100681,20190328,-9999,    9
 19141,100681,20190329,-9999,    9
 19141,100681,20190330,-9999,    9
 19141,100681,20190331,-9999,    9
 19141,100681,20190401,-9999,    9
 19141,100681,20190402,-9999,    9
 19141,100681,20190403,-9999,    9
 19141,100681,20190404,   30,    0
 19141,100681,20190405,   59,    0
 19141,100681,20190406,   23,    0
 19141,100681,20190407,   10,    0
 19141,100681,20190408,    2,    0
 19141,100681,20190409,-9999,    9
 19141,100681,20190410,-9999,    9
 19141,100681,20190411,-9999,    9
 19141,100681,20190412,    3,    0
 19141,100681,20190413,   13,    0
 19141,100681,20190414,   29,    0
 19141,100681,20190415,   39,    0
 19141,100681,20190416,   54,    0
 19141,100681,20190417,   56,    0
 19141,100681,20190418,   66,    0
 19141,100681,20190419,   88,    0
 19141,100681,20190420,   91,    0
 19141,100681,20190421,   55,    0
 19141,100681,20190422,  109,    0
 19141,100681,20190423,  109,    0
 19141,100681,20190424,  110,    0
 19141,100681,20190425,  128,    0
 19141,100681,20190426,  124,    0
 19141,100681,20190427,  128,    0
 19141,100681,20190428,  133,    0
 19141,100681,20190429,  120,    0
 19141,100681,20190430,   85,    0
 19141,100681,20190501,   44,    0
 19141,100681,20190502,    4,    0
 19141,100681,20190503,    0,    0
 19141,100681,20190504,   11,    0
 19141,100681,20190505,    4,    0
 19141,100681,20190506,   -8,    0
 19141,100681,20190507,    3,    0
 19141,100681,20190508,   24,    0
 19141,100681,20190509,-9999,    9
 19141,100681,20190510,-9999,    9
 19141,100681,20190511,-9999,    9
 19141,100681,20190512,-9999,    9
 19141,100681,20190513,-9999,    9
 19141,100681,20190514,-9999,    9
 19141,100681,20190515,-9999,    9
 19141,100681,20190516,-9999,    9
 19141,100681,20190517,-9999,    9
 19141,100681,20190518,-9999,    9
 19141,100681,20190519,-9999,    9
 19141,100681,20190520,-9999,    9
 19141,100681,20190521,-9999,    9
 19141,100681,20190522,-9999,    9
 19141,100681,20190523,-9999,    9
 19141,100681,20190524,-9999,    9
 19141,100681,20190525,-9999,    9
 19141,100681,20190526,-9999,    9
 19141,100681,20190527,-9999,    9
 19141,100681,20190528,-9999,    9
 19141,100681,20190529,-9999,    9
 19141,100681,20190530,-9999,    9
 19141,100681,20190531,-9999,    9
 19141,100681,20190601,-9999,    9
 19141,100681,20190602,-9999,    9
 19141,100681,20190603,-9999,    9
 19141,100681,20190604,-9999,    9
 19141,100681,20190605,-9999,    9
 19141,100681,20190606,-9999,    9
 19141,100681,20190607,-9999,    9
 19141,100681,20190608,-9999,    9
 19141,100681,20190609,-9999,    9
 19141,100681,20190610,-9999,    9
 19141,100681,20190611,-9999,    9
 19141,100681,20190612,-9999,    9
 19141,100681,20190613,-9999,    9
 19141,100681,20190614,-9999,    9
 19141,100681,20190615,-9999,    9
 19141,100681,20190616,-9999,    9
 19141,100681,20190617,-9999,    9
 19141,100681,20190618,-9999,    9
 19141,100681,20190619,-9999,    9
 19141,100681,20190620,-9999,    9
 19141,100681,20190621,-9999,    9
 19141,100681,20190622,-9999,    9
 19141,100681,20190623,-9999,    9
 19141,100681,20190624,-9999,    9
 19141,100681,20190625,-9999,    9
 19141,100681,20190626,-9999,    9
 19141,100681,20190627,-9999,    9
 19141,100681,20190628,-9999,    9
 19141,100681,20190629,-9999,    9
 19141,100681,20190630,-9999,    9
 19141,100681,20190701,-9999,    9
 19141,100681,20190702,-9999,    9
 19141,100681,20190703,-9999,    9
 19141,100681,20190704,-9999,    9
 19141,100681,20190705,-9999,    9
 19141,100681,20190706,-9999,    9
 19141,100681,20190707,-9999,    9
 19141,100681,20190708,-9999,    9
 19141,100681,20190709,-9999,    9
 19141,100681,20190710,-9999,    9
 19141,100681,20190711,-9999,    9
 19141,100681,20190712,-9999,    9
 19141,100681,20190713,-9999,    9
 19141,100681,20190714,-9999,    9
 19141,100681,20190715,-9999,    9
 19141,100681,20190716,-9999,    9
 19141,100681,20190717,-9999,    9
 19141,100681,20190718,-9999,    9
 19141,100681,20190719,-9999,    9
 19141,100681,20190720,-9999,    9
 19141,100681,20190721,-9999,    9
 19141,100681,20190722,-9999,    9
 19141,100681,20190723,-9999,    9
 19141,100681,20190724,-9999,    9
 19141,100681,20190725,-9999,    9
 19141,100681,20190726,-9999,    9
 19141,100681,20190727,-9999,    9
 19141,100681,20190728,-9999,    9
 19141,100681,20190729,-9999,    9
 19141,100681,20190730,-9999,    9
 19141,100681,20190731,-9999,    9
 19141,100681,20190801,-9999,    9
 19141,100681,20190802,-9999,    9
 19141,100681,20190803,-9999,    9
 19141,100681,20190804,-9999,    9
 19141,100681,20190805,-9999,    9
 19141,100681,20190806,-9999,    9
 19141,100681,20190807,-9999,    9
 19141,100681,20190808,-9999,    9
 19141,100681,20190809,-9999,    9
 19141,100681,20190810,-9999,    9
 19141,100681,20190811,-9999,    9
 19141,100681,20190812,-9999,    9
 19141,100681,20190813,-9999,    9
 19141,100681,20190814,-9999,    9
 19141,100681,20190815,-9999,    9
 19141,100681,20190816,-9999,    9
 19141,100681,20190817,-9999,    9
 19141,100681,20190818,-9999,    9
 19141,100681,20190819,-9999,    9
 19141,100681,20190820,-9999,    9
 19141,100681,20190821,-9999,    9
 19141,100681,20190822,-9999,    9
 19141,100681,20190823,-9999,    9
 19141,100681,20190824,-9999,    9
 19141,100681,20190825,-9999,    9
 19141,100681,20190826,-9999,    9
 19141,100681,20190827,-9999,    9
 19141,100681,20190828,-9999,    9
 19141,100681,20190829,-9999,    9
 19141,100681,20190830,-9999,    9
 19141,100681,20190831,-9999,    9
 19141,100681,20190901,-9999,    9
 19141,100681,20190902,-9999,    9
 19141,100681,20190903,-9999,    9
 19141,100681,20190904,-9999,    9
 19141,100681,20190905,-9999,    9
 19141,100681,20190906,-9999,    9
 19141,100681,20190907,-9999,    9
 19141,100681,20190908,-9999,    9
 19141,100681,20190909,-9999,    9
 19141,100681,20190910,-9999,    9
 19141,100681,20190911,-9999,    9
 19141,100681,20190912,-9999,    9
 19141,100681,20190913,-9999,    9
 19141,100681,20190914,-9999,    9
 19141,100681,20190915,-9999,    9
 19141,100681,20190916,-9999,    9
 19141,100681,20190917,-9999,    9
 19141,100681,20190918,-9999,    9
 19141,100681,20190919,-9999,    9
 19141,100681,20190920,-9999,    9
 19141,100681,20190921,-9999,    9
 19141,100681,20190922,-9999,    9
 19141,100681,20190923,-9999,    9
 19141,100681,20190924,-9999,    9
 19141,100681,20190925,-9999,    9
 19141,100681,20190926,-9999,    9
 19141,100681,20190927,-9999,    9
 19141,100681,20190928,-9999,    9
 19141,100681,20190929,-9999,    9
 19141,100681,20190930,-9999,    9
 19141,100681,20191001,-9999,    9
 19141,100681,20191002,-9999,    9
 19141,100681,20191003,-9999,    9
 19141,100681,20191004,-9999,    9
 19141,100681,20191005,-9999,    9
 19141,100681,20191006,-9999,    9
 19141,100681,20191007,-9999,    9
 19141,100681,20191008,-9999,    9
 19141,100681,20191009,-9999,    9
 19141,100681,20191010,-9999,    9
 19141,100681,20191011,-9999,    9
 19141,100681,20191012,-9999,    9
 19141,100681,20191013,-9999,    9
 19141,100681,20191014,-9999,    9
 19141,100681,20191015,-9999,    9
 19141,100681,20191016,-9999,    9
 19141,100681,20191017,-9999,    9
 19141,100681,20191018,-9999,    9
 19141,100681,20191019,-9999,    9
 19141,100681,20191020,-9999,    9
 19141,100681,20191021,-9999,    9
 19141,100681,20191022,-9999,    9
 19141,100681,20191023,-9999,    9
 19141,100681,20191024,-9999,    9
 19141,100681,20191025,-9999,    9
 19141,100681,20191026,-9999,    9
 19141,100681,20191027,-9999,    9
 19141,100681,20191028,-9999,    9
 19141,100681,20191029,-9999,    9
 19141,100681,20191030,-9999,    9
 19141,100681,20191031,-9999,    9
 19141,100681,20191101,-9999,    9
 19141,100681,20191102,-9999,    9
 19141,100681,20191103,-9999,    9
 19141,100681,20191104,-9999,    9
 19141,100681,20191105,-9999,    9
 19141,100681,20191106,-9999,    9
 19141,100681,20191107,-9999,    9
 19141,100681,20191108,-9999,    9
 19141,100681,20191109,-9999,    9
 19141,100681,20191110,-9999,    9
 19141,100681,20191111,-9999,    9
 19141,100681,20191112,-9999,    9
 19141,100681,20191113,-9999,    9
 19141,100681,20191114,-9999,    9
 19141,100681,20191115,-9999,    9
 19141,100681,20191116,-9999,    9
 19141,100681,20191117,-9999,    9
 19141,100681,20191118,-9999,    9
 19141,100681,20191119,-9999,    9
 19141,100681,20191120,-9999,    9
 19141,100681,20191121,-9999,    9
 19141,100681,20191122,-9999,    9
 19141,100681,20191123,-9999,    9
 19141,100681,20191124,-9999,    9
 19141,100681,20191125,-9999,    9
 19141,100681,20191126,-9999,    9
 19141,100681,20191127,-9999,    9
 19141,100681,20191128,-9999,    9
 19141,100681,20191129,-9999,    9
 19141,100681,20191130,-9999,    9
 19141,100681,20191201,  -10,    0
 19141,100681,20191202,  -12,    0
 19141,100681,20191203,   36,    0
 19141,100681,20191204,   24,    0
 19141,100681,20191205,   16,    0
 19141,100681,20191206,   12,    0
 19141,100681,20191207,-9999,    9
 19141,100681,20191208,  -26,    0
 19141,100681,20191209,  -26,    0
 19141,100681,20191210,  -34,    0
 19141,100681,20191211,   35,    0
 19141,100681,20191212,   51,    0
 19141,100681,20191213,  -53,    0
 19141,100681,20191214,-9999,    9
 19141,100681,20191215,  -36,    0
 19141,100681,20191216,  -29,    0
 19141,100681,20191217,  -23,    0
 19141,100681,20191218,   -8,    0
 19141,100681,20191219,  -32,    0
 19141,100681,20191220,   15,    0
 19141,100681,20191221,-9999,    9
 19141,100681,20191222,-9999,    9
 19141,100681,20191223,-9999,    9
 19141,100681,20191224,  -66,    0
 19141,100681,20191225,  -15,    0
 19141,100681,20191226,    1,    0
 19141,100681,20191227,  -78,    0
 19141,100681,20191228,    1,    0
 19141,100681,20191229,   41,    0
 19141,100681,20191230,   38,    0
 19141,100681,20191231,   15,    0
 19141,100681,20200101,   61,    0
 19141,100681,20200102,   79,    0
 19141,100681,20200103,  -12,    0
 19141,100681,20200104,   -4,    0
 19141,100681,20200105,-9999,    9
 19141,100681,20200106,-9999,    9
 19141,100681,20200107,   51,    0
 19141,100681,20200108,   27,    0
 19141,100681,20200109,  -17,    0
 19141,100681,20200110,  -18,    0
 19141,100681,20200111,   57,    0
 19141,100681,20200112,-9999,    9
 19141,100681,20200113,-9999,    9
 19141,100681,20200114,-9999,    9
 19141,100681,20200115,-9999,    9
 19141,100681,20200116,   38,    0
 19141,100681,20200117,   19,    0
 19141,100681,20200118,   10,    0
 19141,100681,20200119,   19,    0
 19141,100681,20200120,   67,    0
 19141,100681,20200121,   17,    0
 19141,100681,20200122,   12,    0
 19141,100681,20200123,   41,    0
 19141,100681,20200124,    3,    0
 19141,100681,20200125,   10,    0
 19141,100681,20200126,   24,    0
 19141,100681,20200127,-9999,    9
 19141,100681,20200128,-9999,    9
 19141,100681,20200129,    2,    0
 19141,100681,20200130,  -36,    0
 19141,100681,20200131,    6,    0
 19141,100681,20200201,    4,    0
 19141,100681,20200202,    8,    0
 19141,100681,20200203,  -31,    0
 19141,100681,20200204,  -39,    0
 19141,100681,20200205,   22,    0
 19141,100681,20200206,   44,    0
 19141,100681,20200207,   17,    0
 19141,100681,20200208,   24,    0
 19141,100681,20200209,   53,    0
 19141,100681,20200210,   15,    0
 19141,100681,20200211,  -21,    0
 19141,100681,20200212,   -7,    0
 19141,100681,20200213,  -10,    0
 19141,100681,20200214,  -37,    0
 19141,100681,20200215,   15,    0
 19141,100681,20200216,   32,    0
 19141,100681,20200217,   47,    0
 19141,100681,20200218,   10,    0
 19141,100681,20200219,   -3,    0
 19141,100681,20200220,    3,    0
 19141,100681,20200221,   14,    0
 19141,100681,20200222,    5,    0
 19141,100681,20200223,   -1,    0
 19141,100681,20200224,  -13,    0
 19141,100681,20200225,  -55,    0
 19141,100681,20200226,  -87,    0
 19141,100681,20200227,  -83,    0
 19141,100681,20200228,  -43,    0
 19141,100681,20200229,  -45,    0
 19141,100681,20200301,  -33,    0
 19141,100681,20200302,  -19,    0
 19141,100681,20200303,   -9,    0
 19141,100681,20200304,    3,    0
 19141,100681,20200305,    0,    0
 19141,100681,20200306,   -2,    0
 19141,100681,20200307,  -10,    0
 19141,100681,20200308,   61,    0
 19141,100681,20200309,   14,    0
 19141,100681,20200310,   19,    0
 19141,100681,20200311,   22,    0
 19141,100681,20200312,    4,    0
 19141,100681,20200313,  -45,    0
 19141,100681,20200314,  -37,    0
 19141,100681,20200315,   26,    0
 19141,100681,20200316,    2,    0
 19141,100681,20200317,   26,    0
 19141,100681,20200318,    5,    0
 19141,100681,20200319,    2,    0
 19141,100681,20200320,-9999,    9
 19141,100681,20200321,-9999,    9
 19141,100681,20200322,-9999,    9
 19141,100681,20200323,-9999,    9
 19141,100681,20200324,-9999,    9
 19141,100681,20200325,-9999,    9
 19141,100681,20200326,-9999,    9
 19141,100681,20200327,   26,    0
 19141,100681,20200328,  -24,    0
 19141,100681,20200329,  -10,    0
 19141,100681,20200330,  -11,    0
 19141,100681,20200331,   23,    0
 19141,100681,20200401,   10,    0
 19141,100681,20200402,  -12,    0
 19141,100681,20200403,  -25,    0
 19141,100681,20200404,  -36,    0
 19141,100681,20200405,   -1,    0
 19141,100681,20200406,   69,    0
 19141,100681,20200407,   62,    0
 19141,100681,20200408,   31,    0
 19141,100681,20200409,    3,    0
 19141,100681,20200410,    0,    0
 19141,100681,20200411,-9999,    9
 19141,100681,20200412,-9999,    9
 19141,100681,20200413,-9999,    9
 19141,100681,20200414,-9999,    9
 19141,100681,20200415,-9999,    9
 19141,100681,20200416,-9999,    9
 19141,100681,20200417,   11,    0
 19141,100681,20200418,   18,    0
 19141,100681,20200419,   38,    0
 19141,100681,20200420,   49,    0
 19141,100681,20200421,   73,    0
 19141,100681,20200422,   73,    0
 19141,100681,20200423,   29,    0
 19141,100681,20200424,   31,    0
 19141,100681,20200425,   29,    0
 19141,100681,20200426,   35,    0
 19141,100681,20200427,   44,    0
 19141,100681,20200428,   43,    0
 19141,100681,20200429,   47,    0
 19141,100681,20200430,   46,    0
 19141,100681,20200501,   42,    0
 19141,100681,20200502,   27,    0
 19141,100681,20200503,   28,    0
 19141,100681,20200504,   11,    0
 19141,100681,20200505,   38,    0
 19141,100681,20200506,   44,    0
 19141,100681,20200507,   33,    0
 19141,100681,20200508,   26,    0
 19141,100681,20200509,   20,    0
 19141,100681,20200510,   -4,    0
 19141,100681,20200511,   -5,    0
 19141,100681,20200512,   -3,    0
 19141,100681,20200513,   -7,    0
 19141,100681,20200514,   -7,    0
 19141,100681,20200515,   -2,    0
 19141,100681,20200516,    5,    0
 19141,100681,20200517,   20,    0
 19141,100681,20200518,   22,    0
 19141,100681,20200519,   23,    0
 19141,100681,20200520,   48,    0
 19141,100681,20200521,   78,    0
 19141,100681,20200522,  119,    0
 19141,100681,20200523,  100,    0
 19141,100681,20200524,   90,    0
 19141,100681,20200525,   89,    0
 19141,100681,20200526,   80,    0
 19141,100681,20200527,   66,    0
 19141,100681,20200528,   58,    0
 19141,100681,20200529,   92,    0
 19141,100681,20200530,  150,    0
 19141,100681,20200531,  159,    0
 19141,100681,20200601,  146,    0
 19141,100681,20200602,  116,    0
 19141,100681,20200603,   86,    0
 19141,100681,20200604,  131,    0
 19141,100681,20200605,  150,    0
 19141,100681,20200606,  127,    0
 19141,100681,20200607,   68,    0
 19141,100681,20200608,   58,    0
 19141,100681,20200609,  105,    0
 19141,100681,20200610,  148,    0
 19141,100681,20200611,  153,    0
 19141,100681,20200612,  186,    0
 19141,100681,20200613,  187,    0
 19141,100681,20200614,  184,    0
 19141,100681,20200615,  169,    0
 19141,100681,20200616,  200,    0
 19141,100681,20200617,  206,    0
 19141,100681,20200618,  201,    0
 19141,100681,20200619,  221,    0
 19141,100681,20200620,  228,    0
 19141,100681,20200621,  200,    0
 19141,100681,20200622,  154,    0
 19141,100681,20200623,  162,    0
 19141,100681,20200624,  197,    0
 19141,100681,20200625,  190,    0
 19141,100681,20200626,  211,    0
 19141,100681,20200627,-9999,    9
 19141,100681,20200628,  192,    0
 19141,100681,20200629,  149,    0
 19141,100681,20200630,-9999,    9
 19141,100681,20200701,   69,    0
 19141,100681,20200702,   81,    0
 19141,100681,20200703,   71,    0
 19141,100681,20200704,  102,    0
 19141,100681,20200705,  127,    0
 19141,100681,20200706,   91,    0
 19141,100681,20200707,   82,    0
 19141,100681,20200708,   80,    0
 19141,100681,20200709,   91,    0
 19141,100681,20200710,  110,    0
 19141,100681,20200711,   89,    0
 19141,100681,20200712,   83,    0
 19141,100681,20200713,  118,    0
 19141,100681,20200714,  140,    0
 19141,100681,20200715,  143,    0
 19141,100681,20200716,  153,    0
 19141,100681,20200717,  134,    0
 19141,100681,20200718,  140,    0
 19141,100681,20200719,  134,    0
 19141,100681,20200720,  105,    0
 19141,100681,20200721,   87,    0
 19141,100681,20200722,   80,    0
 19141,100681,20200723,   87,    0
 19141,100681,20200724,   94,    0
 19141,100681,20200725,  116,    0
 19141,100681,20200726,  166,    0
 19141,100681,20200727,  157,    0
 19141,100681,20200728,  166,    0
 19141,100681,20200729,  147,    0
 19141,100681,20200730,  135,    0
 19141,100681,20200731,  170,    0
 19141,100681,20200801,  204,    0
 19141,100681,20200802,  151,    0
 19141,100681,20200803,  101,    0
 19141,100681,20200804,  116,    0
 19141,100681,20200805,  130,    0
 19141,100681,20200806,  161,    0
 19141,100681,20200807,  189,    0
 19141,100681,20200808,  146,    0
 19141,100681,20200809,  131,    0
 19141,100681,20200810,  162,    0
 19141,100681,20200811,  154,    0
 19141,100681,20200812,  164,    0
 19141,100681,20200813,  151,    0
 19141,100681,20200814,  148,    0
 19141,100681,20200815,  145,    0
 19141,100681,20200816,  147,    0
 19141,100681,20200817,  159,    0
 19141,100681,20200818,  180,    0
 19141,100681,20200819,  169,    0
 19141,100681,20200820,  172,    0
 19141,100681,20200821,  187,    0
 19141,100681,20200822,  169,    0
 19141,100681,20200823,   90,    0
 19141,100681,20200824,-9999,    9
 19141,100681,20200825,-9999,    9
 19141,100681,20200826,   89,    0
 19141,100681,20200827,   98,    0
 19141,100681,20200828,  107,    0
 19141,100681,20200829,  108,    0
 19141,100681,20200830,   76,    0
 19141,100681,20200831,   81,    0
 19141,100681,20200901,  112,    0
 19141,100681,20200902,  131,    0
 19141,100681,20200903,  128,    0
 19141,100681,20200904,  119,    0
 19141,100681,20200905,   99,    0
 19141,100681,20200906,   88,    0
 19141,100681,20200907,   96,    0
 19141,100681,20200908,  102,    0
 19141,100681,20200909,   82,    0
 19141,100681,20200910,   56,    0
 19141,100681,20200911,   99,    0
 19141,100681,20200912,   88,    0
 19141,100681,20200913,   94,    0
 19141,100681,20200914,   87,    0
 19141,100681,20200915,   86,    0
 19141,100681,20200916,   65,    0
 19141,100681,20200917,   70,    0
 19141,100681,20200918,  108,    0
 19141,100681,20200919,   84,    0
 19141,100681,20200920,   98,    0
 19141,100681,20200921,  112,    0
 19141,100681,20200922,   73,    0
 19141,100681,20200923,   72,    0
 19141,100681,20200924,   71,    0
 19141,100681,20200925,   63,    0
 19141,100681,20200926,   58,    0
 19141,100681,20200927,  102,    0
 19141,100681,20200928,  150,    0
 19141,100681,20200929,  104,    0
 19141,100681,20200930,  112,    0
 19141,100681,20201001,  119,    0
 19141,100681,20201002,  102,    0
 19141,100681,20201003,  119,    0
 19141,100681,20201004,  146,    0
 19141,100681,20201005,  120,    0
 19141,100681,20201006,  107,    0
 19141,100681,20201007,   90,    0
 19141,100681,20201008,   80,    0
 19141,100681,20201009,   63,    0
 19141,100681,20201010,   68,    0
 19141,100681,20201011,   69,    0
 19141,100681,20201012,   52,    0
 19141,100681,20201013,   39,    0
 19141,100681,20201014,   46,    0
 19141,100681,20201015,   42,    0
 19141,100681,20201016,   57,    0
 19141,100681,20201017,   43,    0
 19141,100681,20201018,   17,    0
 19141,100681,20201019,   10,    0
 19141,100681,20201020,    2,    0
 19141,100681,20201021,   12,    0
 19141,100681,20201022,    9,    0
 19141,100681,20201023,  -14,    0
 19141,100681,20201024,    6,    0
 19141,100681,20201025,-9999,    9
 19141,100681,20201026,-9999,    9
 19141,100681,20201027,   17,    0
 19141,100681,20201028,   27,    0
 19141,100681,20201029,   39,    0
 19141,100681,20201030,   36,    0
 19141,100681,20201031,   44,    0
 19141,100681,20201101,   90,    0
 19141,100681,20201102,   84,    0
 19141,100681,20201103,   32,    0
 19141,100681,20201104,   35,    0
 19141,100681,20201105,   86,    0
 19141,100681,20201106,   98,    0
 19141,100681,20201107,   70,    0
 19141,100681,20201108,   37,    0
 19141,100681,20201109,   44,    0
 19141,100681,20201110,   56,    0
 19141,100681,20201111,   40,    0
 19141,100681,20201112,   44,    0
 19141,100681,20201113,   33,    0
 19141,100681,20201114,   44,    0
 19141,100681,20201115,   63,    0
 19141,100681,20201116,   86,    0
 19141,100681,20201117,   47,    0
 19141,100681,20201118,   20,    0
 19141,100681,20201119,  -18,    0
 19141,100681,20201120,  -10,    0
 19141,100681,20201121,   22,    0
 19141,100681,20201122,   33,    0
 19141,100681,20201123,   15,    0
 19141,100681,20201124,    8,    0
 19141,100681,20201125,   33,    0
 19141,100681,20201126,   22,    0
 19141,100681,20201127,  -21,    0
 19141,100681,20201128,  -42,    0
 19141,100681,20201129,  -21,    0
 19141,100681,20201130,   16,    0
 19141,100681,20201201,   -1,    0
 19141,100681,20201202,   -3,    0
 19141,100681,20201203,-9999,    9
 19141,100681,20201204,  -11,    0
 19141,100681,20201205,  -10,    0
 19141,100681,20201206,  -15,    0
 19141,100681,20201207,-9999,    9
 19141,100681,20201208,-9999,    9
 19141,100681,20201209,   -3,    0
 19141,100681,20201210,  -25,    0
 19141,100681,20201211,  -21,    0
 19141,100681,20201212,  -25,    0
 19141,100681,20201213,  -54,    0
 19141,100681,20201214,-9999,    9
 19141,100681,20201215,   13,    0
 19141,100681,20201216,   15,    0
 19141,100681,20201217,   17,    0
 19141,100681,20201218,    7,    0
 19141,100681,20201219,   48,    0
 19141,100681,20201220,   56,    0
 19141,100681,20201221,   25,    0
 19141,100681,20201222,-9999,    9
 19141,100681,20201223,   14,    0
 19141,100681,20201224,   -8,    0
 19141,100681,20201225,  -25,    0
 19141,100681,20201226,  -19,    0
 19141,100681,20201227,-9999,    9
 19141,100681,20201228,   -3,    0
 19141,100681,20201229,   -3,    0
 19141,100681,20201230,   -8,    0
 19141,100681,20201231,  -28,    0
 19141,100681,20210101,  -77,    0
 19141,100681,20210102,  -85,    0
 19141,100681,20210103, -108,    0
 19141,100681,20210104, -105,    0
 19141,100681,20210105,  -73,    0
 19141,100681,20210106,  -95,    0
 19141,100681,20210107,  -98,    0
 19141,100681,20210108,  -92,    0
 19141,100681,20210109,  -51,    0
 19141,100681,20210110,  -35,    0
 19141,100681,20210111,  -79,    0
 19141,100681,20210112,  -47,    0
 19141,100681,20210113,  -93,    0
 19141,100681,20210114, -140,    0
 19141,100681,20210115, -102,    0
 19141,100681,20210116, -108,    0
 19141,100681,20210117,  -83,    0
 19141,100681,20210118,  -67,    0
 19141,100681,20210119,  -85,    0
 19141,100681,20210120,  -55,    0
 19141,100681,20210121,   14,    0
 19141,100681,20210122,    3,    0
 19141,100681,20210123,   -6,    0
 19141,100681,20210124,  -29,    0
 19141,100681,20210125,  -89,    0
 19141,100681,20210126,  -32,    0
 19141,100681,20210127,  -54,    0
 19141,100681,20210128,  -58,    0
 19141,100681,20210129,  -47,    0
 19141,100681,20210130,  -16,    0
 19141,100681,20210131,  -23,    0
 19141,100681,20210201,  -92,    0
 19141,100681,20210202, -136,    0
 19141,100681,20210203, -147,    0
 19141,100681,20210204, -116,    0
 19141,100681,20210205, -102,    0
 19141,100681,20210206,  -95,    0
 19141,100681,20210207, -102,    0
 19141,100681,20210208, -121,    0
 19141,100681,20210209, -128,    0
 19141,100681,20210210,  -95,    0
 19141,100681,20210211, -149,    0
 19141,100681,20210212, -145,    0
 19141,100681,20210213,  -59,    0
 19141,100681,20210214,  -87,    0
 19141,100681,20210215,  -50,    0
 19141,100681,20210216,  -21,    0
 19141,100681,20210217,  -33,    0
 19141,100681,20210218,  -16,    0
 19141,100681,20210219,   11,    0
 19141,100681,20210220,   31,    0
 19141,100681,20210221,-9999,    9
 19141,100681,20210222,   18,    0
 19141,100681,20210223,   33,    0
 19141,100681,20210224,   53,    0
 19141,100681,20210225,   24,    0
 19141,100681,20210226,   28,    0
 19141,100681,20210227,   47,    0
 19141,100681,20210228,   52,    0
 19141,100681,20210301,   43,    0
 19141,100681,20210302,   30,    0
 19141,100681,20210303,   10,    0
 19141,100681,20210304,-9999,    9
 19141,100681,20210305,   -9,    0
 19141,100681,20210306,   -2,    0
 19141,100681,20210307,  -12,    0
 19141,100681,20210308,  -41,    0
 19141,100681,20210309,   -3,    0
 19141,100681,20210310,  -10,    0
 19141,100681,20210311,   40,    0
 19141,100681,20210312,   28,    0
 19141,100681,20210313,    3,    0
 19141,100681,20210314,   -8,    0
 19141,100681,20210315,   -2,    0
 19141,100681,20210316,  -11,    0
 19141,100681,20210317,   -4,    0
 19141,100681,20210318,   10,    0
 19141,100681,20210319,   17,    0
 19141,100681,20210320,   29,    0
 19141,100681,20210321,-9999,    9
 19141,100681,20210322,   42,    0
 19141,100681,20210323,   60,    0
 19141,100681,20210324,   33,    0
 19141,100681,20210325,   16,    0
 19141,100681,20210326,   55,    0
 19141,100681,20210327,   29,    0
 19141,100681,20210328,   45,    0
 19141,100681,20210329,   46,    0
 19141,100681,20210330,   36,    0
 19141,100681,20210331,   19,    0
 19141,100681,20210401,   13,    0
 19141,100681,20210402,    7,    0
 19141,100681,20210403,   24,    0
 19141,100681,20210404,   14,    0
 19141,100681,20210405,  -11,    0
 19141,100681,20210406,    6,    0
 19141,100681,20210407,  -10,    0
 19141,100681,20210408,   -8,    0
 19141,100681,20210409,  -11,    0
 19141,100681,20210410,   -8,    0
 19141,100681,20210411,    9,    0
 19141,100681,20210412,    8,    0
 19141,100681,20210413,   -4,    0
 19141,100681,20210414,    8,    0
 19141,100681,20210415,   26,    0
 19141,100681,20210416,   42,    0
 19141,100681,20210417,-9999,    9
 19141,100681,20210418,   60,    0
 19141,100681,20210419,   72,    0
 19141,100681,20210420,   61,    0
 19141,100681,20210421,   11,    0
 19141,100681,20210422,   -2,    0
 19141,100681,20210423,   -2,    0
 19141,100681,20210424,   -6,    0
 19141,100681,20210425,    2,    0
 19141,100681,20210426,   16,    0
 19141,100681,20210427,   19,    0
 19141,100681,20210428,   16,    0
 19141,100681,20210429,   12,    0
 19141,100681,20210430,    3,    0
 19141,100681,20210501,   20,    0
 19141,100681,20210502,   18,    0
 19141,100681,20210503,   29,    0
 19141,100681,20210504,   50,    0
 19141,100681,20210505,   48,    0
 19141,100681,20210506,   31,    0
 19141,100681,20210507,   21,    0
 19141,100681,20210508,   18,    0
 19141,100681,20210509,   57,    0
 19141,100681,20210510,-9999,    9
 19141,100681,20210511,-9999,    9
 19141,100681,20210512,   73,    0
 19141,100681,20210513,   64,    0
 19141,100681,20210514,  100,    0
 19141,100681,20210515,  134,    0
 19141,100681,20210516,-9999,    9
 19141,100681,20210517,   83,    0
 19141,100681,20210518,   76,    0
 19141,100681,20210519,   74,    0
 19141,100681,20210520,   50,    0
 19141,100681,20210521,   84,    0
 19141,100681,20210522,  115,    0
 19141,100681,20210523,  105,    0
 19141,100681,20210524,  119,    0
 19141,100681,20210525,  130,    0
 19141,100681,20210526,  128,    0
 19141,100681,20210527,  110,    0
 19141,100681,20210528,  101,    0
 19141,100681,20210529,  139,    0
 19141,100681,20210530,  130,    0
 19141,100681,20210531,  149,    0
 19141,100681,20210601,  178,    0
 19141,100681,20210602,  168,    0
 19141,100681,20210603,  178,    0
 19141,100681,20210604,  181,    0
 19141,100681,20210605,  170,    0
 19141,100681,20210606,  139,    0
 19141,100681,20210607,  152,    0
 19141,100681,20210608,  131,    0
 19141,100681,20210609,  154,    0
 19141,100681,20210610,  177,    0
 19141,100681,20210611,  144,    0
 19141,100681,20210612,   88,    0
 19141,100681,20210613,   92,    0
 19141,100681,20210614,-9999,    9
 19141,100681,20210615,   73,    0
 19141,100681,20210616,  107,    0
 19141,100681,20210617,  132,    0
 19141,100681,20210618,  105,    0
 19141,100681,20210619,  110,    0
 19141,100681,20210620,  134,    0
 19141,100681,20210621,  116,    0
 19141,100681,20210622,  123,    0
 19141,100681,20210623,  109,    0
 19141,100681,20210624,  118,    0
 19141,100681,20210625,  103,    0
 19141,100681,20210626,  115,    0
 19141,100681,20210627,  120,    0
 19141,100681,20210628,  124,    0
 19141,100681,20210629,  102,    0
 19141,100681,20210630,  137,    0
 19141,100681,20210701,  194,    0
 19141,100681,20210702,  201,    0
 19141,100681,20210703,  199,    0
 19141,100681,20210704,  194,    0
 19141,100681,20210705,  211,    0
 19141,100681,20210706,  181,    0
 19141,100681,20210707,  164,    0
 19141,100681,20210708,  165,    0
 19141,100681,20210709,-9999,    9
 19141,100681,20210710,  162,    0
 19141,100681,20210711,  157,    0
 19141,100681,20210712,  163,    0
 19141,100681,20210713,  182,    0
 19141,100681,20210714,-9999,    9
 19141,100681,20210715,  139,    0
 19141,100681,20210716,  147,    0
 19141,100681,20210717,  133,    0
 19141,100681,20210718,   91,    0
 19141,100681,20210719,  113,    0
 19141,100681,20210720,  108,    0
 19141,100681,20210721,  129,    0
 19141,100681,20210722,  117,    0
 19141,100681,20210723,  151,    0
 19141,100681,20210724,  182,    0
 19141,100681,20210725,  171,    0
 19141,100681,20210726,  210,    0
 19141,100681,20210727,  200,    0
 19141,100681,20210728,  215,    0
 19141,100681,20210729,  177,    0
 19141,100681,20210730,-9999,    9
 19141,100681,20210731,  115,    0
 19141,100681,20210801,  105,    0
 19141,100681,20210802,-9999,    9
 19141,100681,20210803,  101,    0
 19141,100681,20210804,  115,    0
 19141,100681,20210805,  143,    0
 19141,100681,20210806,  163,    0
 19141,100681,20210807,  172,    0
 19141,100681,20210808,  164,    0
 19141,100681,20210809,  173,    0
 19141,100681,20210810,  149,    0
 19141,100681,20210811,  153,    0
 19141,100681,20210812,-9999,    9
 19141,100681,20210813,  131,    0
 19141,100681,20210814,  108,    0
 19141,100681,20210815,  121,    0
 19141,100681,20210816,  115,    0
 19141,100681,20210817,  120,    0
 19141,100681,20210818,  101,    0
 19141,100681,20210819,   95,    0
 19141,100681,20210820,   97,    0
 19141,100681,20210821,   98,    0
 19141,100681,20210822,  107,    0
 19141,100681,20210823,  106,    0
 19141,100681,20210824,  108,    0
 19141,100681,20210825,  102,    0
 19141,100681,20210826,  113,    0
 19141,100681,20210827,  136,    0
 19141,100681,20210828,  136,    0
 19141,100681,20210829,  123,    0
 19141,100681,20210830,  116,    0
 19141,100681,20210831,-9999,    9
 19141,100681,20210901,  110,    0
 19141,100681,20210902,  106,    0
 19141,100681,20210903,   89,    0
 19141,100681,20210904,   83,    0
 19141,100681,20210905,   91,    0
 19141,100681,20210906,   94,    0
 19141,100681,20210907,  120,    0
 19141,100681,20210908,-9999,    9
 19141,100681,20210909,  122,    0
 19141,100681,20210910,  112,    0
 19141,100681,20210911,  115,    0
 19141,100681,20210912,   90,    0
 19141,100681,20210913,   80,    0
 19141,100681,20210914,   92,    0
 19141,100681,20210915,  101,    0
 19141,100681,20210916,  110,    0
 19141,100681,20210917,  118,    0
 19141,100681,20210918,   92,    0
 19141,100681,20210919,  110,    0
 19141,100681,20210920,   95,    0
 19141,100681,20210921,   93,    0
 19141,100681,20210922,   94,    0
 19141,100681,20210923,   67,    0
 19141,100681,20210924,   70,    0
 19141,100681,20210925,   76,    0
 19141,100681,20210926,  118,    0
 19141,100681,20210927,  130,    0
 19141,100681,20210928,  127,    0
 19141,100681,20210929,   94,    0
 19141,100681,20210930,  110,    0
 19141,100681,20211001,  104,    0
 19141,100681,20211002,  108,    0
 19141,100681,20211003,  133,    0
 19141,100681,20211004,  139,    0
 19141,100681,20211005,  109,    0
 19141,100681,20211006,   89,    0
 19141,100681,20211007,   86,    0
 19141,100681,20211008,  111,    0
 19141,100681,20211009,  128,    0
 19141,100681,20211010,   89,    0
 19141,100681,20211011,   47,    0
 19141,100681,20211012,   41,    0
 19141,100681,20211013,   36,    0
 19141,100681,20211014,   82,    0
 19141,100681,20211015,-9999,    9
 19141,100681,20211016,   27,    0
 19141,100681,20211017,   15,    0
 19141,100681,20211018,   17,    0
 19141,100681,20211019,   33,    0
 19141,100681,20211020,   61,    0
 19141,100681,20211021,   24,    0
 19141,100681,20211022,   28,    0
 19141,100681,20211023,   27,    0
 19141,100681,20211024,   43,    0
 19141,100681,20211025,   59,    0
 19141,100681,20211026,   43,    0
 19141,100681,20211027,   71,    0
 19141,100681,20211028,   74,    0
 19141,100681,20211029,   75,    0
 19141,100681,20211030,   86,    0
 19141,100681,20211031,-9999,    9
 19141,100681,20211101,-9999,    9
 19141,100681,20211102,   63,    0
 19141,100681,20211103,   26,    0
 19141,100681,20211104,    7,    0
 19141,100681,20211105,   22,    0
 19141,100681,20211106,   14,    0
 19141,100681,20211107,-9999,    9
 19141,100681,20211108,-9999,    9
 19141,100681,20211109,   24,    0
 19141,100681,20211110,   28,    0
 19141,100681,20211111,   35,    0
 19141,100681,20211112,   11,    0
 19141,100681,20211113,   -2,    0
 19141,100681,20211114,   -2,    0
 19141,100681,20211115,   22,    0
 19141,100681,20211116,   43,    0
 19141,100681,20211117,   32,    0
 19141,100681,20211118,   11,    0
 19141,100681,20211119,   38,    0
 19141,100681,20211120,   19,    0
 19141,100681,20211121,   -3,    0
 19141,100681,20211122,   18,    0
 19141,100681,20211123,   47,    0
 19141,100681,20211124,   30,    0
 19141,100681,20211125,  -14,    0
 19141,100681,20211126,  -75,    0
 19141,100681,20211127, -133,    0
 19141,100681,20211128, -137,    0
 19141,100681,20211129, -106,    0
 19141,100681,20211130,-9999,    9
 19141,100681,20211201,  -53,    0
 19141,100681,20211202,  -73,    0
 19141,100681,20211203, -136,    0
 19141,100681,20211204,  -67,    0
 19141,100681,20211205,  -83,    0
 19141,100681,20211206, -113,    0
 19141,100681,20211207, -107,    0
 19141,100681,20211208,  -83,    0
 19141,100681,20211209,  -56,    0
 19141,100681,20211210,  -77,    0
 19141,100681,20211211,  -68,    0
 19141,100681,20211212,  -12,    0
 19141,100681,20211213,    3,    0
 19141,100681,20211214,  -10,    0
 19141,100681,20211215,   47,    0
 19141,100681,20211216,   47,    0
 19141,100681,20211217,   58,    0
 19141,100681,20211218,   58,    0
 19141,100681,20211219,    7,    0
 19141,100681,20211220,    2,    0
 19141,100681,20211221,  -10,    0
 19141,100681,20211222,  -39,    0
 19141,100681,20211223,  -46,    0
 19141,100681,20211224,  -89,    0
 19141,100681,20211225,  -20,    0
 19141,100681,20211226,   -8,    0
 19141,100681,20211227,  -74,    0
 19141,100681,20211228,  -99,    0
 19141,100681,20211229,  -58,    0
 19141,100681,20211230,  -23,    0
 19141,100681,20211231,   -3,    0
 19141,100681,20220101,  -21,    0
 19141,100681,20220102,   -7,    0
 19141,100681,20220103,   -5,    0
 19141,100681,20220104,  -77,    0
 19141,100681,20220105,  -45,    0
 19141,100681,20220106,  -71,    0
 19141,100681,20220107,  -78,    0
 19141,100681,20220108,  -68,    0
 19141,100681,20220109, -104,    0
 19141,100681,20220110,  -90,    0
 19141,100681,20220111,   -4,    0
 19141,100681,20220112,   44,    0
 19141,100681,20220113,   44,    0
 19141,100681,20220114,    6,    0
 19141,100681,20220115,    4,    0
 19141,100681,20220116,    0,    0
 19141,100681,20220117,   -3,    0
 19141,100681,20220118,-9999,    9
 19141,100681,20220119,    1,    0
 19141,100681,20220120,  -32,    0
 19141,100681,20220121,    5,    0
 19141,100681,20220122,   45,    0
 19141,100681,20220123,   57,    0
 19141,100681,20220124,   23,    0
 19141,100681,20220125,   -2,    0
 19141,100681,20220126,   14,    0
 19141,100681,20220127,    8,    0
 19141,100681,20220128,   -1,    0
 19141,100681,20220129,   15,    0
 19141,100681,20220130,  -12,    0
 19141,100681,20220131,  -61,    0
 19141,100681,20220201,-9999,    9
 19141,100681,20220202,-9999,    9
 19141,100681,20220203,  -40,    0
 19141,100681,20220204,    6,    0
 19141,100681,20220205,  -16,    0
 19141,100681,20220206,   -6,    0
 19141,100681,20220207,    1,    0
 19141,100681,20220208,    5,    0
 19141,100681,20220209,   -3,    0
 19141,100681,20220210,  -17,    0
 19141,100681,20220211,  -26,    0
 19141,100681,20220212,    1,    0
 19141,100681,20220213,   11,    0
 19141,100681,20220214,  -24,    0
 19141,100681,20220215,  -32,    0
 19141,100681,20220216,  -34,    0
 19141,100681,20220217,  -23,    0
 19141,100681,20220218,   -8,    0
 19141,100681,20220219,  -19,    0
 19141,100681,20220220,  -20,    0
 19141,100681,20220221,  -31,    0
 19141,100681,20220222,  -28,    0
 19141,100681,20220223,    8,    0
 19141,100681,20220224,    1,    0
 19141,100681,20220225,  -21,    0
 19141,100681,20220226,   -5,    0
 19141,100681,20220227,   39,    0
 19141,100681,20220228,   -1,    0
 19141,100681,20220301,   28,    0
 19141,100681,20220302,   20,    0
 19141,100681,20220303,-9999,    9
 19141,100681,20220304,  -35,    0
 19141,100681,20220305,   -9,    0
 19141,100681,20220306,   12,    0
 19141,100681,20220307,   28,    0
 19141,100681,20220308,  -13,    0
 19141,100681,20220309,   28,    0
 19141,100681,20220310,   63,    0
 19141,100681,20220311,   35,    0
 19141,100681,20220312,   28,    0
 19141,100681,20220313,   30,    0
 19141,100681,20220314,   29,    0
 19141,100681,20220315,   19,    0
 19141,100681,20220316,   25,    0
 19141,100681,20220317,   44,    0
 19141,100681,20220318,   28,    0
 19141,100681,20220319,   68,    0
 19141,100681,20220320,   44,    0
 19141,100681,20220321,   19,    0
 19141,100681,20220322,    2,    0
 19141,100681,20220323,   41,    0
 19141,100681,20220324,   57,    0
 19141,100681,20220325,   38,    0
 19141,100681,20220326,   10,    0
 19141,100681,20220327,-9999,    9
 19141,100681,20220328,    2,    0
 19141,100681,20220329,  -31,    0
 19141,100681,20220330,  -39,    0
 19141,100681,20220331,  -22,    0
 19141,100681,20220401,  -17,    0
 19141,100681,20220402,   -8,    0
 19141,100681,20220403,   -6,    0
 19141,100681,20220404,  -17,    0
 19141,100681,20220405,-9999,    9
 19141,100681,20220406,  -16,    0
 19141,100681,20220407,  -30,    0
 19141,100681,20220408,  -31,    0
 19141,100681,20220409,    2,    0
 19141,100681,20220410,   15,    0
 19141,100681,20220411,    4,    0
 19141,100681,20220412,   19,    0
 19141,100681,20220413,   37,    0
 19141,100681,20220414,   36,    0
 19141,100681,20220415,   35,    0
 19141,100681,20220416,   48,    0
 19141,100681,20220417,   62,    0
 19141,100681,20220418,   77,    0
 19141,100681,20220419,   75,    0
 19141,100681,20220420,   73,    0
 19141,100681,20220421,   80,    0
 19141,100681,20220422,   52,    0
 19141,100681,20220423,   72,    0
 19141,100681,20220424,   68,    0
 19141,100681,20220425,   31,    0
 19141,100681,20220426,    9,    0
 19141,100681,20220427,    8,    0
 19141,100681,20220428,   21,    0
 19141,100681,20220429,   19,    0
 19141,100681,20220430,   26,    0
 19141,100681,20220501,-9999,    9
 19141,100681,20220502,-9999,    9
 19141,100681,20220503,-9999,    9
 19141,100681,20220504,-9999,    9
 19141,100681,20220505,-9999,    9
 19141,100681,20220506,-9999,    9
 19141,100681,20220507,-9999,    9
 19141,100681,20220508,-9999,    9
 19141,100681,20220509,-9999,    9
 19141,100681,20220510,-9999,    9
 19141,100681,20220511,-9999,    9
 19141,100681,20220512,-9999,    9
 19141,100681,20220513,-9999,    9
 19141,100681,20220514,-9999,    9
 19141,100681,20220515,   46,    0
 19141,100681,20220516,   45,    0
 19141,100681,20220517,   84,    0
 19141,100681,20220518,  104,    0
 19141,100681,20220519,-9999,    9
 19141,100681,20220520,-9999,    9
 19141,100681,20220521,   86,    0
 19141,100681,20220522,  103,    0
 19141,100681,20220523,  127,    0
 19141,100681,20220524,  121,    0
 19141,100681,20220525,  117,    0
 19141,100681,20220526,   88,    0
 19141,100681,20220527,   64,    0
 19141,100681,20220528,   53,    0
 19141,100681,20220529,   55,    0
 19141,100681,20220530,  121,    0
 19141,100681,20220531,  125,    0
 19141,100681,20220601,   95,    0
 19141,100681,20220602,   99,    0
 19141,100681,20220603,   87,    0
 19141,100681,20220604,   81,    0
 19141,100681,20220605,   77,    0
 19141,100681,20220606,  105,    0
 19141,100681,20220607,  118,    0
 19141,100681,20220608,  114,    0
 19141,100681,20220609,  113,    0
 19141,100681,20220610,  137,    0
 19141,100681,20220611,  151,    0
 19141,100681,20220612,-9999,    9
 19141,100681,20220613,-9999,    9
 19141,100681,20220614,  100,    0
 19141,100681,20220615,  108,    0
 19141,100681,20220616,  122,    0
 19141,100681,20220617,  137,    0
 19141,100681,20220618,  113,    0
 19141,100681,20220619,  120,    0
 19141,100681,20220620,  128,    0
 19141,100681,20220621,   91,    0
 19141,100681,20220622,  105,    0
 19141,100681,20220623,  132,    0
 19141,100681,20220624,  191,    0
 19141,100681,20220625,  208,    0
 19141,100681,20220626,  212,    0
 19141,100681,20220627,  160,    0
 19141,100681,20220628,  119,    0
 19141,100681,20220629,  165,    0
 19141,100681,20220630,  200,    0
 19141,100681,20220701,  210,    0
 19141,100681,20220702,  141,    0
 19141,100681,20220703,  148,    0
 19141,100681,20220704,  138,    0
 19141,100681,20220705,   96,    0
 19141,100681,20220706,   94,    0
 19141,100681,20220707,   90,    0
 19141,100681,20220708,  108,    0
 19141,100681,20220709,   85,    0
 19141,100681,20220710,  102,    0
 19141,100681,20220711,  139,    0
 19141,100681,20220712,  160,    0
 19141,100681,20220713,  130,    0
 19141,100681,20220714,   90,    0
 19141,100681,20220715,   92,    0
 19141,100681,20220716,   86,    0
 19141,100681,20220717,  102,    0
 19141,100681,20220718,  105,    0
 19141,100681,20220719,  143,    0
 19141,100681,20220720,  164,    0
 19141,100681,20220721,  120,    0
 19141,100681,20220722,  115,    0
 19141,100681,20220723,  137,    0
 19141,100681,20220724,  145,    0
 19141,100681,20220725,  162,    0
 19141,100681,20220726,  113,    0
 19141,100681,20220727,   89,    0
 19141,100681,20220728,  119,    0
 19141,100681,20220729,  154,    0
 19141,100681,20220730,  157,    0
 19141,100681,20220731,  118,    0
 19141,100681,20220801,   89,    0
 19141,100681,20220802,  112,    0
 19141,100681,20220803,  151,    0
 19141,100681,20220804,  108,    0
 19141,100681,20220805,  115,    0
 19141,100681,20220806,   93,    0
 19141,100681,20220807,  134,    0
 19141,100681,20220808,  142,    0
 19141,100681,20220809,-9999,    9
 19141,100681,20220810,  168,    0
 19141,100681,20220811,  123,    0
 19141,100681,20220812,  133,    0
 19141,100681,20220813,  128,    0
 19141,100681,20220814,  169,    0
 19141,100681,20220815,-9999,    9
 19141,100681,20220816,  172,    0
 19141,100681,20220817,-9999,    9
 19141,100681,20220818,  132,    0
 19141,100681,20220819,  155,    0
 19141,100681,20220820,  134,    0
 19141,100681,20220821,  113,    0
 19141,100681,20220822,  103,    0
 19141,100681,20220823,  144,    0
 19141,100681,20220824,  172,    0
 19141,100681,20220825,  185,    0
 19141,100681,20220826,  132,    0
 19141,100681,20220827,  112,    0
 19141,100681,20220828,  100,    0
 19141,100681,20220829,  107,    0
 19141,100681,20220830,  107,    0
 19141,100681,20220831,  112,    0
 19141,100681,20220901,  109,    0
 19141,100681,20220902,  106,    0
 19141,100681,20220903,  112,    0
 19141,100681,20220904,  115,    0
 19141,100681,20220905,  121,    0
 19141,100681,20220906,  113,    0
 19141,100681,20220907,  116,    0
 19141,100681,20220908,  124,    0
 19141,100681,20220909,  108,    0
 19141,100681,20220910,  100,    0
 19141,100681,20220911,  109,    0
 19141,100681,20220912,  106,    0
 19141,100681,20220913,  111,    0
 19141,100681,20220914,   87,    0
 19141,100681,20220915,   91,    0
 19141,100681,20220916,   87,    0
 19141,100681,20220917,   82,    0
 19141,100681,20220918,   78,    0
 19141,100681,20220919,   60,    0
 19141,100681,20220920,   63,    0
 19141,100681,20220921,   84,    0
 19141,100681,20220922,  101,    0
 19141,100681,20220923,   90,    0
 19141,100681,20220924,   70,    0
 19141,100681,20220925,   69,    0
 19141,100681,20220926,   85,    0
 19141,100681,20220927,  112,    0
 19141,100681,20220928,  100,    0
 19141,100681,20220929,   87,    0
 19141,100681,20220930,   81,    0
 19141,100681,20221001,   94,    0
 19141,100681,20221002,   93,    0
 19141,100681,20221003,   80,    0
 19141,100681,20221004,   89,    0
 19141,100681,20221005,   73,    0
 19141,100681,20221006,   67,    0
 19141,100681,20221007,   64,    0
 19141,100681,20221008,   49,    0
 19141,100681,20221009,   69,    0
 19141,100681,20221010,  100,    0
 19141,100681,20221011,   39,    0
 19141,100681,20221012,   60,    0
 19141,100681,20221013,   50,    0
 19141,100681,20221014,   45,    0
 19141,100681,20221015,   55,    0
 19141,100681,20221016,   60,    0
 19141,100681,20221017,   61,    0
 19141,100681,20221018,   40,    0
 19141,100681,20221019,   45,    0
 19141,100681,20221020,   18,    0
 19141,100681,20221021,   25,    0
 19141,100681,20221022,   29,    0
 19141,100681,20221023,   37,    0
 19141,100681,20221024,   44,    0
 19141,100681,20221025,   59,    0
 19141,100681,20221026,   70,    0
 19141,100681,20221027,   71,    0
 19141,100681,20221028,   87,    0
 19141,100681,20221029,   61,    0
 19141,100681,20221030,-9999,    9
 19141,100681,20221031,   63,    0
