EUROPEAN CLIMATE ASSESSMENT & DATASET (ECA&D), file created on: 16-11-2022
THESE DATA CAN BE USED FOR NON-COMMERCIAL RESEARCH AND EDUCATION PROVIDED THAT THE FOLLOWING SOURCE IS ACKNOWLEDGED: 

Klein Tank, A.M.G. and Coauthors, 2002. Daily dataset of 20th-century surface
air temperature and precipitation series for the European Climate Assessment.
Int. J. of Climatol., 22, 1441-1453.
Data and metadata available at http://www.ecad.eu

FILE FORMAT (MISSING VALUE CODE = -9999):

01-06 STAID: Station identifier
08-13 SOUID: Source identifier
15-22 DATE : Date YYYYMMDD
24-28 TG   : Mean temperature in 0.1 &#176;C
30-34 Q_TG : quality code for TG (0='valid'; 1='suspect'; 9='missing')

This is the blended series of station FV17 SJONFJELLET, NORWAY (STAID: 18663)
Blended and updated with sources:99648 
See files sources.txt and stations.txt for more info.

STAID, SOUID,    DATE,   TG, Q_TG
 18663, 99648,20151101,-9999,    9
 18663, 99648,20151102,-9999,    9
 18663, 99648,20151103,-9999,    9
 18663, 99648,20151104,-9999,    9
 18663, 99648,20151105,-9999,    9
 18663, 99648,20151106,-9999,    9
 18663, 99648,20151107,-9999,    9
 18663, 99648,20151108,-9999,    9
 18663, 99648,20151109,-9999,    9
 18663, 99648,20151110,-9999,    9
 18663, 99648,20151111,-9999,    9
 18663, 99648,20151112,-9999,    9
 18663, 99648,20151113,-9999,    9
 18663, 99648,20151114,-9999,    9
 18663, 99648,20151115,-9999,    9
 18663, 99648,20151116,-9999,    9
 18663, 99648,20151117,-9999,    9
 18663, 99648,20151118,-9999,    9
 18663, 99648,20151119,  -15,    0
 18663, 99648,20151120,  -31,    0
 18663, 99648,20151121,-9999,    9
 18663, 99648,20151122,  -62,    0
 18663, 99648,20151123,  -14,    0
 18663, 99648,20151124,   26,    0
 18663, 99648,20151125,   17,    0
 18663, 99648,20151126,   19,    0
 18663, 99648,20151127,   18,    0
 18663, 99648,20151128,    9,    0
 18663, 99648,20151129,    6,    0
 18663, 99648,20151130,   -4,    0
 18663, 99648,20151201,   16,    0
 18663, 99648,20151202,    9,    0
 18663, 99648,20151203,   26,    0
 18663, 99648,20151204,   10,    0
 18663, 99648,20151205,   12,    0
 18663, 99648,20151206,   15,    0
 18663, 99648,20151207,   19,    0
 18663, 99648,20151208,    8,    0
 18663, 99648,20151209,   27,    0
 18663, 99648,20151210,   16,    0
 18663, 99648,20151211,   16,    0
 18663, 99648,20151212,    1,    0
 18663, 99648,20151213,  -34,    0
 18663, 99648,20151214,  -34,    0
 18663, 99648,20151215,  -12,    0
 18663, 99648,20151216,    4,    0
 18663, 99648,20151217,   11,    0
 18663, 99648,20151218,   30,    0
 18663, 99648,20151219,   19,    0
 18663, 99648,20151220,-9999,    9
 18663, 99648,20151221,-9999,    9
 18663, 99648,20151222,-9999,    9
 18663, 99648,20151223,   17,    0
 18663, 99648,20151224,   35,    0
 18663, 99648,20151225,    6,    0
 18663, 99648,20151226,  -53,    0
 18663, 99648,20151227,   -8,    0
 18663, 99648,20151228,  -11,    0
 18663, 99648,20151229,    6,    0
 18663, 99648,20151230,   11,    0
 18663, 99648,20151231,   39,    0
 18663, 99648,20160101,   15,    0
 18663, 99648,20160102,   -7,    0
 18663, 99648,20160103,  -55,    0
 18663, 99648,20160104, -118,    0
 18663, 99648,20160105, -101,    0
 18663, 99648,20160106, -120,    0
 18663, 99648,20160107, -150,    0
 18663, 99648,20160108, -152,    0
 18663, 99648,20160109,  -99,    0
 18663, 99648,20160110,  -95,    0
 18663, 99648,20160111,  -77,    0
 18663, 99648,20160112,  -93,    0
 18663, 99648,20160113, -109,    0
 18663, 99648,20160114,  -95,    0
 18663, 99648,20160115,  -94,    0
 18663, 99648,20160116,  -68,    0
 18663, 99648,20160117,  -45,    0
 18663, 99648,20160118,  -87,    0
 18663, 99648,20160119,  -82,    0
 18663, 99648,20160120,  -82,    0
 18663, 99648,20160121,  -54,    0
 18663, 99648,20160122,  -11,    0
 18663, 99648,20160123,  -18,    0
 18663, 99648,20160124,   -4,    0
 18663, 99648,20160125,-9999,    9
 18663, 99648,20160126,   17,    0
 18663, 99648,20160127,-9999,    9
 18663, 99648,20160128,-9999,    9
 18663, 99648,20160129,    2,    0
 18663, 99648,20160130,    4,    0
 18663, 99648,20160131,-9999,    9
 18663, 99648,20160201,   -4,    0
 18663, 99648,20160202,-9999,    9
 18663, 99648,20160203,  -30,    0
 18663, 99648,20160204,   -8,    0
 18663, 99648,20160205,  -16,    0
 18663, 99648,20160206,  -23,    0
 18663, 99648,20160207,    6,    0
 18663, 99648,20160208,   21,    0
 18663, 99648,20160209,    9,    0
 18663, 99648,20160210,-9999,    9
 18663, 99648,20160211,-9999,    9
 18663, 99648,20160212,-9999,    9
 18663, 99648,20160213,  -43,    0
 18663, 99648,20160214,  -56,    0
 18663, 99648,20160215,  -62,    0
 18663, 99648,20160216,-9999,    9
 18663, 99648,20160217,    0,    0
 18663, 99648,20160218,  -10,    0
 18663, 99648,20160219,  -20,    0
 18663, 99648,20160220,  -20,    0
 18663, 99648,20160221,  -11,    0
 18663, 99648,20160222,-9999,    9
 18663, 99648,20160223,-9999,    9
 18663, 99648,20160224,   -3,    0
 18663, 99648,20160225,-9999,    9
 18663, 99648,20160226,-9999,    9
 18663, 99648,20160227,  -46,    0
 18663, 99648,20160228,  -36,    0
 18663, 99648,20160229,-9999,    9
 18663, 99648,20160301,  -15,    0
 18663, 99648,20160302,-9999,    9
 18663, 99648,20160303,-9999,    9
 18663, 99648,20160304,-9999,    9
 18663, 99648,20160305,  -10,    0
 18663, 99648,20160306,-9999,    9
 18663, 99648,20160307,-9999,    9
 18663, 99648,20160308,-9999,    9
 18663, 99648,20160309,-9999,    9
 18663, 99648,20160310,-9999,    9
 18663, 99648,20160311,-9999,    9
 18663, 99648,20160312,-9999,    9
 18663, 99648,20160313,   19,    0
 18663, 99648,20160314,   35,    0
 18663, 99648,20160315,   41,    0
 18663, 99648,20160316,   35,    0
 18663, 99648,20160317,   -1,    0
 18663, 99648,20160318,-9999,    9
 18663, 99648,20160319,  -24,    0
 18663, 99648,20160320,  -22,    0
 18663, 99648,20160321,  -34,    0
 18663, 99648,20160322,  -31,    0
 18663, 99648,20160323,-9999,    9
 18663, 99648,20160324,   -1,    0
 18663, 99648,20160325,    9,    0
 18663, 99648,20160326,   21,    0
 18663, 99648,20160327,   53,    0
 18663, 99648,20160328,   49,    0
 18663, 99648,20160329,-9999,    9
 18663, 99648,20160330,-9999,    9
 18663, 99648,20160331,-9999,    9
 18663, 99648,20160401,-9999,    9
 18663, 99648,20160402,-9999,    9
 18663, 99648,20160403,-9999,    9
 18663, 99648,20160404,-9999,    9
 18663, 99648,20160405,-9999,    9
 18663, 99648,20160406,-9999,    9
 18663, 99648,20160407,-9999,    9
 18663, 99648,20160408,-9999,    9
 18663, 99648,20160409,-9999,    9
 18663, 99648,20160410,-9999,    9
 18663, 99648,20160411,-9999,    9
 18663, 99648,20160412,-9999,    9
 18663, 99648,20160413,-9999,    9
 18663, 99648,20160414,-9999,    9
 18663, 99648,20160415,-9999,    9
 18663, 99648,20160416,-9999,    9
 18663, 99648,20160417,-9999,    9
 18663, 99648,20160418,-9999,    9
 18663, 99648,20160419,-9999,    9
 18663, 99648,20160420,-9999,    9
 18663, 99648,20160421,-9999,    9
 18663, 99648,20160422,-9999,    9
 18663, 99648,20160423,-9999,    9
 18663, 99648,20160424,-9999,    9
 18663, 99648,20160425,-9999,    9
 18663, 99648,20160426,-9999,    9
 18663, 99648,20160427,-9999,    9
 18663, 99648,20160428,-9999,    9
 18663, 99648,20160429,-9999,    9
 18663, 99648,20160430,-9999,    9
 18663, 99648,20160501,-9999,    9
 18663, 99648,20160502,-9999,    9
 18663, 99648,20160503,-9999,    9
 18663, 99648,20160504,-9999,    9
 18663, 99648,20160505,-9999,    9
 18663, 99648,20160506,-9999,    9
 18663, 99648,20160507,-9999,    9
 18663, 99648,20160508,-9999,    9
 18663, 99648,20160509,-9999,    9
 18663, 99648,20160510,-9999,    9
 18663, 99648,20160511,   48,    0
 18663, 99648,20160512,   23,    0
 18663, 99648,20160513,-9999,    9
 18663, 99648,20160514,   31,    0
 18663, 99648,20160515,-9999,    9
 18663, 99648,20160516,   27,    0
 18663, 99648,20160517,    9,    0
 18663, 99648,20160518,   10,    0
 18663, 99648,20160519,-9999,    9
 18663, 99648,20160520,-9999,    9
 18663, 99648,20160521,   65,    0
 18663, 99648,20160522,  104,    0
 18663, 99648,20160523,   64,    0
 18663, 99648,20160524,   51,    0
 18663, 99648,20160525,   55,    0
 18663, 99648,20160526,   97,    0
 18663, 99648,20160527,  137,    0
 18663, 99648,20160528,  156,    0
 18663, 99648,20160529,  159,    0
 18663, 99648,20160530,  170,    0
 18663, 99648,20160531,  147,    0
 18663, 99648,20160601,  110,    0
 18663, 99648,20160602,  106,    0
 18663, 99648,20160603,   50,    0
 18663, 99648,20160604,-9999,    9
 18663, 99648,20160605,-9999,    9
 18663, 99648,20160606,-9999,    9
 18663, 99648,20160607,   55,    0
 18663, 99648,20160608,   37,    0
 18663, 99648,20160609,   42,    0
 18663, 99648,20160610,   75,    0
 18663, 99648,20160611,   80,    0
 18663, 99648,20160612,   61,    0
 18663, 99648,20160613,   52,    0
 18663, 99648,20160614,   63,    0
 18663, 99648,20160615,   88,    0
 18663, 99648,20160616,  114,    0
 18663, 99648,20160617,  124,    0
 18663, 99648,20160618,   85,    0
 18663, 99648,20160619,   59,    0
 18663, 99648,20160620,   69,    0
 18663, 99648,20160621,  102,    0
 18663, 99648,20160622,-9999,    9
 18663, 99648,20160623,-9999,    9
 18663, 99648,20160624,-9999,    9
 18663, 99648,20160625,  107,    0
 18663, 99648,20160626,  160,    0
 18663, 99648,20160627,  165,    0
 18663, 99648,20160628,   98,    0
 18663, 99648,20160629,  127,    0
 18663, 99648,20160630,  168,    0
 18663, 99648,20160701,  138,    0
 18663, 99648,20160702,-9999,    9
 18663, 99648,20160703,  106,    0
 18663, 99648,20160704,-9999,    9
 18663, 99648,20160705,-9999,    9
 18663, 99648,20160706,-9999,    9
 18663, 99648,20160707,-9999,    9
 18663, 99648,20160708,-9999,    9
 18663, 99648,20160709,-9999,    9
 18663, 99648,20160710,-9999,    9
 18663, 99648,20160711,-9999,    9
 18663, 99648,20160712,-9999,    9
 18663, 99648,20160713,   99,    0
 18663, 99648,20160714,   92,    0
 18663, 99648,20160715,   98,    0
 18663, 99648,20160716,  100,    0
 18663, 99648,20160717,   92,    0
 18663, 99648,20160718,   81,    0
 18663, 99648,20160719,   96,    0
 18663, 99648,20160720,  133,    0
 18663, 99648,20160721,  215,    0
 18663, 99648,20160722,  213,    0
 18663, 99648,20160723,  185,    0
 18663, 99648,20160724,  131,    0
 18663, 99648,20160725,  175,    0
 18663, 99648,20160726,  178,    0
 18663, 99648,20160727,  123,    0
 18663, 99648,20160728,  150,    0
 18663, 99648,20160729,  143,    0
 18663, 99648,20160730,  170,    0
 18663, 99648,20160731,  119,    0
 18663, 99648,20160801,  114,    0
 18663, 99648,20160802,  128,    0
 18663, 99648,20160803,  107,    0
 18663, 99648,20160804,  155,    0
 18663, 99648,20160805,  135,    0
 18663, 99648,20160806,  110,    0
 18663, 99648,20160807,  112,    0
 18663, 99648,20160808,  125,    0
 18663, 99648,20160809,   94,    0
 18663, 99648,20160810,   69,    0
 18663, 99648,20160811,   74,    0
 18663, 99648,20160812,   83,    0
 18663, 99648,20160813,   87,    0
 18663, 99648,20160814,   96,    0
 18663, 99648,20160815,-9999,    9
 18663, 99648,20160816,-9999,    9
 18663, 99648,20160817,-9999,    9
 18663, 99648,20160818,  162,    0
 18663, 99648,20160819,  158,    0
 18663, 99648,20160820,  147,    0
 18663, 99648,20160821,  154,    0
 18663, 99648,20160822,  135,    0
 18663, 99648,20160823,   92,    0
 18663, 99648,20160824,  109,    0
 18663, 99648,20160825,   96,    0
 18663, 99648,20160826,  105,    0
 18663, 99648,20160827,   83,    0
 18663, 99648,20160828,   77,    0
 18663, 99648,20160829,   92,    0
 18663, 99648,20160830,   83,    0
 18663, 99648,20160831,  113,    0
 18663, 99648,20160901,   96,    0
 18663, 99648,20160902,   75,    0
 18663, 99648,20160903,   86,    0
 18663, 99648,20160904,   81,    0
 18663, 99648,20160905,   69,    0
 18663, 99648,20160906,   88,    0
 18663, 99648,20160907,   94,    0
 18663, 99648,20160908,   98,    0
 18663, 99648,20160909,  121,    0
 18663, 99648,20160910,  130,    0
 18663, 99648,20160911,   97,    0
 18663, 99648,20160912,  100,    0
 18663, 99648,20160913,  147,    0
 18663, 99648,20160914,  122,    0
 18663, 99648,20160915,   96,    0
 18663, 99648,20160916,-9999,    9
 18663, 99648,20160917,-9999,    9
 18663, 99648,20160918,-9999,    9
 18663, 99648,20160919,  129,    0
 18663, 99648,20160920,  126,    0
 18663, 99648,20160921,  137,    0
 18663, 99648,20160922,  142,    0
 18663, 99648,20160923,  115,    0
 18663, 99648,20160924,   95,    0
 18663, 99648,20160925,  117,    0
 18663, 99648,20160926,  113,    0
 18663, 99648,20160927,  106,    0
 18663, 99648,20160928,   96,    0
 18663, 99648,20160929,   66,    0
 18663, 99648,20160930,   62,    0
 18663, 99648,20161001,   57,    0
 18663, 99648,20161002,   47,    0
 18663, 99648,20161003,   50,    0
 18663, 99648,20161004,   58,    0
 18663, 99648,20161005,   62,    0
 18663, 99648,20161006,   73,    0
 18663, 99648,20161007,   70,    0
 18663, 99648,20161008,   70,    0
 18663, 99648,20161009,   68,    0
 18663, 99648,20161010,   34,    0
 18663, 99648,20161011,   31,    0
 18663, 99648,20161012,   56,    0
 18663, 99648,20161013,   66,    0
 18663, 99648,20161014,   70,    0
 18663, 99648,20161015,   55,    0
 18663, 99648,20161016,   37,    0
 18663, 99648,20161017,   36,    0
 18663, 99648,20161018,   62,    0
 18663, 99648,20161019,   51,    0
 18663, 99648,20161020,-9999,    9
 18663, 99648,20161021,-9999,    9
 18663, 99648,20161022,-9999,    9
 18663, 99648,20161023,-9999,    9
 18663, 99648,20161024,-9999,    9
 18663, 99648,20161025,-9999,    9
 18663, 99648,20161026,-9999,    9
 18663, 99648,20161027,   42,    0
 18663, 99648,20161028,   19,    0
 18663, 99648,20161029,   32,    0
 18663, 99648,20161030,   26,    0
 18663, 99648,20161031,   16,    0
 18663, 99648,20161101,   20,    0
 18663, 99648,20161102,    4,    0
 18663, 99648,20161103,  -20,    0
 18663, 99648,20161104,  -32,    0
 18663, 99648,20161105,  -66,    0
 18663, 99648,20161106,  -59,    0
 18663, 99648,20161107,  -64,    0
 18663, 99648,20161108,  -58,    0
 18663, 99648,20161109,  -55,    0
 18663, 99648,20161110,  -51,    0
 18663, 99648,20161111,  -29,    0
 18663, 99648,20161112,    5,    0
 18663, 99648,20161113,   24,    0
 18663, 99648,20161114,   26,    0
 18663, 99648,20161115,   42,    0
 18663, 99648,20161116,   41,    0
 18663, 99648,20161117,   13,    0
 18663, 99648,20161118,    2,    0
 18663, 99648,20161119,    5,    0
 18663, 99648,20161120,    9,    0
 18663, 99648,20161121,    6,    0
 18663, 99648,20161122,    8,    0
 18663, 99648,20161123,  -18,    0
 18663, 99648,20161124,  -21,    0
 18663, 99648,20161125,    5,    0
 18663, 99648,20161126,   18,    0
 18663, 99648,20161127,   -5,    0
 18663, 99648,20161128,   30,    0
 18663, 99648,20161129,   31,    0
 18663, 99648,20161130,   -4,    0
 18663, 99648,20161201,-9999,    9
 18663, 99648,20161202,   -6,    0
 18663, 99648,20161203,  -43,    0
 18663, 99648,20161204,   16,    0
 18663, 99648,20161205,   10,    0
 18663, 99648,20161206,   14,    0
 18663, 99648,20161207,   27,    0
 18663, 99648,20161208,   21,    0
 18663, 99648,20161209,  -15,    0
 18663, 99648,20161210,  -41,    0
 18663, 99648,20161211,  -66,    0
 18663, 99648,20161212,  -42,    0
 18663, 99648,20161213,    1,    0
 18663, 99648,20161214,   26,    0
 18663, 99648,20161215,   23,    0
 18663, 99648,20161216,   44,    0
 18663, 99648,20161217,   37,    0
 18663, 99648,20161218,   43,    0
 18663, 99648,20161219,   66,    0
 18663, 99648,20161220,   42,    0
 18663, 99648,20161221,   39,    0
 18663, 99648,20161222,    6,    0
 18663, 99648,20161223,    2,    0
 18663, 99648,20161224,   -3,    0
 18663, 99648,20161225,  -27,    0
 18663, 99648,20161226,    3,    0
 18663, 99648,20161227,    3,    0
 18663, 99648,20161228,   17,    0
 18663, 99648,20161229,   20,    0
 18663, 99648,20161230,   24,    0
 18663, 99648,20161231,   13,    0
 18663, 99648,20170101,-9999,    9
 18663, 99648,20170102,-9999,    9
 18663, 99648,20170103,-9999,    9
 18663, 99648,20170104,-9999,    9
 18663, 99648,20170105,-9999,    9
 18663, 99648,20170106,-9999,    9
 18663, 99648,20170107,-9999,    9
 18663, 99648,20170108,-9999,    9
 18663, 99648,20170109,-9999,    9
 18663, 99648,20170110,-9999,    9
 18663, 99648,20170111,-9999,    9
 18663, 99648,20170112,-9999,    9
 18663, 99648,20170113,-9999,    9
 18663, 99648,20170114,-9999,    9
 18663, 99648,20170115,-9999,    9
 18663, 99648,20170116,-9999,    9
 18663, 99648,20170117,-9999,    9
 18663, 99648,20170118,-9999,    9
 18663, 99648,20170119,-9999,    9
 18663, 99648,20170120,-9999,    9
 18663, 99648,20170121,-9999,    9
 18663, 99648,20170122,-9999,    9
 18663, 99648,20170123,-9999,    9
 18663, 99648,20170124,-9999,    9
 18663, 99648,20170125,-9999,    9
 18663, 99648,20170126,-9999,    9
 18663, 99648,20170127,-9999,    9
 18663, 99648,20170128,-9999,    9
 18663, 99648,20170129,-9999,    9
 18663, 99648,20170130,-9999,    9
 18663, 99648,20170131,-9999,    9
 18663, 99648,20170201,-9999,    9
 18663, 99648,20170202,-9999,    9
 18663, 99648,20170203,-9999,    9
 18663, 99648,20170204,-9999,    9
 18663, 99648,20170205,-9999,    9
 18663, 99648,20170206,-9999,    9
 18663, 99648,20170207,-9999,    9
 18663, 99648,20170208,-9999,    9
 18663, 99648,20170209,-9999,    9
 18663, 99648,20170210,-9999,    9
 18663, 99648,20170211,-9999,    9
 18663, 99648,20170212,-9999,    9
 18663, 99648,20170213,-9999,    9
 18663, 99648,20170214,-9999,    9
 18663, 99648,20170215,-9999,    9
 18663, 99648,20170216,-9999,    9
 18663, 99648,20170217,-9999,    9
 18663, 99648,20170218,-9999,    9
 18663, 99648,20170219,-9999,    9
 18663, 99648,20170220,-9999,    9
 18663, 99648,20170221,-9999,    9
 18663, 99648,20170222,-9999,    9
 18663, 99648,20170223,-9999,    9
 18663, 99648,20170224,-9999,    9
 18663, 99648,20170225,-9999,    9
 18663, 99648,20170226,-9999,    9
 18663, 99648,20170227,-9999,    9
 18663, 99648,20170228,-9999,    9
 18663, 99648,20170301,-9999,    9
 18663, 99648,20170302,-9999,    9
 18663, 99648,20170303,-9999,    9
 18663, 99648,20170304,-9999,    9
 18663, 99648,20170305,-9999,    9
 18663, 99648,20170306,-9999,    9
 18663, 99648,20170307,-9999,    9
 18663, 99648,20170308,-9999,    9
 18663, 99648,20170309,-9999,    9
 18663, 99648,20170310,-9999,    9
 18663, 99648,20170311,-9999,    9
 18663, 99648,20170312,-9999,    9
 18663, 99648,20170313,   25,    0
 18663, 99648,20170314,-9999,    9
 18663, 99648,20170315,-9999,    9
 18663, 99648,20170316,-9999,    9
 18663, 99648,20170317,-9999,    9
 18663, 99648,20170318,-9999,    9
 18663, 99648,20170319,-9999,    9
 18663, 99648,20170320,-9999,    9
 18663, 99648,20170321,-9999,    9
 18663, 99648,20170322,-9999,    9
 18663, 99648,20170323,-9999,    9
 18663, 99648,20170324,-9999,    9
 18663, 99648,20170325,-9999,    9
 18663, 99648,20170326,-9999,    9
 18663, 99648,20170327,-9999,    9
 18663, 99648,20170328,-9999,    9
 18663, 99648,20170329,-9999,    9
 18663, 99648,20170330,-9999,    9
 18663, 99648,20170331,-9999,    9
 18663, 99648,20170401,-9999,    9
 18663, 99648,20170402,-9999,    9
 18663, 99648,20170403,   25,    0
 18663, 99648,20170404,   35,    0
 18663, 99648,20170405,   15,    0
 18663, 99648,20170406,    3,    0
 18663, 99648,20170407,  -18,    0
 18663, 99648,20170408,  -14,    0
 18663, 99648,20170409,   27,    0
 18663, 99648,20170410,   13,    0
 18663, 99648,20170411,   -3,    0
 18663, 99648,20170412,   -8,    0
 18663, 99648,20170413,  -25,    0
 18663, 99648,20170414,  -53,    0
 18663, 99648,20170415,  -48,    0
 18663, 99648,20170416,  -40,    0
 18663, 99648,20170417,  -21,    0
 18663, 99648,20170418,  -19,    0
 18663, 99648,20170419,    5,    0
 18663, 99648,20170420,    9,    0
 18663, 99648,20170421,   15,    0
 18663, 99648,20170422,   -4,    0
 18663, 99648,20170423,    4,    0
 18663, 99648,20170424,    1,    0
 18663, 99648,20170425,    3,    0
 18663, 99648,20170426,    3,    0
 18663, 99648,20170427,-9999,    9
 18663, 99648,20170428,    9,    0
 18663, 99648,20170429,   10,    0
 18663, 99648,20170430,   18,    0
 18663, 99648,20170501,   23,    0
 18663, 99648,20170502,   28,    0
 18663, 99648,20170503,   33,    0
 18663, 99648,20170504,   26,    0
 18663, 99648,20170505,   43,    0
 18663, 99648,20170506,   30,    0
 18663, 99648,20170507,    7,    0
 18663, 99648,20170508,   -5,    0
 18663, 99648,20170509,   -4,    0
 18663, 99648,20170510,    0,    0
 18663, 99648,20170511,   11,    0
 18663, 99648,20170512,   26,    0
 18663, 99648,20170513,   38,    0
 18663, 99648,20170514,   30,    0
 18663, 99648,20170515,   41,    0
 18663, 99648,20170516,   72,    0
 18663, 99648,20170517,   73,    0
 18663, 99648,20170518,   76,    0
 18663, 99648,20170519,   55,    0
 18663, 99648,20170520,-9999,    9
 18663, 99648,20170521,   72,    0
 18663, 99648,20170522,   46,    0
 18663, 99648,20170523,   54,    0
 18663, 99648,20170524,   47,    0
 18663, 99648,20170525,   51,    0
 18663, 99648,20170526,   49,    0
 18663, 99648,20170527,   60,    0
 18663, 99648,20170528,   61,    0
 18663, 99648,20170529,   49,    0
 18663, 99648,20170530,   32,    0
 18663, 99648,20170531,   20,    0
 18663, 99648,20170601,   37,    0
 18663, 99648,20170602,   61,    0
 18663, 99648,20170603,   91,    0
 18663, 99648,20170604,  103,    0
 18663, 99648,20170605,   74,    0
 18663, 99648,20170606,   96,    0
 18663, 99648,20170607,  153,    0
 18663, 99648,20170608,  158,    0
 18663, 99648,20170609,-9999,    9
 18663, 99648,20170610,  157,    0
 18663, 99648,20170611,  146,    0
 18663, 99648,20170612,  140,    0
 18663, 99648,20170613,  125,    0
 18663, 99648,20170614,   94,    0
 18663, 99648,20170615,   97,    0
 18663, 99648,20170616,  134,    0
 18663, 99648,20170617,   96,    0
 18663, 99648,20170618,   86,    0
 18663, 99648,20170619,   78,    0
 18663, 99648,20170620,   72,    0
 18663, 99648,20170621,   80,    0
 18663, 99648,20170622,   88,    0
 18663, 99648,20170623,  135,    0
 18663, 99648,20170624,   96,    0
 18663, 99648,20170625,   89,    0
 18663, 99648,20170626,  100,    0
 18663, 99648,20170627,   65,    0
 18663, 99648,20170628,   72,    0
 18663, 99648,20170629,  113,    0
 18663, 99648,20170630,  173,    0
 18663, 99648,20170701,  160,    0
 18663, 99648,20170702,   95,    0
 18663, 99648,20170703,   81,    0
 18663, 99648,20170704,   78,    0
 18663, 99648,20170705,   73,    0
 18663, 99648,20170706,   79,    0
 18663, 99648,20170707,  107,    0
 18663, 99648,20170708,  130,    0
 18663, 99648,20170709,  105,    0
 18663, 99648,20170710,  110,    0
 18663, 99648,20170711,  105,    0
 18663, 99648,20170712,   93,    0
 18663, 99648,20170713,   81,    0
 18663, 99648,20170714,   76,    0
 18663, 99648,20170715,   89,    0
 18663, 99648,20170716,  114,    0
 18663, 99648,20170717,   94,    0
 18663, 99648,20170718,   92,    0
 18663, 99648,20170719,   91,    0
 18663, 99648,20170720,  121,    0
 18663, 99648,20170721,  159,    0
 18663, 99648,20170722,  169,    0
 18663, 99648,20170723,  162,    0
 18663, 99648,20170724,  180,    0
 18663, 99648,20170725,  193,    0
 18663, 99648,20170726,  200,    0
 18663, 99648,20170727,  197,    0
 18663, 99648,20170728,  186,    0
 18663, 99648,20170729,  146,    0
 18663, 99648,20170730,  110,    0
 18663, 99648,20170731,  149,    0
 18663, 99648,20170801,  125,    0
 18663, 99648,20170802,  133,    0
 18663, 99648,20170803,  132,    0
 18663, 99648,20170804,  167,    0
 18663, 99648,20170805,  166,    0
 18663, 99648,20170806,  140,    0
 18663, 99648,20170807,  112,    0
 18663, 99648,20170808,  125,    0
 18663, 99648,20170809,  118,    0
 18663, 99648,20170810,  115,    0
 18663, 99648,20170811,  110,    0
 18663, 99648,20170812,  107,    0
 18663, 99648,20170813,   85,    0
 18663, 99648,20170814,   86,    0
 18663, 99648,20170815,  114,    0
 18663, 99648,20170816,  117,    0
 18663, 99648,20170817,  137,    0
 18663, 99648,20170818,  148,    0
 18663, 99648,20170819,  151,    0
 18663, 99648,20170820,  113,    0
 18663, 99648,20170821,   82,    0
 18663, 99648,20170822,   88,    0
 18663, 99648,20170823,   83,    0
 18663, 99648,20170824,   86,    0
 18663, 99648,20170825,   79,    0
 18663, 99648,20170826,   79,    0
 18663, 99648,20170827,   84,    0
 18663, 99648,20170828,  107,    0
 18663, 99648,20170829,  109,    0
 18663, 99648,20170830,   95,    0
 18663, 99648,20170831,   92,    0
 18663, 99648,20170901,   83,    0
 18663, 99648,20170902,   89,    0
 18663, 99648,20170903,  125,    0
 18663, 99648,20170904,  135,    0
 18663, 99648,20170905,  121,    0
 18663, 99648,20170906,  116,    0
 18663, 99648,20170907,  118,    0
 18663, 99648,20170908,  102,    0
 18663, 99648,20170909,   97,    0
 18663, 99648,20170910,  101,    0
 18663, 99648,20170911,  117,    0
 18663, 99648,20170912,  136,    0
 18663, 99648,20170913,  120,    0
 18663, 99648,20170914,  102,    0
 18663, 99648,20170915,   94,    0
 18663, 99648,20170916,   80,    0
 18663, 99648,20170917,   77,    0
 18663, 99648,20170918,   96,    0
 18663, 99648,20170919,-9999,    9
 18663, 99648,20170920,-9999,    9
 18663, 99648,20170921,   76,    0
 18663, 99648,20170922,  118,    0
 18663, 99648,20170923,  117,    0
 18663, 99648,20170924,  126,    0
 18663, 99648,20170925,  134,    0
 18663, 99648,20170926,  128,    0
 18663, 99648,20170927,  124,    0
 18663, 99648,20170928,  127,    0
 18663, 99648,20170929,  133,    0
 18663, 99648,20170930,  117,    0
 18663, 99648,20171001,   96,    0
 18663, 99648,20171002,  103,    0
 18663, 99648,20171003,   96,    0
 18663, 99648,20171004,-9999,    9
 18663, 99648,20171005,   77,    0
 18663, 99648,20171006,   52,    0
 18663, 99648,20171007,   39,    0
 18663, 99648,20171008,   47,    0
 18663, 99648,20171009,   46,    0
 18663, 99648,20171010,   37,    0
 18663, 99648,20171011,   56,    0
 18663, 99648,20171012,   50,    0
 18663, 99648,20171013,   57,    0
 18663, 99648,20171014,-9999,    9
 18663, 99648,20171015,   66,    0
 18663, 99648,20171016,   58,    0
 18663, 99648,20171017,-9999,    9
 18663, 99648,20171018,-9999,    9
 18663, 99648,20171019,-9999,    9
 18663, 99648,20171020,-9999,    9
 18663, 99648,20171021,-9999,    9
 18663, 99648,20171022,-9999,    9
 18663, 99648,20171023,-9999,    9
 18663, 99648,20171024,-9999,    9
 18663, 99648,20171025,   35,    0
 18663, 99648,20171026,   29,    0
 18663, 99648,20171027,   46,    0
 18663, 99648,20171028,   16,    0
 18663, 99648,20171029,    0,    0
 18663, 99648,20171030,   -5,    0
 18663, 99648,20171031,   -5,    0
 18663, 99648,20171101,-9999,    9
 18663, 99648,20171102,-9999,    9
 18663, 99648,20171103,   48,    0
 18663, 99648,20171104,   40,    0
 18663, 99648,20171105,   36,    0
 18663, 99648,20171106,   22,    0
 18663, 99648,20171107,   29,    0
 18663, 99648,20171108,   45,    0
 18663, 99648,20171109,   31,    0
 18663, 99648,20171110,    9,    0
 18663, 99648,20171111,   15,    0
 18663, 99648,20171112,   -6,    0
 18663, 99648,20171113,    9,    0
 18663, 99648,20171114,   -8,    0
 18663, 99648,20171115,   -6,    0
 18663, 99648,20171116,   10,    0
 18663, 99648,20171117,   -5,    0
 18663, 99648,20171118,   -6,    0
 18663, 99648,20171119,  -37,    0
 18663, 99648,20171120,  -72,    0
 18663, 99648,20171121,  -77,    0
 18663, 99648,20171122,  -40,    0
 18663, 99648,20171123,  -10,    0
 18663, 99648,20171124,   13,    0
 18663, 99648,20171125,   15,    0
 18663, 99648,20171126,  -44,    0
 18663, 99648,20171127,  -41,    0
 18663, 99648,20171128,-9999,    9
 18663, 99648,20171129,-9999,    9
 18663, 99648,20171130,  -35,    0
 18663, 99648,20171201,  -33,    0
 18663, 99648,20171202,   15,    0
 18663, 99648,20171203,    6,    0
 18663, 99648,20171204,  -13,    0
 18663, 99648,20171205,   -8,    0
 18663, 99648,20171206,  -11,    0
 18663, 99648,20171207,  -20,    0
 18663, 99648,20171208,    4,    0
 18663, 99648,20171209,    4,    0
 18663, 99648,20171210,   -2,    0
 18663, 99648,20171211,  -16,    0
 18663, 99648,20171212,  -37,    0
 18663, 99648,20171213,  -83,    0
 18663, 99648,20171214,  -46,    0
 18663, 99648,20171215,  -73,    0
 18663, 99648,20171216,  -56,    0
 18663, 99648,20171217,  -13,    0
 18663, 99648,20171218,    1,    0
 18663, 99648,20171219,   35,    0
 18663, 99648,20171220,   30,    0
 18663, 99648,20171221,    7,    0
 18663, 99648,20171222,   -6,    0
 18663, 99648,20171223,   -5,    0
 18663, 99648,20171224,  -12,    0
 18663, 99648,20171225,   -7,    0
 18663, 99648,20171226,  -50,    0
 18663, 99648,20171227,  -59,    0
 18663, 99648,20171228,  -49,    0
 18663, 99648,20171229,  -32,    0
 18663, 99648,20171230,  -17,    0
 18663, 99648,20171231,  -26,    0
 18663, 99648,20180101,  -16,    0
 18663, 99648,20180102,  -14,    0
 18663, 99648,20180103,  -24,    0
 18663, 99648,20180104,  -36,    0
 18663, 99648,20180105,  -39,    0
 18663, 99648,20180106,  -44,    0
 18663, 99648,20180107,  -41,    0
 18663, 99648,20180108,  -13,    0
 18663, 99648,20180109,   25,    0
 18663, 99648,20180110,   10,    0
 18663, 99648,20180111,   39,    0
 18663, 99648,20180112,   12,    0
 18663, 99648,20180113,    4,    0
 18663, 99648,20180114,  -40,    0
 18663, 99648,20180115,  -33,    0
 18663, 99648,20180116,  -14,    0
 18663, 99648,20180117,  -52,    0
 18663, 99648,20180118,  -84,    0
 18663, 99648,20180119,  -77,    0
 18663, 99648,20180120,  -73,    0
 18663, 99648,20180121,  -90,    0
 18663, 99648,20180122,  -68,    0
 18663, 99648,20180123,  -57,    0
 18663, 99648,20180124,  -42,    0
 18663, 99648,20180125,  -26,    0
 18663, 99648,20180126,   -9,    0
 18663, 99648,20180127,  -39,    0
 18663, 99648,20180128,  -34,    0
 18663, 99648,20180129,  -30,    0
 18663, 99648,20180130,  -24,    0
 18663, 99648,20180131,  -30,    0
 18663, 99648,20180201,  -69,    0
 18663, 99648,20180202, -102,    0
 18663, 99648,20180203,  -85,    0
 18663, 99648,20180204,  -76,    0
 18663, 99648,20180205,  -35,    0
 18663, 99648,20180206,  -18,    0
 18663, 99648,20180207,  -91,    0
 18663, 99648,20180208,  -41,    0
 18663, 99648,20180209,  -19,    0
 18663, 99648,20180210,   -9,    0
 18663, 99648,20180211,  -26,    0
 18663, 99648,20180212,  -46,    0
 18663, 99648,20180213,  -30,    0
 18663, 99648,20180214,  -23,    0
 18663, 99648,20180215,  -19,    0
 18663, 99648,20180216,  -21,    0
 18663, 99648,20180217,  -28,    0
 18663, 99648,20180218,  -28,    0
 18663, 99648,20180219,  -37,    0
 18663, 99648,20180220,  -59,    0
 18663, 99648,20180221,  -88,    0
 18663, 99648,20180222,  -75,    0
 18663, 99648,20180223,  -63,    0
 18663, 99648,20180224,  -81,    0
 18663, 99648,20180225, -103,    0
 18663, 99648,20180226,  -93,    0
 18663, 99648,20180227,  -78,    0
 18663, 99648,20180228, -110,    0
 18663, 99648,20180301,  -98,    0
 18663, 99648,20180302,  -81,    0
 18663, 99648,20180303,-9999,    9
 18663, 99648,20180304,  -95,    0
 18663, 99648,20180305,  -91,    0
 18663, 99648,20180306,  -94,    0
 18663, 99648,20180307,  -93,    0
 18663, 99648,20180308,  -85,    0
 18663, 99648,20180309,  -50,    0
 18663, 99648,20180310,-9999,    9
 18663, 99648,20180311,  -75,    0
 18663, 99648,20180312,  -57,    0
 18663, 99648,20180313,  -71,    0
 18663, 99648,20180314,  -71,    0
 18663, 99648,20180315,  -82,    0
 18663, 99648,20180316,  -81,    0
 18663, 99648,20180317,-9999,    9
 18663, 99648,20180318,  -10,    0
 18663, 99648,20180319,  -16,    0
 18663, 99648,20180320,  -17,    0
 18663, 99648,20180321,   -1,    0
 18663, 99648,20180322,  -20,    0
 18663, 99648,20180323,  -34,    0
 18663, 99648,20180324,  -26,    0
 18663, 99648,20180325,  -65,    0
 18663, 99648,20180326,  -67,    0
 18663, 99648,20180327,  -37,    0
 18663, 99648,20180328,  -35,    0
 18663, 99648,20180329,  -32,    0
 18663, 99648,20180330,  -23,    0
 18663, 99648,20180331,  -21,    0
 18663, 99648,20180401,  -25,    0
 18663, 99648,20180402,  -29,    0
 18663, 99648,20180403,  -35,    0
 18663, 99648,20180404,  -20,    0
 18663, 99648,20180405,    3,    0
 18663, 99648,20180406,   -2,    0
 18663, 99648,20180407,-9999,    9
 18663, 99648,20180408,  -16,    0
 18663, 99648,20180409,  -10,    0
 18663, 99648,20180410,  -21,    0
 18663, 99648,20180411,   -7,    0
 18663, 99648,20180412,   23,    0
 18663, 99648,20180413,   68,    0
 18663, 99648,20180414,   51,    0
 18663, 99648,20180415,   73,    0
 18663, 99648,20180416,   68,    0
 18663, 99648,20180417,   75,    0
 18663, 99648,20180418,   61,    0
 18663, 99648,20180419,   49,    0
 18663, 99648,20180420,   41,    0
 18663, 99648,20180421,   20,    0
 18663, 99648,20180422,   36,    0
 18663, 99648,20180423,   54,    0
 18663, 99648,20180424,   32,    0
 18663, 99648,20180425,   21,    0
 18663, 99648,20180426,   26,    0
 18663, 99648,20180427,   24,    0
 18663, 99648,20180428,   22,    0
 18663, 99648,20180429,   16,    0
 18663, 99648,20180430,   16,    0
 18663, 99648,20180501,   31,    0
 18663, 99648,20180502,   51,    0
 18663, 99648,20180503,   59,    0
 18663, 99648,20180504,   61,    0
 18663, 99648,20180505,-9999,    9
 18663, 99648,20180506,   56,    0
 18663, 99648,20180507,   43,    0
 18663, 99648,20180508,   79,    0
 18663, 99648,20180509,  141,    0
 18663, 99648,20180510,  163,    0
 18663, 99648,20180511,   80,    0
 18663, 99648,20180512,  115,    0
 18663, 99648,20180513,  125,    0
 18663, 99648,20180514,  154,    0
 18663, 99648,20180515,  134,    0
 18663, 99648,20180516,-9999,    9
 18663, 99648,20180517,   55,    0
 18663, 99648,20180518,   58,    0
 18663, 99648,20180519,-9999,    9
 18663, 99648,20180520,   94,    0
 18663, 99648,20180521,   82,    0
 18663, 99648,20180522,   63,    0
 18663, 99648,20180523,   64,    0
 18663, 99648,20180524,  113,    0
 18663, 99648,20180525,   78,    0
 18663, 99648,20180526,-9999,    9
 18663, 99648,20180527,  102,    0
 18663, 99648,20180528,  172,    0
 18663, 99648,20180529,   65,    0
 18663, 99648,20180530,-9999,    9
 18663, 99648,20180531,  166,    0
 18663, 99648,20180601,   71,    0
 18663, 99648,20180602,   62,    0
 18663, 99648,20180603,   53,    0
 18663, 99648,20180604,   28,    0
 18663, 99648,20180605,   34,    0
 18663, 99648,20180606,-9999,    9
 18663, 99648,20180607,   45,    0
 18663, 99648,20180608,   53,    0
 18663, 99648,20180609,   80,    0
 18663, 99648,20180610,   65,    0
 18663, 99648,20180611,   52,    0
 18663, 99648,20180612,   55,    0
 18663, 99648,20180613,   65,    0
 18663, 99648,20180614,  119,    0
 18663, 99648,20180615,  102,    0
 18663, 99648,20180616,   77,    0
 18663, 99648,20180617,  124,    0
 18663, 99648,20180618,  118,    0
 18663, 99648,20180619,   78,    0
 18663, 99648,20180620,   67,    0
 18663, 99648,20180621,   68,    0
 18663, 99648,20180622,   76,    0
 18663, 99648,20180623,   58,    0
 18663, 99648,20180624,   79,    0
 18663, 99648,20180625,   82,    0
 18663, 99648,20180626,   81,    0
 18663, 99648,20180627,   77,    0
 18663, 99648,20180628,   66,    0
 18663, 99648,20180629,   62,    0
 18663, 99648,20180630,   82,    0
 18663, 99648,20180701,  163,    0
 18663, 99648,20180702,  177,    0
 18663, 99648,20180703,   85,    0
 18663, 99648,20180704,   82,    0
 18663, 99648,20180705,  159,    0
 18663, 99648,20180706,   92,    0
 18663, 99648,20180707,   90,    0
 18663, 99648,20180708,  109,    0
 18663, 99648,20180709,  104,    0
 18663, 99648,20180710,  131,    0
 18663, 99648,20180711,  156,    0
 18663, 99648,20180712,  109,    0
 18663, 99648,20180713,   99,    0
 18663, 99648,20180714,   97,    0
 18663, 99648,20180715,  117,    0
 18663, 99648,20180716,  204,    0
 18663, 99648,20180717,  230,    0
 18663, 99648,20180718,  240,    0
 18663, 99648,20180719,  124,    0
 18663, 99648,20180720,  167,    0
 18663, 99648,20180721,  158,    0
 18663, 99648,20180722,  141,    0
 18663, 99648,20180723,  120,    0
 18663, 99648,20180724,  148,    0
 18663, 99648,20180725,  121,    0
 18663, 99648,20180726,  145,    0
 18663, 99648,20180727,  223,    0
 18663, 99648,20180728,  234,    0
 18663, 99648,20180729,  218,    0
 18663, 99648,20180730,  232,    0
 18663, 99648,20180731,  235,    0
 18663, 99648,20180801,  177,    0
 18663, 99648,20180802,  170,    0
 18663, 99648,20180803,  131,    0
 18663, 99648,20180804,  114,    0
 18663, 99648,20180805,  105,    0
 18663, 99648,20180806,  110,    0
 18663, 99648,20180807,  124,    0
 18663, 99648,20180808,  180,    0
 18663, 99648,20180809,  135,    0
 18663, 99648,20180810,  124,    0
 18663, 99648,20180811,  113,    0
 18663, 99648,20180812,   87,    0
 18663, 99648,20180813,   82,    0
 18663, 99648,20180814,   93,    0
 18663, 99648,20180815,  130,    0
 18663, 99648,20180816,  139,    0
 18663, 99648,20180817,  123,    0
 18663, 99648,20180818,  116,    0
 18663, 99648,20180819,   93,    0
 18663, 99648,20180820,   81,    0
 18663, 99648,20180821,   74,    0
 18663, 99648,20180822,   88,    0
 18663, 99648,20180823,   99,    0
 18663, 99648,20180824,  100,    0
 18663, 99648,20180825,   85,    0
 18663, 99648,20180826,   77,    0
 18663, 99648,20180827,   89,    0
 18663, 99648,20180828,  110,    0
 18663, 99648,20180829,  149,    0
 18663, 99648,20180830,   95,    0
 18663, 99648,20180831,   86,    0
 18663, 99648,20180901,  114,    0
 18663, 99648,20180902,  114,    0
 18663, 99648,20180903,  114,    0
 18663, 99648,20180904,   88,    0
 18663, 99648,20180905,  117,    0
 18663, 99648,20180906,  137,    0
 18663, 99648,20180907,  150,    0
 18663, 99648,20180908,  151,    0
 18663, 99648,20180909,  153,    0
 18663, 99648,20180910,  149,    0
 18663, 99648,20180911,  119,    0
 18663, 99648,20180912,  100,    0
 18663, 99648,20180913,   83,    0
 18663, 99648,20180914,   75,    0
 18663, 99648,20180915,   68,    0
 18663, 99648,20180916,   75,    0
 18663, 99648,20180917,   75,    0
 18663, 99648,20180918,   92,    0
 18663, 99648,20180919,  110,    0
 18663, 99648,20180920,   88,    0
 18663, 99648,20180921,   85,    0
 18663, 99648,20180922,   78,    0
 18663, 99648,20180923,   43,    0
 18663, 99648,20180924,   28,    0
 18663, 99648,20180925,   49,    0
 18663, 99648,20180926,-9999,    9
 18663, 99648,20180927,-9999,    9
 18663, 99648,20180928,-9999,    9
 18663, 99648,20180929,-9999,    9
 18663, 99648,20180930,-9999,    9
 18663, 99648,20181001,-9999,    9
 18663, 99648,20181002,-9999,    9
 18663, 99648,20181003,-9999,    9
 18663, 99648,20181004,   20,    0
 18663, 99648,20181005,   36,    0
 18663, 99648,20181006,   16,    0
 18663, 99648,20181007,   17,    0
 18663, 99648,20181008,   34,    0
 18663, 99648,20181009,   49,    0
 18663, 99648,20181010,   56,    0
 18663, 99648,20181011,-9999,    9
 18663, 99648,20181012,  102,    0
 18663, 99648,20181013,  104,    0
 18663, 99648,20181014,  107,    0
 18663, 99648,20181015,   56,    0
 18663, 99648,20181016,   63,    0
 18663, 99648,20181017,-9999,    9
 18663, 99648,20181018,-9999,    9
 18663, 99648,20181019,   51,    0
 18663, 99648,20181020,   57,    0
 18663, 99648,20181021,   56,    0
 18663, 99648,20181022,-9999,    9
 18663, 99648,20181023,    6,    0
 18663, 99648,20181024,   25,    0
 18663, 99648,20181025,    0,    0
 18663, 99648,20181026,  -18,    0
 18663, 99648,20181027,  -28,    0
 18663, 99648,20181028,  -39,    0
 18663, 99648,20181029,  -29,    0
 18663, 99648,20181030,  -23,    0
 18663, 99648,20181031,   36,    0
 18663, 99648,20181101,   49,    0
 18663, 99648,20181102,   53,    0
 18663, 99648,20181103,   32,    0
 18663, 99648,20181104,   48,    0
 18663, 99648,20181105,   57,    0
 18663, 99648,20181106,   66,    0
 18663, 99648,20181107,   63,    0
 18663, 99648,20181108,   53,    0
 18663, 99648,20181109,   47,    0
 18663, 99648,20181110,   60,    0
 18663, 99648,20181111,   66,    0
 18663, 99648,20181112,   52,    0
 18663, 99648,20181113,   46,    0
 18663, 99648,20181114,   54,    0
 18663, 99648,20181115,   70,    0
 18663, 99648,20181116,   77,    0
 18663, 99648,20181117,   39,    0
 18663, 99648,20181118,   30,    0
 18663, 99648,20181119,    9,    0
 18663, 99648,20181120,-9999,    9
 18663, 99648,20181121,-9999,    9
 18663, 99648,20181122,-9999,    9
 18663, 99648,20181123,-9999,    9
 18663, 99648,20181124,-9999,    9
 18663, 99648,20181125,-9999,    9
 18663, 99648,20181126,-9999,    9
 18663, 99648,20181127,-9999,    9
 18663, 99648,20181128,-9999,    9
 18663, 99648,20181129,-9999,    9
 18663, 99648,20181130,-9999,    9
 18663, 99648,20181201,-9999,    9
 18663, 99648,20181202,-9999,    9
 18663, 99648,20181203,-9999,    9
 18663, 99648,20181204,-9999,    9
 18663, 99648,20181205,-9999,    9
 18663, 99648,20181206,-9999,    9
 18663, 99648,20181207,-9999,    9
 18663, 99648,20181208,-9999,    9
 18663, 99648,20181209,-9999,    9
 18663, 99648,20181210,-9999,    9
 18663, 99648,20181211,-9999,    9
 18663, 99648,20181212,-9999,    9
 18663, 99648,20181213,-9999,    9
 18663, 99648,20181214,-9999,    9
 18663, 99648,20181215,-9999,    9
 18663, 99648,20181216,  -47,    0
 18663, 99648,20181217,  -34,    0
 18663, 99648,20181218,  -39,    0
 18663, 99648,20181219,  -16,    0
 18663, 99648,20181220,    5,    0
 18663, 99648,20181221,  -17,    0
 18663, 99648,20181222,  -69,    0
 18663, 99648,20181223,-9999,    9
 18663, 99648,20181224,-9999,    9
 18663, 99648,20181225,-9999,    9
 18663, 99648,20181226,-9999,    9
 18663, 99648,20181227,-9999,    9
 18663, 99648,20181228,-9999,    9
 18663, 99648,20181229,-9999,    9
 18663, 99648,20181230,-9999,    9
 18663, 99648,20181231,-9999,    9
 18663, 99648,20190101,-9999,    9
 18663, 99648,20190102,-9999,    9
 18663, 99648,20190103,-9999,    9
 18663, 99648,20190104,   26,    0
 18663, 99648,20190105,   22,    0
 18663, 99648,20190106,   28,    0
 18663, 99648,20190107,    3,    0
 18663, 99648,20190108,-9999,    9
 18663, 99648,20190109,-9999,    9
 18663, 99648,20190110,-9999,    9
 18663, 99648,20190111,-9999,    9
 18663, 99648,20190112,-9999,    9
 18663, 99648,20190113,-9999,    9
 18663, 99648,20190114,-9999,    9
 18663, 99648,20190115,-9999,    9
 18663, 99648,20190116,-9999,    9
 18663, 99648,20190117,-9999,    9
 18663, 99648,20190118,-9999,    9
 18663, 99648,20190119,-9999,    9
 18663, 99648,20190120,-9999,    9
 18663, 99648,20190121,-9999,    9
 18663, 99648,20190122,-9999,    9
 18663, 99648,20190123,-9999,    9
 18663, 99648,20190124,-9999,    9
 18663, 99648,20190125,-9999,    9
 18663, 99648,20190126,-9999,    9
 18663, 99648,20190127,-9999,    9
 18663, 99648,20190128,-9999,    9
 18663, 99648,20190129,-9999,    9
 18663, 99648,20190130,-9999,    9
 18663, 99648,20190131,-9999,    9
 18663, 99648,20190201,-9999,    9
 18663, 99648,20190202,-9999,    9
 18663, 99648,20190203,-9999,    9
 18663, 99648,20190204,-9999,    9
 18663, 99648,20190205,-9999,    9
 18663, 99648,20190206,-9999,    9
 18663, 99648,20190207,-9999,    9
 18663, 99648,20190208,-9999,    9
 18663, 99648,20190209,-9999,    9
 18663, 99648,20190210,-9999,    9
 18663, 99648,20190211,-9999,    9
 18663, 99648,20190212,-9999,    9
 18663, 99648,20190213,-9999,    9
 18663, 99648,20190214,-9999,    9
 18663, 99648,20190215,-9999,    9
 18663, 99648,20190216,-9999,    9
 18663, 99648,20190217,-9999,    9
 18663, 99648,20190218,-9999,    9
 18663, 99648,20190219,-9999,    9
 18663, 99648,20190220,-9999,    9
 18663, 99648,20190221,-9999,    9
 18663, 99648,20190222,-9999,    9
 18663, 99648,20190223,-9999,    9
 18663, 99648,20190224,-9999,    9
 18663, 99648,20190225,-9999,    9
 18663, 99648,20190226,-9999,    9
 18663, 99648,20190227,-9999,    9
 18663, 99648,20190228,-9999,    9
 18663, 99648,20190301,-9999,    9
 18663, 99648,20190302,-9999,    9
 18663, 99648,20190303,-9999,    9
 18663, 99648,20190304,-9999,    9
 18663, 99648,20190305,-9999,    9
 18663, 99648,20190306,-9999,    9
 18663, 99648,20190307,-9999,    9
 18663, 99648,20190308,-9999,    9
 18663, 99648,20190309,-9999,    9
 18663, 99648,20190310,-9999,    9
 18663, 99648,20190311,-9999,    9
 18663, 99648,20190312,  -58,    0
 18663, 99648,20190313,  -38,    0
 18663, 99648,20190314,  -27,    0
 18663, 99648,20190315,  -10,    0
 18663, 99648,20190316,  -23,    0
 18663, 99648,20190317,  -42,    0
 18663, 99648,20190318,  -19,    0
 18663, 99648,20190319,   -3,    0
 18663, 99648,20190320,    9,    0
 18663, 99648,20190321,-9999,    9
 18663, 99648,20190322,-9999,    9
 18663, 99648,20190323,   12,    0
 18663, 99648,20190324,  -12,    0
 18663, 99648,20190325,  -21,    0
 18663, 99648,20190326,  -33,    0
 18663, 99648,20190327,   18,    0
 18663, 99648,20190328,   41,    0
 18663, 99648,20190329,   10,    0
 18663, 99648,20190330,  -10,    0
 18663, 99648,20190331,  -14,    0
 18663, 99648,20190401,    9,    0
 18663, 99648,20190402,   19,    0
 18663, 99648,20190403,   17,    0
 18663, 99648,20190404,    7,    0
 18663, 99648,20190405,   -8,    0
 18663, 99648,20190406,   10,    0
 18663, 99648,20190407,    1,    0
 18663, 99648,20190408,  -18,    0
 18663, 99648,20190409,-9999,    9
 18663, 99648,20190410,-9999,    9
 18663, 99648,20190411,-9999,    9
 18663, 99648,20190412,   -9,    0
 18663, 99648,20190413,   15,    0
 18663, 99648,20190414,   23,    0
 18663, 99648,20190415,   27,    0
 18663, 99648,20190416,   43,    0
 18663, 99648,20190417,   63,    0
 18663, 99648,20190418,   48,    0
 18663, 99648,20190419,   56,    0
 18663, 99648,20190420,   79,    0
 18663, 99648,20190421,   46,    0
 18663, 99648,20190422,   67,    0
 18663, 99648,20190423,  108,    0
 18663, 99648,20190424,  117,    0
 18663, 99648,20190425,  123,    0
 18663, 99648,20190426,  120,    0
 18663, 99648,20190427,  124,    0
 18663, 99648,20190428,  109,    0
 18663, 99648,20190429,   91,    0
 18663, 99648,20190430,   29,    0
 18663, 99648,20190501,   24,    0
 18663, 99648,20190502,   -3,    0
 18663, 99648,20190503,   -5,    0
 18663, 99648,20190504,    1,    0
 18663, 99648,20190505,   -3,    0
 18663, 99648,20190506,    5,    0
 18663, 99648,20190507,   34,    0
 18663, 99648,20190508,   21,    0
 18663, 99648,20190509,   43,    0
 18663, 99648,20190510,   84,    0
 18663, 99648,20190511,   62,    0
 18663, 99648,20190512,   17,    0
 18663, 99648,20190513,   17,    0
 18663, 99648,20190514,   34,    0
 18663, 99648,20190515,   54,    0
 18663, 99648,20190516,   61,    0
 18663, 99648,20190517,  112,    0
 18663, 99648,20190518,  161,    0
 18663, 99648,20190519,  154,    0
 18663, 99648,20190520,  134,    0
 18663, 99648,20190521,  155,    0
 18663, 99648,20190522,  158,    0
 18663, 99648,20190523,   74,    0
 18663, 99648,20190524,   69,    0
 18663, 99648,20190525,   67,    0
 18663, 99648,20190526,   37,    0
 18663, 99648,20190527,   30,    0
 18663, 99648,20190528,   50,    0
 18663, 99648,20190529,-9999,    9
 18663, 99648,20190530,-9999,    9
 18663, 99648,20190531,-9999,    9
 18663, 99648,20190601,   38,    0
 18663, 99648,20190602,   54,    0
 18663, 99648,20190603,   86,    0
 18663, 99648,20190604,   94,    0
 18663, 99648,20190605,  129,    0
 18663, 99648,20190606,  167,    0
 18663, 99648,20190607,  152,    0
 18663, 99648,20190608,  102,    0
 18663, 99648,20190609,  140,    0
 18663, 99648,20190610,   57,    0
 18663, 99648,20190611,   74,    0
 18663, 99648,20190612,  123,    0
 18663, 99648,20190613,  133,    0
 18663, 99648,20190614,  135,    0
 18663, 99648,20190615,  136,    0
 18663, 99648,20190616,  143,    0
 18663, 99648,20190617,   81,    0
 18663, 99648,20190618,  110,    0
 18663, 99648,20190619,  103,    0
 18663, 99648,20190620,  127,    0
 18663, 99648,20190621,  100,    0
 18663, 99648,20190622,   83,    0
 18663, 99648,20190623,   78,    0
 18663, 99648,20190624,   70,    0
 18663, 99648,20190625,-9999,    9
 18663, 99648,20190626,   72,    0
 18663, 99648,20190627,   69,    0
 18663, 99648,20190628,   75,    0
 18663, 99648,20190629,   67,    0
 18663, 99648,20190630,   86,    0
 18663, 99648,20190701,   61,    0
 18663, 99648,20190702,   55,    0
 18663, 99648,20190703,   70,    0
 18663, 99648,20190704,   82,    0
 18663, 99648,20190705,   87,    0
 18663, 99648,20190706,   81,    0
 18663, 99648,20190707,   91,    0
 18663, 99648,20190708,  140,    0
 18663, 99648,20190709,  126,    0
 18663, 99648,20190710,   98,    0
 18663, 99648,20190711,   95,    0
 18663, 99648,20190712,  100,    0
 18663, 99648,20190713,   96,    0
 18663, 99648,20190714,   77,    0
 18663, 99648,20190715,   85,    0
 18663, 99648,20190716,   95,    0
 18663, 99648,20190717,  107,    0
 18663, 99648,20190718,  164,    0
 18663, 99648,20190719,  184,    0
 18663, 99648,20190720,  155,    0
 18663, 99648,20190721,  190,    0
 18663, 99648,20190722,  140,    0
 18663, 99648,20190723,  168,    0
 18663, 99648,20190724,  153,    0
 18663, 99648,20190725,  212,    0
 18663, 99648,20190726,  200,    0
 18663, 99648,20190727,  273,    0
 18663, 99648,20190728,  269,    0
 18663, 99648,20190729,  192,    0
 18663, 99648,20190730,  134,    0
 18663, 99648,20190731,  163,    0
 18663, 99648,20190801,  147,    0
 18663, 99648,20190802,  106,    0
 18663, 99648,20190803,   98,    0
 18663, 99648,20190804,  102,    0
 18663, 99648,20190805,  101,    0
 18663, 99648,20190806,  122,    0
 18663, 99648,20190807,  166,    0
 18663, 99648,20190808,  159,    0
 18663, 99648,20190809,  128,    0
 18663, 99648,20190810,  175,    0
 18663, 99648,20190811,  163,    0
 18663, 99648,20190812,  175,    0
 18663, 99648,20190813,  158,    0
 18663, 99648,20190814,   95,    0
 18663, 99648,20190815,  102,    0
 18663, 99648,20190816,  117,    0
 18663, 99648,20190817,  146,    0
 18663, 99648,20190818,  139,    0
 18663, 99648,20190819,  148,    0
 18663, 99648,20190820,  124,    0
 18663, 99648,20190821,  106,    0
 18663, 99648,20190822,-9999,    9
 18663, 99648,20190823,  111,    0
 18663, 99648,20190824,  117,    0
 18663, 99648,20190825,  109,    0
 18663, 99648,20190826,  110,    0
 18663, 99648,20190827,  173,    0
 18663, 99648,20190828,  210,    0
 18663, 99648,20190829,  174,    0
 18663, 99648,20190830,  127,    0
 18663, 99648,20190831,  129,    0
 18663, 99648,20190901,  144,    0
 18663, 99648,20190902,   87,    0
 18663, 99648,20190903,   83,    0
 18663, 99648,20190904,   79,    0
 18663, 99648,20190905,   72,    0
 18663, 99648,20190906,   65,    0
 18663, 99648,20190907,   67,    0
 18663, 99648,20190908,   80,    0
 18663, 99648,20190909,  115,    0
 18663, 99648,20190910,-9999,    9
 18663, 99648,20190911,  144,    0
 18663, 99648,20190912,   86,    0
 18663, 99648,20190913,   62,    0
 18663, 99648,20190914,   54,    0
 18663, 99648,20190915,   71,    0
 18663, 99648,20190916,   78,    0
 18663, 99648,20190917,   71,    0
 18663, 99648,20190918,   61,    0
 18663, 99648,20190919,   35,    0
 18663, 99648,20190920,   38,    0
 18663, 99648,20190921,   51,    0
 18663, 99648,20190922,   50,    0
 18663, 99648,20190923,   68,    0
 18663, 99648,20190924,   81,    0
 18663, 99648,20190925,   77,    0
 18663, 99648,20190926,  130,    0
 18663, 99648,20190927,  127,    0
 18663, 99648,20190928,   95,    0
 18663, 99648,20190929,   58,    0
 18663, 99648,20190930,   25,    0
 18663, 99648,20191001,   51,    0
 18663, 99648,20191002,   34,    0
 18663, 99648,20191003,   14,    0
 18663, 99648,20191004,   -3,    0
 18663, 99648,20191005,   13,    0
 18663, 99648,20191006,   43,    0
 18663, 99648,20191007,   43,    0
 18663, 99648,20191008,   30,    0
 18663, 99648,20191009,   17,    0
 18663, 99648,20191010,   20,    0
 18663, 99648,20191011,   26,    0
 18663, 99648,20191012,   20,    0
 18663, 99648,20191013,    7,    0
 18663, 99648,20191014,    7,    0
 18663, 99648,20191015,    3,    0
 18663, 99648,20191016,   23,    0
 18663, 99648,20191017,   25,    0
 18663, 99648,20191018,   27,    0
 18663, 99648,20191019,   14,    0
 18663, 99648,20191020,  -10,    0
 18663, 99648,20191021,    4,    0
 18663, 99648,20191022,   46,    0
 18663, 99648,20191023,-9999,    9
 18663, 99648,20191024,-9999,    9
 18663, 99648,20191025,-9999,    9
 18663, 99648,20191026,-9999,    9
 18663, 99648,20191027,    5,    0
 18663, 99648,20191028,    5,    0
 18663, 99648,20191029,   -2,    0
 18663, 99648,20191030,    9,    0
 18663, 99648,20191031,   12,    0
 18663, 99648,20191101,    1,    0
 18663, 99648,20191102,  -14,    0
 18663, 99648,20191103,  -34,    0
 18663, 99648,20191104,  -47,    0
 18663, 99648,20191105,  -35,    0
 18663, 99648,20191106,  -41,    0
 18663, 99648,20191107,  -49,    0
 18663, 99648,20191108,  -56,    0
 18663, 99648,20191109,  -81,    0
 18663, 99648,20191110,  -65,    0
 18663, 99648,20191111,  -61,    0
 18663, 99648,20191112,  -31,    0
 18663, 99648,20191113,   19,    0
 18663, 99648,20191114,   15,    0
 18663, 99648,20191115,    8,    0
 18663, 99648,20191116,    7,    0
 18663, 99648,20191117,    0,    0
 18663, 99648,20191118,    8,    0
 18663, 99648,20191119,   23,    0
 18663, 99648,20191120,   33,    0
 18663, 99648,20191121,   28,    0
 18663, 99648,20191122,   42,    0
 18663, 99648,20191123,   43,    0
 18663, 99648,20191124,   10,    0
 18663, 99648,20191125,  -10,    0
 18663, 99648,20191126,  -16,    0
 18663, 99648,20191127,  -39,    0
 18663, 99648,20191128,  -65,    0
 18663, 99648,20191129,  -50,    0
 18663, 99648,20191130,  -33,    0
 18663, 99648,20191201,  -18,    0
 18663, 99648,20191202,  -10,    0
 18663, 99648,20191203,   14,    0
 18663, 99648,20191204,   47,    0
 18663, 99648,20191205,   12,    0
 18663, 99648,20191206,   10,    0
 18663, 99648,20191207,-9999,    9
 18663, 99648,20191208,  -24,    0
 18663, 99648,20191209,  -27,    0
 18663, 99648,20191210,  -35,    0
 18663, 99648,20191211,    9,    0
 18663, 99648,20191212,   21,    0
 18663, 99648,20191213,   12,    0
 18663, 99648,20191214,-9999,    9
 18663, 99648,20191215,    9,    0
 18663, 99648,20191216,    3,    0
 18663, 99648,20191217,  -20,    0
 18663, 99648,20191218,   -7,    0
 18663, 99648,20191219,    6,    0
 18663, 99648,20191220,   -1,    0
 18663, 99648,20191221,-9999,    9
 18663, 99648,20191222,-9999,    9
 18663, 99648,20191223,-9999,    9
 18663, 99648,20191224,   -1,    0
 18663, 99648,20191225,    2,    0
 18663, 99648,20191226,  -11,    0
 18663, 99648,20191227,  -42,    0
 18663, 99648,20191228,   -5,    0
 18663, 99648,20191229,   50,    0
 18663, 99648,20191230,   26,    0
 18663, 99648,20191231,    5,    0
 18663, 99648,20200101,   43,    0
 18663, 99648,20200102,   52,    0
 18663, 99648,20200103,   -6,    0
 18663, 99648,20200104,  -12,    0
 18663, 99648,20200105,-9999,    9
 18663, 99648,20200106,-9999,    9
 18663, 99648,20200107,   37,    0
 18663, 99648,20200108,   21,    0
 18663, 99648,20200109,    3,    0
 18663, 99648,20200110,   11,    0
 18663, 99648,20200111,   16,    0
 18663, 99648,20200112,-9999,    9
 18663, 99648,20200113,-9999,    9
 18663, 99648,20200114,-9999,    9
 18663, 99648,20200115,-9999,    9
 18663, 99648,20200116,   13,    0
 18663, 99648,20200117,   32,    0
 18663, 99648,20200118,    4,    0
 18663, 99648,20200119,   10,    0
 18663, 99648,20200120,   41,    0
 18663, 99648,20200121,   -5,    0
 18663, 99648,20200122,    2,    0
 18663, 99648,20200123,   14,    0
 18663, 99648,20200124,  -10,    0
 18663, 99648,20200125,  -18,    0
 18663, 99648,20200126,  -44,    0
 18663, 99648,20200127,-9999,    9
 18663, 99648,20200128,-9999,    9
 18663, 99648,20200129,  -38,    0
 18663, 99648,20200130,  -34,    0
 18663, 99648,20200131,   -9,    0
 18663, 99648,20200201,    9,    0
 18663, 99648,20200202,    2,    0
 18663, 99648,20200203,  -38,    0
 18663, 99648,20200204,  -68,    0
 18663, 99648,20200205,  -33,    0
 18663, 99648,20200206,  -32,    0
 18663, 99648,20200207,   18,    0
 18663, 99648,20200208,   22,    0
 18663, 99648,20200209,   20,    0
 18663, 99648,20200210,    6,    0
 18663, 99648,20200211,    6,    0
 18663, 99648,20200212,   -2,    0
 18663, 99648,20200213,  -21,    0
 18663, 99648,20200214,  -25,    0
 18663, 99648,20200215,  -15,    0
 18663, 99648,20200216,    8,    0
 18663, 99648,20200217,    9,    0
 18663, 99648,20200218,    4,    0
 18663, 99648,20200219,  -36,    0
 18663, 99648,20200220,  -24,    0
 18663, 99648,20200221,   10,    0
 18663, 99648,20200222,    8,    0
 18663, 99648,20200223,   -1,    0
 18663, 99648,20200224,  -22,    0
 18663, 99648,20200225,  -45,    0
 18663, 99648,20200226,  -81,    0
 18663, 99648,20200227,  -38,    0
 18663, 99648,20200228,  -47,    0
 18663, 99648,20200229,  -55,    0
 18663, 99648,20200301,  -72,    0
 18663, 99648,20200302,  -67,    0
 18663, 99648,20200303,  -47,    0
 18663, 99648,20200304,  -31,    0
 18663, 99648,20200305,  -60,    0
 18663, 99648,20200306,  -29,    0
 18663, 99648,20200307,   10,    0
 18663, 99648,20200308,    4,    0
 18663, 99648,20200309,   23,    0
 18663, 99648,20200310,   10,    0
 18663, 99648,20200311,   15,    0
 18663, 99648,20200312,  -13,    0
 18663, 99648,20200313,  -56,    0
 18663, 99648,20200314,  -32,    0
 18663, 99648,20200315,  -15,    0
 18663, 99648,20200316,  -10,    0
 18663, 99648,20200317,    3,    0
 18663, 99648,20200318,    2,    0
 18663, 99648,20200319,  -21,    0
 18663, 99648,20200320,-9999,    9
 18663, 99648,20200321,-9999,    9
 18663, 99648,20200322,-9999,    9
 18663, 99648,20200323,-9999,    9
 18663, 99648,20200324,-9999,    9
 18663, 99648,20200325,-9999,    9
 18663, 99648,20200326,-9999,    9
 18663, 99648,20200327,   11,    0
 18663, 99648,20200328,  -40,    0
 18663, 99648,20200329,  -44,    0
 18663, 99648,20200330,  -43,    0
 18663, 99648,20200331,   11,    0
 18663, 99648,20200401,  -14,    0
 18663, 99648,20200402,  -14,    0
 18663, 99648,20200403,  -37,    0
 18663, 99648,20200404,  -48,    0
 18663, 99648,20200405,  -41,    0
 18663, 99648,20200406,   32,    0
 18663, 99648,20200407,   35,    0
 18663, 99648,20200408,   18,    0
 18663, 99648,20200409,   -4,    0
 18663, 99648,20200410,  -18,    0
 18663, 99648,20200411,-9999,    9
 18663, 99648,20200412,-9999,    9
 18663, 99648,20200413,-9999,    9
 18663, 99648,20200414,-9999,    9
 18663, 99648,20200415,-9999,    9
 18663, 99648,20200416,-9999,    9
 18663, 99648,20200417,    6,    0
 18663, 99648,20200418,   21,    0
 18663, 99648,20200419,   27,    0
 18663, 99648,20200420,   28,    0
 18663, 99648,20200421,   30,    0
 18663, 99648,20200422,   25,    0
 18663, 99648,20200423,   18,    0
 18663, 99648,20200424,   23,    0
 18663, 99648,20200425,   13,    0
 18663, 99648,20200426,   20,    0
 18663, 99648,20200427,   15,    0
 18663, 99648,20200428,   13,    0
 18663, 99648,20200429,   13,    0
 18663, 99648,20200430,   24,    0
 18663, 99648,20200501,   25,    0
 18663, 99648,20200502,   15,    0
 18663, 99648,20200503,   16,    0
 18663, 99648,20200504,   20,    0
 18663, 99648,20200505,   19,    0
 18663, 99648,20200506,    7,    0
 18663, 99648,20200507,    3,    0
 18663, 99648,20200508,    2,    0
 18663, 99648,20200509,    0,    0
 18663, 99648,20200510,   -2,    0
 18663, 99648,20200511,   -4,    0
 18663, 99648,20200512,   -5,    0
 18663, 99648,20200513,  -14,    0
 18663, 99648,20200514,   -6,    0
 18663, 99648,20200515,   -8,    0
 18663, 99648,20200516,   17,    0
 18663, 99648,20200517,   32,    0
 18663, 99648,20200518,   14,    0
 18663, 99648,20200519,   31,    0
 18663, 99648,20200520,   36,    0
 18663, 99648,20200521,   49,    0
 18663, 99648,20200522,   93,    0
 18663, 99648,20200523,   86,    0
 18663, 99648,20200524,   74,    0
 18663, 99648,20200525,   63,    0
 18663, 99648,20200526,   76,    0
 18663, 99648,20200527,   54,    0
 18663, 99648,20200528,   45,    0
 18663, 99648,20200529,   53,    0
 18663, 99648,20200530,   79,    0
 18663, 99648,20200531,  129,    0
 18663, 99648,20200601,  144,    0
 18663, 99648,20200602,  100,    0
 18663, 99648,20200603,   75,    0
 18663, 99648,20200604,  126,    0
 18663, 99648,20200605,  125,    0
 18663, 99648,20200606,  117,    0
 18663, 99648,20200607,   80,    0
 18663, 99648,20200608,   47,    0
 18663, 99648,20200609,   63,    0
 18663, 99648,20200610,  102,    0
 18663, 99648,20200611,   93,    0
 18663, 99648,20200612,  141,    0
 18663, 99648,20200613,  185,    0
 18663, 99648,20200614,  147,    0
 18663, 99648,20200615,  104,    0
 18663, 99648,20200616,  132,    0
 18663, 99648,20200617,  183,    0
 18663, 99648,20200618,  135,    0
 18663, 99648,20200619,  153,    0
 18663, 99648,20200620,  198,    0
 18663, 99648,20200621,  213,    0
 18663, 99648,20200622,  198,    0
 18663, 99648,20200623,  145,    0
 18663, 99648,20200624,  149,    0
 18663, 99648,20200625,  131,    0
 18663, 99648,20200626,  134,    0
 18663, 99648,20200627,-9999,    9
 18663, 99648,20200628,  182,    0
 18663, 99648,20200629,  157,    0
 18663, 99648,20200630,-9999,    9
 18663, 99648,20200701,   62,    0
 18663, 99648,20200702,   72,    0
 18663, 99648,20200703,   96,    0
 18663, 99648,20200704,   96,    0
 18663, 99648,20200705,  114,    0
 18663, 99648,20200706,  124,    0
 18663, 99648,20200707,   81,    0
 18663, 99648,20200708,   81,    0
 18663, 99648,20200709,   91,    0
 18663, 99648,20200710,   99,    0
 18663, 99648,20200711,   97,    0
 18663, 99648,20200712,   85,    0
 18663, 99648,20200713,  101,    0
 18663, 99648,20200714,  135,    0
 18663, 99648,20200715,  145,    0
 18663, 99648,20200716,  165,    0
 18663, 99648,20200717,  127,    0
 18663, 99648,20200718,  139,    0
 18663, 99648,20200719,  125,    0
 18663, 99648,20200720,  108,    0
 18663, 99648,20200721,   94,    0
 18663, 99648,20200722,   99,    0
 18663, 99648,20200723,   91,    0
 18663, 99648,20200724,   99,    0
 18663, 99648,20200725,   96,    0
 18663, 99648,20200726,  149,    0
 18663, 99648,20200727,  148,    0
 18663, 99648,20200728,  170,    0
 18663, 99648,20200729,  173,    0
 18663, 99648,20200730,  173,    0
 18663, 99648,20200731,  132,    0
 18663, 99648,20200801,  161,    0
 18663, 99648,20200802,  195,    0
 18663, 99648,20200803,  140,    0
 18663, 99648,20200804,   98,    0
 18663, 99648,20200805,  135,    0
 18663, 99648,20200806,  129,    0
 18663, 99648,20200807,  172,    0
 18663, 99648,20200808,  168,    0
 18663, 99648,20200809,  105,    0
 18663, 99648,20200810,  128,    0
 18663, 99648,20200811,  157,    0
 18663, 99648,20200812,  115,    0
 18663, 99648,20200813,  120,    0
 18663, 99648,20200814,  110,    0
 18663, 99648,20200815,  107,    0
 18663, 99648,20200816,   89,    0
 18663, 99648,20200817,   91,    0
 18663, 99648,20200818,  112,    0
 18663, 99648,20200819,   88,    0
 18663, 99648,20200820,  106,    0
 18663, 99648,20200821,  174,    0
 18663, 99648,20200822,  163,    0
 18663, 99648,20200823,  104,    0
 18663, 99648,20200824,-9999,    9
 18663, 99648,20200825,-9999,    9
 18663, 99648,20200826,   84,    0
 18663, 99648,20200827,   79,    0
 18663, 99648,20200828,   73,    0
 18663, 99648,20200829,   74,    0
 18663, 99648,20200830,   68,    0
 18663, 99648,20200831,   68,    0
 18663, 99648,20200901,   98,    0
 18663, 99648,20200902,  134,    0
 18663, 99648,20200903,  145,    0
 18663, 99648,20200904,  119,    0
 18663, 99648,20200905,   95,    0
 18663, 99648,20200906,   94,    0
 18663, 99648,20200907,   96,    0
 18663, 99648,20200908,   86,    0
 18663, 99648,20200909,   73,    0
 18663, 99648,20200910,   64,    0
 18663, 99648,20200911,   74,    0
 18663, 99648,20200912,   82,    0
 18663, 99648,20200913,   69,    0
 18663, 99648,20200914,   74,    0
 18663, 99648,20200915,   64,    0
 18663, 99648,20200916,   60,    0
 18663, 99648,20200917,   55,    0
 18663, 99648,20200918,   79,    0
 18663, 99648,20200919,   65,    0
 18663, 99648,20200920,   68,    0
 18663, 99648,20200921,   75,    0
 18663, 99648,20200922,   51,    0
 18663, 99648,20200923,   67,    0
 18663, 99648,20200924,   48,    0
 18663, 99648,20200925,   70,    0
 18663, 99648,20200926,   44,    0
 18663, 99648,20200927,   78,    0
 18663, 99648,20200928,  131,    0
 18663, 99648,20200929,  123,    0
 18663, 99648,20200930,  120,    0
 18663, 99648,20201001,  121,    0
 18663, 99648,20201002,  115,    0
 18663, 99648,20201003,  108,    0
 18663, 99648,20201004,  103,    0
 18663, 99648,20201005,  102,    0
 18663, 99648,20201006,  104,    0
 18663, 99648,20201007,  115,    0
 18663, 99648,20201008,  110,    0
 18663, 99648,20201009,   96,    0
 18663, 99648,20201010,   76,    0
 18663, 99648,20201011,   75,    0
 18663, 99648,20201012,   56,    0
 18663, 99648,20201013,   43,    0
 18663, 99648,20201014,   47,    0
 18663, 99648,20201015,   51,    0
 18663, 99648,20201016,   48,    0
 18663, 99648,20201017,   17,    0
 18663, 99648,20201018,    4,    0
 18663, 99648,20201019,   -8,    0
 18663, 99648,20201020,   -1,    0
 18663, 99648,20201021,   -2,    0
 18663, 99648,20201022,   -7,    0
 18663, 99648,20201023,    8,    0
 18663, 99648,20201024,    1,    0
 18663, 99648,20201025,-9999,    9
 18663, 99648,20201026,   51,    0
 18663, 99648,20201027,   45,    0
 18663, 99648,20201028,   46,    0
 18663, 99648,20201029,   25,    0
 18663, 99648,20201030,   15,    0
 18663, 99648,20201031,   35,    0
 18663, 99648,20201101,   72,    0
 18663, 99648,20201102,   66,    0
 18663, 99648,20201103,   44,    0
 18663, 99648,20201104,   34,    0
 18663, 99648,20201105,   47,    0
 18663, 99648,20201106,   62,    0
 18663, 99648,20201107,   40,    0
 18663, 99648,20201108,   25,    0
 18663, 99648,20201109,   25,    0
 18663, 99648,20201110,   13,    0
 18663, 99648,20201111,   64,    0
 18663, 99648,20201112,   56,    0
 18663, 99648,20201113,   40,    0
 18663, 99648,20201114,   49,    0
 18663, 99648,20201115,   59,    0
 18663, 99648,20201116,   89,    0
 18663, 99648,20201117,   59,    0
 18663, 99648,20201118,   15,    0
 18663, 99648,20201119,  -26,    0
 18663, 99648,20201120,   -4,    0
 18663, 99648,20201121,    6,    0
 18663, 99648,20201122,   21,    0
 18663, 99648,20201123,   20,    0
 18663, 99648,20201124,    5,    0
 18663, 99648,20201125,   13,    0
 18663, 99648,20201126,   22,    0
 18663, 99648,20201127,   27,    0
 18663, 99648,20201128,   25,    0
 18663, 99648,20201129,   31,    0
 18663, 99648,20201130,   18,    0
 18663, 99648,20201201,    1,    0
 18663, 99648,20201202,   26,    0
 18663, 99648,20201203,   10,    0
 18663, 99648,20201204,   19,    0
 18663, 99648,20201205,   15,    0
 18663, 99648,20201206,    9,    0
 18663, 99648,20201207,-9999,    9
 18663, 99648,20201208,-9999,    9
 18663, 99648,20201209,   14,    0
 18663, 99648,20201210,   13,    0
 18663, 99648,20201211,   15,    0
 18663, 99648,20201212,   -6,    0
 18663, 99648,20201213,   14,    0
 18663, 99648,20201214,-9999,    9
 18663, 99648,20201215,    2,    0
 18663, 99648,20201216,   -3,    0
 18663, 99648,20201217,   -8,    0
 18663, 99648,20201218,   -3,    0
 18663, 99648,20201219,   20,    0
 18663, 99648,20201220,   37,    0
 18663, 99648,20201221,   23,    0
 18663, 99648,20201222,-9999,    9
 18663, 99648,20201223,    2,    0
 18663, 99648,20201224,    3,    0
 18663, 99648,20201225,  -16,    0
 18663, 99648,20201226,  -38,    0
 18663, 99648,20201227,-9999,    9
 18663, 99648,20201228,   34,    0
 18663, 99648,20201229,    9,    0
 18663, 99648,20201230,   -3,    0
 18663, 99648,20201231,  -25,    0
 18663, 99648,20210101,  -13,    0
 18663, 99648,20210102,  -36,    0
 18663, 99648,20210103,  -16,    0
 18663, 99648,20210104,  -11,    0
 18663, 99648,20210105,  -19,    0
 18663, 99648,20210106,    0,    0
 18663, 99648,20210107,  -62,    0
 18663, 99648,20210108,  -70,    0
 18663, 99648,20210109,  -62,    0
 18663, 99648,20210110,  -31,    0
 18663, 99648,20210111,  -61,    0
 18663, 99648,20210112,  -72,    0
 18663, 99648,20210113,  -86,    0
 18663, 99648,20210114,  -80,    0
 18663, 99648,20210115,  -27,    0
 18663, 99648,20210116,  -21,    0
 18663, 99648,20210117,  -56,    0
 18663, 99648,20210118,  -51,    0
 18663, 99648,20210119,  -36,    0
 18663, 99648,20210120,  -59,    0
 18663, 99648,20210121,  -89,    0
 18663, 99648,20210122,  -88,    0
 18663, 99648,20210123,  -97,    0
 18663, 99648,20210124,  -85,    0
 18663, 99648,20210125,  -38,    0
 18663, 99648,20210126,  -21,    0
 18663, 99648,20210127,  -30,    0
 18663, 99648,20210128,  -56,    0
 18663, 99648,20210129,  -75,    0
 18663, 99648,20210130,  -96,    0
 18663, 99648,20210131, -105,    0
 18663, 99648,20210201,  -87,    0
 18663, 99648,20210202,  -82,    0
 18663, 99648,20210203,  -89,    0
 18663, 99648,20210204,  -72,    0
 18663, 99648,20210205,  -60,    0
 18663, 99648,20210206,  -55,    0
 18663, 99648,20210207,  -59,    0
 18663, 99648,20210208,  -58,    0
 18663, 99648,20210209,  -54,    0
 18663, 99648,20210210, -109,    0
 18663, 99648,20210211,  -53,    0
 18663, 99648,20210212,   -5,    0
 18663, 99648,20210213,  -16,    0
 18663, 99648,20210214,  -29,    0
 18663, 99648,20210215,  -44,    0
 18663, 99648,20210216,  -46,    0
 18663, 99648,20210217,  -75,    0
 18663, 99648,20210218,  -49,    0
 18663, 99648,20210219,  -34,    0
 18663, 99648,20210220,  -29,    0
 18663, 99648,20210221,  -36,    0
 18663, 99648,20210222,  -34,    0
 18663, 99648,20210223,  -29,    0
 18663, 99648,20210224,   33,    0
 18663, 99648,20210225,   38,    0
 18663, 99648,20210226,   19,    0
 18663, 99648,20210227,   27,    0
 18663, 99648,20210228,   43,    0
 18663, 99648,20210301,   19,    0
 18663, 99648,20210302,   14,    0
 18663, 99648,20210303,  -14,    0
 18663, 99648,20210304,  -30,    0
 18663, 99648,20210305,  -28,    0
 18663, 99648,20210306,  -47,    0
 18663, 99648,20210307,  -38,    0
 18663, 99648,20210308,  -35,    0
 18663, 99648,20210309,  -51,    0
 18663, 99648,20210310,  -70,    0
 18663, 99648,20210311,  -29,    0
 18663, 99648,20210312,    1,    0
 18663, 99648,20210313,    1,    0
 18663, 99648,20210314,  -18,    0
 18663, 99648,20210315,    1,    0
 18663, 99648,20210316,  -12,    0
 18663, 99648,20210317,  -16,    0
 18663, 99648,20210318,  -26,    0
 18663, 99648,20210319,  -33,    0
 18663, 99648,20210320,   15,    0
 18663, 99648,20210321,-9999,    9
 18663, 99648,20210322,   22,    0
 18663, 99648,20210323,   24,    0
 18663, 99648,20210324,   32,    0
 18663, 99648,20210325,    9,    0
 18663, 99648,20210326,   37,    0
 18663, 99648,20210327,   31,    0
 18663, 99648,20210328,   22,    0
 18663, 99648,20210329,   26,    0
 18663, 99648,20210330,   18,    0
 18663, 99648,20210331,   11,    0
 18663, 99648,20210401,    7,    0
 18663, 99648,20210402,   -5,    0
 18663, 99648,20210403,   14,    0
 18663, 99648,20210404,    6,    0
 18663, 99648,20210405,  -12,    0
 18663, 99648,20210406,   10,    0
 18663, 99648,20210407,  -21,    0
 18663, 99648,20210408,  -35,    0
 18663, 99648,20210409,  -26,    0
 18663, 99648,20210410,  -14,    0
 18663, 99648,20210411,   -2,    0
 18663, 99648,20210412,   -5,    0
 18663, 99648,20210413,  -13,    0
 18663, 99648,20210414,    6,    0
 18663, 99648,20210415,   27,    0
 18663, 99648,20210416,   42,    0
 18663, 99648,20210417,-9999,    9
 18663, 99648,20210418,   71,    0
 18663, 99648,20210419,   81,    0
 18663, 99648,20210420,   77,    0
 18663, 99648,20210421,    7,    0
 18663, 99648,20210422,   -4,    0
 18663, 99648,20210423,    2,    0
 18663, 99648,20210424,    0,    0
 18663, 99648,20210425,    5,    0
 18663, 99648,20210426,    6,    0
 18663, 99648,20210427,    6,    0
 18663, 99648,20210428,    4,    0
 18663, 99648,20210429,-9999,    9
 18663, 99648,20210430,-9999,    9
 18663, 99648,20210501,   -1,    0
 18663, 99648,20210502,   -2,    0
 18663, 99648,20210503,   -6,    0
 18663, 99648,20210504,   16,    0
 18663, 99648,20210505,   25,    0
 18663, 99648,20210506,   19,    0
 18663, 99648,20210507,   16,    0
 18663, 99648,20210508,    9,    0
 18663, 99648,20210509,   29,    0
 18663, 99648,20210510,-9999,    9
 18663, 99648,20210511,-9999,    9
 18663, 99648,20210512,   86,    0
 18663, 99648,20210513,   62,    0
 18663, 99648,20210514,   76,    0
 18663, 99648,20210515,   89,    0
 18663, 99648,20210516,   90,    0
 18663, 99648,20210517,   97,    0
 18663, 99648,20210518,   70,    0
 18663, 99648,20210519,   57,    0
 18663, 99648,20210520,   48,    0
 18663, 99648,20210521,   87,    0
 18663, 99648,20210522,   85,    0
 18663, 99648,20210523,   60,    0
 18663, 99648,20210524,   81,    0
 18663, 99648,20210525,   96,    0
 18663, 99648,20210526,  112,    0
 18663, 99648,20210527,   84,    0
 18663, 99648,20210528,   54,    0
 18663, 99648,20210529,   54,    0
 18663, 99648,20210530,   57,    0
 18663, 99648,20210531,   77,    0
 18663, 99648,20210601,  152,    0
 18663, 99648,20210602,  195,    0
 18663, 99648,20210603,  178,    0
 18663, 99648,20210604,  185,    0
 18663, 99648,20210605,  169,    0
 18663, 99648,20210606,  165,    0
 18663, 99648,20210607,  101,    0
 18663, 99648,20210608,  123,    0
 18663, 99648,20210609,  131,    0
 18663, 99648,20210610,  149,    0
 18663, 99648,20210611,  136,    0
 18663, 99648,20210612,   88,    0
 18663, 99648,20210613,   59,    0
 18663, 99648,20210614,   82,    0
 18663, 99648,20210615,   60,    0
 18663, 99648,20210616,   59,    0
 18663, 99648,20210617,   95,    0
 18663, 99648,20210618,   88,    0
 18663, 99648,20210619,   85,    0
 18663, 99648,20210620,  111,    0
 18663, 99648,20210621,  112,    0
 18663, 99648,20210622,   91,    0
 18663, 99648,20210623,  117,    0
 18663, 99648,20210624,   95,    0
 18663, 99648,20210625,   88,    0
 18663, 99648,20210626,   84,    0
 18663, 99648,20210627,   84,    0
 18663, 99648,20210628,   84,    0
 18663, 99648,20210629,   73,    0
 18663, 99648,20210630,   89,    0
 18663, 99648,20210701,  146,    0
 18663, 99648,20210702,  164,    0
 18663, 99648,20210703,  212,    0
 18663, 99648,20210704,  246,    0
 18663, 99648,20210705,  236,    0
 18663, 99648,20210706,  218,    0
 18663, 99648,20210707,  181,    0
 18663, 99648,20210708,  124,    0
 18663, 99648,20210709,  168,    0
 18663, 99648,20210710,  213,    0
 18663, 99648,20210711,  172,    0
 18663, 99648,20210712,  141,    0
 18663, 99648,20210713,  123,    0
 18663, 99648,20210714,  159,    0
 18663, 99648,20210715,  128,    0
 18663, 99648,20210716,  100,    0
 18663, 99648,20210717,  101,    0
 18663, 99648,20210718,   85,    0
 18663, 99648,20210719,   79,    0
 18663, 99648,20210720,   69,    0
 18663, 99648,20210721,   79,    0
 18663, 99648,20210722,   79,    0
 18663, 99648,20210723,   78,    0
 18663, 99648,20210724,   99,    0
 18663, 99648,20210725,  148,    0
 18663, 99648,20210726,  167,    0
 18663, 99648,20210727,  242,    0
 18663, 99648,20210728,  232,    0
 18663, 99648,20210729,  182,    0
 18663, 99648,20210730,  108,    0
 18663, 99648,20210731,   94,    0
 18663, 99648,20210801,   82,    0
 18663, 99648,20210802,   76,    0
 18663, 99648,20210803,   81,    0
 18663, 99648,20210804,  101,    0
 18663, 99648,20210805,  123,    0
 18663, 99648,20210806,  165,    0
 18663, 99648,20210807,  181,    0
 18663, 99648,20210808,  161,    0
 18663, 99648,20210809,  164,    0
 18663, 99648,20210810,  125,    0
 18663, 99648,20210811,  107,    0
 18663, 99648,20210812,-9999,    9
 18663, 99648,20210813,  129,    0
 18663, 99648,20210814,  156,    0
 18663, 99648,20210815,  113,    0
 18663, 99648,20210816,  100,    0
 18663, 99648,20210817,  111,    0
 18663, 99648,20210818,  115,    0
 18663, 99648,20210819,  105,    0
 18663, 99648,20210820,   91,    0
 18663, 99648,20210821,   79,    0
 18663, 99648,20210822,   83,    0
 18663, 99648,20210823,   80,    0
 18663, 99648,20210824,   80,    0
 18663, 99648,20210825,  112,    0
 18663, 99648,20210826,  107,    0
 18663, 99648,20210827,  106,    0
 18663, 99648,20210828,  114,    0
 18663, 99648,20210829,   90,    0
 18663, 99648,20210830,   94,    0
 18663, 99648,20210831,-9999,    9
 18663, 99648,20210901,   64,    0
 18663, 99648,20210902,   72,    0
 18663, 99648,20210903,   66,    0
 18663, 99648,20210904,   59,    0
 18663, 99648,20210905,   72,    0
 18663, 99648,20210906,   89,    0
 18663, 99648,20210907,  109,    0
 18663, 99648,20210908,   85,    0
 18663, 99648,20210909,   79,    0
 18663, 99648,20210910,   86,    0
 18663, 99648,20210911,  105,    0
 18663, 99648,20210912,   80,    0
 18663, 99648,20210913,   49,    0
 18663, 99648,20210914,   52,    0
 18663, 99648,20210915,   78,    0
 18663, 99648,20210916,   91,    0
 18663, 99648,20210917,   87,    0
 18663, 99648,20210918,   77,    0
 18663, 99648,20210919,   85,    0
 18663, 99648,20210920,   73,    0
 18663, 99648,20210921,   64,    0
 18663, 99648,20210922,   95,    0
 18663, 99648,20210923,   72,    0
 18663, 99648,20210924,   60,    0
 18663, 99648,20210925,   58,    0
 18663, 99648,20210926,   85,    0
 18663, 99648,20210927,  152,    0
 18663, 99648,20210928,  117,    0
 18663, 99648,20210929,  108,    0
 18663, 99648,20210930,   96,    0
 18663, 99648,20211001,   99,    0
 18663, 99648,20211002,  115,    0
 18663, 99648,20211003,  108,    0
 18663, 99648,20211004,  124,    0
 18663, 99648,20211005,  103,    0
 18663, 99648,20211006,   87,    0
 18663, 99648,20211007,   59,    0
 18663, 99648,20211008,   71,    0
 18663, 99648,20211009,   92,    0
 18663, 99648,20211010,   84,    0
 18663, 99648,20211011,   59,    0
 18663, 99648,20211012,   32,    0
 18663, 99648,20211013,   20,    0
 18663, 99648,20211014,   21,    0
 18663, 99648,20211015,   20,    0
 18663, 99648,20211016,   13,    0
 18663, 99648,20211017,   12,    0
 18663, 99648,20211018,   10,    0
 18663, 99648,20211019,   -2,    0
 18663, 99648,20211020,    8,    0
 18663, 99648,20211021,    1,    0
 18663, 99648,20211022,   -6,    0
 18663, 99648,20211023,  -13,    0
 18663, 99648,20211024,   20,    0
 18663, 99648,20211025,   43,    0
 18663, 99648,20211026,   44,    0
 18663, 99648,20211027,   36,    0
 18663, 99648,20211028,   69,    0
 18663, 99648,20211029,   70,    0
 18663, 99648,20211030,   76,    0
 18663, 99648,20211031,   75,    0
 18663, 99648,20211101,-9999,    9
 18663, 99648,20211102,   86,    0
 18663, 99648,20211103,   72,    0
 18663, 99648,20211104,   47,    0
 18663, 99648,20211105,   19,    0
 18663, 99648,20211106,   16,    0
 18663, 99648,20211107,-9999,    9
 18663, 99648,20211108,-9999,    9
 18663, 99648,20211109,   -2,    0
 18663, 99648,20211110,   35,    0
 18663, 99648,20211111,   30,    0
 18663, 99648,20211112,   19,    0
 18663, 99648,20211113,   -5,    0
 18663, 99648,20211114,    0,    0
 18663, 99648,20211115,   33,    0
 18663, 99648,20211116,   43,    0
 18663, 99648,20211117,   38,    0
 18663, 99648,20211118,    9,    0
 18663, 99648,20211119,   16,    0
 18663, 99648,20211120,   12,    0
 18663, 99648,20211121,  -19,    0
 18663, 99648,20211122,  -26,    0
 18663, 99648,20211123,    6,    0
 18663, 99648,20211124,  -12,    0
 18663, 99648,20211125,  -57,    0
 18663, 99648,20211126,  -98,    0
 18663, 99648,20211127,  -94,    0
 18663, 99648,20211128, -117,    0
 18663, 99648,20211129,  -88,    0
 18663, 99648,20211130,-9999,    9
 18663, 99648,20211201,  -97,    0
 18663, 99648,20211202,  -54,    0
 18663, 99648,20211203,  -62,    0
 18663, 99648,20211204,  -74,    0
 18663, 99648,20211205, -106,    0
 18663, 99648,20211206, -126,    0
 18663, 99648,20211207, -141,    0
 18663, 99648,20211208, -201,    0
 18663, 99648,20211209,-9999,    9
 18663, 99648,20211210, -127,    0
 18663, 99648,20211211,  -57,    0
 18663, 99648,20211212,   -1,    0
 18663, 99648,20211213,   11,    0
 18663, 99648,20211214,   24,    0
 18663, 99648,20211215,   26,    0
 18663, 99648,20211216,   25,    0
 18663, 99648,20211217,   29,    0
 18663, 99648,20211218,   24,    0
 18663, 99648,20211219,   25,    0
 18663, 99648,20211220,-9999,    9
 18663, 99648,20211221,-9999,    9
 18663, 99648,20211222,-9999,    9
 18663, 99648,20211223,-9999,    9
 18663, 99648,20211224,-9999,    9
 18663, 99648,20211225,-9999,    9
 18663, 99648,20211226,-9999,    9
 18663, 99648,20211227,-9999,    9
 18663, 99648,20211228,-9999,    9
 18663, 99648,20211229,-9999,    9
 18663, 99648,20211230,-9999,    9
 18663, 99648,20211231,-9999,    9
 18663, 99648,20220101,-9999,    9
 18663, 99648,20220102,-9999,    9
 18663, 99648,20220103,-9999,    9
 18663, 99648,20220104,-9999,    9
 18663, 99648,20220105,-9999,    9
 18663, 99648,20220106,-9999,    9
 18663, 99648,20220107,-9999,    9
 18663, 99648,20220108,-9999,    9
 18663, 99648,20220109,-9999,    9
 18663, 99648,20220110,-9999,    9
 18663, 99648,20220111,-9999,    9
 18663, 99648,20220112,-9999,    9
 18663, 99648,20220113,    3,    0
 18663, 99648,20220114,   -2,    0
 18663, 99648,20220115,    0,    0
 18663, 99648,20220116,  -11,    0
 18663, 99648,20220117,  -22,    0
 18663, 99648,20220118,   26,    0
 18663, 99648,20220119,   -4,    0
 18663, 99648,20220120,  -28,    0
 18663, 99648,20220121,  -52,    0
 18663, 99648,20220122,   -4,    0
 18663, 99648,20220123,   48,    0
 18663, 99648,20220124,   -8,    0
 18663, 99648,20220125,  -23,    0
 18663, 99648,20220126,   -7,    0
 18663, 99648,20220127,   -6,    0
 18663, 99648,20220128,  -19,    0
 18663, 99648,20220129,  -19,    0
 18663, 99648,20220130,  -21,    0
 18663, 99648,20220131,  -46,    0
 18663, 99648,20220201,  -84,    0
 18663, 99648,20220202,  -90,    0
 18663, 99648,20220203,  -88,    0
 18663, 99648,20220204,  -52,    0
 18663, 99648,20220205,   -2,    0
 18663, 99648,20220206,  -31,    0
 18663, 99648,20220207,  -16,    0
 18663, 99648,20220208,  -10,    0
 18663, 99648,20220209,   -7,    0
 18663, 99648,20220210,-9999,    9
 18663, 99648,20220211,-9999,    9
 18663, 99648,20220212,  -33,    0
 18663, 99648,20220213,  -23,    0
 18663, 99648,20220214,  -37,    0
 18663, 99648,20220215,  -58,    0
 18663, 99648,20220216,  -54,    0
 18663, 99648,20220217,  -38,    0
 18663, 99648,20220218,  -62,    0
 18663, 99648,20220219,  -50,    0
 18663, 99648,20220220,  -45,    0
 18663, 99648,20220221,  -60,    0
 18663, 99648,20220222,  -73,    0
 18663, 99648,20220223,  -36,    0
 18663, 99648,20220224,   -2,    0
 18663, 99648,20220225,  -25,    0
 18663, 99648,20220226,  -17,    0
 18663, 99648,20220227,   34,    0
 18663, 99648,20220228,   31,    0
 18663, 99648,20220301,   10,    0
 18663, 99648,20220302,   15,    0
 18663, 99648,20220303,-9999,    9
 18663, 99648,20220304,  -24,    0
 18663, 99648,20220305,   -2,    0
 18663, 99648,20220306,    6,    0
 18663, 99648,20220307,    6,    0
 18663, 99648,20220308,   30,    0
 18663, 99648,20220309,   33,    0
 18663, 99648,20220310,   29,    0
 18663, 99648,20220311,   52,    0
 18663, 99648,20220312,   63,    0
 18663, 99648,20220313,   49,    0
 18663, 99648,20220314,   46,    0
 18663, 99648,20220315,   46,    0
 18663, 99648,20220316,   32,    0
 18663, 99648,20220317,   51,    0
 18663, 99648,20220318,   21,    0
 18663, 99648,20220319,   44,    0
 18663, 99648,20220320,   56,    0
 18663, 99648,20220321,   35,    0
 18663, 99648,20220322,   19,    0
 18663, 99648,20220323,   38,    0
 18663, 99648,20220324,   15,    0
 18663, 99648,20220325,    7,    0
 18663, 99648,20220326,   -8,    0
 18663, 99648,20220327,  -11,    0
 18663, 99648,20220328,  -34,    0
 18663, 99648,20220329,  -66,    0
 18663, 99648,20220330,  -26,    0
 18663, 99648,20220331,  -43,    0
 18663, 99648,20220401,  -60,    0
 18663, 99648,20220402,  -25,    0
 18663, 99648,20220403,  -31,    0
 18663, 99648,20220404,  -47,    0
 18663, 99648,20220405,  -63,    0
 18663, 99648,20220406,  -39,    0
 18663, 99648,20220407,  -26,    0
 18663, 99648,20220408,  -29,    0
 18663, 99648,20220409,    4,    0
 18663, 99648,20220410,  -40,    0
 18663, 99648,20220411,  -26,    0
 18663, 99648,20220412,  -17,    0
 18663, 99648,20220413,  -47,    0
 18663, 99648,20220414,  -50,    0
 18663, 99648,20220415,   -1,    0
 18663, 99648,20220416,   32,    0
 18663, 99648,20220417,   38,    0
 18663, 99648,20220418,   64,    0
 18663, 99648,20220419,   99,    0
 18663, 99648,20220420,   85,    0
 18663, 99648,20220421,   31,    0
 18663, 99648,20220422,   35,    0
 18663, 99648,20220423,   23,    0
 18663, 99648,20220424,   36,    0
 18663, 99648,20220425,  -48,    0
 18663, 99648,20220426,  -99,    0
 18663, 99648,20220427, -162,    0
 18663, 99648,20220428,-9999,    9
 18663, 99648,20220429,  -38,    0
 18663, 99648,20220430,-9999,    9
 18663, 99648,20220501,-9999,    9
 18663, 99648,20220502,-9999,    9
 18663, 99648,20220503,-9999,    9
 18663, 99648,20220504,-9999,    9
 18663, 99648,20220505,-9999,    9
 18663, 99648,20220506,-9999,    9
 18663, 99648,20220507,-9999,    9
 18663, 99648,20220508,-9999,    9
 18663, 99648,20220509,-9999,    9
 18663, 99648,20220510,-9999,    9
 18663, 99648,20220511,-9999,    9
 18663, 99648,20220512,-9999,    9
 18663, 99648,20220513,-9999,    9
 18663, 99648,20220514,-9999,    9
 18663, 99648,20220515,-9999,    9
 18663, 99648,20220516,  414,    0
 18663, 99648,20220517,  419,    0
 18663, 99648,20220518,  421,    0
 18663, 99648,20220519,-9999,    9
 18663, 99648,20220520,-9999,    9
 18663, 99648,20220521,  419,    0
 18663, 99648,20220522,-9999,    9
 18663, 99648,20220523,  422,    0
 18663, 99648,20220524,  422,    0
 18663, 99648,20220525,-9999,    9
 18663, 99648,20220526,  422,    0
 18663, 99648,20220527,-9999,    9
 18663, 99648,20220528,-9999,    9
 18663, 99648,20220529,-9999,    9
 18663, 99648,20220530,  423,    0
 18663, 99648,20220531,  422,    0
 18663, 99648,20220601,  422,    0
 18663, 99648,20220602,  424,    0
 18663, 99648,20220603,  422,    0
 18663, 99648,20220604,-9999,    9
 18663, 99648,20220605,-9999,    9
 18663, 99648,20220606,-9999,    9
 18663, 99648,20220607,-9999,    9
 18663, 99648,20220608,  422,    0
 18663, 99648,20220609,  422,    0
 18663, 99648,20220610,  424,    0
 18663, 99648,20220611,-9999,    9
 18663, 99648,20220612,-9999,    9
 18663, 99648,20220613,-9999,    9
 18663, 99648,20220614,-9999,    9
 18663, 99648,20220615,-9999,    9
 18663, 99648,20220616,-9999,    9
 18663, 99648,20220617,-9999,    9
 18663, 99648,20220618,-9999,    9
 18663, 99648,20220619,-9999,    9
 18663, 99648,20220620,-9999,    9
 18663, 99648,20220621,-9999,    9
 18663, 99648,20220622,-9999,    9
 18663, 99648,20220623,-9999,    9
 18663, 99648,20220624,-9999,    9
 18663, 99648,20220625,-9999,    9
 18663, 99648,20220626,  429,    0
 18663, 99648,20220627,  429,    0
 18663, 99648,20220628,  429,    0
 18663, 99648,20220629,  423,    0
 18663, 99648,20220630,-9999,    9
 18663, 99648,20220701,  429,    0
 18663, 99648,20220702,-9999,    9
 18663, 99648,20220703,  422,    0
 18663, 99648,20220704,  424,    0
 18663, 99648,20220705,-9999,    9
 18663, 99648,20220706,-9999,    9
 18663, 99648,20220707,-9999,    9
 18663, 99648,20220708,  167,    0
 18663, 99648,20220709,  106,    0
 18663, 99648,20220710,   98,    0
 18663, 99648,20220711,  114,    0
 18663, 99648,20220712,  157,    0
 18663, 99648,20220713,  109,    0
 18663, 99648,20220714,   83,    0
 18663, 99648,20220715,   66,    0
 18663, 99648,20220716,   70,    0
 18663, 99648,20220717,   76,    0
 18663, 99648,20220718,   79,    0
 18663, 99648,20220719,   89,    0
 18663, 99648,20220720,  121,    0
 18663, 99648,20220721,   94,    0
 18663, 99648,20220722,   77,    0
 18663, 99648,20220723,   83,    0
 18663, 99648,20220724,  132,    0
 18663, 99648,20220725,  148,    0
 18663, 99648,20220726,  130,    0
 18663, 99648,20220727,   79,    0
 18663, 99648,20220728,   75,    0
 18663, 99648,20220729,  122,    0
 18663, 99648,20220730,  181,    0
 18663, 99648,20220731,  145,    0
 18663, 99648,20220801,   86,    0
 18663, 99648,20220802,  100,    0
 18663, 99648,20220803,  125,    0
 18663, 99648,20220804,  103,    0
 18663, 99648,20220805,   91,    0
 18663, 99648,20220806,   81,    0
 18663, 99648,20220807,   70,    0
 18663, 99648,20220808,  107,    0
 18663, 99648,20220809,-9999,    9
 18663, 99648,20220810,  108,    0
 18663, 99648,20220811,   82,    0
 18663, 99648,20220812,   82,    0
 18663, 99648,20220813,   93,    0
 18663, 99648,20220814,  130,    0
 18663, 99648,20220815,-9999,    9
 18663, 99648,20220816,  188,    0
 18663, 99648,20220817,-9999,    9
 18663, 99648,20220818,  114,    0
 18663, 99648,20220819,  154,    0
 18663, 99648,20220820,  158,    0
 18663, 99648,20220821,  141,    0
 18663, 99648,20220822,   83,    0
 18663, 99648,20220823,   93,    0
 18663, 99648,20220824,  160,    0
 18663, 99648,20220825,  184,    0
 18663, 99648,20220826,  150,    0
 18663, 99648,20220827,   87,    0
 18663, 99648,20220828,   73,    0
 18663, 99648,20220829,   70,    0
 18663, 99648,20220830,   85,    0
 18663, 99648,20220831,   74,    0
 18663, 99648,20220901,   79,    0
 18663, 99648,20220902,   94,    0
 18663, 99648,20220903,-9999,    9
 18663, 99648,20220904,-9999,    9
 18663, 99648,20220905,-9999,    9
 18663, 99648,20220906,-9999,    9
 18663, 99648,20220907,-9999,    9
 18663, 99648,20220908,-9999,    9
 18663, 99648,20220909,-9999,    9
 18663, 99648,20220910,-9999,    9
 18663, 99648,20220911,   66,    0
 18663, 99648,20220912,   77,    0
 18663, 99648,20220913,  104,    0
 18663, 99648,20220914,  102,    0
 18663, 99648,20220915,  101,    0
 18663, 99648,20220916,   98,    0
 18663, 99648,20220917,   86,    0
 18663, 99648,20220918,   76,    0
 18663, 99648,20220919,   71,    0
 18663, 99648,20220920,   58,    0
 18663, 99648,20220921,   59,    0
 18663, 99648,20220922,  113,    0
 18663, 99648,20220923,   82,    0
 18663, 99648,20220924,   75,    0
 18663, 99648,20220925,   86,    0
 18663, 99648,20220926,   98,    0
 18663, 99648,20220927,   86,    0
 18663, 99648,20220928,   85,    0
 18663, 99648,20220929,   85,    0
 18663, 99648,20220930,   61,    0
 18663, 99648,20221001,   68,    0
 18663, 99648,20221002,   81,    0
 18663, 99648,20221003,   66,    0
 18663, 99648,20221004,   77,    0
 18663, 99648,20221005,   71,    0
 18663, 99648,20221006,   57,    0
 18663, 99648,20221007,   54,    0
 18663, 99648,20221008,   34,    0
 18663, 99648,20221009,   45,    0
 18663, 99648,20221010,   73,    0
 18663, 99648,20221011,   38,    0
 18663, 99648,20221012,   30,    0
 18663, 99648,20221013,   46,    0
 18663, 99648,20221014,   44,    0
 18663, 99648,20221015,   52,    0
 18663, 99648,20221016,   39,    0
 18663, 99648,20221017,   34,    0
 18663, 99648,20221018,   22,    0
 18663, 99648,20221019,   33,    0
 18663, 99648,20221020,   33,    0
 18663, 99648,20221021,   25,    0
 18663, 99648,20221022,   10,    0
 18663, 99648,20221023,    3,    0
 18663, 99648,20221024,   -6,    0
 18663, 99648,20221025,   30,    0
 18663, 99648,20221026,   28,    0
 18663, 99648,20221027,   46,    0
 18663, 99648,20221028,   55,    0
 18663, 99648,20221029,   26,    0
 18663, 99648,20221030,   32,    0
 18663, 99648,20221031,   23,    0
