EUROPEAN CLIMATE ASSESSMENT & DATASET (ECA&D), file created on: 16-11-2022
THESE DATA CAN BE USED FOR NON-COMMERCIAL RESEARCH AND EDUCATION PROVIDED THAT THE FOLLOWING SOURCE IS ACKNOWLEDGED: 

Klein Tank, A.M.G. and Coauthors, 2002. Daily dataset of 20th-century surface
air temperature and precipitation series for the European Climate Assessment.
Int. J. of Climatol., 22, 1441-1453.
Data and metadata available at http://www.ecad.eu

FILE FORMAT (MISSING VALUE CODE = -9999):

01-06 STAID: Station identifier
08-13 SOUID: Source identifier
15-22 DATE : Date YYYYMMDD
24-28 TG   : Mean temperature in 0.1 &#176;C
30-34 Q_TG : quality code for TG (0='valid'; 1='suspect'; 9='missing')

This is the blended series of station RV76 TOSENFJELLET, NORWAY (STAID: 18554)
Blended and updated with sources:99452 
See files sources.txt and stations.txt for more info.

STAID, SOUID,    DATE,   TG, Q_TG
 18554, 99452,20151101,-9999,    9
 18554, 99452,20151102,-9999,    9
 18554, 99452,20151103,-9999,    9
 18554, 99452,20151104,-9999,    9
 18554, 99452,20151105,-9999,    9
 18554, 99452,20151106,-9999,    9
 18554, 99452,20151107,-9999,    9
 18554, 99452,20151108,-9999,    9
 18554, 99452,20151109,-9999,    9
 18554, 99452,20151110,-9999,    9
 18554, 99452,20151111,-9999,    9
 18554, 99452,20151112,-9999,    9
 18554, 99452,20151113,-9999,    9
 18554, 99452,20151114,-9999,    9
 18554, 99452,20151115,-9999,    9
 18554, 99452,20151116,-9999,    9
 18554, 99452,20151117,-9999,    9
 18554, 99452,20151118,  -47,    0
 18554, 99452,20151119,  -52,    0
 18554, 99452,20151120,  -97,    0
 18554, 99452,20151121,-9999,    9
 18554, 99452,20151122,-9999,    9
 18554, 99452,20151123,  -35,    0
 18554, 99452,20151124,-9999,    9
 18554, 99452,20151125,  -17,    0
 18554, 99452,20151126,-9999,    9
 18554, 99452,20151127,-9999,    9
 18554, 99452,20151128,-9999,    9
 18554, 99452,20151129,  -14,    0
 18554, 99452,20151130,  -20,    0
 18554, 99452,20151201,-9999,    9
 18554, 99452,20151202,   -7,    0
 18554, 99452,20151203,-9999,    9
 18554, 99452,20151204,-9999,    9
 18554, 99452,20151205,    4,    0
 18554, 99452,20151206,-9999,    9
 18554, 99452,20151207,-9999,    9
 18554, 99452,20151208,   -8,    0
 18554, 99452,20151209,   14,    0
 18554, 99452,20151210,   15,    0
 18554, 99452,20151211,   10,    0
 18554, 99452,20151212,  -14,    0
 18554, 99452,20151213,  -53,    0
 18554, 99452,20151214,  -66,    0
 18554, 99452,20151215,-9999,    9
 18554, 99452,20151216,-9999,    9
 18554, 99452,20151217,-9999,    9
 18554, 99452,20151218,   27,    0
 18554, 99452,20151219,   17,    0
 18554, 99452,20151220,-9999,    9
 18554, 99452,20151221,-9999,    9
 18554, 99452,20151222,-9999,    9
 18554, 99452,20151223,-9999,    9
 18554, 99452,20151224,   22,    0
 18554, 99452,20151225,-9999,    9
 18554, 99452,20151226,-9999,    9
 18554, 99452,20151227,-9999,    9
 18554, 99452,20151228,-9999,    9
 18554, 99452,20151229,  -22,    0
 18554, 99452,20151230,-9999,    9
 18554, 99452,20151231,-9999,    9
 18554, 99452,20160101,-9999,    9
 18554, 99452,20160102,-9999,    9
 18554, 99452,20160103,-9999,    9
 18554, 99452,20160104,-9999,    9
 18554, 99452,20160105, -145,    0
 18554, 99452,20160106, -200,    0
 18554, 99452,20160107, -218,    0
 18554, 99452,20160108, -244,    0
 18554, 99452,20160109,-9999,    9
 18554, 99452,20160110, -153,    0
 18554, 99452,20160111,  -89,    0
 18554, 99452,20160112, -106,    0
 18554, 99452,20160113, -176,    0
 18554, 99452,20160114, -179,    0
 18554, 99452,20160115,-9999,    9
 18554, 99452,20160116, -153,    0
 18554, 99452,20160117,  -80,    0
 18554, 99452,20160118, -109,    0
 18554, 99452,20160119, -110,    0
 18554, 99452,20160120, -135,    0
 18554, 99452,20160121,  -78,    0
 18554, 99452,20160122,-9999,    9
 18554, 99452,20160123,  -48,    0
 18554, 99452,20160124,-9999,    9
 18554, 99452,20160125,-9999,    9
 18554, 99452,20160126,-9999,    9
 18554, 99452,20160127,-9999,    9
 18554, 99452,20160128,-9999,    9
 18554, 99452,20160129,   -1,    0
 18554, 99452,20160130,  -12,    0
 18554, 99452,20160131,-9999,    9
 18554, 99452,20160201,  -19,    0
 18554, 99452,20160202,-9999,    9
 18554, 99452,20160203,-9999,    9
 18554, 99452,20160204,-9999,    9
 18554, 99452,20160205,-9999,    9
 18554, 99452,20160206,  -26,    0
 18554, 99452,20160207,    3,    0
 18554, 99452,20160208,   12,    0
 18554, 99452,20160209,   -2,    0
 18554, 99452,20160210,-9999,    9
 18554, 99452,20160211,-9999,    9
 18554, 99452,20160212,-9999,    9
 18554, 99452,20160213,  -73,    0
 18554, 99452,20160214, -105,    0
 18554, 99452,20160215,-9999,    9
 18554, 99452,20160216,  -36,    0
 18554, 99452,20160217,  -33,    0
 18554, 99452,20160218,-9999,    9
 18554, 99452,20160219,-9999,    9
 18554, 99452,20160220,  -36,    0
 18554, 99452,20160221,-9999,    9
 18554, 99452,20160222,-9999,    9
 18554, 99452,20160223,-9999,    9
 18554, 99452,20160224,-9999,    9
 18554, 99452,20160225,-9999,    9
 18554, 99452,20160226,-9999,    9
 18554, 99452,20160227,-9999,    9
 18554, 99452,20160228,-9999,    9
 18554, 99452,20160229,-9999,    9
 18554, 99452,20160301,-9999,    9
 18554, 99452,20160302,-9999,    9
 18554, 99452,20160303,-9999,    9
 18554, 99452,20160304,-9999,    9
 18554, 99452,20160305,  -21,    0
 18554, 99452,20160306,  -21,    0
 18554, 99452,20160307,  -39,    0
 18554, 99452,20160308,  -67,    0
 18554, 99452,20160309,  -44,    0
 18554, 99452,20160310,   -4,    0
 18554, 99452,20160311,   10,    0
 18554, 99452,20160312,  -13,    0
 18554, 99452,20160313,    5,    0
 18554, 99452,20160314,   27,    0
 18554, 99452,20160315,   31,    0
 18554, 99452,20160316,   24,    0
 18554, 99452,20160317,    5,    0
 18554, 99452,20160318,  -35,    0
 18554, 99452,20160319,  -34,    0
 18554, 99452,20160320,  -40,    0
 18554, 99452,20160321,  -55,    0
 18554, 99452,20160322,  -43,    0
 18554, 99452,20160323,  -41,    0
 18554, 99452,20160324,  -17,    0
 18554, 99452,20160325,    0,    0
 18554, 99452,20160326,    8,    0
 18554, 99452,20160327,-9999,    9
 18554, 99452,20160328,   37,    0
 18554, 99452,20160329,-9999,    9
 18554, 99452,20160330,-9999,    9
 18554, 99452,20160331,-9999,    9
 18554, 99452,20160401,  -15,    0
 18554, 99452,20160402,   -2,    0
 18554, 99452,20160403,   28,    0
 18554, 99452,20160404,   17,    0
 18554, 99452,20160405,   16,    0
 18554, 99452,20160406,    5,    0
 18554, 99452,20160407,-9999,    9
 18554, 99452,20160408,-9999,    9
 18554, 99452,20160409,   12,    0
 18554, 99452,20160410,   15,    0
 18554, 99452,20160411,    1,    0
 18554, 99452,20160412,   -1,    0
 18554, 99452,20160413,  -38,    0
 18554, 99452,20160414,  -33,    0
 18554, 99452,20160415,    9,    0
 18554, 99452,20160416,    2,    0
 18554, 99452,20160417,    9,    0
 18554, 99452,20160418,   12,    0
 18554, 99452,20160419,   15,    0
 18554, 99452,20160420,    3,    0
 18554, 99452,20160421,    8,    0
 18554, 99452,20160422,   -2,    0
 18554, 99452,20160423,  -16,    0
 18554, 99452,20160424,  -30,    0
 18554, 99452,20160425,  -25,    0
 18554, 99452,20160426,   -6,    0
 18554, 99452,20160427,    1,    0
 18554, 99452,20160428,   26,    0
 18554, 99452,20160429,   43,    0
 18554, 99452,20160430,   43,    0
 18554, 99452,20160501,   43,    0
 18554, 99452,20160502,-9999,    9
 18554, 99452,20160503,-9999,    9
 18554, 99452,20160504,-9999,    9
 18554, 99452,20160505,   47,    0
 18554, 99452,20160506,   51,    0
 18554, 99452,20160507,-9999,    9
 18554, 99452,20160508,-9999,    9
 18554, 99452,20160509,   31,    0
 18554, 99452,20160510,   23,    0
 18554, 99452,20160511,   34,    0
 18554, 99452,20160512,   21,    0
 18554, 99452,20160513,-9999,    9
 18554, 99452,20160514,   21,    0
 18554, 99452,20160515,-9999,    9
 18554, 99452,20160516,   23,    0
 18554, 99452,20160517,    3,    0
 18554, 99452,20160518,    3,    0
 18554, 99452,20160519,-9999,    9
 18554, 99452,20160520,-9999,    9
 18554, 99452,20160521,   48,    0
 18554, 99452,20160522,   72,    0
 18554, 99452,20160523,   53,    0
 18554, 99452,20160524,   44,    0
 18554, 99452,20160525,   43,    0
 18554, 99452,20160526,   68,    0
 18554, 99452,20160527,   88,    0
 18554, 99452,20160528,  102,    0
 18554, 99452,20160529,  111,    0
 18554, 99452,20160530,  115,    0
 18554, 99452,20160531,-9999,    9
 18554, 99452,20160601,  114,    0
 18554, 99452,20160602,  115,    0
 18554, 99452,20160603,   50,    0
 18554, 99452,20160604,-9999,    9
 18554, 99452,20160605,-9999,    9
 18554, 99452,20160606,-9999,    9
 18554, 99452,20160607,   68,    0
 18554, 99452,20160608,   29,    0
 18554, 99452,20160609,   33,    0
 18554, 99452,20160610,   67,    0
 18554, 99452,20160611,   86,    0
 18554, 99452,20160612,   65,    0
 18554, 99452,20160613,   53,    0
 18554, 99452,20160614,   62,    0
 18554, 99452,20160615,  104,    0
 18554, 99452,20160616,  115,    0
 18554, 99452,20160617,-9999,    9
 18554, 99452,20160618,-9999,    9
 18554, 99452,20160619,-9999,    9
 18554, 99452,20160620,-9999,    9
 18554, 99452,20160621,   99,    0
 18554, 99452,20160622,  106,    0
 18554, 99452,20160623,  130,    0
 18554, 99452,20160624,  135,    0
 18554, 99452,20160625,  130,    0
 18554, 99452,20160626,  158,    0
 18554, 99452,20160627,  144,    0
 18554, 99452,20160628,   96,    0
 18554, 99452,20160629,  129,    0
 18554, 99452,20160630,  146,    0
 18554, 99452,20160701,  126,    0
 18554, 99452,20160702,  122,    0
 18554, 99452,20160703,   99,    0
 18554, 99452,20160704,   98,    0
 18554, 99452,20160705,  103,    0
 18554, 99452,20160706,   81,    0
 18554, 99452,20160707,   82,    0
 18554, 99452,20160708,   88,    0
 18554, 99452,20160709,   86,    0
 18554, 99452,20160710,  101,    0
 18554, 99452,20160711,  145,    0
 18554, 99452,20160712,  157,    0
 18554, 99452,20160713,  127,    0
 18554, 99452,20160714,   97,    0
 18554, 99452,20160715,   94,    0
 18554, 99452,20160716,  104,    0
 18554, 99452,20160717,   97,    0
 18554, 99452,20160718,-9999,    9
 18554, 99452,20160719,  107,    0
 18554, 99452,20160720,  128,    0
 18554, 99452,20160721,  189,    0
 18554, 99452,20160722,  195,    0
 18554, 99452,20160723,  180,    0
 18554, 99452,20160724,  151,    0
 18554, 99452,20160725,  185,    0
 18554, 99452,20160726,  169,    0
 18554, 99452,20160727,  125,    0
 18554, 99452,20160728,  130,    0
 18554, 99452,20160729,  146,    0
 18554, 99452,20160730,  144,    0
 18554, 99452,20160731,  109,    0
 18554, 99452,20160801,  110,    0
 18554, 99452,20160802,  111,    0
 18554, 99452,20160803,  110,    0
 18554, 99452,20160804,  129,    0
 18554, 99452,20160805,  126,    0
 18554, 99452,20160806,  109,    0
 18554, 99452,20160807,  120,    0
 18554, 99452,20160808,  114,    0
 18554, 99452,20160809,   96,    0
 18554, 99452,20160810,   62,    0
 18554, 99452,20160811,   59,    0
 18554, 99452,20160812,-9999,    9
 18554, 99452,20160813,   70,    0
 18554, 99452,20160814,   85,    0
 18554, 99452,20160815,-9999,    9
 18554, 99452,20160816,-9999,    9
 18554, 99452,20160817,  129,    0
 18554, 99452,20160818,  142,    0
 18554, 99452,20160819,  141,    0
 18554, 99452,20160820,  122,    0
 18554, 99452,20160821,-9999,    9
 18554, 99452,20160822,-9999,    9
 18554, 99452,20160823,   94,    0
 18554, 99452,20160824,   99,    0
 18554, 99452,20160825,  103,    0
 18554, 99452,20160826,  101,    0
 18554, 99452,20160827,   81,    0
 18554, 99452,20160828,   73,    0
 18554, 99452,20160829,   86,    0
 18554, 99452,20160830,   80,    0
 18554, 99452,20160831,-9999,    9
 18554, 99452,20160901,-9999,    9
 18554, 99452,20160902,   65,    0
 18554, 99452,20160903,   74,    0
 18554, 99452,20160904,   78,    0
 18554, 99452,20160905,   56,    0
 18554, 99452,20160906,   92,    0
 18554, 99452,20160907,   85,    0
 18554, 99452,20160908,   93,    0
 18554, 99452,20160909,  112,    0
 18554, 99452,20160910,  114,    0
 18554, 99452,20160911,   86,    0
 18554, 99452,20160912,   93,    0
 18554, 99452,20160913,  127,    0
 18554, 99452,20160914,  111,    0
 18554, 99452,20160915,   85,    0
 18554, 99452,20160916,-9999,    9
 18554, 99452,20160917,-9999,    9
 18554, 99452,20160918,-9999,    9
 18554, 99452,20160919,  124,    0
 18554, 99452,20160920,  114,    0
 18554, 99452,20160921,  127,    0
 18554, 99452,20160922,-9999,    9
 18554, 99452,20160923,-9999,    9
 18554, 99452,20160924,-9999,    9
 18554, 99452,20160925,-9999,    9
 18554, 99452,20160926,-9999,    9
 18554, 99452,20160927,   93,    0
 18554, 99452,20160928,   85,    0
 18554, 99452,20160929,   50,    0
 18554, 99452,20160930,-9999,    9
 18554, 99452,20161001,-9999,    9
 18554, 99452,20161002,-9999,    9
 18554, 99452,20161003,-9999,    9
 18554, 99452,20161004,-9999,    9
 18554, 99452,20161005,-9999,    9
 18554, 99452,20161006,-9999,    9
 18554, 99452,20161007,   35,    0
 18554, 99452,20161008,   22,    0
 18554, 99452,20161009,-9999,    9
 18554, 99452,20161010,-9999,    9
 18554, 99452,20161011,-9999,    9
 18554, 99452,20161012,-9999,    9
 18554, 99452,20161013,-9999,    9
 18554, 99452,20161014,-9999,    9
 18554, 99452,20161015,-9999,    9
 18554, 99452,20161016,  -12,    0
 18554, 99452,20161017,   13,    0
 18554, 99452,20161018,-9999,    9
 18554, 99452,20161019,   40,    0
 18554, 99452,20161020,-9999,    9
 18554, 99452,20161021,-9999,    9
 18554, 99452,20161022,-9999,    9
 18554, 99452,20161023,-9999,    9
 18554, 99452,20161024,-9999,    9
 18554, 99452,20161025,-9999,    9
 18554, 99452,20161026,-9999,    9
 18554, 99452,20161027,   30,    0
 18554, 99452,20161028,   15,    0
 18554, 99452,20161029,   27,    0
 18554, 99452,20161030,   20,    0
 18554, 99452,20161031,   -7,    0
 18554, 99452,20161101,   -6,    0
 18554, 99452,20161102,-9999,    9
 18554, 99452,20161103,  -41,    0
 18554, 99452,20161104,-9999,    9
 18554, 99452,20161105,  -93,    0
 18554, 99452,20161106, -114,    0
 18554, 99452,20161107, -121,    0
 18554, 99452,20161108,  -95,    0
 18554, 99452,20161109,  -65,    0
 18554, 99452,20161110,  -62,    0
 18554, 99452,20161111,  -58,    0
 18554, 99452,20161112,  -23,    0
 18554, 99452,20161113,  -10,    0
 18554, 99452,20161114,   -2,    0
 18554, 99452,20161115,   29,    0
 18554, 99452,20161116,   20,    0
 18554, 99452,20161117,   -8,    0
 18554, 99452,20161118,  -33,    0
 18554, 99452,20161119,   -4,    0
 18554, 99452,20161120,  -23,    0
 18554, 99452,20161121,  -21,    0
 18554, 99452,20161122,  -16,    0
 18554, 99452,20161123,  -50,    0
 18554, 99452,20161124,  -18,    0
 18554, 99452,20161125,   14,    0
 18554, 99452,20161126,    3,    0
 18554, 99452,20161127,  -22,    0
 18554, 99452,20161128,   17,    0
 18554, 99452,20161129,   24,    0
 18554, 99452,20161130,  -15,    0
 18554, 99452,20161201,-9999,    9
 18554, 99452,20161202,  -27,    0
 18554, 99452,20161203,  -83,    0
 18554, 99452,20161204,   14,    0
 18554, 99452,20161205,   -5,    0
 18554, 99452,20161206,   -4,    0
 18554, 99452,20161207,   13,    0
 18554, 99452,20161208,    4,    0
 18554, 99452,20161209,  -30,    0
 18554, 99452,20161210, -129,    0
 18554, 99452,20161211, -152,    0
 18554, 99452,20161212, -107,    0
 18554, 99452,20161213,  -13,    0
 18554, 99452,20161214,   -2,    0
 18554, 99452,20161215,   -3,    0
 18554, 99452,20161216,   26,    0
 18554, 99452,20161217,   29,    0
 18554, 99452,20161218,   39,    0
 18554, 99452,20161219,   59,    0
 18554, 99452,20161220,   27,    0
 18554, 99452,20161221,   20,    0
 18554, 99452,20161222,    1,    0
 18554, 99452,20161223,   -4,    0
 18554, 99452,20161224,-9999,    9
 18554, 99452,20161225,  -68,    0
 18554, 99452,20161226,  -10,    0
 18554, 99452,20161227,  -13,    0
 18554, 99452,20161228,-9999,    9
 18554, 99452,20161229,    8,    0
 18554, 99452,20161230,   26,    0
 18554, 99452,20161231,    2,    0
 18554, 99452,20170101,-9999,    9
 18554, 99452,20170102,-9999,    9
 18554, 99452,20170103,-9999,    9
 18554, 99452,20170104,-9999,    9
 18554, 99452,20170105,-9999,    9
 18554, 99452,20170106,-9999,    9
 18554, 99452,20170107,-9999,    9
 18554, 99452,20170108,-9999,    9
 18554, 99452,20170109,-9999,    9
 18554, 99452,20170110,-9999,    9
 18554, 99452,20170111,-9999,    9
 18554, 99452,20170112,-9999,    9
 18554, 99452,20170113,-9999,    9
 18554, 99452,20170114,-9999,    9
 18554, 99452,20170115,-9999,    9
 18554, 99452,20170116,-9999,    9
 18554, 99452,20170117,-9999,    9
 18554, 99452,20170118,-9999,    9
 18554, 99452,20170119,-9999,    9
 18554, 99452,20170120,-9999,    9
 18554, 99452,20170121,-9999,    9
 18554, 99452,20170122,-9999,    9
 18554, 99452,20170123,-9999,    9
 18554, 99452,20170124,-9999,    9
 18554, 99452,20170125,-9999,    9
 18554, 99452,20170126,-9999,    9
 18554, 99452,20170127,-9999,    9
 18554, 99452,20170128,-9999,    9
 18554, 99452,20170129,-9999,    9
 18554, 99452,20170130,-9999,    9
 18554, 99452,20170131,-9999,    9
 18554, 99452,20170201,-9999,    9
 18554, 99452,20170202,-9999,    9
 18554, 99452,20170203,-9999,    9
 18554, 99452,20170204,-9999,    9
 18554, 99452,20170205,-9999,    9
 18554, 99452,20170206,-9999,    9
 18554, 99452,20170207,-9999,    9
 18554, 99452,20170208,-9999,    9
 18554, 99452,20170209,-9999,    9
 18554, 99452,20170210,-9999,    9
 18554, 99452,20170211,-9999,    9
 18554, 99452,20170212,-9999,    9
 18554, 99452,20170213,-9999,    9
 18554, 99452,20170214,-9999,    9
 18554, 99452,20170215,-9999,    9
 18554, 99452,20170216,-9999,    9
 18554, 99452,20170217,-9999,    9
 18554, 99452,20170218,-9999,    9
 18554, 99452,20170219,-9999,    9
 18554, 99452,20170220,-9999,    9
 18554, 99452,20170221,-9999,    9
 18554, 99452,20170222,-9999,    9
 18554, 99452,20170223,-9999,    9
 18554, 99452,20170224,-9999,    9
 18554, 99452,20170225,-9999,    9
 18554, 99452,20170226,-9999,    9
 18554, 99452,20170227,-9999,    9
 18554, 99452,20170228,-9999,    9
 18554, 99452,20170301,-9999,    9
 18554, 99452,20170302,-9999,    9
 18554, 99452,20170303,-9999,    9
 18554, 99452,20170304,-9999,    9
 18554, 99452,20170305,-9999,    9
 18554, 99452,20170306,-9999,    9
 18554, 99452,20170307,-9999,    9
 18554, 99452,20170308,-9999,    9
 18554, 99452,20170309,-9999,    9
 18554, 99452,20170310,-9999,    9
 18554, 99452,20170311,-9999,    9
 18554, 99452,20170312,-9999,    9
 18554, 99452,20170313,   19,    0
 18554, 99452,20170314,-9999,    9
 18554, 99452,20170315,-9999,    9
 18554, 99452,20170316,-9999,    9
 18554, 99452,20170317,-9999,    9
 18554, 99452,20170318,-9999,    9
 18554, 99452,20170319,-9999,    9
 18554, 99452,20170320,-9999,    9
 18554, 99452,20170321,-9999,    9
 18554, 99452,20170322,-9999,    9
 18554, 99452,20170323,-9999,    9
 18554, 99452,20170324,-9999,    9
 18554, 99452,20170325,-9999,    9
 18554, 99452,20170326,-9999,    9
 18554, 99452,20170327,-9999,    9
 18554, 99452,20170328,-9999,    9
 18554, 99452,20170329,-9999,    9
 18554, 99452,20170330,-9999,    9
 18554, 99452,20170331,-9999,    9
 18554, 99452,20170401,-9999,    9
 18554, 99452,20170402,-9999,    9
 18554, 99452,20170403,   29,    0
 18554, 99452,20170404,   23,    0
 18554, 99452,20170405,    6,    0
 18554, 99452,20170406,   -2,    0
 18554, 99452,20170407,  -30,    0
 18554, 99452,20170408,  -13,    0
 18554, 99452,20170409,   10,    0
 18554, 99452,20170410,    4,    0
 18554, 99452,20170411,  -19,    0
 18554, 99452,20170412,  -39,    0
 18554, 99452,20170413,  -36,    0
 18554, 99452,20170414,  -61,    0
 18554, 99452,20170415,  -69,    0
 18554, 99452,20170416,  -71,    0
 18554, 99452,20170417,  -54,    0
 18554, 99452,20170418,  -43,    0
 18554, 99452,20170419,  -21,    0
 18554, 99452,20170420,    7,    0
 18554, 99452,20170421,    0,    0
 18554, 99452,20170422,  -17,    0
 18554, 99452,20170423,   -7,    0
 18554, 99452,20170424,  -19,    0
 18554, 99452,20170425,  -23,    0
 18554, 99452,20170426,  -24,    0
 18554, 99452,20170427,-9999,    9
 18554, 99452,20170428,  -22,    0
 18554, 99452,20170429,  -14,    0
 18554, 99452,20170430,  -11,    0
 18554, 99452,20170501,   11,    0
 18554, 99452,20170502,   21,    0
 18554, 99452,20170503,   17,    0
 18554, 99452,20170504,   19,    0
 18554, 99452,20170505,   30,    0
 18554, 99452,20170506,   25,    0
 18554, 99452,20170507,   -5,    0
 18554, 99452,20170508,  -27,    0
 18554, 99452,20170509,  -29,    0
 18554, 99452,20170510,  -21,    0
 18554, 99452,20170511,   -4,    0
 18554, 99452,20170512,   17,    0
 18554, 99452,20170513,   18,    0
 18554, 99452,20170514,   15,    0
 18554, 99452,20170515,   27,    0
 18554, 99452,20170516,   52,    0
 18554, 99452,20170517,   50,    0
 18554, 99452,20170518,   38,    0
 18554, 99452,20170519,   44,    0
 18554, 99452,20170520,-9999,    9
 18554, 99452,20170521,   65,    0
 18554, 99452,20170522,   41,    0
 18554, 99452,20170523,   41,    0
 18554, 99452,20170524,   43,    0
 18554, 99452,20170525,   47,    0
 18554, 99452,20170526,   41,    0
 18554, 99452,20170527,   33,    0
 18554, 99452,20170528,   58,    0
 18554, 99452,20170529,   36,    0
 18554, 99452,20170530,   34,    0
 18554, 99452,20170531,   11,    0
 18554, 99452,20170601,   21,    0
 18554, 99452,20170602,   39,    0
 18554, 99452,20170603,   67,    0
 18554, 99452,20170604,   78,    0
 18554, 99452,20170605,   54,    0
 18554, 99452,20170606,   76,    0
 18554, 99452,20170607,  129,    0
 18554, 99452,20170608,-9999,    9
 18554, 99452,20170609,-9999,    9
 18554, 99452,20170610,  114,    0
 18554, 99452,20170611,  105,    0
 18554, 99452,20170612,  109,    0
 18554, 99452,20170613,  112,    0
 18554, 99452,20170614,   86,    0
 18554, 99452,20170615,   97,    0
 18554, 99452,20170616,  130,    0
 18554, 99452,20170617,   84,    0
 18554, 99452,20170618,   84,    0
 18554, 99452,20170619,   71,    0
 18554, 99452,20170620,   60,    0
 18554, 99452,20170621,   66,    0
 18554, 99452,20170622,   73,    0
 18554, 99452,20170623,  113,    0
 18554, 99452,20170624,   75,    0
 18554, 99452,20170625,   70,    0
 18554, 99452,20170626,   82,    0
 18554, 99452,20170627,   58,    0
 18554, 99452,20170628,   66,    0
 18554, 99452,20170629,  109,    0
 18554, 99452,20170630,  157,    0
 18554, 99452,20170701,  155,    0
 18554, 99452,20170702,  102,    0
 18554, 99452,20170703,   76,    0
 18554, 99452,20170704,   69,    0
 18554, 99452,20170705,   61,    0
 18554, 99452,20170706,   75,    0
 18554, 99452,20170707,  116,    0
 18554, 99452,20170708,  130,    0
 18554, 99452,20170709,-9999,    9
 18554, 99452,20170710,-9999,    9
 18554, 99452,20170711,   92,    0
 18554, 99452,20170712,-9999,    9
 18554, 99452,20170713,-9999,    9
 18554, 99452,20170714,   64,    0
 18554, 99452,20170715,   96,    0
 18554, 99452,20170716,  106,    0
 18554, 99452,20170717,   85,    0
 18554, 99452,20170718,   87,    0
 18554, 99452,20170719,   86,    0
 18554, 99452,20170720,  115,    0
 18554, 99452,20170721,  138,    0
 18554, 99452,20170722,  147,    0
 18554, 99452,20170723,  133,    0
 18554, 99452,20170724,  150,    0
 18554, 99452,20170725,  181,    0
 18554, 99452,20170726,  182,    0
 18554, 99452,20170727,  162,    0
 18554, 99452,20170728,  158,    0
 18554, 99452,20170729,  118,    0
 18554, 99452,20170730,  114,    0
 18554, 99452,20170731,  128,    0
 18554, 99452,20170801,  123,    0
 18554, 99452,20170802,  127,    0
 18554, 99452,20170803,  135,    0
 18554, 99452,20170804,  134,    0
 18554, 99452,20170805,  139,    0
 18554, 99452,20170806,  133,    0
 18554, 99452,20170807,  128,    0
 18554, 99452,20170808,  121,    0
 18554, 99452,20170809,  113,    0
 18554, 99452,20170810,  108,    0
 18554, 99452,20170811,  116,    0
 18554, 99452,20170812,  103,    0
 18554, 99452,20170813,   77,    0
 18554, 99452,20170814,   81,    0
 18554, 99452,20170815,  114,    0
 18554, 99452,20170816,  108,    0
 18554, 99452,20170817,  136,    0
 18554, 99452,20170818,  133,    0
 18554, 99452,20170819,  130,    0
 18554, 99452,20170820,  105,    0
 18554, 99452,20170821,   75,    0
 18554, 99452,20170822,   75,    0
 18554, 99452,20170823,   79,    0
 18554, 99452,20170824,   67,    0
 18554, 99452,20170825,   68,    0
 18554, 99452,20170826,   73,    0
 18554, 99452,20170827,   81,    0
 18554, 99452,20170828,  115,    0
 18554, 99452,20170829,  105,    0
 18554, 99452,20170830,   91,    0
 18554, 99452,20170831,   92,    0
 18554, 99452,20170901,   75,    0
 18554, 99452,20170902,-9999,    9
 18554, 99452,20170903,  106,    0
 18554, 99452,20170904,  113,    0
 18554, 99452,20170905,   97,    0
 18554, 99452,20170906,   97,    0
 18554, 99452,20170907,   98,    0
 18554, 99452,20170908,   84,    0
 18554, 99452,20170909,   96,    0
 18554, 99452,20170910,   94,    0
 18554, 99452,20170911,  103,    0
 18554, 99452,20170912,  119,    0
 18554, 99452,20170913,  104,    0
 18554, 99452,20170914,   91,    0
 18554, 99452,20170915,   89,    0
 18554, 99452,20170916,   75,    0
 18554, 99452,20170917,   66,    0
 18554, 99452,20170918,   86,    0
 18554, 99452,20170919,-9999,    9
 18554, 99452,20170920,-9999,    9
 18554, 99452,20170921,   66,    0
 18554, 99452,20170922,   97,    0
 18554, 99452,20170923,   97,    0
 18554, 99452,20170924,  111,    0
 18554, 99452,20170925,   98,    0
 18554, 99452,20170926,   94,    0
 18554, 99452,20170927,   80,    0
 18554, 99452,20170928,   97,    0
 18554, 99452,20170929,   96,    0
 18554, 99452,20170930,   85,    0
 18554, 99452,20171001,   82,    0
 18554, 99452,20171002,   89,    0
 18554, 99452,20171003,   89,    0
 18554, 99452,20171004,-9999,    9
 18554, 99452,20171005,   66,    0
 18554, 99452,20171006,   49,    0
 18554, 99452,20171007,   22,    0
 18554, 99452,20171008,   28,    0
 18554, 99452,20171009,   29,    0
 18554, 99452,20171010,   18,    0
 18554, 99452,20171011,   40,    0
 18554, 99452,20171012,   30,    0
 18554, 99452,20171013,   35,    0
 18554, 99452,20171014,-9999,    9
 18554, 99452,20171015,   61,    0
 18554, 99452,20171016,   52,    0
 18554, 99452,20171017,-9999,    9
 18554, 99452,20171018,-9999,    9
 18554, 99452,20171019,-9999,    9
 18554, 99452,20171020,-9999,    9
 18554, 99452,20171021,-9999,    9
 18554, 99452,20171022,-9999,    9
 18554, 99452,20171023,-9999,    9
 18554, 99452,20171024,-9999,    9
 18554, 99452,20171025,   13,    0
 18554, 99452,20171026,   10,    0
 18554, 99452,20171027,   35,    0
 18554, 99452,20171028,   10,    0
 18554, 99452,20171029,   -4,    0
 18554, 99452,20171030,  -20,    0
 18554, 99452,20171031,  -11,    0
 18554, 99452,20171101,-9999,    9
 18554, 99452,20171102,-9999,    9
 18554, 99452,20171103,   40,    0
 18554, 99452,20171104,   38,    0
 18554, 99452,20171105,   22,    0
 18554, 99452,20171106,    4,    0
 18554, 99452,20171107,   -4,    0
 18554, 99452,20171108,    2,    0
 18554, 99452,20171109,   20,    0
 18554, 99452,20171110,    1,    0
 18554, 99452,20171111,   -5,    0
 18554, 99452,20171112,  -40,    0
 18554, 99452,20171113,   -1,    0
 18554, 99452,20171114,  -51,    0
 18554, 99452,20171115,  -22,    0
 18554, 99452,20171116,   -9,    0
 18554, 99452,20171117,   -6,    0
 18554, 99452,20171118,  -42,    0
 18554, 99452,20171119,  -88,    0
 18554, 99452,20171120, -159,    0
 18554, 99452,20171121, -175,    0
 18554, 99452,20171122,  -52,    0
 18554, 99452,20171123,-9999,    9
 18554, 99452,20171124,-9999,    9
 18554, 99452,20171125,  -45,    0
 18554, 99452,20171126, -105,    0
 18554, 99452,20171127,  -80,    0
 18554, 99452,20171128,-9999,    9
 18554, 99452,20171129,-9999,    9
 18554, 99452,20171130, -121,    0
 18554, 99452,20171201,  -76,    0
 18554, 99452,20171202,   12,    0
 18554, 99452,20171203,   -5,    0
 18554, 99452,20171204,  -25,    0
 18554, 99452,20171205,  -16,    0
 18554, 99452,20171206,  -42,    0
 18554, 99452,20171207,  -29,    0
 18554, 99452,20171208,    8,    0
 18554, 99452,20171209,  -20,    0
 18554, 99452,20171210,  -28,    0
 18554, 99452,20171211,  -39,    0
 18554, 99452,20171212, -109,    0
 18554, 99452,20171213, -147,    0
 18554, 99452,20171214, -130,    0
 18554, 99452,20171215, -132,    0
 18554, 99452,20171216,  -81,    0
 18554, 99452,20171217,  -19,    0
 18554, 99452,20171218,   -2,    0
 18554, 99452,20171219,   33,    0
 18554, 99452,20171220,   17,    0
 18554, 99452,20171221,   -6,    0
 18554, 99452,20171222,  -24,    0
 18554, 99452,20171223,   -6,    0
 18554, 99452,20171224,  -27,    0
 18554, 99452,20171225,  -46,    0
 18554, 99452,20171226,  -87,    0
 18554, 99452,20171227,  -73,    0
 18554, 99452,20171228,-9999,    9
 18554, 99452,20171229,  -63,    0
 18554, 99452,20171230,  -36,    0
 18554, 99452,20171231, -130,    0
 18554, 99452,20180101,  -38,    0
 18554, 99452,20180102,  -21,    0
 18554, 99452,20180103,  -64,    0
 18554, 99452,20180104,  -87,    0
 18554, 99452,20180105,  -64,    0
 18554, 99452,20180106,  -66,    0
 18554, 99452,20180107,  -45,    0
 18554, 99452,20180108,  -19,    0
 18554, 99452,20180109,    1,    0
 18554, 99452,20180110,  -82,    0
 18554, 99452,20180111,  -20,    0
 18554, 99452,20180112,  -22,    0
 18554, 99452,20180113,  -70,    0
 18554, 99452,20180114,  -89,    0
 18554, 99452,20180115,  -60,    0
 18554, 99452,20180116,  -34,    0
 18554, 99452,20180117,  -62,    0
 18554, 99452,20180118, -102,    0
 18554, 99452,20180119,  -91,    0
 18554, 99452,20180120, -124,    0
 18554, 99452,20180121, -109,    0
 18554, 99452,20180122, -144,    0
 18554, 99452,20180123, -156,    0
 18554, 99452,20180124,  -34,    0
 18554, 99452,20180125,  -20,    0
 18554, 99452,20180126,  -17,    0
 18554, 99452,20180127,  -92,    0
 18554, 99452,20180128,  -44,    0
 18554, 99452,20180129,  -47,    0
 18554, 99452,20180130,  -44,    0
 18554, 99452,20180131,  -38,    0
 18554, 99452,20180201,  -85,    0
 18554, 99452,20180202, -172,    0
 18554, 99452,20180203, -138,    0
 18554, 99452,20180204, -125,    0
 18554, 99452,20180205,  -65,    0
 18554, 99452,20180206,  -62,    0
 18554, 99452,20180207, -157,    0
 18554, 99452,20180208,  -69,    0
 18554, 99452,20180209,  -59,    0
 18554, 99452,20180210,  -31,    0
 18554, 99452,20180211,  -46,    0
 18554, 99452,20180212,  -60,    0
 18554, 99452,20180213,  -48,    0
 18554, 99452,20180214,  -50,    0
 18554, 99452,20180215,  -39,    0
 18554, 99452,20180216,  -37,    0
 18554, 99452,20180217,  -51,    0
 18554, 99452,20180218,  -53,    0
 18554, 99452,20180219,  -66,    0
 18554, 99452,20180220, -100,    0
 18554, 99452,20180221, -115,    0
 18554, 99452,20180222,  -81,    0
 18554, 99452,20180223,  -80,    0
 18554, 99452,20180224,  -98,    0
 18554, 99452,20180225, -138,    0
 18554, 99452,20180226, -173,    0
 18554, 99452,20180227, -135,    0
 18554, 99452,20180228, -176,    0
 18554, 99452,20180301, -162,    0
 18554, 99452,20180302, -146,    0
 18554, 99452,20180303,-9999,    9
 18554, 99452,20180304, -156,    0
 18554, 99452,20180305, -105,    0
 18554, 99452,20180306,  -99,    0
 18554, 99452,20180307, -106,    0
 18554, 99452,20180308, -110,    0
 18554, 99452,20180309,  -92,    0
 18554, 99452,20180310,-9999,    9
 18554, 99452,20180311, -113,    0
 18554, 99452,20180312, -101,    0
 18554, 99452,20180313, -109,    0
 18554, 99452,20180314, -130,    0
 18554, 99452,20180315, -154,    0
 18554, 99452,20180316, -143,    0
 18554, 99452,20180317,-9999,    9
 18554, 99452,20180318,  -13,    0
 18554, 99452,20180319,  -30,    0
 18554, 99452,20180320,  -25,    0
 18554, 99452,20180321,   -6,    0
 18554, 99452,20180322,  -38,    0
 18554, 99452,20180323,  -55,    0
 18554, 99452,20180324,  -17,    0
 18554, 99452,20180325,-9999,    9
 18554, 99452,20180326, -109,    0
 18554, 99452,20180327,  -68,    0
 18554, 99452,20180328,  -69,    0
 18554, 99452,20180329,  -87,    0
 18554, 99452,20180330,  -70,    0
 18554, 99452,20180331,  -69,    0
 18554, 99452,20180401,  -57,    0
 18554, 99452,20180402,  -55,    0
 18554, 99452,20180403,  -66,    0
 18554, 99452,20180404,  -29,    0
 18554, 99452,20180405,  -12,    0
 18554, 99452,20180406,  -14,    0
 18554, 99452,20180407,-9999,    9
 18554, 99452,20180408,  -39,    0
 18554, 99452,20180409,  -34,    0
 18554, 99452,20180410,  -57,    0
 18554, 99452,20180411,  -35,    0
 18554, 99452,20180412,   -7,    0
 18554, 99452,20180413,   43,    0
 18554, 99452,20180414,   17,    0
 18554, 99452,20180415,   16,    0
 18554, 99452,20180416,   25,    0
 18554, 99452,20180417,   31,    0
 18554, 99452,20180418,   33,    0
 18554, 99452,20180419,   37,    0
 18554, 99452,20180420,   42,    0
 18554, 99452,20180421,   25,    0
 18554, 99452,20180422,   24,    0
 18554, 99452,20180423,   38,    0
 18554, 99452,20180424,   16,    0
 18554, 99452,20180425,   10,    0
 18554, 99452,20180426,   14,    0
 18554, 99452,20180427,   23,    0
 18554, 99452,20180428,   23,    0
 18554, 99452,20180429,   10,    0
 18554, 99452,20180430,   -5,    0
 18554, 99452,20180501,   12,    0
 18554, 99452,20180502,   39,    0
 18554, 99452,20180503,   43,    0
 18554, 99452,20180504,   41,    0
 18554, 99452,20180505,-9999,    9
 18554, 99452,20180506,   46,    0
 18554, 99452,20180507,   36,    0
 18554, 99452,20180508,   62,    0
 18554, 99452,20180509,  102,    0
 18554, 99452,20180510,  118,    0
 18554, 99452,20180511,   56,    0
 18554, 99452,20180512,   61,    0
 18554, 99452,20180513,   88,    0
 18554, 99452,20180514,  107,    0
 18554, 99452,20180515,  109,    0
 18554, 99452,20180516,-9999,    9
 18554, 99452,20180517,   42,    0
 18554, 99452,20180518,   51,    0
 18554, 99452,20180519,-9999,    9
 18554, 99452,20180520,   98,    0
 18554, 99452,20180521,   84,    0
 18554, 99452,20180522,   65,    0
 18554, 99452,20180523,   66,    0
 18554, 99452,20180524,  110,    0
 18554, 99452,20180525,   97,    0
 18554, 99452,20180526,-9999,    9
 18554, 99452,20180527,  111,    0
 18554, 99452,20180528,  161,    0
 18554, 99452,20180529,   85,    0
 18554, 99452,20180530,-9999,    9
 18554, 99452,20180531,  165,    0
 18554, 99452,20180601,   89,    0
 18554, 99452,20180602,   77,    0
 18554, 99452,20180603,   60,    0
 18554, 99452,20180604,   24,    0
 18554, 99452,20180605,   25,    0
 18554, 99452,20180606,-9999,    9
 18554, 99452,20180607,   44,    0
 18554, 99452,20180608,   47,    0
 18554, 99452,20180609,   92,    0
 18554, 99452,20180610,   71,    0
 18554, 99452,20180611,   55,    0
 18554, 99452,20180612,   50,    0
 18554, 99452,20180613,   70,    0
 18554, 99452,20180614,  112,    0
 18554, 99452,20180615,   97,    0
 18554, 99452,20180616,   83,    0
 18554, 99452,20180617,  108,    0
 18554, 99452,20180618,  105,    0
 18554, 99452,20180619,   71,    0
 18554, 99452,20180620,   65,    0
 18554, 99452,20180621,   69,    0
 18554, 99452,20180622,   64,    0
 18554, 99452,20180623,   55,    0
 18554, 99452,20180624,   74,    0
 18554, 99452,20180625,   84,    0
 18554, 99452,20180626,   87,    0
 18554, 99452,20180627,   84,    0
 18554, 99452,20180628,   74,    0
 18554, 99452,20180629,   57,    0
 18554, 99452,20180630,   89,    0
 18554, 99452,20180701,  153,    0
 18554, 99452,20180702,  164,    0
 18554, 99452,20180703,   88,    0
 18554, 99452,20180704,   92,    0
 18554, 99452,20180705,  137,    0
 18554, 99452,20180706,   87,    0
 18554, 99452,20180707,   84,    0
 18554, 99452,20180708,  108,    0
 18554, 99452,20180709,  107,    0
 18554, 99452,20180710,  147,    0
 18554, 99452,20180711,  180,    0
 18554, 99452,20180712,  166,    0
 18554, 99452,20180713,  143,    0
 18554, 99452,20180714,  128,    0
 18554, 99452,20180715,  139,    0
 18554, 99452,20180716,  209,    0
 18554, 99452,20180717,  233,    0
 18554, 99452,20180718,  218,    0
 18554, 99452,20180719,  133,    0
 18554, 99452,20180720,  165,    0
 18554, 99452,20180721,  173,    0
 18554, 99452,20180722,  157,    0
 18554, 99452,20180723,  126,    0
 18554, 99452,20180724,  144,    0
 18554, 99452,20180725,  133,    0
 18554, 99452,20180726,  147,    0
 18554, 99452,20180727,  198,    0
 18554, 99452,20180728,  226,    0
 18554, 99452,20180729,  207,    0
 18554, 99452,20180730,  219,    0
 18554, 99452,20180731,  214,    0
 18554, 99452,20180801,  168,    0
 18554, 99452,20180802,  157,    0
 18554, 99452,20180803,  132,    0
 18554, 99452,20180804,  115,    0
 18554, 99452,20180805,  101,    0
 18554, 99452,20180806,  107,    0
 18554, 99452,20180807,  126,    0
 18554, 99452,20180808,  165,    0
 18554, 99452,20180809,  129,    0
 18554, 99452,20180810,  107,    0
 18554, 99452,20180811,  102,    0
 18554, 99452,20180812,   84,    0
 18554, 99452,20180813,   80,    0
 18554, 99452,20180814,   85,    0
 18554, 99452,20180815,  118,    0
 18554, 99452,20180816,  132,    0
 18554, 99452,20180817,  120,    0
 18554, 99452,20180818,  106,    0
 18554, 99452,20180819,   84,    0
 18554, 99452,20180820,   77,    0
 18554, 99452,20180821,   66,    0
 18554, 99452,20180822,   84,    0
 18554, 99452,20180823,   90,    0
 18554, 99452,20180824,   86,    0
 18554, 99452,20180825,   76,    0
 18554, 99452,20180826,   70,    0
 18554, 99452,20180827,   74,    0
 18554, 99452,20180828,  102,    0
 18554, 99452,20180829,  136,    0
 18554, 99452,20180830,   89,    0
 18554, 99452,20180831,   80,    0
 18554, 99452,20180901,  107,    0
 18554, 99452,20180902,  122,    0
 18554, 99452,20180903,  126,    0
 18554, 99452,20180904,   82,    0
 18554, 99452,20180905,   88,    0
 18554, 99452,20180906,  125,    0
 18554, 99452,20180907,  123,    0
 18554, 99452,20180908,  124,    0
 18554, 99452,20180909,  146,    0
 18554, 99452,20180910,  130,    0
 18554, 99452,20180911,  108,    0
 18554, 99452,20180912,   77,    0
 18554, 99452,20180913,   74,    0
 18554, 99452,20180914,   61,    0
 18554, 99452,20180915,   59,    0
 18554, 99452,20180916,   59,    0
 18554, 99452,20180917,   69,    0
 18554, 99452,20180918,   77,    0
 18554, 99452,20180919,   98,    0
 18554, 99452,20180920,   75,    0
 18554, 99452,20180921,   76,    0
 18554, 99452,20180922,   63,    0
 18554, 99452,20180923,   27,    0
 18554, 99452,20180924,-9999,    9
 18554, 99452,20180925,-9999,    9
 18554, 99452,20180926,-9999,    9
 18554, 99452,20180927,-9999,    9
 18554, 99452,20180928,-9999,    9
 18554, 99452,20180929,-9999,    9
 18554, 99452,20180930,-9999,    9
 18554, 99452,20181001,-9999,    9
 18554, 99452,20181002,-9999,    9
 18554, 99452,20181003,-9999,    9
 18554, 99452,20181004,    9,    0
 18554, 99452,20181005,   27,    0
 18554, 99452,20181006,    4,    0
 18554, 99452,20181007,   -6,    0
 18554, 99452,20181008,   22,    0
 18554, 99452,20181009,   44,    0
 18554, 99452,20181010,   52,    0
 18554, 99452,20181011,-9999,    9
 18554, 99452,20181012,   70,    0
 18554, 99452,20181013,   97,    0
 18554, 99452,20181014,  118,    0
 18554, 99452,20181015,   40,    0
 18554, 99452,20181016,   53,    0
 18554, 99452,20181017,-9999,    9
 18554, 99452,20181018,-9999,    9
 18554, 99452,20181019,   39,    0
 18554, 99452,20181020,   50,    0
 18554, 99452,20181021,   55,    0
 18554, 99452,20181022,-9999,    9
 18554, 99452,20181023,    0,    0
 18554, 99452,20181024,   13,    0
 18554, 99452,20181025,  -11,    0
 18554, 99452,20181026,  -52,    0
 18554, 99452,20181027,  -78,    0
 18554, 99452,20181028,  -66,    0
 18554, 99452,20181029,  -53,    0
 18554, 99452,20181030,-9999,    9
 18554, 99452,20181031,-9999,    9
 18554, 99452,20181101,-9999,    9
 18554, 99452,20181102,-9999,    9
 18554, 99452,20181103,-9999,    9
 18554, 99452,20181104,-9999,    9
 18554, 99452,20181105,-9999,    9
 18554, 99452,20181106,-9999,    9
 18554, 99452,20181107,   -6,    0
 18554, 99452,20181108,   37,    0
 18554, 99452,20181109,   19,    0
 18554, 99452,20181110,   40,    0
 18554, 99452,20181111,   46,    0
 18554, 99452,20181112,   42,    0
 18554, 99452,20181113,   39,    0
 18554, 99452,20181114,   33,    0
 18554, 99452,20181115,   49,    0
 18554, 99452,20181116,   63,    0
 18554, 99452,20181117,   37,    0
 18554, 99452,20181118,  -17,    0
 18554, 99452,20181119,  -29,    0
 18554, 99452,20181120,   -4,    0
 18554, 99452,20181121,  -58,    0
 18554, 99452,20181122,-9999,    9
 18554, 99452,20181123,    4,    0
 18554, 99452,20181124,    2,    0
 18554, 99452,20181125,   -4,    0
 18554, 99452,20181126,  -19,    0
 18554, 99452,20181127,  -53,    0
 18554, 99452,20181128,  -95,    0
 18554, 99452,20181129,   -6,    0
 18554, 99452,20181130,   30,    0
 18554, 99452,20181201,   30,    0
 18554, 99452,20181202,    7,    0
 18554, 99452,20181203,   13,    0
 18554, 99452,20181204,   -6,    0
 18554, 99452,20181205,  -16,    0
 18554, 99452,20181206,-9999,    9
 18554, 99452,20181207,  -92,    0
 18554, 99452,20181208,  -43,    0
 18554, 99452,20181209,  -45,    0
 18554, 99452,20181210,  -42,    0
 18554, 99452,20181211,  -56,    0
 18554, 99452,20181212, -116,    0
 18554, 99452,20181213, -124,    0
 18554, 99452,20181214, -122,    0
 18554, 99452,20181215, -135,    0
 18554, 99452,20181216,  -73,    0
 18554, 99452,20181217,  -68,    0
 18554, 99452,20181218,  -87,    0
 18554, 99452,20181219,  -34,    0
 18554, 99452,20181220,  -15,    0
 18554, 99452,20181221,  -38,    0
 18554, 99452,20181222, -103,    0
 18554, 99452,20181223, -126,    0
 18554, 99452,20181224,  -31,    0
 18554, 99452,20181225,    4,    0
 18554, 99452,20181226,    3,    0
 18554, 99452,20181227,   29,    0
 18554, 99452,20181228,   17,    0
 18554, 99452,20181229,    2,    0
 18554, 99452,20181230,  -64,    0
 18554, 99452,20181231,    9,    0
 18554, 99452,20190101,  -12,    0
 18554, 99452,20190102,-9999,    9
 18554, 99452,20190103,    5,    0
 18554, 99452,20190104,   29,    0
 18554, 99452,20190105,   18,    0
 18554, 99452,20190106,   23,    0
 18554, 99452,20190107,  -12,    0
 18554, 99452,20190108,  -12,    0
 18554, 99452,20190109,  -19,    0
 18554, 99452,20190110,    9,    0
 18554, 99452,20190111,   -9,    0
 18554, 99452,20190112,  -37,    0
 18554, 99452,20190113,  -57,    0
 18554, 99452,20190114,  -79,    0
 18554, 99452,20190115,  -73,    0
 18554, 99452,20190116, -135,    0
 18554, 99452,20190117,  -79,    0
 18554, 99452,20190118,-9999,    9
 18554, 99452,20190119,-9999,    9
 18554, 99452,20190120,  -73,    0
 18554, 99452,20190121, -146,    0
 18554, 99452,20190122, -138,    0
 18554, 99452,20190123, -149,    0
 18554, 99452,20190124,  -94,    0
 18554, 99452,20190125,  -76,    0
 18554, 99452,20190126, -144,    0
 18554, 99452,20190127, -158,    0
 18554, 99452,20190128,  -96,    0
 18554, 99452,20190129, -105,    0
 18554, 99452,20190130,-9999,    9
 18554, 99452,20190131,-9999,    9
 18554, 99452,20190201,-9999,    9
 18554, 99452,20190202,  -99,    0
 18554, 99452,20190203, -112,    0
 18554, 99452,20190204, -152,    0
 18554, 99452,20190205, -130,    0
 18554, 99452,20190206,  -55,    0
 18554, 99452,20190207,  -63,    0
 18554, 99452,20190208,  -62,    0
 18554, 99452,20190209,  -70,    0
 18554, 99452,20190210,  -65,    0
 18554, 99452,20190211,  -24,    0
 18554, 99452,20190212,  -36,    0
 18554, 99452,20190213,-9999,    9
 18554, 99452,20190214,-9999,    9
 18554, 99452,20190215,-9999,    9
 18554, 99452,20190216,   10,    0
 18554, 99452,20190217,  -25,    0
 18554, 99452,20190218,    4,    0
 18554, 99452,20190219,   14,    0
 18554, 99452,20190220,  -72,    0
 18554, 99452,20190221,  -85,    0
 18554, 99452,20190222,  -12,    0
 18554, 99452,20190223,   55,    0
 18554, 99452,20190224,   32,    0
 18554, 99452,20190225,   25,    0
 18554, 99452,20190226,   30,    0
 18554, 99452,20190227,   22,    0
 18554, 99452,20190228,  -15,    0
 18554, 99452,20190301,  -22,    0
 18554, 99452,20190302,  -50,    0
 18554, 99452,20190303, -100,    0
 18554, 99452,20190304, -141,    0
 18554, 99452,20190305, -151,    0
 18554, 99452,20190306, -117,    0
 18554, 99452,20190307, -102,    0
 18554, 99452,20190308,  -79,    0
 18554, 99452,20190309, -114,    0
 18554, 99452,20190310,  -88,    0
 18554, 99452,20190311, -133,    0
 18554, 99452,20190312, -102,    0
 18554, 99452,20190313,  -53,    0
 18554, 99452,20190314,  -31,    0
 18554, 99452,20190315,  -14,    0
 18554, 99452,20190316,  -27,    0
 18554, 99452,20190317,  -43,    0
 18554, 99452,20190318,  -32,    0
 18554, 99452,20190319,  -13,    0
 18554, 99452,20190320,   10,    0
 18554, 99452,20190321,   -2,    0
 18554, 99452,20190322,    7,    0
 18554, 99452,20190323,    3,    0
 18554, 99452,20190324,  -20,    0
 18554, 99452,20190325,  -26,    0
 18554, 99452,20190326,  -40,    0
 18554, 99452,20190327,   19,    0
 18554, 99452,20190328,   44,    0
 18554, 99452,20190329,   12,    0
 18554, 99452,20190330,  -17,    0
 18554, 99452,20190331,  -22,    0
 18554, 99452,20190401,    5,    0
 18554, 99452,20190402,    3,    0
 18554, 99452,20190403,   -4,    0
 18554, 99452,20190404,    0,    0
 18554, 99452,20190405,  -14,    0
 18554, 99452,20190406,    4,    0
 18554, 99452,20190407,   -3,    0
 18554, 99452,20190408,  -49,    0
 18554, 99452,20190409,-9999,    9
 18554, 99452,20190410,-9999,    9
 18554, 99452,20190411,-9999,    9
 18554, 99452,20190412,  -62,    0
 18554, 99452,20190413,  -40,    0
 18554, 99452,20190414,  -33,    0
 18554, 99452,20190415,  -14,    0
 18554, 99452,20190416,   17,    0
 18554, 99452,20190417,   38,    0
 18554, 99452,20190418,   46,    0
 18554, 99452,20190419,   55,    0
 18554, 99452,20190420,   61,    0
 18554, 99452,20190421,   41,    0
 18554, 99452,20190422,   45,    0
 18554, 99452,20190423,   62,    0
 18554, 99452,20190424,   65,    0
 18554, 99452,20190425,   77,    0
 18554, 99452,20190426,   80,    0
 18554, 99452,20190427,   79,    0
 18554, 99452,20190428,   74,    0
 18554, 99452,20190429,   75,    0
 18554, 99452,20190430,   31,    0
 18554, 99452,20190501,   16,    0
 18554, 99452,20190502,  -12,    0
 18554, 99452,20190503,  -21,    0
 18554, 99452,20190504,   -2,    0
 18554, 99452,20190505,  -18,    0
 18554, 99452,20190506,  -14,    0
 18554, 99452,20190507,   14,    0
 18554, 99452,20190508,   11,    0
 18554, 99452,20190509,   30,    0
 18554, 99452,20190510,   63,    0
 18554, 99452,20190511,   42,    0
 18554, 99452,20190512,   12,    0
 18554, 99452,20190513,    9,    0
 18554, 99452,20190514,   32,    0
 18554, 99452,20190515,   43,    0
 18554, 99452,20190516,   54,    0
 18554, 99452,20190517,   81,    0
 18554, 99452,20190518,  107,    0
 18554, 99452,20190519,   94,    0
 18554, 99452,20190520,   86,    0
 18554, 99452,20190521,  111,    0
 18554, 99452,20190522,  115,    0
 18554, 99452,20190523,   54,    0
 18554, 99452,20190524,   30,    0
 18554, 99452,20190525,   51,    0
 18554, 99452,20190526,   31,    0
 18554, 99452,20190527,   28,    0
 18554, 99452,20190528,   43,    0
 18554, 99452,20190529,-9999,    9
 18554, 99452,20190530,-9999,    9
 18554, 99452,20190531,-9999,    9
 18554, 99452,20190601,   41,    0
 18554, 99452,20190602,   46,    0
 18554, 99452,20190603,   66,    0
 18554, 99452,20190604,   90,    0
 18554, 99452,20190605,  112,    0
 18554, 99452,20190606,  159,    0
 18554, 99452,20190607,  137,    0
 18554, 99452,20190608,  108,    0
 18554, 99452,20190609,  116,    0
 18554, 99452,20190610,   67,    0
 18554, 99452,20190611,   69,    0
 18554, 99452,20190612,  111,    0
 18554, 99452,20190613,  104,    0
 18554, 99452,20190614,   94,    0
 18554, 99452,20190615,  120,    0
 18554, 99452,20190616,  163,    0
 18554, 99452,20190617,   95,    0
 18554, 99452,20190618,   99,    0
 18554, 99452,20190619,  104,    0
 18554, 99452,20190620,  103,    0
 18554, 99452,20190621,   96,    0
 18554, 99452,20190622,   76,    0
 18554, 99452,20190623,   76,    0
 18554, 99452,20190624,   69,    0
 18554, 99452,20190625,  125,    0
 18554, 99452,20190626,   73,    0
 18554, 99452,20190627,   67,    0
 18554, 99452,20190628,   81,    0
 18554, 99452,20190629,   72,    0
 18554, 99452,20190630,   86,    0
 18554, 99452,20190701,   63,    0
 18554, 99452,20190702,   47,    0
 18554, 99452,20190703,   56,    0
 18554, 99452,20190704,   74,    0
 18554, 99452,20190705,   84,    0
 18554, 99452,20190706,   80,    0
 18554, 99452,20190707,   87,    0
 18554, 99452,20190708,  130,    0
 18554, 99452,20190709,  145,    0
 18554, 99452,20190710,  127,    0
 18554, 99452,20190711,  134,    0
 18554, 99452,20190712,  115,    0
 18554, 99452,20190713,  110,    0
 18554, 99452,20190714,   83,    0
 18554, 99452,20190715,   82,    0
 18554, 99452,20190716,   94,    0
 18554, 99452,20190717,  112,    0
 18554, 99452,20190718,  145,    0
 18554, 99452,20190719,  171,    0
 18554, 99452,20190720,  171,    0
 18554, 99452,20190721,  189,    0
 18554, 99452,20190722,  151,    0
 18554, 99452,20190723,  162,    0
 18554, 99452,20190724,  162,    0
 18554, 99452,20190725,  214,    0
 18554, 99452,20190726,  229,    0
 18554, 99452,20190727,  246,    0
 18554, 99452,20190728,  247,    0
 18554, 99452,20190729,  174,    0
 18554, 99452,20190730,  128,    0
 18554, 99452,20190731,  133,    0
 18554, 99452,20190801,  154,    0
 18554, 99452,20190802,  130,    0
 18554, 99452,20190803,  103,    0
 18554, 99452,20190804,  105,    0
 18554, 99452,20190805,  101,    0
 18554, 99452,20190806,  130,    0
 18554, 99452,20190807,  153,    0
 18554, 99452,20190808,  141,    0
 18554, 99452,20190809,  136,    0
 18554, 99452,20190810,  152,    0
 18554, 99452,20190811,  156,    0
 18554, 99452,20190812,  167,    0
 18554, 99452,20190813,  137,    0
 18554, 99452,20190814,   89,    0
 18554, 99452,20190815,   97,    0
 18554, 99452,20190816,   91,    0
 18554, 99452,20190817,  127,    0
 18554, 99452,20190818,  130,    0
 18554, 99452,20190819,  120,    0
 18554, 99452,20190820,  117,    0
 18554, 99452,20190821,  101,    0
 18554, 99452,20190822,-9999,    9
 18554, 99452,20190823,  106,    0
 18554, 99452,20190824,  126,    0
 18554, 99452,20190825,  120,    0
 18554, 99452,20190826,  115,    0
 18554, 99452,20190827,-9999,    9
 18554, 99452,20190828,  187,    0
 18554, 99452,20190829,  167,    0
 18554, 99452,20190830,  133,    0
 18554, 99452,20190831,  145,    0
 18554, 99452,20190901,  136,    0
 18554, 99452,20190902,   82,    0
 18554, 99452,20190903,   79,    0
 18554, 99452,20190904,   74,    0
 18554, 99452,20190905,   62,    0
 18554, 99452,20190906,   56,    0
 18554, 99452,20190907,   54,    0
 18554, 99452,20190908,   67,    0
 18554, 99452,20190909,  101,    0
 18554, 99452,20190910,  136,    0
 18554, 99452,20190911,  135,    0
 18554, 99452,20190912,   89,    0
 18554, 99452,20190913,   58,    0
 18554, 99452,20190914,   55,    0
 18554, 99452,20190915,   54,    0
 18554, 99452,20190916,   56,    0
 18554, 99452,20190917,   58,    0
 18554, 99452,20190918,   53,    0
 18554, 99452,20190919,   31,    0
 18554, 99452,20190920,   21,    0
 18554, 99452,20190921,   40,    0
 18554, 99452,20190922,   34,    0
 18554, 99452,20190923,   44,    0
 18554, 99452,20190924,   29,    0
 18554, 99452,20190925,   44,    0
 18554, 99452,20190926,   79,    0
 18554, 99452,20190927,   92,    0
 18554, 99452,20190928,   80,    0
 18554, 99452,20190929,   56,    0
 18554, 99452,20190930,   13,    0
 18554, 99452,20191001,   31,    0
 18554, 99452,20191002,   17,    0
 18554, 99452,20191003,    5,    0
 18554, 99452,20191004,  -28,    0
 18554, 99452,20191005,  -12,    0
 18554, 99452,20191006,   27,    0
 18554, 99452,20191007,   24,    0
 18554, 99452,20191008,   28,    0
 18554, 99452,20191009,   16,    0
 18554, 99452,20191010,    5,    0
 18554, 99452,20191011,   -5,    0
 18554, 99452,20191012,   -4,    0
 18554, 99452,20191013,    4,    0
 18554, 99452,20191014,  -19,    0
 18554, 99452,20191015,  -15,    0
 18554, 99452,20191016,  -20,    0
 18554, 99452,20191017,   13,    0
 18554, 99452,20191018,   19,    0
 18554, 99452,20191019,    1,    0
 18554, 99452,20191020,  -24,    0
 18554, 99452,20191021,   -4,    0
 18554, 99452,20191022,   34,    0
 18554, 99452,20191023,-9999,    9
 18554, 99452,20191024,-9999,    9
 18554, 99452,20191025,-9999,    9
 18554, 99452,20191026,-9999,    9
 18554, 99452,20191027,-9999,    9
 18554, 99452,20191028,    2,    0
 18554, 99452,20191029,   -7,    0
 18554, 99452,20191030,    7,    0
 18554, 99452,20191031,    2,    0
 18554, 99452,20191101,  -11,    0
 18554, 99452,20191102,  -34,    0
 18554, 99452,20191103,  -81,    0
 18554, 99452,20191104, -107,    0
 18554, 99452,20191105, -113,    0
 18554, 99452,20191106, -109,    0
 18554, 99452,20191107,  -71,    0
 18554, 99452,20191108,  -79,    0
 18554, 99452,20191109, -144,    0
 18554, 99452,20191110, -138,    0
 18554, 99452,20191111,  -84,    0
 18554, 99452,20191112,  -33,    0
 18554, 99452,20191113,    5,    0
 18554, 99452,20191114,  -21,    0
 18554, 99452,20191115,  -16,    0
 18554, 99452,20191116,   -9,    0
 18554, 99452,20191117,  -18,    0
 18554, 99452,20191118,  -12,    0
 18554, 99452,20191119,   16,    0
 18554, 99452,20191120,   15,    0
 18554, 99452,20191121,   -6,    0
 18554, 99452,20191122,   31,    0
 18554, 99452,20191123,   19,    0
 18554, 99452,20191124,   -3,    0
 18554, 99452,20191125,  -39,    0
 18554, 99452,20191126,  -55,    0
 18554, 99452,20191127, -112,    0
 18554, 99452,20191128, -116,    0
 18554, 99452,20191129,  -62,    0
 18554, 99452,20191130,  -41,    0
 18554, 99452,20191201,  -28,    0
 18554, 99452,20191202,  -23,    0
 18554, 99452,20191203,   22,    0
 18554, 99452,20191204,   45,    0
 18554, 99452,20191205,    9,    0
 18554, 99452,20191206,   10,    0
 18554, 99452,20191207,-9999,    9
 18554, 99452,20191208,  -56,    0
 18554, 99452,20191209,  -54,    0
 18554, 99452,20191210,  -49,    0
 18554, 99452,20191211,    5,    0
 18554, 99452,20191212,-9999,    9
 18554, 99452,20191213,   -9,    0
 18554, 99452,20191214,-9999,    9
 18554, 99452,20191215,    1,    0
 18554, 99452,20191216,  -28,    0
 18554, 99452,20191217,  -40,    0
 18554, 99452,20191218,  -14,    0
 18554, 99452,20191219,  -10,    0
 18554, 99452,20191220,  -53,    0
 18554, 99452,20191221,-9999,    9
 18554, 99452,20191222,-9999,    9
 18554, 99452,20191223,-9999,    9
 18554, 99452,20191224,  -58,    0
 18554, 99452,20191225,  -39,    0
 18554, 99452,20191226,  -58,    0
 18554, 99452,20191227, -105,    0
 18554, 99452,20191228,  -45,    0
 18554, 99452,20191229,   50,    0
 18554, 99452,20191230,   25,    0
 18554, 99452,20191231,    1,    0
 18554, 99452,20200101,   41,    0
 18554, 99452,20200102,   46,    0
 18554, 99452,20200103,  -12,    0
 18554, 99452,20200104,  -20,    0
 18554, 99452,20200105,-9999,    9
 18554, 99452,20200106,-9999,    9
 18554, 99452,20200107,   30,    0
 18554, 99452,20200108,   13,    0
 18554, 99452,20200109,   -1,    0
 18554, 99452,20200110,    3,    0
 18554, 99452,20200111,    6,    0
 18554, 99452,20200112,-9999,    9
 18554, 99452,20200113,-9999,    9
 18554, 99452,20200114,-9999,    9
 18554, 99452,20200115,-9999,    9
 18554, 99452,20200116,   10,    0
 18554, 99452,20200117,   16,    0
 18554, 99452,20200118,  -24,    0
 18554, 99452,20200119,    4,    0
 18554, 99452,20200120,   45,    0
 18554, 99452,20200121,-9999,    9
 18554, 99452,20200122,   -3,    0
 18554, 99452,20200123,   20,    0
 18554, 99452,20200124,  -14,    0
 18554, 99452,20200125,  -27,    0
 18554, 99452,20200126,  -39,    0
 18554, 99452,20200127,-9999,    9
 18554, 99452,20200128,-9999,    9
 18554, 99452,20200129,  -69,    0
 18554, 99452,20200130,  -58,    0
 18554, 99452,20200131,  -17,    0
 18554, 99452,20200201,   -1,    0
 18554, 99452,20200202,    4,    0
 18554, 99452,20200203,  -66,    0
 18554, 99452,20200204, -101,    0
 18554, 99452,20200205,  -31,    0
 18554, 99452,20200206,  -72,    0
 18554, 99452,20200207,   17,    0
 18554, 99452,20200208,  -20,    0
 18554, 99452,20200209,    5,    0
 18554, 99452,20200210,    2,    0
 18554, 99452,20200211,   -5,    0
 18554, 99452,20200212,  -23,    0
 18554, 99452,20200213,  -25,    0
 18554, 99452,20200214,  -35,    0
 18554, 99452,20200215,   -9,    0
 18554, 99452,20200216,    7,    0
 18554, 99452,20200217,    7,    0
 18554, 99452,20200218,    4,    0
 18554, 99452,20200219,  -43,    0
 18554, 99452,20200220,  -29,    0
 18554, 99452,20200221,    8,    0
 18554, 99452,20200222,    3,    0
 18554, 99452,20200223,  -18,    0
 18554, 99452,20200224,  -37,    0
 18554, 99452,20200225,  -91,    0
 18554, 99452,20200226, -129,    0
 18554, 99452,20200227,  -82,    0
 18554, 99452,20200228,  -75,    0
 18554, 99452,20200229,  -58,    0
 18554, 99452,20200301, -110,    0
 18554, 99452,20200302,  -72,    0
 18554, 99452,20200303,  -48,    0
 18554, 99452,20200304,  -33,    0
 18554, 99452,20200305,  -76,    0
 18554, 99452,20200306,  -24,    0
 18554, 99452,20200307,   -5,    0
 18554, 99452,20200308,   -3,    0
 18554, 99452,20200309,   25,    0
 18554, 99452,20200310,    7,    0
 18554, 99452,20200311,    8,    0
 18554, 99452,20200312,  -10,    0
 18554, 99452,20200313,  -66,    0
 18554, 99452,20200314,  -56,    0
 18554, 99452,20200315,  -27,    0
 18554, 99452,20200316,  -28,    0
 18554, 99452,20200317,   -3,    0
 18554, 99452,20200318,   -9,    0
 18554, 99452,20200319,  -30,    0
 18554, 99452,20200320,-9999,    9
 18554, 99452,20200321,-9999,    9
 18554, 99452,20200322,-9999,    9
 18554, 99452,20200323,-9999,    9
 18554, 99452,20200324,-9999,    9
 18554, 99452,20200325,-9999,    9
 18554, 99452,20200326,-9999,    9
 18554, 99452,20200327,   11,    0
 18554, 99452,20200328,  -57,    0
 18554, 99452,20200329,  -46,    0
 18554, 99452,20200330,  -53,    0
 18554, 99452,20200331,    3,    0
 18554, 99452,20200401,  -25,    0
 18554, 99452,20200402,  -18,    0
 18554, 99452,20200403,  -43,    0
 18554, 99452,20200404,  -55,    0
 18554, 99452,20200405,  -42,    0
 18554, 99452,20200406,   14,    0
 18554, 99452,20200407,   31,    0
 18554, 99452,20200408,   16,    0
 18554, 99452,20200409,   -9,    0
 18554, 99452,20200410,  -21,    0
 18554, 99452,20200411,-9999,    9
 18554, 99452,20200412,-9999,    9
 18554, 99452,20200413,-9999,    9
 18554, 99452,20200414,-9999,    9
 18554, 99452,20200415,-9999,    9
 18554, 99452,20200416,-9999,    9
 18554, 99452,20200417,   -2,    0
 18554, 99452,20200418,   13,    0
 18554, 99452,20200419,   24,    0
 18554, 99452,20200420,   21,    0
 18554, 99452,20200421,   13,    0
 18554, 99452,20200422,    8,    0
 18554, 99452,20200423,   13,    0
 18554, 99452,20200424,   18,    0
 18554, 99452,20200425,    8,    0
 18554, 99452,20200426,    7,    0
 18554, 99452,20200427,    0,    0
 18554, 99452,20200428,   -6,    0
 18554, 99452,20200429,    1,    0
 18554, 99452,20200430,   10,    0
 18554, 99452,20200501,   10,    0
 18554, 99452,20200502,   14,    0
 18554, 99452,20200503,   10,    0
 18554, 99452,20200504,    9,    0
 18554, 99452,20200505,   15,    0
 18554, 99452,20200506,    2,    0
 18554, 99452,20200507,    1,    0
 18554, 99452,20200508,   -3,    0
 18554, 99452,20200509,   -9,    0
 18554, 99452,20200510,  -21,    0
 18554, 99452,20200511,  -13,    0
 18554, 99452,20200512,  -13,    0
 18554, 99452,20200513,  -20,    0
 18554, 99452,20200514,  -17,    0
 18554, 99452,20200515,  -11,    0
 18554, 99452,20200516,    4,    0
 18554, 99452,20200517,   20,    0
 18554, 99452,20200518,    5,    0
 18554, 99452,20200519,   13,    0
 18554, 99452,20200520,   19,    0
 18554, 99452,20200521,   24,    0
 18554, 99452,20200522,   71,    0
 18554, 99452,20200523,   62,    0
 18554, 99452,20200524,   50,    0
 18554, 99452,20200525,   42,    0
 18554, 99452,20200526,   50,    0
 18554, 99452,20200527,   43,    0
 18554, 99452,20200528,   37,    0
 18554, 99452,20200529,   45,    0
 18554, 99452,20200530,   55,    0
 18554, 99452,20200531,   78,    0
 18554, 99452,20200601,   87,    0
 18554, 99452,20200602,   73,    0
 18554, 99452,20200603,   52,    0
 18554, 99452,20200604,   80,    0
 18554, 99452,20200605,   87,    0
 18554, 99452,20200606,   85,    0
 18554, 99452,20200607,   58,    0
 18554, 99452,20200608,   36,    0
 18554, 99452,20200609,   47,    0
 18554, 99452,20200610,   76,    0
 18554, 99452,20200611,   85,    0
 18554, 99452,20200612,   97,    0
 18554, 99452,20200613,  120,    0
 18554, 99452,20200614,  117,    0
 18554, 99452,20200615,   87,    0
 18554, 99452,20200616,  100,    0
 18554, 99452,20200617,  129,    0
 18554, 99452,20200618,  128,    0
 18554, 99452,20200619,  129,    0
 18554, 99452,20200620,  155,    0
 18554, 99452,20200621,  164,    0
 18554, 99452,20200622,  155,    0
 18554, 99452,20200623,  133,    0
 18554, 99452,20200624,  142,    0
 18554, 99452,20200625,  137,    0
 18554, 99452,20200626,  148,    0
 18554, 99452,20200627,-9999,    9
 18554, 99452,20200628,  145,    0
 18554, 99452,20200629,  117,    0
 18554, 99452,20200630,-9999,    9
 18554, 99452,20200701,   52,    0
 18554, 99452,20200702,   65,    0
 18554, 99452,20200703,   91,    0
 18554, 99452,20200704,   93,    0
 18554, 99452,20200705,  109,    0
 18554, 99452,20200706,  109,    0
 18554, 99452,20200707,   77,    0
 18554, 99452,20200708,   77,    0
 18554, 99452,20200709,   81,    0
 18554, 99452,20200710,   88,    0
 18554, 99452,20200711,   82,    0
 18554, 99452,20200712,   74,    0
 18554, 99452,20200713,   89,    0
 18554, 99452,20200714,  123,    0
 18554, 99452,20200715,  139,    0
 18554, 99452,20200716,  149,    0
 18554, 99452,20200717,  131,    0
 18554, 99452,20200718,  131,    0
 18554, 99452,20200719,  113,    0
 18554, 99452,20200720,   97,    0
 18554, 99452,20200721,   83,    0
 18554, 99452,20200722,   86,    0
 18554, 99452,20200723,   83,    0
 18554, 99452,20200724,   93,    0
 18554, 99452,20200725,   94,    0
 18554, 99452,20200726,  145,    0
 18554, 99452,20200727,  129,    0
 18554, 99452,20200728,  147,    0
 18554, 99452,20200729,  151,    0
 18554, 99452,20200730,  150,    0
 18554, 99452,20200731,  133,    0
 18554, 99452,20200801,  151,    0
 18554, 99452,20200802,  174,    0
 18554, 99452,20200803,  125,    0
 18554, 99452,20200804,   98,    0
 18554, 99452,20200805,  130,    0
 18554, 99452,20200806,  125,    0
 18554, 99452,20200807,  169,    0
 18554, 99452,20200808,  160,    0
 18554, 99452,20200809,  102,    0
 18554, 99452,20200810,  125,    0
 18554, 99452,20200811,  145,    0
 18554, 99452,20200812,  116,    0
 18554, 99452,20200813,  120,    0
 18554, 99452,20200814,  122,    0
 18554, 99452,20200815,  115,    0
 18554, 99452,20200816,   99,    0
 18554, 99452,20200817,  100,    0
 18554, 99452,20200818,  122,    0
 18554, 99452,20200819,  118,    0
 18554, 99452,20200820,  109,    0
 18554, 99452,20200821,  161,    0
 18554, 99452,20200822,  157,    0
 18554, 99452,20200823,   94,    0
 18554, 99452,20200824,-9999,    9
 18554, 99452,20200825,-9999,    9
 18554, 99452,20200826,   81,    0
 18554, 99452,20200827,   81,    0
 18554, 99452,20200828,   81,    0
 18554, 99452,20200829,   76,    0
 18554, 99452,20200830,   65,    0
 18554, 99452,20200831,   56,    0
 18554, 99452,20200901,   87,    0
 18554, 99452,20200902,  120,    0
 18554, 99452,20200903,  134,    0
 18554, 99452,20200904,  109,    0
 18554, 99452,20200905,   84,    0
 18554, 99452,20200906,   88,    0
 18554, 99452,20200907,   95,    0
 18554, 99452,20200908,   88,    0
 18554, 99452,20200909,   73,    0
 18554, 99452,20200910,   57,    0
 18554, 99452,20200911,   73,    0
 18554, 99452,20200912,   81,    0
 18554, 99452,20200913,   64,    0
 18554, 99452,20200914,   65,    0
 18554, 99452,20200915,   65,    0
 18554, 99452,20200916,   57,    0
 18554, 99452,20200917,   57,    0
 18554, 99452,20200918,   81,    0
 18554, 99452,20200919,   64,    0
 18554, 99452,20200920,   66,    0
 18554, 99452,20200921,   79,    0
 18554, 99452,20200922,   49,    0
 18554, 99452,20200923,   69,    0
 18554, 99452,20200924,   48,    0
 18554, 99452,20200925,   62,    0
 18554, 99452,20200926,   29,    0
 18554, 99452,20200927,   65,    0
 18554, 99452,20200928,  109,    0
 18554, 99452,20200929,   96,    0
 18554, 99452,20200930,  108,    0
 18554, 99452,20201001,  102,    0
 18554, 99452,20201002,  105,    0
 18554, 99452,20201003,   99,    0
 18554, 99452,20201004,  102,    0
 18554, 99452,20201005,   94,    0
 18554, 99452,20201006,   94,    0
 18554, 99452,20201007,  106,    0
 18554, 99452,20201008,   98,    0
 18554, 99452,20201009,   78,    0
 18554, 99452,20201010,   70,    0
 18554, 99452,20201011,   65,    0
 18554, 99452,20201012,   41,    0
 18554, 99452,20201013,   29,    0
 18554, 99452,20201014,   41,    0
 18554, 99452,20201015,   48,    0
 18554, 99452,20201016,   49,    0
 18554, 99452,20201017,   12,    0
 18554, 99452,20201018,  -14,    0
 18554, 99452,20201019,  -40,    0
 18554, 99452,20201020,  -10,    0
 18554, 99452,20201021,   -4,    0
 18554, 99452,20201022,  -29,    0
 18554, 99452,20201023,    2,    0
 18554, 99452,20201024,  -45,    0
 18554, 99452,20201025,-9999,    9
 18554, 99452,20201026,-9999,    9
 18554, 99452,20201027,   10,    0
 18554, 99452,20201028,   29,    0
 18554, 99452,20201029,   20,    0
 18554, 99452,20201030,   13,    0
 18554, 99452,20201031,   23,    0
 18554, 99452,20201101,   59,    0
 18554, 99452,20201102,   63,    0
 18554, 99452,20201103,   42,    0
 18554, 99452,20201104,   33,    0
 18554, 99452,20201105,   44,    0
 18554, 99452,20201106,   68,    0
 18554, 99452,20201107,   39,    0
 18554, 99452,20201108,   17,    0
 18554, 99452,20201109,   19,    0
 18554, 99452,20201110,    3,    0
 18554, 99452,20201111,   20,    0
 18554, 99452,20201112,    1,    0
 18554, 99452,20201113,   18,    0
 18554, 99452,20201114,   34,    0
 18554, 99452,20201115,   46,    0
 18554, 99452,20201116,   76,    0
 18554, 99452,20201117,   52,    0
 18554, 99452,20201118,   12,    0
 18554, 99452,20201119,  -33,    0
 18554, 99452,20201120,  -12,    0
 18554, 99452,20201121,    3,    0
 18554, 99452,20201122,   23,    0
 18554, 99452,20201123,    8,    0
 18554, 99452,20201124,  -12,    0
 18554, 99452,20201125,    3,    0
 18554, 99452,20201126,   17,    0
 18554, 99452,20201127,   16,    0
 18554, 99452,20201128,    0,    0
 18554, 99452,20201129,   10,    0
 18554, 99452,20201130,  -17,    0
 18554, 99452,20201201,  -13,    0
 18554, 99452,20201202,   -7,    0
 18554, 99452,20201203,-9999,    9
 18554, 99452,20201204,    6,    0
 18554, 99452,20201205,    2,    0
 18554, 99452,20201206,   -7,    0
 18554, 99452,20201207,-9999,    9
 18554, 99452,20201208,-9999,    9
 18554, 99452,20201209,   -3,    0
 18554, 99452,20201210,   -4,    0
 18554, 99452,20201211,   -5,    0
 18554, 99452,20201212,  -23,    0
 18554, 99452,20201213,   -8,    0
 18554, 99452,20201214,-9999,    9
 18554, 99452,20201215,  -15,    0
 18554, 99452,20201216,  -24,    0
 18554, 99452,20201217,  -24,    0
 18554, 99452,20201218,  -22,    0
 18554, 99452,20201219,  -13,    0
 18554, 99452,20201220,   -1,    0
 18554, 99452,20201221,   -4,    0
 18554, 99452,20201222,-9999,    9
 18554, 99452,20201223,  -17,    0
 18554, 99452,20201224,    5,    0
 18554, 99452,20201225,  -27,    0
 18554, 99452,20201226,  -52,    0
 18554, 99452,20201227,-9999,    9
 18554, 99452,20201228,   16,    0
 18554, 99452,20201229,    1,    0
 18554, 99452,20201230,  -33,    0
 18554, 99452,20201231,  -64,    0
 18554, 99452,20210101,  -61,    0
 18554, 99452,20210102, -100,    0
 18554, 99452,20210103,  -84,    0
 18554, 99452,20210104,  -83,    0
 18554, 99452,20210105,  -67,    0
 18554, 99452,20210106,  -42,    0
 18554, 99452,20210107,  -95,    0
 18554, 99452,20210108, -134,    0
 18554, 99452,20210109,  -84,    0
 18554, 99452,20210110,  -49,    0
 18554, 99452,20210111,  -79,    0
 18554, 99452,20210112,-9999,    9
 18554, 99452,20210113, -139,    0
 18554, 99452,20210114, -141,    0
 18554, 99452,20210115,  -62,    0
 18554, 99452,20210116,  -60,    0
 18554, 99452,20210117, -129,    0
 18554, 99452,20210118, -124,    0
 18554, 99452,20210119, -120,    0
 18554, 99452,20210120,  -66,    0
 18554, 99452,20210121,  -80,    0
 18554, 99452,20210122,  -65,    0
 18554, 99452,20210123, -115,    0
 18554, 99452,20210124, -110,    0
 18554, 99452,20210125,  -77,    0
 18554, 99452,20210126,  -59,    0
 18554, 99452,20210127,  -53,    0
 18554, 99452,20210128, -107,    0
 18554, 99452,20210129, -147,    0
 18554, 99452,20210130, -134,    0
 18554, 99452,20210131, -134,    0
 18554, 99452,20210201, -172,    0
 18554, 99452,20210202, -163,    0
 18554, 99452,20210203, -169,    0
 18554, 99452,20210204, -141,    0
 18554, 99452,20210205, -121,    0
 18554, 99452,20210206, -117,    0
 18554, 99452,20210207, -125,    0
 18554, 99452,20210208, -108,    0
 18554, 99452,20210209,  -93,    0
 18554, 99452,20210210, -176,    0
 18554, 99452,20210211,  -86,    0
 18554, 99452,20210212,  -15,    0
 18554, 99452,20210213,  -15,    0
 18554, 99452,20210214,  -47,    0
 18554, 99452,20210215, -121,    0
 18554, 99452,20210216, -100,    0
 18554, 99452,20210217,  -89,    0
 18554, 99452,20210218, -106,    0
 18554, 99452,20210219,  -54,    0
 18554, 99452,20210220,  -41,    0
 18554, 99452,20210221,-9999,    9
 18554, 99452,20210222,  -53,    0
 18554, 99452,20210223,  -33,    0
 18554, 99452,20210224,   33,    0
 18554, 99452,20210225,   37,    0
 18554, 99452,20210226,   18,    0
 18554, 99452,20210227,   29,    0
 18554, 99452,20210228,   38,    0
 18554, 99452,20210301,   10,    0
 18554, 99452,20210302,    7,    0
 18554, 99452,20210303,  -17,    0
 18554, 99452,20210304,-9999,    9
 18554, 99452,20210305,  -31,    0
 18554, 99452,20210306,  -51,    0
 18554, 99452,20210307,  -52,    0
 18554, 99452,20210308,  -47,    0
 18554, 99452,20210309,  -64,    0
 18554, 99452,20210310,  -86,    0
 18554, 99452,20210311,  -44,    0
 18554, 99452,20210312,  -15,    0
 18554, 99452,20210313,  -21,    0
 18554, 99452,20210314,  -35,    0
 18554, 99452,20210315,  -10,    0
 18554, 99452,20210316,  -41,    0
 18554, 99452,20210317,  -19,    0
 18554, 99452,20210318,  -33,    0
 18554, 99452,20210319,  -48,    0
 18554, 99452,20210320,   13,    0
 18554, 99452,20210321,-9999,    9
 18554, 99452,20210322,   25,    0
 18554, 99452,20210323,   34,    0
 18554, 99452,20210324,   23,    0
 18554, 99452,20210325,    8,    0
 18554, 99452,20210326,   28,    0
 18554, 99452,20210327,   25,    0
 18554, 99452,20210328,   25,    0
 18554, 99452,20210329,   22,    0
 18554, 99452,20210330,   13,    0
 18554, 99452,20210331,    2,    0
 18554, 99452,20210401,   -1,    0
 18554, 99452,20210402,  -12,    0
 18554, 99452,20210403,   11,    0
 18554, 99452,20210404,    9,    0
 18554, 99452,20210405,  -22,    0
 18554, 99452,20210406,    3,    0
 18554, 99452,20210407,  -28,    0
 18554, 99452,20210408,  -44,    0
 18554, 99452,20210409,  -42,    0
 18554, 99452,20210410,  -22,    0
 18554, 99452,20210411,   -5,    0
 18554, 99452,20210412,  -20,    0
 18554, 99452,20210413,  -35,    0
 18554, 99452,20210414,   -1,    0
 18554, 99452,20210415,   16,    0
 18554, 99452,20210416,   25,    0
 18554, 99452,20210417,-9999,    9
 18554, 99452,20210418,   40,    0
 18554, 99452,20210419,   50,    0
 18554, 99452,20210420,   47,    0
 18554, 99452,20210421,    3,    0
 18554, 99452,20210422,  -18,    0
 18554, 99452,20210423,  -14,    0
 18554, 99452,20210424,  -13,    0
 18554, 99452,20210425,   -8,    0
 18554, 99452,20210426,   -4,    0
 18554, 99452,20210427,  -13,    0
 18554, 99452,20210428,  -10,    0
 18554, 99452,20210429,   -6,    0
 18554, 99452,20210430,   -7,    0
 18554, 99452,20210501,  -11,    0
 18554, 99452,20210502,  -10,    0
 18554, 99452,20210503,  -23,    0
 18554, 99452,20210504,    7,    0
 18554, 99452,20210505,    9,    0
 18554, 99452,20210506,   -7,    0
 18554, 99452,20210507,   -5,    0
 18554, 99452,20210508,    1,    0
 18554, 99452,20210509,   11,    0
 18554, 99452,20210510,-9999,    9
 18554, 99452,20210511,-9999,    9
 18554, 99452,20210512,   61,    0
 18554, 99452,20210513,   41,    0
 18554, 99452,20210514,   49,    0
 18554, 99452,20210515,   49,    0
 18554, 99452,20210516,-9999,    9
 18554, 99452,20210517,   61,    0
 18554, 99452,20210518,   52,    0
 18554, 99452,20210519,   52,    0
 18554, 99452,20210520,   36,    0
 18554, 99452,20210521,   62,    0
 18554, 99452,20210522,   62,    0
 18554, 99452,20210523,   48,    0
 18554, 99452,20210524,   69,    0
 18554, 99452,20210525,   85,    0
 18554, 99452,20210526,   87,    0
 18554, 99452,20210527,   80,    0
 18554, 99452,20210528,   54,    0
 18554, 99452,20210529,   59,    0
 18554, 99452,20210530,   80,    0
 18554, 99452,20210531,   85,    0
 18554, 99452,20210601,  126,    0
 18554, 99452,20210602,  149,    0
 18554, 99452,20210603,  155,    0
 18554, 99452,20210604,  154,    0
 18554, 99452,20210605,  143,    0
 18554, 99452,20210606,  139,    0
 18554, 99452,20210607,   97,    0
 18554, 99452,20210608,  129,    0
 18554, 99452,20210609,  136,    0
 18554, 99452,20210610,  150,    0
 18554, 99452,20210611,  138,    0
 18554, 99452,20210612,   79,    0
 18554, 99452,20210613,   56,    0
 18554, 99452,20210614,-9999,    9
 18554, 99452,20210615,   55,    0
 18554, 99452,20210616,   70,    0
 18554, 99452,20210617,  104,    0
 18554, 99452,20210618,   86,    0
 18554, 99452,20210619,   87,    0
 18554, 99452,20210620,  116,    0
 18554, 99452,20210621,  102,    0
 18554, 99452,20210622,   92,    0
 18554, 99452,20210623,  116,    0
 18554, 99452,20210624,  108,    0
 18554, 99452,20210625,   94,    0
 18554, 99452,20210626,   96,    0
 18554, 99452,20210627,   86,    0
 18554, 99452,20210628,   91,    0
 18554, 99452,20210629,   83,    0
 18554, 99452,20210630,  101,    0
 18554, 99452,20210701,  156,    0
 18554, 99452,20210702,  191,    0
 18554, 99452,20210703,  219,    0
 18554, 99452,20210704,  219,    0
 18554, 99452,20210705,  219,    0
 18554, 99452,20210706,  198,    0
 18554, 99452,20210707,  170,    0
 18554, 99452,20210708,  145,    0
 18554, 99452,20210709,  173,    0
 18554, 99452,20210710,  181,    0
 18554, 99452,20210711,  155,    0
 18554, 99452,20210712,  161,    0
 18554, 99452,20210713,  159,    0
 18554, 99452,20210714,  176,    0
 18554, 99452,20210715,  128,    0
 18554, 99452,20210716,  108,    0
 18554, 99452,20210717,  108,    0
 18554, 99452,20210718,   86,    0
 18554, 99452,20210719,   84,    0
 18554, 99452,20210720,   69,    0
 18554, 99452,20210721,   79,    0
 18554, 99452,20210722,   83,    0
 18554, 99452,20210723,   83,    0
 18554, 99452,20210724,  113,    0
 18554, 99452,20210725,  170,    0
 18554, 99452,20210726,  196,    0
 18554, 99452,20210727,  203,    0
 18554, 99452,20210728,  207,    0
 18554, 99452,20210729,  198,    0
 18554, 99452,20210730,  117,    0
 18554, 99452,20210731,  101,    0
 18554, 99452,20210801,   79,    0
 18554, 99452,20210802,   79,    0
 18554, 99452,20210803,   82,    0
 18554, 99452,20210804,  108,    0
 18554, 99452,20210805,  127,    0
 18554, 99452,20210806,  157,    0
 18554, 99452,20210807,  165,    0
 18554, 99452,20210808,  144,    0
 18554, 99452,20210809,  153,    0
 18554, 99452,20210810,  141,    0
 18554, 99452,20210811,  113,    0
 18554, 99452,20210812,-9999,    9
 18554, 99452,20210813,  139,    0
 18554, 99452,20210814,  135,    0
 18554, 99452,20210815,  113,    0
 18554, 99452,20210816,   99,    0
 18554, 99452,20210817,  118,    0
 18554, 99452,20210818,  102,    0
 18554, 99452,20210819,  100,    0
 18554, 99452,20210820,   87,    0
 18554, 99452,20210821,   79,    0
 18554, 99452,20210822,   67,    0
 18554, 99452,20210823,   76,    0
 18554, 99452,20210824,   84,    0
 18554, 99452,20210825,   95,    0
 18554, 99452,20210826,   92,    0
 18554, 99452,20210827,   94,    0
 18554, 99452,20210828,  109,    0
 18554, 99452,20210829,  104,    0
 18554, 99452,20210830,   94,    0
 18554, 99452,20210831,-9999,    9
 18554, 99452,20210901,   67,    0
 18554, 99452,20210902,   79,    0
 18554, 99452,20210903,   48,    0
 18554, 99452,20210904,   52,    0
 18554, 99452,20210905,   63,    0
 18554, 99452,20210906,   74,    0
 18554, 99452,20210907,  101,    0
 18554, 99452,20210908,-9999,    9
 18554, 99452,20210909,   79,    0
 18554, 99452,20210910,   72,    0
 18554, 99452,20210911,   93,    0
 18554, 99452,20210912,   80,    0
 18554, 99452,20210913,   44,    0
 18554, 99452,20210914,   49,    0
 18554, 99452,20210915,   52,    0
 18554, 99452,20210916,   70,    0
 18554, 99452,20210917,   70,    0
 18554, 99452,20210918,   62,    0
 18554, 99452,20210919,   72,    0
 18554, 99452,20210920,   62,    0
 18554, 99452,20210921,   60,    0
 18554, 99452,20210922,   81,    0
 18554, 99452,20210923,   63,    0
 18554, 99452,20210924,   46,    0
 18554, 99452,20210925,   61,    0
 18554, 99452,20210926,   81,    0
 18554, 99452,20210927,  124,    0
 18554, 99452,20210928,   93,    0
 18554, 99452,20210929,   92,    0
 18554, 99452,20210930,   84,    0
 18554, 99452,20211001,   89,    0
 18554, 99452,20211002,  101,    0
 18554, 99452,20211003,   97,    0
 18554, 99452,20211004,  114,    0
 18554, 99452,20211005,   95,    0
 18554, 99452,20211006,   61,    0
 18554, 99452,20211007,   63,    0
 18554, 99452,20211008,   79,    0
 18554, 99452,20211009,   96,    0
 18554, 99452,20211010,   88,    0
 18554, 99452,20211011,   51,    0
 18554, 99452,20211012,   29,    0
 18554, 99452,20211013,   16,    0
 18554, 99452,20211014,   38,    0
 18554, 99452,20211015,-9999,    9
 18554, 99452,20211016,    6,    0
 18554, 99452,20211017,   10,    0
 18554, 99452,20211018,    1,    0
 18554, 99452,20211019,  -17,    0
 18554, 99452,20211020,   12,    0
 18554, 99452,20211021,    5,    0
 18554, 99452,20211022,  -17,    0
 18554, 99452,20211023,  -22,    0
 18554, 99452,20211024,    9,    0
 18554, 99452,20211025,   24,    0
 18554, 99452,20211026,   39,    0
 18554, 99452,20211027,   45,    0
 18554, 99452,20211028,   70,    0
 18554, 99452,20211029,   63,    0
 18554, 99452,20211030,   68,    0
 18554, 99452,20211031,-9999,    9
 18554, 99452,20211101,-9999,    9
 18554, 99452,20211102,   73,    0
 18554, 99452,20211103,   54,    0
 18554, 99452,20211104,   36,    0
 18554, 99452,20211105,   18,    0
 18554, 99452,20211106,    2,    0
 18554, 99452,20211107,-9999,    9
 18554, 99452,20211108,-9999,    9
 18554, 99452,20211109,   -4,    0
 18554, 99452,20211110,   31,    0
 18554, 99452,20211111,   20,    0
 18554, 99452,20211112,    8,    0
 18554, 99452,20211113,  -53,    0
 18554, 99452,20211114,  -45,    0
 18554, 99452,20211115,   23,    0
 18554, 99452,20211116,   38,    0
 18554, 99452,20211117,   18,    0
 18554, 99452,20211118,    1,    0
 18554, 99452,20211119,    6,    0
 18554, 99452,20211120,    5,    0
 18554, 99452,20211121,  -42,    0
 18554, 99452,20211122,  -43,    0
 18554, 99452,20211123,    8,    0
 18554, 99452,20211124,   -3,    0
 18554, 99452,20211125,  -54,    0
 18554, 99452,20211126, -113,    0
 18554, 99452,20211127, -113,    0
 18554, 99452,20211128, -179,    0
 18554, 99452,20211129, -124,    0
 18554, 99452,20211130,-9999,    9
 18554, 99452,20211201, -132,    0
 18554, 99452,20211202, -156,    0
 18554, 99452,20211203, -115,    0
 18554, 99452,20211204,  -89,    0
 18554, 99452,20211205, -132,    0
 18554, 99452,20211206, -138,    0
 18554, 99452,20211207, -102,    0
 18554, 99452,20211208,  -85,    0
 18554, 99452,20211209,  -43,    0
 18554, 99452,20211210,  -24,    0
 18554, 99452,20211211,  -26,    0
 18554, 99452,20211212,  -17,    0
 18554, 99452,20211213,    0,    0
 18554, 99452,20211214,   15,    0
 18554, 99452,20211215,   25,    0
 18554, 99452,20211216,   17,    0
 18554, 99452,20211217,   28,    0
 18554, 99452,20211218,   10,    0
 18554, 99452,20211219,   13,    0
 18554, 99452,20211220,  -67,    0
 18554, 99452,20211221,  -78,    0
 18554, 99452,20211222,  -94,    0
 18554, 99452,20211223,  -68,    0
 18554, 99452,20211224, -106,    0
 18554, 99452,20211225,  -36,    0
 18554, 99452,20211226,  -53,    0
 18554, 99452,20211227,  -83,    0
 18554, 99452,20211228, -123,    0
 18554, 99452,20211229, -104,    0
 18554, 99452,20211230,  -50,    0
 18554, 99452,20211231,  -52,    0
 18554, 99452,20220101, -118,    0
 18554, 99452,20220102,  -42,    0
 18554, 99452,20220103,  -19,    0
 18554, 99452,20220104,  -65,    0
 18554, 99452,20220105,  -67,    0
 18554, 99452,20220106,  -85,    0
 18554, 99452,20220107, -158,    0
 18554, 99452,20220108,  -80,    0
 18554, 99452,20220109, -109,    0
 18554, 99452,20220110, -121,    0
 18554, 99452,20220111,  -23,    0
 18554, 99452,20220112,   21,    0
 18554, 99452,20220113,    3,    0
 18554, 99452,20220114,  -10,    0
 18554, 99452,20220115,   -1,    0
 18554, 99452,20220116,  -14,    0
 18554, 99452,20220117,  -38,    0
 18554, 99452,20220118,-9999,    9
 18554, 99452,20220119,   -6,    0
 18554, 99452,20220120,  -42,    0
 18554, 99452,20220121,  -85,    0
 18554, 99452,20220122,   -1,    0
 18554, 99452,20220123,   48,    0
 18554, 99452,20220124,  -10,    0
 18554, 99452,20220125,  -28,    0
 18554, 99452,20220126,   -6,    0
 18554, 99452,20220127,  -15,    0
 18554, 99452,20220128,  -44,    0
 18554, 99452,20220129,  -13,    0
 18554, 99452,20220130,  -29,    0
 18554, 99452,20220131, -100,    0
 18554, 99452,20220201,-9999,    9
 18554, 99452,20220202,-9999,    9
 18554, 99452,20220203, -106,    0
 18554, 99452,20220204,  -52,    0
 18554, 99452,20220205,  -15,    0
 18554, 99452,20220206,  -55,    0
 18554, 99452,20220207,  -37,    0
 18554, 99452,20220208,  -10,    0
 18554, 99452,20220209,  -13,    0
 18554, 99452,20220210,  -17,    0
 18554, 99452,20220211,  -43,    0
 18554, 99452,20220212,  -38,    0
 18554, 99452,20220213,  -14,    0
 18554, 99452,20220214,  -84,    0
 18554, 99452,20220215,  -78,    0
 18554, 99452,20220216,  -66,    0
 18554, 99452,20220217, -100,    0
 18554, 99452,20220218, -102,    0
 18554, 99452,20220219,  -43,    0
 18554, 99452,20220220,  -46,    0
 18554, 99452,20220221,  -85,    0
 18554, 99452,20220222, -102,    0
 18554, 99452,20220223,  -43,    0
 18554, 99452,20220224,   -6,    0
 18554, 99452,20220225,  -30,    0
 18554, 99452,20220226,  -25,    0
 18554, 99452,20220227,   30,    0
 18554, 99452,20220228,    6,    0
 18554, 99452,20220301,    1,    0
 18554, 99452,20220302,    5,    0
 18554, 99452,20220303,-9999,    9
 18554, 99452,20220304,  -57,    0
 18554, 99452,20220305,   -8,    0
 18554, 99452,20220306,   -3,    0
 18554, 99452,20220307,   15,    0
 18554, 99452,20220308,   17,    0
 18554, 99452,20220309,   -9,    0
 18554, 99452,20220310,   19,    0
 18554, 99452,20220311,   24,    0
 18554, 99452,20220312,   12,    0
 18554, 99452,20220313,    5,    0
 18554, 99452,20220314,    2,    0
 18554, 99452,20220315,   -2,    0
 18554, 99452,20220316,   -2,    0
 18554, 99452,20220317,   30,    0
 18554, 99452,20220318,   14,    0
 18554, 99452,20220319,   35,    0
 18554, 99452,20220320,   32,    0
 18554, 99452,20220321,   20,    0
 18554, 99452,20220322,    0,    0
 18554, 99452,20220323,   28,    0
 18554, 99452,20220324,   31,    0
 18554, 99452,20220325,-9999,    9
 18554, 99452,20220326,  -16,    0
 18554, 99452,20220327,-9999,    9
 18554, 99452,20220328,  -33,    0
 18554, 99452,20220329,  -83,    0
 18554, 99452,20220330,  -40,    0
 18554, 99452,20220331,  -79,    0
 18554, 99452,20220401,  -92,    0
 18554, 99452,20220402,  -26,    0
 18554, 99452,20220403,  -34,    0
 18554, 99452,20220404,  -63,    0
 18554, 99452,20220405,-9999,    9
 18554, 99452,20220406,  -68,    0
 18554, 99452,20220407,  -61,    0
 18554, 99452,20220408,  -59,    0
 18554, 99452,20220409,  -14,    0
 18554, 99452,20220410,    3,    0
 18554, 99452,20220411,-9999,    9
 18554, 99452,20220412,  -60,    0
 18554, 99452,20220413,   -2,    0
 18554, 99452,20220414,  -18,    0
 18554, 99452,20220415,  -13,    0
 18554, 99452,20220416,  -47,    0
 18554, 99452,20220417,   39,    0
 18554, 99452,20220418,   41,    0
 18554, 99452,20220419,   58,    0
 18554, 99452,20220420,   51,    0
 18554, 99452,20220421,   38,    0
 18554, 99452,20220422,   18,    0
 18554, 99452,20220423,   18,    0
 18554, 99452,20220424,   35,    0
 18554, 99452,20220425,   12,    0
 18554, 99452,20220426,  -25,    0
 18554, 99452,20220427,  -29,    0
 18554, 99452,20220428,  -21,    0
 18554, 99452,20220429,   -6,    0
 18554, 99452,20220430,   10,    0
 18554, 99452,20220501,-9999,    9
 18554, 99452,20220502,-9999,    9
 18554, 99452,20220503,-9999,    9
 18554, 99452,20220504,-9999,    9
 18554, 99452,20220505,-9999,    9
 18554, 99452,20220506,-9999,    9
 18554, 99452,20220507,-9999,    9
 18554, 99452,20220508,-9999,    9
 18554, 99452,20220509,-9999,    9
 18554, 99452,20220510,-9999,    9
 18554, 99452,20220511,-9999,    9
 18554, 99452,20220512,-9999,    9
 18554, 99452,20220513,-9999,    9
 18554, 99452,20220514,-9999,    9
 18554, 99452,20220515,   16,    0
 18554, 99452,20220516,   10,    0
 18554, 99452,20220517,   15,    0
 18554, 99452,20220518,   53,    0
 18554, 99452,20220519,-9999,    9
 18554, 99452,20220520,-9999,    9
 18554, 99452,20220521,   69,    0
 18554, 99452,20220522,   60,    0
 18554, 99452,20220523,   78,    0
 18554, 99452,20220524,   94,    0
 18554, 99452,20220525,   68,    0
 18554, 99452,20220526,   -3,    0
 18554, 99452,20220527,    7,    0
 18554, 99452,20220528,   18,    0
 18554, 99452,20220529,   50,    0
 18554, 99452,20220530,   79,    0
 18554, 99452,20220531,   88,    0
 18554, 99452,20220601,   88,    0
 18554, 99452,20220602,   98,    0
 18554, 99452,20220603,   48,    0
 18554, 99452,20220604,   56,    0
 18554, 99452,20220605,   30,    0
 18554, 99452,20220606,   62,    0
 18554, 99452,20220607,   56,    0
 18554, 99452,20220608,   75,    0
 18554, 99452,20220609,   85,    0
 18554, 99452,20220610,  109,    0
 18554, 99452,20220611,   62,    0
 18554, 99452,20220612,-9999,    9
 18554, 99452,20220613,-9999,    9
 18554, 99452,20220614,   32,    0
 18554, 99452,20220615,   25,    0
 18554, 99452,20220616,-9999,    9
 18554, 99452,20220617,   94,    0
 18554, 99452,20220618,   51,    0
 18554, 99452,20220619,   82,    0
 18554, 99452,20220620,   87,    0
 18554, 99452,20220621,   74,    0
 18554, 99452,20220622,   75,    0
 18554, 99452,20220623,   92,    0
 18554, 99452,20220624,  116,    0
 18554, 99452,20220625,  179,    0
 18554, 99452,20220626,  192,    0
 18554, 99452,20220627,  200,    0
 18554, 99452,20220628,  202,    0
 18554, 99452,20220629,   47,    0
 18554, 99452,20220630,  171,    0
 18554, 99452,20220701,  191,    0
 18554, 99452,20220702,   80,    0
 18554, 99452,20220703,  105,    0
 18554, 99452,20220704,   65,    0
 18554, 99452,20220705,   85,    0
 18554, 99452,20220706,    7,    0
 18554, 99452,20220707,   57,    0
 18554, 99452,20220708,   86,    0
 18554, 99452,20220709,  102,    0
 18554, 99452,20220710,   99,    0
 18554, 99452,20220711,  116,    0
 18554, 99452,20220712,  119,    0
 18554, 99452,20220713,  104,    0
 18554, 99452,20220714,   -3,    0
 18554, 99452,20220715,   72,    0
 18554, 99452,20220716,   73,    0
 18554, 99452,20220717,   53,    0
 18554, 99452,20220718,   90,    0
 18554, 99452,20220719,   91,    0
 18554, 99452,20220720,  107,    0
 18554, 99452,20220721,  -28,    0
 18554, 99452,20220722,   89,    0
 18554, 99452,20220723,   81,    0
 18554, 99452,20220724,   57,    0
 18554, 99452,20220725,   90,    0
 18554, 99452,20220726,  -60,    0
 18554, 99452,20220727,   81,    0
 18554, 99452,20220728,   83,    0
 18554, 99452,20220729,  129,    0
 18554, 99452,20220730,  157,    0
 18554, 99452,20220731,  119,    0
 18554, 99452,20220801,   32,    0
 18554, 99452,20220802,  100,    0
 18554, 99452,20220803,  118,    0
 18554, 99452,20220804,   94,    0
 18554, 99452,20220805,   92,    0
 18554, 99452,20220806,   86,    0
 18554, 99452,20220807,   79,    0
 18554, 99452,20220808,   67,    0
 18554, 99452,20220809,-9999,    9
 18554, 99452,20220810,  112,    0
 18554, 99452,20220811,   98,    0
 18554, 99452,20220812,   82,    0
 18554, 99452,20220813,   27,    0
 18554, 99452,20220814,   93,    0
 18554, 99452,20220815,-9999,    9
 18554, 99452,20220816,  144,    0
 18554, 99452,20220817,-9999,    9
 18554, 99452,20220818,  114,    0
 18554, 99452,20220819,  153,    0
 18554, 99452,20220820,   14,    0
 18554, 99452,20220821,  -34,    0
 18554, 99452,20220822,   93,    0
 18554, 99452,20220823,  105,    0
 18554, 99452,20220824,   77,    0
 18554, 99452,20220825,  167,    0
 18554, 99452,20220826,   45,    0
 18554, 99452,20220827,   76,    0
 18554, 99452,20220828,   80,    0
 18554, 99452,20220829,   61,    0
 18554, 99452,20220830,  -60,    0
 18554, 99452,20220831,   73,    0
 18554, 99452,20220901,  -11,    0
 18554, 99452,20220902,  -23,    0
 18554, 99452,20220903,   67,    0
 18554, 99452,20220904,   55,    0
 18554, 99452,20220905,   86,    0
 18554, 99452,20220906,   64,    0
 18554, 99452,20220907,   29,    0
 18554, 99452,20220908,   51,    0
 18554, 99452,20220909,   15,    0
 18554, 99452,20220910,    4,    0
 18554, 99452,20220911,   75,    0
 18554, 99452,20220912,    8,    0
 18554, 99452,20220913,-9999,    9
 18554, 99452,20220914,   26,    0
 18554, 99452,20220915, -125,    0
 18554, 99452,20220916,  -25,    0
 18554, 99452,20220917,   39,    0
 18554, 99452,20220918,  -46,    0
 18554, 99452,20220919,   73,    0
 18554, 99452,20220920,   44,    0
 18554, 99452,20220921, -214,    0
 18554, 99452,20220922,   33,    0
 18554, 99452,20220923, -294,    0
 18554, 99452,20220924,  -26,    0
 18554, 99452,20220925,  -22,    0
 18554, 99452,20220926,   96,    0
 18554, 99452,20220927,   98,    0
 18554, 99452,20220928,   81,    0
 18554, 99452,20220929,   77,    0
 18554, 99452,20220930,   56,    0
 18554, 99452,20221001,   68,    0
 18554, 99452,20221002,  -87,    0
 18554, 99452,20221003,  -51,    0
 18554, 99452,20221004,  -68,    0
 18554, 99452,20221005,   55,    0
 18554, 99452,20221006,   59,    0
 18554, 99452,20221007,   63,    0
 18554, 99452,20221008,   38,    0
 18554, 99452,20221009,  -13,    0
 18554, 99452,20221010,   68,    0
 18554, 99452,20221011,   39,    0
 18554, 99452,20221012,   -3,    0
 18554, 99452,20221013,  -39,    0
 18554, 99452,20221014,  -75,    0
 18554, 99452,20221015,  -61,    0
 18554, 99452,20221016,  -45,    0
 18554, 99452,20221017,  -62,    0
 18554, 99452,20221018,-9999,    9
 18554, 99452,20221019,-9999,    9
 18554, 99452,20221020,-9999,    9
 18554, 99452,20221021,-9999,    9
 18554, 99452,20221022, -113,    0
 18554, 99452,20221023,   -3,    0
 18554, 99452,20221024,  -17,    0
 18554, 99452,20221025,   16,    0
 18554, 99452,20221026,-9999,    9
 18554, 99452,20221027,-9999,    9
 18554, 99452,20221028,   56,    0
 18554, 99452,20221029,  -20,    0
 18554, 99452,20221030,-9999,    9
 18554, 99452,20221031,-9999,    9
