EUROPEAN CLIMATE ASSESSMENT & DATASET (ECA&D), file created on: 16-11-2022
THESE DATA CAN BE USED FOR NON-COMMERCIAL RESEARCH AND EDUCATION PROVIDED THAT THE FOLLOWING SOURCE IS ACKNOWLEDGED: 

Klein Tank, A.M.G. and Coauthors, 2002. Daily dataset of 20th-century surface
air temperature and precipitation series for the European Climate Assessment.
Int. J. of Climatol., 22, 1441-1453.
Data and metadata available at http://www.ecad.eu

FILE FORMAT (MISSING VALUE CODE = -9999):

01-06 STAID: Station identifier
08-13 SOUID: Source identifier
15-22 DATE : Date YYYYMMDD
24-28 TG   : Mean temperature in 0.1 &#176;C
30-34 Q_TG : quality code for TG (0='valid'; 1='suspect'; 9='missing')

This is the blended series of station NEUDORF/LANDSEE, AUSTRIA (STAID: 24458)
Blended and updated with sources:131563 
See files sources.txt and stations.txt for more info.

STAID, SOUID,    DATE,   TG, Q_TG
 24458,131563,20151118,-9999,    9
 24458,131563,20151119,  139,    0
 24458,131563,20151120,  117,    0
 24458,131563,20151121,   77,    0
 24458,131563,20151122,   37,    0
 24458,131563,20151123,   17,    0
 24458,131563,20151124,    5,    0
 24458,131563,20151125,    1,    0
 24458,131563,20151126,    3,    0
 24458,131563,20151127,   19,    0
 24458,131563,20151128,   25,    0
 24458,131563,20151129,   46,    0
 24458,131563,20151130,   95,    0
 24458,131563,20151201,  106,    0
 24458,131563,20151202,   82,    0
 24458,131563,20151203,   81,    0
 24458,131563,20151204,   57,    0
 24458,131563,20151205,   77,    0
 24458,131563,20151206,   45,    0
 24458,131563,20151207,   17,    0
 24458,131563,20151208,   -4,    0
 24458,131563,20151209,   11,    0
 24458,131563,20151210,   38,    0
 24458,131563,20151211,   24,    0
 24458,131563,20151212,   42,    0
 24458,131563,20151213,   61,    0
 24458,131563,20151214,   53,    0
 24458,131563,20151215,   30,    0
 24458,131563,20151216,   36,    0
 24458,131563,20151217,   19,    0
 24458,131563,20151218,   40,    0
 24458,131563,20151219,   52,    0
 24458,131563,20151220,   21,    0
 24458,131563,20151221,   13,    0
 24458,131563,20151222,   72,    0
 24458,131563,20151223,   61,    0
 24458,131563,20151224,   65,    0
 24458,131563,20151225,   56,    0
 24458,131563,20151226,   77,    0
 24458,131563,20151227,   52,    0
 24458,131563,20151228,   92,    0
 24458,131563,20151229,   45,    0
 24458,131563,20151230,   -6,    0
 24458,131563,20151231,  -39,    0
 24458,131563,20160101,  -30,    0
 24458,131563,20160102,  -24,    0
 24458,131563,20160103,  -62,    0
 24458,131563,20160104,  -78,    0
 24458,131563,20160105,  -85,    0
 24458,131563,20160106,  -56,    0
 24458,131563,20160107,  -12,    0
 24458,131563,20160108,   42,    0
 24458,131563,20160109,   30,    0
 24458,131563,20160110,   21,    0
 24458,131563,20160111,   37,    0
 24458,131563,20160112,   69,    0
 24458,131563,20160113,   51,    0
 24458,131563,20160114,   34,    0
 24458,131563,20160115,   21,    0
 24458,131563,20160116,   -4,    0
 24458,131563,20160117,  -29,    0
 24458,131563,20160118,  -43,    0
 24458,131563,20160119,  -66,    0
 24458,131563,20160120,  -46,    0
 24458,131563,20160121,  -34,    0
 24458,131563,20160122,  -62,    0
 24458,131563,20160123,  -57,    0
 24458,131563,20160124,   19,    0
 24458,131563,20160125,   41,    0
 24458,131563,20160126,   90,    0
 24458,131563,20160127,   85,    0
 24458,131563,20160128,  141,    0
 24458,131563,20160129,   81,    0
 24458,131563,20160130,   56,    0
 24458,131563,20160131,   61,    0
 24458,131563,20160201,   92,    0
 24458,131563,20160202,   95,    0
 24458,131563,20160203,   56,    0
 24458,131563,20160204,   39,    0
 24458,131563,20160205,   26,    0
 24458,131563,20160206,   56,    0
 24458,131563,20160207,   66,    0
 24458,131563,20160208,   83,    0
 24458,131563,20160209,   89,    0
 24458,131563,20160210,   61,    0
 24458,131563,20160211,   45,    0
 24458,131563,20160212,   26,    0
 24458,131563,20160213,   34,    0
 24458,131563,20160214,   34,    0
 24458,131563,20160215,   55,    0
 24458,131563,20160216,   49,    0
 24458,131563,20160217,   25,    0
 24458,131563,20160218,   37,    0
 24458,131563,20160219,   38,    0
 24458,131563,20160220,   48,    0
 24458,131563,20160221,   93,    0
 24458,131563,20160222,  160,    0
 24458,131563,20160223,  109,    0
 24458,131563,20160224,   57,    0
 24458,131563,20160225,   28,    0
 24458,131563,20160226,   20,    0
 24458,131563,20160227,   28,    0
 24458,131563,20160228,   68,    0
 24458,131563,20160229,   58,    0
 24458,131563,20160301,   51,    0
 24458,131563,20160302,   38,    0
 24458,131563,20160303,   44,    0
 24458,131563,20160304,   43,    0
 24458,131563,20160305,   60,    0
 24458,131563,20160306,   57,    0
 24458,131563,20160307,   20,    0
 24458,131563,20160308,   33,    0
 24458,131563,20160309,   25,    0
 24458,131563,20160310,   54,    0
 24458,131563,20160311,   54,    0
 24458,131563,20160312,   51,    0
 24458,131563,20160313,   41,    0
 24458,131563,20160314,   36,    0
 24458,131563,20160315,   23,    0
 24458,131563,20160316,   20,    0
 24458,131563,20160317,   55,    0
 24458,131563,20160318,   84,    0
 24458,131563,20160319,   68,    0
 24458,131563,20160320,   70,    0
 24458,131563,20160321,   58,    0
 24458,131563,20160322,   70,    0
 24458,131563,20160323,   53,    0
 24458,131563,20160324,   52,    0
 24458,131563,20160325,   59,    0
 24458,131563,20160326,   66,    0
 24458,131563,20160327,   78,    0
 24458,131563,20160328,   89,    0
 24458,131563,20160329,   98,    0
 24458,131563,20160330,  109,    0
 24458,131563,20160331,  154,    0
 24458,131563,20160401,  122,    0
 24458,131563,20160402,   89,    0
 24458,131563,20160403,  136,    0
 24458,131563,20160404,  169,    0
 24458,131563,20160405,  180,    0
 24458,131563,20160406,  161,    0
 24458,131563,20160407,  144,    0
 24458,131563,20160408,  100,    0
 24458,131563,20160409,   85,    0
 24458,131563,20160410,   85,    0
 24458,131563,20160411,   94,    0
 24458,131563,20160412,  103,    0
 24458,131563,20160413,  133,    0
 24458,131563,20160414,  132,    0
 24458,131563,20160415,  125,    0
 24458,131563,20160416,  157,    0
 24458,131563,20160417,  167,    0
 24458,131563,20160418,  129,    0
 24458,131563,20160419,  114,    0
 24458,131563,20160420,  109,    0
 24458,131563,20160421,  112,    0
 24458,131563,20160422,  130,    0
 24458,131563,20160423,  129,    0
 24458,131563,20160424,   79,    0
 24458,131563,20160425,   53,    0
 24458,131563,20160426,   80,    0
 24458,131563,20160427,   60,    0
 24458,131563,20160428,   28,    0
 24458,131563,20160429,   67,    0
 24458,131563,20160430,  110,    0
 24458,131563,20160501,  101,    0
 24458,131563,20160502,  116,    0
 24458,131563,20160503,  137,    0
 24458,131563,20160504,  103,    0
 24458,131563,20160505,  118,    0
 24458,131563,20160506,  151,    0
 24458,131563,20160507,  150,    0
 24458,131563,20160508,  126,    0
 24458,131563,20160509,  143,    0
 24458,131563,20160510,  126,    0
 24458,131563,20160511,  127,    0
 24458,131563,20160512,  130,    0
 24458,131563,20160513,  142,    0
 24458,131563,20160514,  149,    0
 24458,131563,20160515,  110,    0
 24458,131563,20160516,   88,    0
 24458,131563,20160517,   92,    0
 24458,131563,20160518,  125,    0
 24458,131563,20160519,  132,    0
 24458,131563,20160520,  150,    0
 24458,131563,20160521,  178,    0
 24458,131563,20160522,  193,    0
 24458,131563,20160523,  197,    0
 24458,131563,20160524,  151,    0
 24458,131563,20160525,  171,    0
 24458,131563,20160526,  182,    0
 24458,131563,20160527,  194,    0
 24458,131563,20160528,  205,    0
 24458,131563,20160529,  215,    0
 24458,131563,20160530,  186,    0
 24458,131563,20160531,  160,    0
 24458,131563,20160601,  166,    0
 24458,131563,20160602,  155,    0
 24458,131563,20160603,  165,    0
 24458,131563,20160604,  178,    0
 24458,131563,20160605,  181,    0
 24458,131563,20160606,  197,    0
 24458,131563,20160607,  172,    0
 24458,131563,20160608,  171,    0
 24458,131563,20160609,  179,    0
 24458,131563,20160610,  172,    0
 24458,131563,20160611,  180,    0
 24458,131563,20160612,  165,    0
 24458,131563,20160613,  178,    0
 24458,131563,20160614,  175,    0
 24458,131563,20160615,  159,    0
 24458,131563,20160616,  197,    0
 24458,131563,20160617,  217,    0
 24458,131563,20160618,  170,    0
 24458,131563,20160619,  175,    0
 24458,131563,20160620,  168,    0
 24458,131563,20160621,  189,    0
 24458,131563,20160622,  212,    0
 24458,131563,20160623,  233,    0
 24458,131563,20160624,  260,    0
 24458,131563,20160625,  252,    0
 24458,131563,20160626,  220,    0
 24458,131563,20160627,  176,    0
 24458,131563,20160628,  190,    0
 24458,131563,20160629,  211,    0
 24458,131563,20160630,  251,    0
 24458,131563,20160701,  228,    0
 24458,131563,20160702,  240,    0
 24458,131563,20160703,  198,    0
 24458,131563,20160704,  190,    0
 24458,131563,20160705,  210,    0
 24458,131563,20160706,  219,    0
 24458,131563,20160707,  185,    0
 24458,131563,20160708,  211,    0
 24458,131563,20160709,  226,    0
 24458,131563,20160710,  230,    0
 24458,131563,20160711,  258,    0
 24458,131563,20160712,  237,    0
 24458,131563,20160713,  206,    0
 24458,131563,20160714,  162,    0
 24458,131563,20160715,  162,    0
 24458,131563,20160716,  148,    0
 24458,131563,20160717,  169,    0
 24458,131563,20160718,  221,    0
 24458,131563,20160719,  221,    0
 24458,131563,20160720,  212,    0
 24458,131563,20160721,  229,    0
 24458,131563,20160722,  213,    0
 24458,131563,20160723,  226,    0
 24458,131563,20160724,  238,    0
 24458,131563,20160725,  234,    0
 24458,131563,20160726,  235,    0
 24458,131563,20160727,  228,    0
 24458,131563,20160728,  215,    0
 24458,131563,20160729,  228,    0
 24458,131563,20160730,  229,    0
 24458,131563,20160731,  247,    0
 24458,131563,20160801,  196,    0
 24458,131563,20160802,  203,    0
 24458,131563,20160803,  216,    0
 24458,131563,20160804,  236,    0
 24458,131563,20160805,  202,    0
 24458,131563,20160806,  188,    0
 24458,131563,20160807,  198,    0
 24458,131563,20160808,  201,    0
 24458,131563,20160809,  212,    0
 24458,131563,20160810,  150,    0
 24458,131563,20160811,  137,    0
 24458,131563,20160812,  144,    0
 24458,131563,20160813,  184,    0
 24458,131563,20160814,  225,    0
 24458,131563,20160815,  206,    0
 24458,131563,20160816,  186,    0
 24458,131563,20160817,  178,    0
 24458,131563,20160818,  189,    0
 24458,131563,20160819,  191,    0
 24458,131563,20160820,  203,    0
 24458,131563,20160821,  196,    0
 24458,131563,20160822,  164,    0
 24458,131563,20160823,  195,    0
 24458,131563,20160824,  208,    0
 24458,131563,20160825,  200,    0
 24458,131563,20160826,  203,    0
 24458,131563,20160827,  216,    0
 24458,131563,20160828,  230,    0
 24458,131563,20160829,  230,    0
 24458,131563,20160830,  211,    0
 24458,131563,20160831,  183,    0
 24458,131563,20160901,  201,    0
 24458,131563,20160902,  228,    0
 24458,131563,20160903,  215,    0
 24458,131563,20160904,  230,    0
 24458,131563,20160905,  171,    0
 24458,131563,20160906,  138,    0
 24458,131563,20160907,  185,    0
 24458,131563,20160908,  203,    0
 24458,131563,20160909,  223,    0
 24458,131563,20160910,  218,    0
 24458,131563,20160911,  224,    0
 24458,131563,20160912,  232,    0
 24458,131563,20160913,  223,    0
 24458,131563,20160914,  204,    0
 24458,131563,20160915,  204,    0
 24458,131563,20160916,  215,    0
 24458,131563,20160917,  183,    0
 24458,131563,20160918,  153,    0
 24458,131563,20160919,  165,    0
 24458,131563,20160920,  136,    0
 24458,131563,20160921,  127,    0
 24458,131563,20160922,  131,    0
 24458,131563,20160923,  135,    0
 24458,131563,20160924,  166,    0
 24458,131563,20160925,  162,    0
 24458,131563,20160926,  147,    0
 24458,131563,20160927,  151,    0
 24458,131563,20160928,  171,    0
 24458,131563,20160929,  193,    0
 24458,131563,20160930,  186,    0
 24458,131563,20161001,  172,    0
 24458,131563,20161002,  162,    0
 24458,131563,20161003,  138,    0
 24458,131563,20161004,  104,    0
 24458,131563,20161005,   71,    0
 24458,131563,20161006,   83,    0
 24458,131563,20161007,   66,    0
 24458,131563,20161008,   72,    0
 24458,131563,20161009,   88,    0
 24458,131563,20161010,   74,    0
 24458,131563,20161011,   62,    0
 24458,131563,20161012,   70,    0
 24458,131563,20161013,   77,    0
 24458,131563,20161014,   87,    0
 24458,131563,20161015,  122,    0
 24458,131563,20161016,  133,    0
 24458,131563,20161017,  112,    0
 24458,131563,20161018,   92,    0
 24458,131563,20161019,   83,    0
 24458,131563,20161020,   73,    0
 24458,131563,20161021,   70,    0
 24458,131563,20161022,   75,    0
 24458,131563,20161023,   61,    0
 24458,131563,20161024,  115,    0
 24458,131563,20161025,  142,    0
 24458,131563,20161026,  116,    0
 24458,131563,20161027,   82,    0
 24458,131563,20161028,   85,    0
 24458,131563,20161029,  106,    0
 24458,131563,20161030,   94,    0
 24458,131563,20161031,   80,    0
 24458,131563,20161101,   96,    0
 24458,131563,20161102,  113,    0
 24458,131563,20161103,   64,    0
 24458,131563,20161104,   48,    0
 24458,131563,20161105,   55,    0
 24458,131563,20161106,   76,    0
 24458,131563,20161107,   41,    0
 24458,131563,20161108,   15,    0
 24458,131563,20161109,   24,    0
 24458,131563,20161110,   42,    0
 24458,131563,20161111,   25,    0
 24458,131563,20161112,   17,    0
 24458,131563,20161113,   -6,    0
 24458,131563,20161114,    1,    0
 24458,131563,20161115,   -2,    0
 24458,131563,20161116,   16,    0
 24458,131563,20161117,   26,    0
 24458,131563,20161118,   74,    0
 24458,131563,20161119,  115,    0
 24458,131563,20161120,   87,    0
 24458,131563,20161121,  117,    0
 24458,131563,20161122,  129,    0
 24458,131563,20161123,   99,    0
 24458,131563,20161124,   75,    0
 24458,131563,20161125,   58,    0
 24458,131563,20161126,   81,    0
 24458,131563,20161127,   61,    0
 24458,131563,20161128,    7,    0
 24458,131563,20161129,   -6,    0
 24458,131563,20161130,    9,    0
 24458,131563,20161201,   41,    0
 24458,131563,20161202,   50,    0
 24458,131563,20161203,    6,    0
 24458,131563,20161204,   -9,    0
 24458,131563,20161205,    7,    0
 24458,131563,20161206,  -35,    0
 24458,131563,20161207,    7,    0
 24458,131563,20161208,  -15,    0
 24458,131563,20161209,   37,    0
 24458,131563,20161210,   92,    0
 24458,131563,20161211,   82,    0
 24458,131563,20161212,   58,    0
 24458,131563,20161213,   -2,    0
 24458,131563,20161214,   27,    0
 24458,131563,20161215,   27,    0
 24458,131563,20161216,    2,    0
 24458,131563,20161217,  -20,    0
 24458,131563,20161218,  -25,    0
 24458,131563,20161219,   -7,    0
 24458,131563,20161220,  -17,    0
 24458,131563,20161221,  -36,    0
 24458,131563,20161222,  -41,    0
 24458,131563,20161223,  -35,    0
 24458,131563,20161224,  -20,    0
 24458,131563,20161225,   38,    0
 24458,131563,20161226,   81,    0
 24458,131563,20161227,   70,    0
 24458,131563,20161228,   30,    0
 24458,131563,20161229,    1,    0
 24458,131563,20161230,   -3,    0
 24458,131563,20161231,    5,    0
 24458,131563,20170101,  -10,    0
 24458,131563,20170102,  -44,    0
 24458,131563,20170103,    9,    0
 24458,131563,20170104,   23,    0
 24458,131563,20170105,  -14,    0
 24458,131563,20170106,  -69,    0
 24458,131563,20170107,  -86,    0
 24458,131563,20170108,  -77,    0
 24458,131563,20170109,  -42,    0
 24458,131563,20170110,  -83,    0
 24458,131563,20170111,  -75,    0
 24458,131563,20170112,   10,    0
 24458,131563,20170113,   18,    0
 24458,131563,20170114,    8,    0
 24458,131563,20170115,   -7,    0
 24458,131563,20170116,  -24,    0
 24458,131563,20170117,  -35,    0
 24458,131563,20170118,  -36,    0
 24458,131563,20170119,  -55,    0
 24458,131563,20170120,  -51,    0
 24458,131563,20170121,  -49,    0
 24458,131563,20170122,  -36,    0
 24458,131563,20170123,  -55,    0
 24458,131563,20170124,  -85,    0
 24458,131563,20170125,  -45,    0
 24458,131563,20170126,  -26,    0
 24458,131563,20170127,  -27,    0
 24458,131563,20170128,  -61,    0
 24458,131563,20170129,  -79,    0
 24458,131563,20170130,  -77,    0
 24458,131563,20170131,  -76,    0
 24458,131563,20170201,  -30,    0
 24458,131563,20170202,  -22,    0
 24458,131563,20170203,  -25,    0
 24458,131563,20170204,   24,    0
 24458,131563,20170205,   56,    0
 24458,131563,20170206,   40,    0
 24458,131563,20170207,   11,    0
 24458,131563,20170208,  -19,    0
 24458,131563,20170209,  -26,    0
 24458,131563,20170210,  -14,    0
 24458,131563,20170211,   -4,    0
 24458,131563,20170212,    6,    0
 24458,131563,20170213,    0,    0
 24458,131563,20170214,   21,    0
 24458,131563,20170215,   42,    0
 24458,131563,20170216,   26,    0
 24458,131563,20170217,   -2,    0
 24458,131563,20170218,   51,    0
 24458,131563,20170219,   40,    0
 24458,131563,20170220,   40,    0
 24458,131563,20170221,   72,    0
 24458,131563,20170222,  107,    0
 24458,131563,20170223,  115,    0
 24458,131563,20170224,   88,    0
 24458,131563,20170225,   46,    0
 24458,131563,20170226,   52,    0
 24458,131563,20170227,   78,    0
 24458,131563,20170228,  100,    0
 24458,131563,20170301,   72,    0
 24458,131563,20170302,   72,    0
 24458,131563,20170303,   67,    0
 24458,131563,20170304,  116,    0
 24458,131563,20170305,  101,    0
 24458,131563,20170306,   66,    0
 24458,131563,20170307,   64,    0
 24458,131563,20170308,   65,    0
 24458,131563,20170309,   74,    0
 24458,131563,20170310,   61,    0
 24458,131563,20170311,   60,    0
 24458,131563,20170312,   42,    0
 24458,131563,20170313,   46,    0
 24458,131563,20170314,   79,    0
 24458,131563,20170315,   96,    0
 24458,131563,20170316,  108,    0
 24458,131563,20170317,  111,    0
 24458,131563,20170318,  111,    0
 24458,131563,20170319,   86,    0
 24458,131563,20170320,  113,    0
 24458,131563,20170321,  122,    0
 24458,131563,20170322,  105,    0
 24458,131563,20170323,  106,    0
 24458,131563,20170324,   91,    0
 24458,131563,20170325,   78,    0
 24458,131563,20170326,   63,    0
 24458,131563,20170327,   64,    0
 24458,131563,20170328,  123,    0
 24458,131563,20170329,  158,    0
 24458,131563,20170330,  146,    0
 24458,131563,20170331,  150,    0
 24458,131563,20170401,  159,    0
 24458,131563,20170402,  164,    0
 24458,131563,20170403,  150,    0
 24458,131563,20170404,  125,    0
 24458,131563,20170405,  120,    0
 24458,131563,20170406,   86,    0
 24458,131563,20170407,   70,    0
 24458,131563,20170408,  104,    0
 24458,131563,20170409,  112,    0
 24458,131563,20170410,  135,    0
 24458,131563,20170411,  124,    0
 24458,131563,20170412,   96,    0
 24458,131563,20170413,  117,    0
 24458,131563,20170414,  119,    0
 24458,131563,20170415,  114,    0
 24458,131563,20170416,   99,    0
 24458,131563,20170417,   79,    0
 24458,131563,20170418,   59,    0
 24458,131563,20170419,   18,    0
 24458,131563,20170420,    3,    0
 24458,131563,20170421,   45,    0
 24458,131563,20170422,   90,    0
 24458,131563,20170423,   63,    0
 24458,131563,20170424,   98,    0
 24458,131563,20170425,  142,    0
 24458,131563,20170426,  137,    0
 24458,131563,20170427,   99,    0
 24458,131563,20170428,   50,    0
 24458,131563,20170429,   71,    0
 24458,131563,20170430,   87,    0
 24458,131563,20170501,  120,    0
 24458,131563,20170502,  113,    0
 24458,131563,20170503,  104,    0
 24458,131563,20170504,  111,    0
 24458,131563,20170505,  114,    0
 24458,131563,20170506,  149,    0
 24458,131563,20170507,  142,    0
 24458,131563,20170508,  148,    0
 24458,131563,20170509,   81,    0
 24458,131563,20170510,   73,    0
 24458,131563,20170511,  141,    0
 24458,131563,20170512,  179,    0
 24458,131563,20170513,  166,    0
 24458,131563,20170514,  180,    0
 24458,131563,20170515,  163,    0
 24458,131563,20170516,  176,    0
 24458,131563,20170517,  172,    0
 24458,131563,20170518,  190,    0
 24458,131563,20170519,  194,    0
 24458,131563,20170520,  179,    0
 24458,131563,20170521,  141,    0
 24458,131563,20170522,  172,    0
 24458,131563,20170523,  168,    0
 24458,131563,20170524,  169,    0
 24458,131563,20170525,  139,    0
 24458,131563,20170526,  165,    0
 24458,131563,20170527,  179,    0
 24458,131563,20170528,  169,    0
 24458,131563,20170529,  196,    0
 24458,131563,20170530,  231,    0
 24458,131563,20170531,  217,    0
 24458,131563,20170601,  194,    0
 24458,131563,20170602,  203,    0
 24458,131563,20170603,  218,    0
 24458,131563,20170604,  207,    0
 24458,131563,20170605,  178,    0
 24458,131563,20170606,  198,    0
 24458,131563,20170607,  162,    0
 24458,131563,20170608,  151,    0
 24458,131563,20170609,  179,    0
 24458,131563,20170610,  189,    0
 24458,131563,20170611,  190,    0
 24458,131563,20170612,  231,    0
 24458,131563,20170613,  223,    0
 24458,131563,20170614,  192,    0
 24458,131563,20170615,  195,    0
 24458,131563,20170616,  212,    0
 24458,131563,20170617,  179,    0
 24458,131563,20170618,  173,    0
 24458,131563,20170619,  212,    0
 24458,131563,20170620,  243,    0
 24458,131563,20170621,  263,    0
 24458,131563,20170622,  259,    0
 24458,131563,20170623,  259,    0
 24458,131563,20170624,  244,    0
 24458,131563,20170625,  223,    0
 24458,131563,20170626,  232,    0
 24458,131563,20170627,  228,    0
 24458,131563,20170628,  240,    0
 24458,131563,20170629,  197,    0
 24458,131563,20170630,  198,    0
 24458,131563,20170701,  192,    0
 24458,131563,20170702,  173,    0
 24458,131563,20170703,  187,    0
 24458,131563,20170704,  199,    0
 24458,131563,20170705,  226,    0
 24458,131563,20170706,  235,    0
 24458,131563,20170707,  240,    0
 24458,131563,20170708,  254,    0
 24458,131563,20170709,  252,    0
 24458,131563,20170710,  240,    0
 24458,131563,20170711,  242,    0
 24458,131563,20170712,  219,    0
 24458,131563,20170713,  200,    0
 24458,131563,20170714,  160,    0
 24458,131563,20170715,  162,    0
 24458,131563,20170716,  178,    0
 24458,131563,20170717,  207,    0
 24458,131563,20170718,  232,    0
 24458,131563,20170719,  247,    0
 24458,131563,20170720,  248,    0
 24458,131563,20170721,  230,    0
 24458,131563,20170722,  251,    0
 24458,131563,20170723,  219,    0
 24458,131563,20170724,  198,    0
 24458,131563,20170725,  181,    0
 24458,131563,20170726,  166,    0
 24458,131563,20170727,  159,    0
 24458,131563,20170728,  210,    0
 24458,131563,20170729,  212,    0
 24458,131563,20170730,  240,    0
 24458,131563,20170731,  243,    0
 24458,131563,20170801,  277,    0
 24458,131563,20170802,  276,    0
 24458,131563,20170803,  278,    0
 24458,131563,20170804,  282,    0
 24458,131563,20170805,  242,    0
 24458,131563,20170806,  204,    0
 24458,131563,20170807,  188,    0
 24458,131563,20170808,  189,    0
 24458,131563,20170809,  225,    0
 24458,131563,20170810,  256,    0
 24458,131563,20170811,  217,    0
 24458,131563,20170812,  177,    0
 24458,131563,20170813,  187,    0
 24458,131563,20170814,  209,    0
 24458,131563,20170815,  218,    0
 24458,131563,20170816,  231,    0
 24458,131563,20170817,  230,    0
 24458,131563,20170818,  247,    0
 24458,131563,20170819,  208,    0
 24458,131563,20170820,  175,    0
 24458,131563,20170821,  165,    0
 24458,131563,20170822,  166,    0
 24458,131563,20170823,  173,    0
 24458,131563,20170824,  202,    0
 24458,131563,20170825,  232,    0
 24458,131563,20170826,  250,    0
 24458,131563,20170827,  250,    0
 24458,131563,20170828,  193,    0
 24458,131563,20170829,  183,    0
 24458,131563,20170830,  200,    0
 24458,131563,20170831,  220,    0
 24458,131563,20170901,  198,    0
 24458,131563,20170902,  142,    0
 24458,131563,20170903,  129,    0
 24458,131563,20170904,  150,    0
 24458,131563,20170905,  167,    0
 24458,131563,20170906,  189,    0
 24458,131563,20170907,  170,    0
 24458,131563,20170908,  153,    0
 24458,131563,20170909,  173,    0
 24458,131563,20170910,  181,    0
 24458,131563,20170911,  160,    0
 24458,131563,20170912,  142,    0
 24458,131563,20170913,  145,    0
 24458,131563,20170914,  178,    0
 24458,131563,20170915,  116,    0
 24458,131563,20170916,  127,    0
 24458,131563,20170917,  116,    0
 24458,131563,20170918,  106,    0
 24458,131563,20170919,  104,    0
 24458,131563,20170920,  104,    0
 24458,131563,20170921,  119,    0
 24458,131563,20170922,  142,    0
 24458,131563,20170923,  140,    0
 24458,131563,20170924,  131,    0
 24458,131563,20170925,  132,    0
 24458,131563,20170926,  146,    0
 24458,131563,20170927,  141,    0
 24458,131563,20170928,  156,    0
 24458,131563,20170929,  132,    0
 24458,131563,20170930,  129,    0
 24458,131563,20171001,  120,    0
 24458,131563,20171002,  120,    0
 24458,131563,20171003,  125,    0
 24458,131563,20171004,  121,    0
 24458,131563,20171005,  162,    0
 24458,131563,20171006,  145,    0
 24458,131563,20171007,  106,    0
 24458,131563,20171008,  100,    0
 24458,131563,20171009,  104,    0
 24458,131563,20171010,  119,    0
 24458,131563,20171011,  144,    0
 24458,131563,20171012,  154,    0
 24458,131563,20171013,  148,    0
 24458,131563,20171014,  154,    0
 24458,131563,20171015,  162,    0
 24458,131563,20171016,  162,    0
 24458,131563,20171017,  169,    0
 24458,131563,20171018,  155,    0
 24458,131563,20171019,  115,    0
 24458,131563,20171020,   92,    0
 24458,131563,20171021,   96,    0
 24458,131563,20171022,  115,    0
 24458,131563,20171023,   78,    0
 24458,131563,20171024,  101,    0
 24458,131563,20171025,  109,    0
 24458,131563,20171026,  136,    0
 24458,131563,20171027,  105,    0
 24458,131563,20171028,  102,    0
 24458,131563,20171029,  112,    0
 24458,131563,20171030,   55,    0
 24458,131563,20171031,   72,    0
 24458,131563,20171101,   66,    0
 24458,131563,20171102,  102,    0
 24458,131563,20171103,   95,    0
 24458,131563,20171104,   87,    0
 24458,131563,20171105,  108,    0
 24458,131563,20171106,   87,    0
 24458,131563,20171107,   75,    0
 24458,131563,20171108,   69,    0
 24458,131563,20171109,   60,    0
 24458,131563,20171110,   72,    0
 24458,131563,20171111,   70,    0
 24458,131563,20171112,   67,    0
 24458,131563,20171113,   56,    0
 24458,131563,20171114,   40,    0
 24458,131563,20171115,   26,    0
 24458,131563,20171116,   27,    0
 24458,131563,20171117,   26,    0
 24458,131563,20171118,   48,    0
 24458,131563,20171119,   37,    0
 24458,131563,20171120,   36,    0
 24458,131563,20171121,   49,    0
 24458,131563,20171122,   94,    0
 24458,131563,20171123,   56,    0
 24458,131563,20171124,   10,    0
 24458,131563,20171125,   60,    0
 24458,131563,20171126,   55,    0
 24458,131563,20171127,   23,    0
 24458,131563,20171128,   27,    0
 24458,131563,20171129,   10,    0
 24458,131563,20171130,    6,    0
 24458,131563,20171201,   -6,    0
 24458,131563,20171202,   -9,    0
 24458,131563,20171203,  -11,    0
 24458,131563,20171204,   -9,    0
 24458,131563,20171205,   31,    0
 24458,131563,20171206,   30,    0
 24458,131563,20171207,    8,    0
 24458,131563,20171208,   19,    0
 24458,131563,20171209,   11,    0
 24458,131563,20171210,  -11,    0
 24458,131563,20171211,   50,    0
 24458,131563,20171212,   69,    0
 24458,131563,20171213,   23,    0
 24458,131563,20171214,   39,    0
 24458,131563,20171215,   42,    0
 24458,131563,20171216,   27,    0
 24458,131563,20171217,   12,    0
 24458,131563,20171218,  -10,    0
 24458,131563,20171219,   -6,    0
 24458,131563,20171220,   -1,    0
 24458,131563,20171221,   18,    0
 24458,131563,20171222,   43,    0
 24458,131563,20171223,   68,    0
 24458,131563,20171224,   97,    0
 24458,131563,20171225,   54,    0
 24458,131563,20171226,   -8,    0
 24458,131563,20171227,   15,    0
 24458,131563,20171228,   49,    0
 24458,131563,20171229,   12,    0
 24458,131563,20171230,    5,    0
 24458,131563,20171231,   82,    0
 24458,131563,20180101,   50,    0
 24458,131563,20180102,   56,    0
 24458,131563,20180103,   32,    0
 24458,131563,20180104,   55,    0
 24458,131563,20180105,   77,    0
 24458,131563,20180106,   85,    0
 24458,131563,20180107,   58,    0
 24458,131563,20180108,   47,    0
 24458,131563,20180109,   46,    0
 24458,131563,20180110,   36,    0
 24458,131563,20180111,   44,    0
 24458,131563,20180112,   37,    0
 24458,131563,20180113,   11,    0
 24458,131563,20180114,  -13,    0
 24458,131563,20180115,  -33,    0
 24458,131563,20180116,    1,    0
 24458,131563,20180117,   32,    0
 24458,131563,20180118,   24,    0
 24458,131563,20180119,   45,    0
 24458,131563,20180120,   20,    0
 24458,131563,20180121,    9,    0
 24458,131563,20180122,   -4,    0
 24458,131563,20180123,   14,    0
 24458,131563,20180124,   54,    0
 24458,131563,20180125,   25,    0
 24458,131563,20180126,    4,    0
 24458,131563,20180127,    7,    0
 24458,131563,20180128,   36,    0
 24458,131563,20180129,  107,    0
 24458,131563,20180130,   85,    0
 24458,131563,20180131,   38,    0
 24458,131563,20180201,   48,    0
 24458,131563,20180202,   23,    0
 24458,131563,20180203,    9,    0
 24458,131563,20180204,   22,    0
 24458,131563,20180205,  -13,    0
 24458,131563,20180206,  -15,    0
 24458,131563,20180207,  -21,    0
 24458,131563,20180208,    5,    0
 24458,131563,20180209,   -4,    0
 24458,131563,20180210,  -14,    0
 24458,131563,20180211,   -7,    0
 24458,131563,20180212,   15,    0
 24458,131563,20180213,   -1,    0
 24458,131563,20180214,   -3,    0
 24458,131563,20180215,    3,    0
 24458,131563,20180216,    5,    0
 24458,131563,20180217,   13,    0
 24458,131563,20180218,    0,    0
 24458,131563,20180219,  -14,    0
 24458,131563,20180220,  -16,    0
 24458,131563,20180221,   -9,    0
 24458,131563,20180222,  -26,    0
 24458,131563,20180223,  -28,    0
 24458,131563,20180224,  -43,    0
 24458,131563,20180225,  -87,    0
 24458,131563,20180226, -113,    0
 24458,131563,20180227, -111,    0
 24458,131563,20180228, -115,    0
 24458,131563,20180301, -106,    0
 24458,131563,20180302,  -82,    0
 24458,131563,20180303,  -44,    0
 24458,131563,20180304,  -16,    0
 24458,131563,20180305,  -18,    0
 24458,131563,20180306,   -6,    0
 24458,131563,20180307,   48,    0
 24458,131563,20180308,   76,    0
 24458,131563,20180309,   69,    0
 24458,131563,20180310,   85,    0
 24458,131563,20180311,   97,    0
 24458,131563,20180312,  130,    0
 24458,131563,20180313,  102,    0
 24458,131563,20180314,   85,    0
 24458,131563,20180315,   64,    0
 24458,131563,20180316,   72,    0
 24458,131563,20180317,   33,    0
 24458,131563,20180318,  -39,    0
 24458,131563,20180319,  -55,    0
 24458,131563,20180320,  -27,    0
 24458,131563,20180321,   -5,    0
 24458,131563,20180322,  -12,    0
 24458,131563,20180323,   16,    0
 24458,131563,20180324,   39,    0
 24458,131563,20180325,   14,    0
 24458,131563,20180326,   26,    0
 24458,131563,20180327,   58,    0
 24458,131563,20180328,   51,    0
 24458,131563,20180329,   78,    0
 24458,131563,20180330,   56,    0
 24458,131563,20180331,   97,    0
 24458,131563,20180401,   78,    0
 24458,131563,20180402,   89,    0
 24458,131563,20180403,  128,    0
 24458,131563,20180404,  144,    0
 24458,131563,20180405,  123,    0
 24458,131563,20180406,   88,    0
 24458,131563,20180407,   91,    0
 24458,131563,20180408,  124,    0
 24458,131563,20180409,  168,    0
 24458,131563,20180410,  124,    0
 24458,131563,20180411,  152,    0
 24458,131563,20180412,  164,    0
 24458,131563,20180413,  147,    0
 24458,131563,20180414,  130,    0
 24458,131563,20180415,  156,    0
 24458,131563,20180416,  159,    0
 24458,131563,20180417,  161,    0
 24458,131563,20180418,  149,    0
 24458,131563,20180419,  177,    0
 24458,131563,20180420,  191,    0
 24458,131563,20180421,  199,    0
 24458,131563,20180422,  198,    0
 24458,131563,20180423,  202,    0
 24458,131563,20180424,  167,    0
 24458,131563,20180425,  186,    0
 24458,131563,20180426,  138,    0
 24458,131563,20180427,  124,    0
 24458,131563,20180428,  165,    0
 24458,131563,20180429,  211,    0
 24458,131563,20180430,  202,    0
 24458,131563,20180501,  160,    0
 24458,131563,20180502,  184,    0
 24458,131563,20180503,  173,    0
 24458,131563,20180504,  176,    0
 24458,131563,20180505,  168,    0
 24458,131563,20180506,  161,    0
 24458,131563,20180507,  162,    0
 24458,131563,20180508,  155,    0
 24458,131563,20180509,  170,    0
 24458,131563,20180510,  173,    0
 24458,131563,20180511,  176,    0
 24458,131563,20180512,  184,    0
 24458,131563,20180513,  169,    0
 24458,131563,20180514,  139,    0
 24458,131563,20180515,  117,    0
 24458,131563,20180516,  123,    0
 24458,131563,20180517,  126,    0
 24458,131563,20180518,  168,    0
 24458,131563,20180519,  155,    0
 24458,131563,20180520,  156,    0
 24458,131563,20180521,  162,    0
 24458,131563,20180522,  177,    0
 24458,131563,20180523,  183,    0
 24458,131563,20180524,  194,    0
 24458,131563,20180525,  170,    0
 24458,131563,20180526,  179,    0
 24458,131563,20180527,  201,    0
 24458,131563,20180528,  210,    0
 24458,131563,20180529,  212,    0
 24458,131563,20180530,  201,    0
 24458,131563,20180531,  209,    0
 24458,131563,20180601,  220,    0
 24458,131563,20180602,  208,    0
 24458,131563,20180603,  207,    0
 24458,131563,20180604,  202,    0
 24458,131563,20180605,  202,    0
 24458,131563,20180606,  209,    0
 24458,131563,20180607,  192,    0
 24458,131563,20180608,  210,    0
 24458,131563,20180609,  195,    0
 24458,131563,20180610,  213,    0
 24458,131563,20180611,  234,    0
 24458,131563,20180612,  206,    0
 24458,131563,20180613,  179,    0
 24458,131563,20180614,  141,    0
 24458,131563,20180615,  168,    0
 24458,131563,20180616,  207,    0
 24458,131563,20180617,  224,    0
 24458,131563,20180618,  216,    0
 24458,131563,20180619,  214,    0
 24458,131563,20180620,  229,    0
 24458,131563,20180621,  252,    0
 24458,131563,20180622,  185,    0
 24458,131563,20180623,  134,    0
 24458,131563,20180624,  152,    0
 24458,131563,20180625,  145,    0
 24458,131563,20180626,  171,    0
 24458,131563,20180627,  165,    0
 24458,131563,20180628,  163,    0
 24458,131563,20180629,  208,    0
 24458,131563,20180630,  195,    0
 24458,131563,20180701,  152,    0
 24458,131563,20180702,  157,    0
 24458,131563,20180703,  194,    0
 24458,131563,20180704,  225,    0
 24458,131563,20180705,  240,    0
 24458,131563,20180706,  207,    0
 24458,131563,20180707,  204,    0
 24458,131563,20180708,  216,    0
 24458,131563,20180709,  218,    0
 24458,131563,20180710,  211,    0
 24458,131563,20180711,  164,    0
 24458,131563,20180712,  188,    0
 24458,131563,20180713,  205,    0
 24458,131563,20180714,  223,    0
 24458,131563,20180715,  223,    0
 24458,131563,20180716,  212,    0
 24458,131563,20180717,  224,    0
 24458,131563,20180718,  238,    0
 24458,131563,20180719,  237,    0
 24458,131563,20180720,  230,    0
 24458,131563,20180721,  229,    0
 24458,131563,20180722,  197,    0
 24458,131563,20180723,  199,    0
 24458,131563,20180724,  237,    0
 24458,131563,20180725,  242,    0
 24458,131563,20180726,  216,    0
 24458,131563,20180727,  241,    0
 24458,131563,20180728,  227,    0
 24458,131563,20180729,  267,    0
 24458,131563,20180730,  264,    0
 24458,131563,20180731,  268,    0
 24458,131563,20180801,  260,    0
 24458,131563,20180802,  242,    0
 24458,131563,20180803,  252,    0
 24458,131563,20180804,  252,    0
 24458,131563,20180805,  259,    0
 24458,131563,20180806,  243,    0
 24458,131563,20180807,  250,    0
 24458,131563,20180808,  248,    0
 24458,131563,20180809,  264,    0
 24458,131563,20180810,  249,    0
 24458,131563,20180811,  206,    0
 24458,131563,20180812,  222,    0
 24458,131563,20180813,  232,    0
 24458,131563,20180814,  215,    0
 24458,131563,20180815,  214,    0
 24458,131563,20180816,  220,    0
 24458,131563,20180817,  223,    0
 24458,131563,20180818,  237,    0
 24458,131563,20180819,  246,    0
 24458,131563,20180820,  264,    0
 24458,131563,20180821,  255,    0
 24458,131563,20180822,  245,    0
 24458,131563,20180823,  266,    0
 24458,131563,20180824,  221,    0
 24458,131563,20180825,  173,    0
 24458,131563,20180826,  134,    0
 24458,131563,20180827,  162,    0
 24458,131563,20180828,  188,    0
 24458,131563,20180829,  204,    0
 24458,131563,20180830,  207,    0
 24458,131563,20180831,  184,    0
 24458,131563,20180901,  164,    0
 24458,131563,20180902,  159,    0
 24458,131563,20180903,  168,    0
 24458,131563,20180904,  171,    0
 24458,131563,20180905,  205,    0
 24458,131563,20180906,  190,    0
 24458,131563,20180907,  184,    0
 24458,131563,20180908,  201,    0
 24458,131563,20180909,  196,    0
 24458,131563,20180910,  198,    0
 24458,131563,20180911,  224,    0
 24458,131563,20180912,  225,    0
 24458,131563,20180913,  220,    0
 24458,131563,20180914,  192,    0
 24458,131563,20180915,  175,    0
 24458,131563,20180916,  190,    0
 24458,131563,20180917,  197,    0
 24458,131563,20180918,  205,    0
 24458,131563,20180919,  193,    0
 24458,131563,20180920,  205,    0
 24458,131563,20180921,  205,    0
 24458,131563,20180922,  155,    0
 24458,131563,20180923,  146,    0
 24458,131563,20180924,  138,    0
 24458,131563,20180925,   91,    0
 24458,131563,20180926,   92,    0
 24458,131563,20180927,  135,    0
 24458,131563,20180928,  155,    0
 24458,131563,20180929,  135,    0
 24458,131563,20180930,   96,    0
 24458,131563,20181001,  100,    0
 24458,131563,20181002,   90,    0
 24458,131563,20181003,  108,    0
 24458,131563,20181004,  118,    0
 24458,131563,20181005,  127,    0
 24458,131563,20181006,  162,    0
 24458,131563,20181007,  169,    0
 24458,131563,20181008,  159,    0
 24458,131563,20181009,  153,    0
 24458,131563,20181010,  167,    0
 24458,131563,20181011,  159,    0
 24458,131563,20181012,  163,    0
 24458,131563,20181013,  167,    0
 24458,131563,20181014,  160,    0
 24458,131563,20181015,  124,    0
 24458,131563,20181016,  141,    0
 24458,131563,20181017,  142,    0
 24458,131563,20181018,  153,    0
 24458,131563,20181019,  146,    0
 24458,131563,20181020,  137,    0
 24458,131563,20181021,   93,    0
 24458,131563,20181022,   98,    0
 24458,131563,20181023,  107,    0
 24458,131563,20181024,  104,    0
 24458,131563,20181025,  125,    0
 24458,131563,20181026,  116,    0
 24458,131563,20181027,  110,    0
 24458,131563,20181028,   94,    0
 24458,131563,20181029,  154,    0
 24458,131563,20181030,  158,    0
 24458,131563,20181031,  120,    0
 24458,131563,20181101,  135,    0
 24458,131563,20181102,  140,    0
 24458,131563,20181103,  131,    0
 24458,131563,20181104,  123,    0
 24458,131563,20181105,  109,    0
 24458,131563,20181106,  128,    0
 24458,131563,20181107,  111,    0
 24458,131563,20181108,  102,    0
 24458,131563,20181109,  107,    0
 24458,131563,20181110,   95,    0
 24458,131563,20181111,   86,    0
 24458,131563,20181112,   82,    0
 24458,131563,20181113,   85,    0
 24458,131563,20181114,   92,    0
 24458,131563,20181115,   66,    0
 24458,131563,20181116,   39,    0
 24458,131563,20181117,   20,    0
 24458,131563,20181118,   14,    0
 24458,131563,20181119,    1,    0
 24458,131563,20181120,    1,    0
 24458,131563,20181121,   16,    0
 24458,131563,20181122,   34,    0
 24458,131563,20181123,   43,    0
 24458,131563,20181124,   53,    0
 24458,131563,20181125,   37,    0
 24458,131563,20181126,   33,    0
 24458,131563,20181127,    7,    0
 24458,131563,20181128,   -9,    0
 24458,131563,20181129,  -31,    0
 24458,131563,20181130,  -36,    0
 24458,131563,20181201,  -25,    0
 24458,131563,20181202,  -16,    0
 24458,131563,20181203,   40,    0
 24458,131563,20181204,   81,    0
 24458,131563,20181205,   28,    0
 24458,131563,20181206,    7,    0
 24458,131563,20181207,   73,    0
 24458,131563,20181208,   55,    0
 24458,131563,20181209,   65,    0
 24458,131563,20181210,   50,    0
 24458,131563,20181211,   24,    0
 24458,131563,20181212,   11,    0
 24458,131563,20181213,  -14,    0
 24458,131563,20181214,  -34,    0
 24458,131563,20181215,  -29,    0
 24458,131563,20181216,  -29,    0
 24458,131563,20181217,  -33,    0
 24458,131563,20181218,    9,    0
 24458,131563,20181219,    9,    0
 24458,131563,20181220,  -16,    0
 24458,131563,20181221,   17,    0
 24458,131563,20181222,   67,    0
 24458,131563,20181223,   77,    0
 24458,131563,20181224,   50,    0
 24458,131563,20181225,   16,    0
 24458,131563,20181226,   15,    0
 24458,131563,20181227,   49,    0
 24458,131563,20181228,   75,    0
 24458,131563,20181229,   54,    0
 24458,131563,20181230,   29,    0
 24458,131563,20181231,   36,    0
 24458,131563,20190101,   36,    0
 24458,131563,20190102,   28,    0
 24458,131563,20190103,  -21,    0
 24458,131563,20190104,  -28,    0
 24458,131563,20190105,    2,    0
 24458,131563,20190106,   10,    0
 24458,131563,20190107,  -17,    0
 24458,131563,20190108,   -1,    0
 24458,131563,20190109,   16,    0
 24458,131563,20190110,   -2,    0
 24458,131563,20190111,  -23,    0
 24458,131563,20190112,    7,    0
 24458,131563,20190113,   47,    0
 24458,131563,20190114,   33,    0
 24458,131563,20190115,   10,    0
 24458,131563,20190116,   38,    0
 24458,131563,20190117,   55,    0
 24458,131563,20190118,   35,    0
 24458,131563,20190119,  -25,    0
 24458,131563,20190120,  -25,    0
 24458,131563,20190121,  -20,    0
 24458,131563,20190122,  -51,    0
 24458,131563,20190123,  -58,    0
 24458,131563,20190124,  -39,    0
 24458,131563,20190125,  -23,    0
 24458,131563,20190126,  -30,    0
 24458,131563,20190127,    7,    0
 24458,131563,20190128,    9,    0
 24458,131563,20190129,   12,    0
 24458,131563,20190130,   -1,    0
 24458,131563,20190131,  -14,    0
 24458,131563,20190201,   18,    0
 24458,131563,20190202,   82,    0
 24458,131563,20190203,   52,    0
 24458,131563,20190204,   13,    0
 24458,131563,20190205,   -9,    0
 24458,131563,20190206,   -3,    0
 24458,131563,20190207,   -7,    0
 24458,131563,20190208,   24,    0
 24458,131563,20190209,   45,    0
 24458,131563,20190210,   33,    0
 24458,131563,20190211,   61,    0
 24458,131563,20190212,   24,    0
 24458,131563,20190213,   35,    0
 24458,131563,20190214,   71,    0
 24458,131563,20190215,   60,    0
 24458,131563,20190216,   75,    0
 24458,131563,20190217,   73,    0
 24458,131563,20190218,   83,    0
 24458,131563,20190219,   67,    0
 24458,131563,20190220,   78,    0
 24458,131563,20190221,   73,    0
 24458,131563,20190222,   48,    0
 24458,131563,20190223,  -32,    0
 24458,131563,20190224,  -12,    0
 24458,131563,20190225,   81,    0
 24458,131563,20190226,  128,    0
 24458,131563,20190227,   92,    0
 24458,131563,20190228,  138,    0
 24458,131563,20190301,  118,    0
 24458,131563,20190302,   55,    0
 24458,131563,20190303,   77,    0
 24458,131563,20190304,  131,    0
 24458,131563,20190305,   95,    0
 24458,131563,20190306,   75,    0
 24458,131563,20190307,  133,    0
 24458,131563,20190308,   87,    0
 24458,131563,20190309,   92,    0
 24458,131563,20190310,  109,    0
 24458,131563,20190311,   77,    0
 24458,131563,20190312,   49,    0
 24458,131563,20190313,   38,    0
 24458,131563,20190314,   64,    0
 24458,131563,20190315,   68,    0
 24458,131563,20190316,   93,    0
 24458,131563,20190317,  131,    0
 24458,131563,20190318,   91,    0
 24458,131563,20190319,   54,    0
 24458,131563,20190320,   42,    0
 24458,131563,20190321,   66,    0
 24458,131563,20190322,   99,    0
 24458,131563,20190323,  122,    0
 24458,131563,20190324,  134,    0
 24458,131563,20190325,  101,    0
 24458,131563,20190326,   62,    0
 24458,131563,20190327,   58,    0
 24458,131563,20190328,   82,    0
 24458,131563,20190329,   92,    0
 24458,131563,20190330,  109,    0
 24458,131563,20190331,  125,    0
 24458,131563,20190401,  109,    0
 24458,131563,20190402,  114,    0
 24458,131563,20190403,  139,    0
 24458,131563,20190404,  126,    0
 24458,131563,20190405,  111,    0
 24458,131563,20190406,   82,    0
 24458,131563,20190407,  113,    0
 24458,131563,20190408,  124,    0
 24458,131563,20190409,  146,    0
 24458,131563,20190410,  110,    0
 24458,131563,20190411,   63,    0
 24458,131563,20190412,   60,    0
 24458,131563,20190413,   59,    0
 24458,131563,20190414,   46,    0
 24458,131563,20190415,   97,    0
 24458,131563,20190416,   88,    0
 24458,131563,20190417,  104,    0
 24458,131563,20190418,  115,    0
 24458,131563,20190419,  148,    0
 24458,131563,20190420,  139,    0
 24458,131563,20190421,  140,    0
 24458,131563,20190422,  140,    0
 24458,131563,20190423,  107,    0
 24458,131563,20190424,  144,    0
 24458,131563,20190425,  191,    0
 24458,131563,20190426,  188,    0
 24458,131563,20190427,  142,    0
 24458,131563,20190428,  114,    0
 24458,131563,20190429,   87,    0
 24458,131563,20190430,   92,    0
 24458,131563,20190501,  137,    0
 24458,131563,20190502,  158,    0
 24458,131563,20190503,  130,    0
 24458,131563,20190504,  103,    0
 24458,131563,20190505,   64,    0
 24458,131563,20190506,   48,    0
 24458,131563,20190507,   84,    0
 24458,131563,20190508,  112,    0
 24458,131563,20190509,  112,    0
 24458,131563,20190510,  135,    0
 24458,131563,20190511,  149,    0
 24458,131563,20190512,  105,    0
 24458,131563,20190513,   82,    0
 24458,131563,20190514,   64,    0
 24458,131563,20190515,   60,    0
 24458,131563,20190516,   80,    0
 24458,131563,20190517,  106,    0
 24458,131563,20190518,  131,    0
 24458,131563,20190519,  152,    0
 24458,131563,20190520,  142,    0
 24458,131563,20190521,  132,    0
 24458,131563,20190522,  138,    0
 24458,131563,20190523,  147,    0
 24458,131563,20190524,  157,    0
 24458,131563,20190525,  173,    0
 24458,131563,20190526,  185,    0
 24458,131563,20190527,  161,    0
 24458,131563,20190528,  155,    0
 24458,131563,20190529,  131,    0
 24458,131563,20190530,  114,    0
 24458,131563,20190531,  143,    0
 24458,131563,20190601,  194,    0
 24458,131563,20190602,  214,    0
 24458,131563,20190603,  203,    0
 24458,131563,20190604,  207,    0
 24458,131563,20190605,  210,    0
 24458,131563,20190606,  175,    0
 24458,131563,20190607,  205,    0
 24458,131563,20190608,  201,    0
 24458,131563,20190609,  216,    0
 24458,131563,20190610,  243,    0
 24458,131563,20190611,  249,    0
 24458,131563,20190612,  239,    0
 24458,131563,20190613,  253,    0
 24458,131563,20190614,  244,    0
 24458,131563,20190615,  262,    0
 24458,131563,20190616,  242,    0
 24458,131563,20190617,  214,    0
 24458,131563,20190618,  219,    0
 24458,131563,20190619,  230,    0
 24458,131563,20190620,  222,    0
 24458,131563,20190621,  210,    0
 24458,131563,20190622,  208,    0
 24458,131563,20190623,  184,    0
 24458,131563,20190624,  218,    0
 24458,131563,20190625,  241,    0
 24458,131563,20190626,  265,    0
 24458,131563,20190627,  287,    0
 24458,131563,20190628,  224,    0
 24458,131563,20190629,  209,    0
 24458,131563,20190630,  235,    0
 24458,131563,20190701,  277,    0
 24458,131563,20190702,  232,    0
 24458,131563,20190703,  219,    0
 24458,131563,20190704,  209,    0
 24458,131563,20190705,  242,    0
 24458,131563,20190706,  254,    0
 24458,131563,20190707,  228,    0
 24458,131563,20190708,  170,    0
 24458,131563,20190709,  176,    0
 24458,131563,20190710,  171,    0
 24458,131563,20190711,  192,    0
 24458,131563,20190712,  189,    0
 24458,131563,20190713,  172,    0
 24458,131563,20190714,  196,    0
 24458,131563,20190715,  190,    0
 24458,131563,20190716,  203,    0
 24458,131563,20190717,  196,    0
 24458,131563,20190718,  203,    0
 24458,131563,20190719,  219,    0
 24458,131563,20190720,  254,    0
 24458,131563,20190721,  248,    0
 24458,131563,20190722,  241,    0
 24458,131563,20190723,  260,    0
 24458,131563,20190724,  247,    0
 24458,131563,20190725,  261,    0
 24458,131563,20190726,  267,    0
 24458,131563,20190727,  232,    0
 24458,131563,20190728,  197,    0
 24458,131563,20190729,  220,    0
 24458,131563,20190730,  243,    0
 24458,131563,20190731,  249,    0
 24458,131563,20190801,  218,    0
 24458,131563,20190802,  203,    0
 24458,131563,20190803,  209,    0
 24458,131563,20190804,  202,    0
 24458,131563,20190805,  228,    0
 24458,131563,20190806,  236,    0
 24458,131563,20190807,  250,    0
 24458,131563,20190808,  216,    0
 24458,131563,20190809,  239,    0
 24458,131563,20190810,  261,    0
 24458,131563,20190811,  241,    0
 24458,131563,20190812,  252,    0
 24458,131563,20190813,  204,    0
 24458,131563,20190814,  183,    0
 24458,131563,20190815,  193,    0
 24458,131563,20190816,  198,    0
 24458,131563,20190817,  205,    0
 24458,131563,20190818,  253,    0
 24458,131563,20190819,  244,    0
 24458,131563,20190820,  258,    0
 24458,131563,20190821,  218,    0
 24458,131563,20190822,  183,    0
 24458,131563,20190823,  220,    0
 24458,131563,20190824,  236,    0
 24458,131563,20190825,  211,    0
 24458,131563,20190826,  215,    0
 24458,131563,20190827,  227,    0
 24458,131563,20190828,  240,    0
 24458,131563,20190829,  248,    0
 24458,131563,20190830,  244,    0
 24458,131563,20190831,  243,    0
 24458,131563,20190901,  252,    0
 24458,131563,20190902,  193,    0
 24458,131563,20190903,  164,    0
 24458,131563,20190904,  179,    0
 24458,131563,20190905,  187,    0
 24458,131563,20190906,  175,    0
 24458,131563,20190907,  144,    0
 24458,131563,20190908,  141,    0
 24458,131563,20190909,  143,    0
 24458,131563,20190910,  143,    0
 24458,131563,20190911,  172,    0
 24458,131563,20190912,  186,    0
 24458,131563,20190913,  205,    0
 24458,131563,20190914,  186,    0
 24458,131563,20190915,  182,    0
 24458,131563,20190916,  206,    0
 24458,131563,20190917,  186,    0
 24458,131563,20190918,  137,    0
 24458,131563,20190919,  117,    0
 24458,131563,20190920,  113,    0
 24458,131563,20190921,  134,    0
 24458,131563,20190922,  133,    0
 24458,131563,20190923,  145,    0
 24458,131563,20190924,  166,    0
 24458,131563,20190925,  157,    0
 24458,131563,20190926,  159,    0
 24458,131563,20190927,  179,    0
 24458,131563,20190928,  157,    0
 24458,131563,20190929,  170,    0
 24458,131563,20190930,  198,    0
 24458,131563,20191001,  164,    0
 24458,131563,20191002,  153,    0
 24458,131563,20191003,   97,    0
 24458,131563,20191004,   99,    0
 24458,131563,20191005,  114,    0
 24458,131563,20191006,   89,    0
 24458,131563,20191007,   68,    0
 24458,131563,20191008,   86,    0
 24458,131563,20191009,  128,    0
 24458,131563,20191010,  115,    0
 24458,131563,20191011,  121,    0
 24458,131563,20191012,  119,    0
 24458,131563,20191013,  109,    0
 24458,131563,20191014,  129,    0
 24458,131563,20191015,  153,    0
 24458,131563,20191016,  141,    0
 24458,131563,20191017,  130,    0
 24458,131563,20191018,  112,    0
 24458,131563,20191019,  128,    0
 24458,131563,20191020,  160,    0
 24458,131563,20191021,  168,    0
 24458,131563,20191022,  147,    0
 24458,131563,20191023,  169,    0
 24458,131563,20191024,  173,    0
 24458,131563,20191025,  164,    0
 24458,131563,20191026,  164,    0
 24458,131563,20191027,  159,    0
 24458,131563,20191028,  121,    0
 24458,131563,20191029,   67,    0
 24458,131563,20191030,   49,    0
 24458,131563,20191031,   25,    0
 24458,131563,20191101,   48,    0
 24458,131563,20191102,   67,    0
 24458,131563,20191103,  122,    0
 24458,131563,20191104,  127,    0
 24458,131563,20191105,   90,    0
 24458,131563,20191106,   92,    0
 24458,131563,20191107,   80,    0
 24458,131563,20191108,   69,    0
 24458,131563,20191109,   72,    0
 24458,131563,20191110,   51,    0
 24458,131563,20191111,   42,    0
 24458,131563,20191112,   55,    0
 24458,131563,20191113,   40,    0
 24458,131563,20191114,   48,    0
 24458,131563,20191115,   68,    0
 24458,131563,20191116,   94,    0
 24458,131563,20191117,  103,    0
 24458,131563,20191118,   92,    0
 24458,131563,20191119,   80,    0
 24458,131563,20191120,   68,    0
 24458,131563,20191121,   86,    0
 24458,131563,20191122,   69,    0
 24458,131563,20191123,   65,    0
 24458,131563,20191124,   60,    0
 24458,131563,20191125,   33,    0
 24458,131563,20191126,   47,    0
 24458,131563,20191127,   54,    0
 24458,131563,20191128,   78,    0
 24458,131563,20191129,   86,    0
 24458,131563,20191130,   51,    0
 24458,131563,20191201,   15,    0
 24458,131563,20191202,   17,    0
 24458,131563,20191203,   17,    0
 24458,131563,20191204,    4,    0
 24458,131563,20191205,  -22,    0
 24458,131563,20191206,  -25,    0
 24458,131563,20191207,   19,    0
 24458,131563,20191208,   63,    0
 24458,131563,20191209,   18,    0
 24458,131563,20191210,   50,    0
 24458,131563,20191211,    8,    0
 24458,131563,20191212,  -16,    0
 24458,131563,20191213,    6,    0
 24458,131563,20191214,   38,    0
 24458,131563,20191215,   54,    0
 24458,131563,20191216,   72,    0
 24458,131563,20191217,   98,    0
 24458,131563,20191218,  116,    0
 24458,131563,20191219,   86,    0
 24458,131563,20191220,   98,    0
 24458,131563,20191221,  100,    0
 24458,131563,20191222,   50,    0
 24458,131563,20191223,   66,    0
 24458,131563,20191224,   60,    0
 24458,131563,20191225,   65,    0
 24458,131563,20191226,   39,    0
 24458,131563,20191227,   26,    0
 24458,131563,20191228,    6,    0
 24458,131563,20191229,  -11,    0
 24458,131563,20191230,  -22,    0
 24458,131563,20191231,   57,    0
 24458,131563,20200101,   18,    0
 24458,131563,20200102,   26,    0
 24458,131563,20200103,   -9,    0
 24458,131563,20200104,   23,    0
 24458,131563,20200105,   28,    0
 24458,131563,20200106,    5,    0
 24458,131563,20200107,   -8,    0
 24458,131563,20200108,   37,    0
 24458,131563,20200109,   24,    0
 24458,131563,20200110,    2,    0
 24458,131563,20200111,   50,    0
 24458,131563,20200112,   23,    0
 24458,131563,20200113,   22,    0
 24458,131563,20200114,  -18,    0
 24458,131563,20200115,  -17,    0
 24458,131563,20200116,    5,    0
 24458,131563,20200117,   -7,    0
 24458,131563,20200118,  -19,    0
 24458,131563,20200119,    1,    0
 24458,131563,20200120,   20,    0
 24458,131563,20200121,    2,    0
 24458,131563,20200122,    4,    0
 24458,131563,20200123,   13,    0
 24458,131563,20200124,  -18,    0
 24458,131563,20200125,  -40,    0
 24458,131563,20200126,  -32,    0
 24458,131563,20200127,  -26,    0
 24458,131563,20200128,   16,    0
 24458,131563,20200129,   25,    0
 24458,131563,20200130,   40,    0
 24458,131563,20200131,   96,    0
 24458,131563,20200201,  106,    0
 24458,131563,20200202,  116,    0
 24458,131563,20200203,  101,    0
 24458,131563,20200204,   66,    0
 24458,131563,20200205,   21,    0
 24458,131563,20200206,   22,    0
 24458,131563,20200207,   30,    0
 24458,131563,20200208,   23,    0
 24458,131563,20200209,   25,    0
 24458,131563,20200210,   88,    0
 24458,131563,20200211,   67,    0
 24458,131563,20200212,   44,    0
 24458,131563,20200213,   39,    0
 24458,131563,20200214,   72,    0
 24458,131563,20200215,   73,    0
 24458,131563,20200216,   64,    0
 24458,131563,20200217,   81,    0
 24458,131563,20200218,   92,    0
 24458,131563,20200219,   48,    0
 24458,131563,20200220,   58,    0
 24458,131563,20200221,   57,    0
 24458,131563,20200222,   61,    0
 24458,131563,20200223,  120,    0
 24458,131563,20200224,  108,    0
 24458,131563,20200225,  107,    0
 24458,131563,20200226,   67,    0
 24458,131563,20200227,   46,    0
 24458,131563,20200228,   31,    0
 24458,131563,20200229,   35,    0
 24458,131563,20200301,   75,    0
 24458,131563,20200302,   86,    0
 24458,131563,20200303,   80,    0
 24458,131563,20200304,   61,    0
 24458,131563,20200305,   50,    0
 24458,131563,20200306,   49,    0
 24458,131563,20200307,   65,    0
 24458,131563,20200308,   51,    0
 24458,131563,20200309,   48,    0
 24458,131563,20200310,   76,    0
 24458,131563,20200311,  122,    0
 24458,131563,20200312,  141,    0
 24458,131563,20200313,  103,    0
 24458,131563,20200314,   57,    0
 24458,131563,20200315,   33,    0
 24458,131563,20200316,   70,    0
 24458,131563,20200317,   95,    0
 24458,131563,20200318,  131,    0
 24458,131563,20200319,  137,    0
 24458,131563,20200320,  143,    0
 24458,131563,20200321,   82,    0
 24458,131563,20200322,    6,    0
 24458,131563,20200323,  -11,    0
 24458,131563,20200324,   11,    0
 24458,131563,20200325,   -4,    0
 24458,131563,20200326,   28,    0
 24458,131563,20200327,   75,    0
 24458,131563,20200328,  113,    0
 24458,131563,20200329,   99,    0
 24458,131563,20200330,   41,    0
 24458,131563,20200331,   15,    0
 24458,131563,20200401,   23,    0
 24458,131563,20200402,   54,    0
 24458,131563,20200403,   91,    0
 24458,131563,20200404,   95,    0
 24458,131563,20200405,   93,    0
 24458,131563,20200406,  118,    0
 24458,131563,20200407,  125,    0
 24458,131563,20200408,  134,    0
 24458,131563,20200409,  149,    0
 24458,131563,20200410,  151,    0
 24458,131563,20200411,  134,    0
 24458,131563,20200412,  152,    0
 24458,131563,20200413,  165,    0
 24458,131563,20200414,   86,    0
 24458,131563,20200415,   80,    0
 24458,131563,20200416,  144,    0
 24458,131563,20200417,  198,    0
 24458,131563,20200418,  157,    0
 24458,131563,20200419,  138,    0
 24458,131563,20200420,  105,    0
 24458,131563,20200421,   94,    0
 24458,131563,20200422,  106,    0
 24458,131563,20200423,  110,    0
 24458,131563,20200424,  153,    0
 24458,131563,20200425,  166,    0
 24458,131563,20200426,  115,    0
 24458,131563,20200427,  132,    0
 24458,131563,20200428,  165,    0
 24458,131563,20200429,  149,    0
 24458,131563,20200430,  154,    0
 24458,131563,20200501,  127,    0
 24458,131563,20200502,  137,    0
 24458,131563,20200503,  109,    0
 24458,131563,20200504,  125,    0
 24458,131563,20200505,  116,    0
 24458,131563,20200506,   90,    0
 24458,131563,20200507,  147,    0
 24458,131563,20200508,  156,    0
 24458,131563,20200509,  177,    0
 24458,131563,20200510,  188,    0
 24458,131563,20200511,  169,    0
 24458,131563,20200512,  112,    0
 24458,131563,20200513,  121,    0
 24458,131563,20200514,  124,    0
 24458,131563,20200515,   95,    0
 24458,131563,20200516,  119,    0
 24458,131563,20200517,  152,    0
 24458,131563,20200518,  179,    0
 24458,131563,20200519,  188,    0
 24458,131563,20200520,  174,    0
 24458,131563,20200521,  156,    0
 24458,131563,20200522,  144,    0
 24458,131563,20200523,  169,    0
 24458,131563,20200524,  149,    0
 24458,131563,20200525,  130,    0
 24458,131563,20200526,  120,    0
 24458,131563,20200527,  140,    0
 24458,131563,20200528,  149,    0
 24458,131563,20200529,  139,    0
 24458,131563,20200530,  126,    0
 24458,131563,20200531,  105,    0
 24458,131563,20200601,  150,    0
 24458,131563,20200602,  166,    0
 24458,131563,20200603,  172,    0
 24458,131563,20200604,  194,    0
 24458,131563,20200605,  153,    0
 24458,131563,20200606,  173,    0
 24458,131563,20200607,  208,    0
 24458,131563,20200608,  169,    0
 24458,131563,20200609,  164,    0
 24458,131563,20200610,  163,    0
 24458,131563,20200611,  170,    0
 24458,131563,20200612,  197,    0
 24458,131563,20200613,  219,    0
 24458,131563,20200614,  212,    0
 24458,131563,20200615,  176,    0
 24458,131563,20200616,  193,    0
 24458,131563,20200617,  188,    0
 24458,131563,20200618,  202,    0
 24458,131563,20200619,  191,    0
 24458,131563,20200620,  159,    0
 24458,131563,20200621,  146,    0
 24458,131563,20200622,  201,    0
 24458,131563,20200623,  200,    0
 24458,131563,20200624,  185,    0
 24458,131563,20200625,  166,    0
 24458,131563,20200626,  193,    0
 24458,131563,20200627,  231,    0
 24458,131563,20200628,  246,    0
 24458,131563,20200629,  195,    0
 24458,131563,20200630,  191,    0
 24458,131563,20200701,  234,    0
 24458,131563,20200702,  222,    0
 24458,131563,20200703,  198,    0
 24458,131563,20200704,  210,    0
 24458,131563,20200705,  233,    0
 24458,131563,20200706,  226,    0
 24458,131563,20200707,  162,    0
 24458,131563,20200708,  188,    0
 24458,131563,20200709,  210,    0
 24458,131563,20200710,  246,    0
 24458,131563,20200711,  201,    0
 24458,131563,20200712,  159,    0
 24458,131563,20200713,  174,    0
 24458,131563,20200714,  173,    0
 24458,131563,20200715,  194,    0
 24458,131563,20200716,  189,    0
 24458,131563,20200717,  161,    0
 24458,131563,20200718,  163,    0
 24458,131563,20200719,  188,    0
 24458,131563,20200720,  213,    0
 24458,131563,20200721,  226,    0
 24458,131563,20200722,  200,    0
 24458,131563,20200723,  219,    0
 24458,131563,20200724,  211,    0
 24458,131563,20200725,  199,    0
 24458,131563,20200726,  208,    0
 24458,131563,20200727,  216,    0
 24458,131563,20200728,  257,    0
 24458,131563,20200729,  230,    0
 24458,131563,20200730,  243,    0
 24458,131563,20200731,  255,    0
 24458,131563,20200801,  231,    0
 24458,131563,20200802,  219,    0
 24458,131563,20200803,  208,    0
 24458,131563,20200804,  174,    0
 24458,131563,20200805,  150,    0
 24458,131563,20200806,  204,    0
 24458,131563,20200807,  245,    0
 24458,131563,20200808,  257,    0
 24458,131563,20200809,  263,    0
 24458,131563,20200810,  261,    0
 24458,131563,20200811,  225,    0
 24458,131563,20200812,  228,    0
 24458,131563,20200813,  241,    0
 24458,131563,20200814,  212,    0
 24458,131563,20200815,  224,    0
 24458,131563,20200816,  194,    0
 24458,131563,20200817,  213,    0
 24458,131563,20200818,  205,    0
 24458,131563,20200819,  215,    0
 24458,131563,20200820,  217,    0
 24458,131563,20200821,  236,    0
 24458,131563,20200822,  247,    0
 24458,131563,20200823,  223,    0
 24458,131563,20200824,  208,    0
 24458,131563,20200825,  193,    0
 24458,131563,20200826,  242,    0
 24458,131563,20200827,  211,    0
 24458,131563,20200828,  201,    0
 24458,131563,20200829,  218,    0
 24458,131563,20200830,  220,    0
 24458,131563,20200831,  172,    0
 24458,131563,20200901,  144,    0
 24458,131563,20200902,  145,    0
 24458,131563,20200903,  165,    0
 24458,131563,20200904,  188,    0
 24458,131563,20200905,  207,    0
 24458,131563,20200906,  192,    0
 24458,131563,20200907,  158,    0
 24458,131563,20200908,  168,    0
 24458,131563,20200909,  186,    0
 24458,131563,20200910,  210,    0
 24458,131563,20200911,  197,    0
 24458,131563,20200912,  202,    0
 24458,131563,20200913,  217,    0
 24458,131563,20200914,  216,    0
 24458,131563,20200915,  218,    0
 24458,131563,20200916,  221,    0
 24458,131563,20200917,  199,    0
 24458,131563,20200918,  139,    0
 24458,131563,20200919,  143,    0
 24458,131563,20200920,  166,    0
 24458,131563,20200921,  180,    0
 24458,131563,20200922,  201,    0
 24458,131563,20200923,  177,    0
 24458,131563,20200924,  189,    0
 24458,131563,20200925,  152,    0
 24458,131563,20200926,   95,    0
 24458,131563,20200927,   95,    0
 24458,131563,20200928,  100,    0
 24458,131563,20200929,  117,    0
 24458,131563,20200930,  145,    0
 24458,131563,20201001,  148,    0
 24458,131563,20201002,  138,    0
 24458,131563,20201003,  185,    0
 24458,131563,20201004,  160,    0
 24458,131563,20201005,  143,    0
 24458,131563,20201006,  126,    0
 24458,131563,20201007,  124,    0
 24458,131563,20201008,  132,    0
 24458,131563,20201009,  152,    0
 24458,131563,20201010,  142,    0
 24458,131563,20201011,   78,    0
 24458,131563,20201012,   57,    0
 24458,131563,20201013,   64,    0
 24458,131563,20201014,   88,    0
 24458,131563,20201015,   67,    0
 24458,131563,20201016,   62,    0
 24458,131563,20201017,   70,    0
 24458,131563,20201018,   88,    0
 24458,131563,20201019,   77,    0
 24458,131563,20201020,   75,    0
 24458,131563,20201021,  102,    0
 24458,131563,20201022,   98,    0
 24458,131563,20201023,   85,    0
 24458,131563,20201024,  116,    0
 24458,131563,20201025,  110,    0
 24458,131563,20201026,  132,    0
 24458,131563,20201027,  108,    0
 24458,131563,20201028,  107,    0
 24458,131563,20201029,  107,    0
 24458,131563,20201030,   94,    0
 24458,131563,20201031,  134,    0
 24458,131563,20201101,  101,    0
 24458,131563,20201102,  148,    0
 24458,131563,20201103,  174,    0
 24458,131563,20201104,  131,    0
 24458,131563,20201105,   86,    0
 24458,131563,20201106,   60,    0
 24458,131563,20201107,   85,    0
 24458,131563,20201108,   67,    0
 24458,131563,20201109,   47,    0
 24458,131563,20201110,   42,    0
 24458,131563,20201111,   51,    0
 24458,131563,20201112,   43,    0
 24458,131563,20201113,   37,    0
 24458,131563,20201114,   49,    0
 24458,131563,20201115,   35,    0
 24458,131563,20201116,   47,    0
 24458,131563,20201117,   95,    0
 24458,131563,20201118,   92,    0
 24458,131563,20201119,   53,    0
 24458,131563,20201120,   62,    0
 24458,131563,20201121,   21,    0
 24458,131563,20201122,   32,    0
 24458,131563,20201123,   33,    0
 24458,131563,20201124,   53,    0
 24458,131563,20201125,    9,    0
 24458,131563,20201126,  -11,    0
 24458,131563,20201127,  -10,    0
 24458,131563,20201128,   -5,    0
 24458,131563,20201129,   22,    0
 24458,131563,20201130,   18,    0
 24458,131563,20201201,  -10,    0
 24458,131563,20201202,  -27,    0
 24458,131563,20201203,  -23,    0
 24458,131563,20201204,   -3,    0
 24458,131563,20201205,   24,    0
 24458,131563,20201206,   53,    0
 24458,131563,20201207,   57,    0
 24458,131563,20201208,   38,    0
 24458,131563,20201209,   18,    0
 24458,131563,20201210,   17,    0
 24458,131563,20201211,   14,    0
 24458,131563,20201212,   19,    0
 24458,131563,20201213,   26,    0
 24458,131563,20201214,   36,    0
 24458,131563,20201215,    1,    0
 24458,131563,20201216,    8,    0
 24458,131563,20201217,    5,    0
 24458,131563,20201218,  -10,    0
 24458,131563,20201219,    3,    0
 24458,131563,20201220,    6,    0
 24458,131563,20201221,   10,    0
 24458,131563,20201222,   44,    0
 24458,131563,20201223,  102,    0
 24458,131563,20201224,   95,    0
 24458,131563,20201225,   37,    0
 24458,131563,20201226,   -3,    0
 24458,131563,20201227,  -31,    0
 24458,131563,20201228,    7,    0
 24458,131563,20201229,   37,    0
 24458,131563,20201230,   36,    0
 24458,131563,20201231,   29,    0
 24458,131563,20210101,   -8,    0
 24458,131563,20210102,    5,    0
 24458,131563,20210103,   44,    0
 24458,131563,20210104,   29,    0
 24458,131563,20210105,   13,    0
 24458,131563,20210106,    9,    0
 24458,131563,20210107,    7,    0
 24458,131563,20210108,  -11,    0
 24458,131563,20210109,   -4,    0
 24458,131563,20210110,  -10,    0
 24458,131563,20210111,  -14,    0
 24458,131563,20210112,  -17,    0
 24458,131563,20210113,    7,    0
 24458,131563,20210114,   -8,    0
 24458,131563,20210115,   -6,    0
 24458,131563,20210116,  -31,    0
 24458,131563,20210117,  -44,    0
 24458,131563,20210118,  -32,    0
 24458,131563,20210119,   14,    0
 24458,131563,20210120,   64,    0
 24458,131563,20210121,   68,    0
 24458,131563,20210122,   92,    0
 24458,131563,20210123,   51,    0
 24458,131563,20210124,   22,    0
 24458,131563,20210125,   18,    0
 24458,131563,20210126,   11,    0
 24458,131563,20210127,   12,    0
 24458,131563,20210128,   18,    0
 24458,131563,20210129,   42,    0
 24458,131563,20210130,   51,    0
 24458,131563,20210131,  -17,    0
 24458,131563,20210201,   -1,    0
 24458,131563,20210202,   40,    0
 24458,131563,20210203,   58,    0
 24458,131563,20210204,  100,    0
 24458,131563,20210205,   58,    0
 24458,131563,20210206,   31,    0
 24458,131563,20210207,   58,    0
 24458,131563,20210208,   20,    0
 24458,131563,20210209,    2,    0
 24458,131563,20210210,   -3,    0
 24458,131563,20210211,  -47,    0
 24458,131563,20210212,  -71,    0
 24458,131563,20210213,  -65,    0
 24458,131563,20210214,  -37,    0
 24458,131563,20210215,  -24,    0
 24458,131563,20210216,  -14,    0
 24458,131563,20210217,   47,    0
 24458,131563,20210218,   77,    0
 24458,131563,20210219,   43,    0
 24458,131563,20210220,   48,    0
 24458,131563,20210221,   49,    0
 24458,131563,20210222,   50,    0
 24458,131563,20210223,   85,    0
 24458,131563,20210224,  120,    0
 24458,131563,20210225,  143,    0
 24458,131563,20210226,  125,    0
 24458,131563,20210227,   88,    0
 24458,131563,20210228,   44,    0
 24458,131563,20210301,   56,    0
 24458,131563,20210302,   66,    0
 24458,131563,20210303,   80,    0
 24458,131563,20210304,  100,    0
 24458,131563,20210305,   53,    0
 24458,131563,20210306,   10,    0
 24458,131563,20210307,   28,    0
 24458,131563,20210308,   30,    0
 24458,131563,20210309,    9,    0
 24458,131563,20210310,   20,    0
 24458,131563,20210311,   32,    0
 24458,131563,20210312,   88,    0
 24458,131563,20210313,   79,    0
 24458,131563,20210314,   73,    0
 24458,131563,20210315,   57,    0
 24458,131563,20210316,   44,    0
 24458,131563,20210317,   39,    0
 24458,131563,20210318,   25,    0
 24458,131563,20210319,   13,    0
 24458,131563,20210320,  -13,    0
 24458,131563,20210321,  -22,    0
 24458,131563,20210322,   28,    0
 24458,131563,20210323,   42,    0
 24458,131563,20210324,   59,    0
 24458,131563,20210325,   75,    0
 24458,131563,20210326,  114,    0
 24458,131563,20210327,  114,    0
 24458,131563,20210328,   77,    0
 24458,131563,20210329,  114,    0
 24458,131563,20210330,  165,    0
 24458,131563,20210331,  161,    0
 24458,131563,20210401,  180,    0
 24458,131563,20210402,  146,    0
 24458,131563,20210403,   70,    0
 24458,131563,20210404,   44,    0
 24458,131563,20210405,   93,    0
 24458,131563,20210406,   57,    0
 24458,131563,20210407,   20,    0
 24458,131563,20210408,   25,    0
 24458,131563,20210409,   71,    0
 24458,131563,20210410,  118,    0
 24458,131563,20210411,  105,    0
 24458,131563,20210412,  101,    0
 24458,131563,20210413,   16,    0
 24458,131563,20210414,   29,    0
 24458,131563,20210415,   41,    0
 24458,131563,20210416,   39,    0
 24458,131563,20210417,   48,    0
 24458,131563,20210418,   52,    0
 24458,131563,20210419,   72,    0
 24458,131563,20210420,   99,    0
 24458,131563,20210421,  123,    0
 24458,131563,20210422,  116,    0
 24458,131563,20210423,   96,    0
 24458,131563,20210424,   85,    0
 24458,131563,20210425,  104,    0
 24458,131563,20210426,   58,    0
 24458,131563,20210427,   59,    0
 24458,131563,20210428,  101,    0
 24458,131563,20210429,  131,    0
 24458,131563,20210430,  140,    0
 24458,131563,20210501,  152,    0
 24458,131563,20210502,  121,    0
 24458,131563,20210503,  104,    0
 24458,131563,20210504,  128,    0
 24458,131563,20210505,  134,    0
 24458,131563,20210506,   80,    0
 24458,131563,20210507,   98,    0
 24458,131563,20210508,   82,    0
 24458,131563,20210509,  136,    0
 24458,131563,20210510,  187,    0
 24458,131563,20210511,  212,    0
 24458,131563,20210512,  172,    0
 24458,131563,20210513,  128,    0
 24458,131563,20210514,  133,    0
 24458,131563,20210515,  121,    0
 24458,131563,20210516,  137,    0
 24458,131563,20210517,  116,    0
 24458,131563,20210518,  130,    0
 24458,131563,20210519,  116,    0
 24458,131563,20210520,  125,    0
 24458,131563,20210521,  145,    0
 24458,131563,20210522,  140,    0
 24458,131563,20210523,  110,    0
 24458,131563,20210524,  101,    0
 24458,131563,20210525,  106,    0
 24458,131563,20210526,  129,    0
 24458,131563,20210527,  127,    0
 24458,131563,20210528,  131,    0
 24458,131563,20210529,  138,    0
 24458,131563,20210530,  117,    0
 24458,131563,20210531,  133,    0
 24458,131563,20210601,  141,    0
 24458,131563,20210602,  162,    0
 24458,131563,20210603,  174,    0
 24458,131563,20210604,  196,    0
 24458,131563,20210605,  209,    0
 24458,131563,20210606,  195,    0
 24458,131563,20210607,  200,    0
 24458,131563,20210608,  217,    0
 24458,131563,20210609,  225,    0
 24458,131563,20210610,  206,    0
 24458,131563,20210611,  202,    0
 24458,131563,20210612,  216,    0
 24458,131563,20210613,  183,    0
 24458,131563,20210614,  157,    0
 24458,131563,20210615,  185,    0
 24458,131563,20210616,  222,    0
 24458,131563,20210617,  235,    0
 24458,131563,20210618,  238,    0
 24458,131563,20210619,  252,    0
 24458,131563,20210620,  250,    0
 24458,131563,20210621,  260,    0
 24458,131563,20210622,  248,    0
 24458,131563,20210623,  245,    0
 24458,131563,20210624,  271,    0
 24458,131563,20210625,  234,    0
 24458,131563,20210626,  207,    0
 24458,131563,20210627,  224,    0
 24458,131563,20210628,  246,    0
 24458,131563,20210629,  270,    0
 24458,131563,20210630,  225,    0
 24458,131563,20210701,  178,    0
 24458,131563,20210702,  178,    0
 24458,131563,20210703,  208,    0
 24458,131563,20210704,  202,    0
 24458,131563,20210705,  215,    0
 24458,131563,20210706,  243,    0
 24458,131563,20210707,  247,    0
 24458,131563,20210708,  269,    0
 24458,131563,20210709,  237,    0
 24458,131563,20210710,  209,    0
 24458,131563,20210711,  205,    0
 24458,131563,20210712,  205,    0
 24458,131563,20210713,  244,    0
 24458,131563,20210714,  223,    0
 24458,131563,20210715,  202,    0
 24458,131563,20210716,  238,    0
 24458,131563,20210717,  212,    0
 24458,131563,20210718,  224,    0
 24458,131563,20210719,  218,    0
 24458,131563,20210720,  197,    0
 24458,131563,20210721,  191,    0
 24458,131563,20210722,  201,    0
 24458,131563,20210723,  214,    0
 24458,131563,20210724,  221,    0
 24458,131563,20210725,  230,    0
 24458,131563,20210726,  233,    0
 24458,131563,20210727,  238,    0
 24458,131563,20210728,  272,    0
 24458,131563,20210729,  217,    0
 24458,131563,20210730,  241,    0
 24458,131563,20210731,  219,    0
 24458,131563,20210801,  199,    0
 24458,131563,20210802,  187,    0
 24458,131563,20210803,  192,    0
 24458,131563,20210804,  176,    0
 24458,131563,20210805,  166,    0
 24458,131563,20210806,  199,    0
 24458,131563,20210807,  209,    0
 24458,131563,20210808,  210,    0
 24458,131563,20210809,  199,    0
 24458,131563,20210810,  224,    0
 24458,131563,20210811,  228,    0
 24458,131563,20210812,  224,    0
 24458,131563,20210813,  226,    0
 24458,131563,20210814,  260,    0
 24458,131563,20210815,  265,    0
 24458,131563,20210816,  238,    0
 24458,131563,20210817,  183,    0
 24458,131563,20210818,  162,    0
 24458,131563,20210819,  193,    0
 24458,131563,20210820,  209,    0
 24458,131563,20210821,  214,    0
 24458,131563,20210822,  214,    0
 24458,131563,20210823,  181,    0
 24458,131563,20210824,  173,    0
 24458,131563,20210825,  145,    0
 24458,131563,20210826,  153,    0
 24458,131563,20210827,  145,    0
 24458,131563,20210828,  146,    0
 24458,131563,20210829,  152,    0
 24458,131563,20210830,  157,    0
 24458,131563,20210831,  155,    0
 24458,131563,20210901,  167,    0
 24458,131563,20210902,  175,    0
 24458,131563,20210903,  167,    0
 24458,131563,20210904,  176,    0
 24458,131563,20210905,  175,    0
 24458,131563,20210906,  168,    0
 24458,131563,20210907,  175,    0
 24458,131563,20210908,  172,    0
 24458,131563,20210909,  202,    0
 24458,131563,20210910,  198,    0
 24458,131563,20210911,  191,    0
 24458,131563,20210912,  203,    0
 24458,131563,20210913,  200,    0
 24458,131563,20210914,  203,    0
 24458,131563,20210915,  212,    0
 24458,131563,20210916,  222,    0
 24458,131563,20210917,  165,    0
 24458,131563,20210918,  145,    0
 24458,131563,20210919,  133,    0
 24458,131563,20210920,  114,    0
 24458,131563,20210921,  119,    0
 24458,131563,20210922,  120,    0
 24458,131563,20210923,  140,    0
 24458,131563,20210924,  178,    0
 24458,131563,20210925,  178,    0
 24458,131563,20210926,  159,    0
 24458,131563,20210927,  156,    0
 24458,131563,20210928,  179,    0
 24458,131563,20210929,  148,    0
 24458,131563,20210930,  136,    0
 24458,131563,20211001,  122,    0
 24458,131563,20211002,  140,    0
 24458,131563,20211003,  163,    0
 24458,131563,20211004,  192,    0
 24458,131563,20211005,  182,    0
 24458,131563,20211006,  152,    0
 24458,131563,20211007,   98,    0
 24458,131563,20211008,  105,    0
 24458,131563,20211009,   80,    0
 24458,131563,20211010,   62,    0
 24458,131563,20211011,  107,    0
 24458,131563,20211012,   95,    0
 24458,131563,20211013,   79,    0
 24458,131563,20211014,   81,    0
 24458,131563,20211015,  104,    0
 24458,131563,20211016,  104,    0
 24458,131563,20211017,   90,    0
 24458,131563,20211018,  101,    0
 24458,131563,20211019,  108,    0
 24458,131563,20211020,  144,    0
 24458,131563,20211021,  157,    0
 24458,131563,20211022,  112,    0
 24458,131563,20211023,   91,    0
 24458,131563,20211024,   75,    0
 24458,131563,20211025,   80,    0
 24458,131563,20211026,   71,    0
 24458,131563,20211027,   96,    0
 24458,131563,20211028,   83,    0
 24458,131563,20211029,   92,    0
 24458,131563,20211030,   82,    0
 24458,131563,20211031,   78,    0
 24458,131563,20211101,  105,    0
 24458,131563,20211102,   89,    0
 24458,131563,20211103,   66,    0
 24458,131563,20211104,  114,    0
 24458,131563,20211105,   77,    0
 24458,131563,20211106,   65,    0
 24458,131563,20211107,   74,    0
 24458,131563,20211108,   78,    0
 24458,131563,20211109,   64,    0
 24458,131563,20211110,   68,    0
 24458,131563,20211111,   45,    0
 24458,131563,20211112,   29,    0
 24458,131563,20211113,   22,    0
 24458,131563,20211114,   35,    0
 24458,131563,20211115,   37,    0
 24458,131563,20211116,   65,    0
 24458,131563,20211117,   53,    0
 24458,131563,20211118,   67,    0
 24458,131563,20211119,   88,    0
 24458,131563,20211120,   78,    0
 24458,131563,20211121,   31,    0
 24458,131563,20211122,   35,    0
 24458,131563,20211123,   31,    0
 24458,131563,20211124,   27,    0
 24458,131563,20211125,   35,    0
 24458,131563,20211126,   29,    0
 24458,131563,20211127,    6,    0
 24458,131563,20211128,    3,    0
 24458,131563,20211129,   11,    0
 24458,131563,20211130,   16,    0
 24458,131563,20211201,   51,    0
 24458,131563,20211202,   56,    0
 24458,131563,20211203,   18,    0
 24458,131563,20211204,   -1,    0
 24458,131563,20211205,    6,    0
 24458,131563,20211206,   24,    0
 24458,131563,20211207,    0,    0
 24458,131563,20211208,   -8,    0
 24458,131563,20211209,   -4,    0
 24458,131563,20211210,  -10,    0
 24458,131563,20211211,  -15,    0
 24458,131563,20211212,   17,    0
 24458,131563,20211213,   23,    0
 24458,131563,20211214,   53,    0
 24458,131563,20211215,   55,    0
 24458,131563,20211216,   54,    0
 24458,131563,20211217,   59,    0
 24458,131563,20211218,   47,    0
 24458,131563,20211219,   31,    0
 24458,131563,20211220,   29,    0
 24458,131563,20211221,   -4,    0
 24458,131563,20211222,  -28,    0
 24458,131563,20211223,  -38,    0
 24458,131563,20211224,   37,    0
 24458,131563,20211225,   44,    0
 24458,131563,20211226,  -20,    0
 24458,131563,20211227,   -4,    0
 24458,131563,20211228,   -1,    0
 24458,131563,20211229,   36,    0
 24458,131563,20211230,   80,    0
 24458,131563,20211231,  119,    0
 24458,131563,20220101,-9999,    9
 24458,131563,20220102,-9999,    9
 24458,131563,20220103,-9999,    9
 24458,131563,20220104,-9999,    9
 24458,131563,20220105,-9999,    9
 24458,131563,20220106,-9999,    9
 24458,131563,20220107,-9999,    9
 24458,131563,20220108,-9999,    9
 24458,131563,20220109,-9999,    9
 24458,131563,20220110,-9999,    9
 24458,131563,20220111,-9999,    9
 24458,131563,20220112,-9999,    9
 24458,131563,20220113,-9999,    9
 24458,131563,20220114,-9999,    9
 24458,131563,20220115,-9999,    9
 24458,131563,20220116,-9999,    9
 24458,131563,20220117,-9999,    9
 24458,131563,20220118,-9999,    9
 24458,131563,20220119,-9999,    9
 24458,131563,20220120,-9999,    9
 24458,131563,20220121,-9999,    9
 24458,131563,20220122,-9999,    9
 24458,131563,20220123,-9999,    9
 24458,131563,20220124,-9999,    9
 24458,131563,20220125,-9999,    9
 24458,131563,20220126,-9999,    9
 24458,131563,20220127,-9999,    9
 24458,131563,20220128,-9999,    9
 24458,131563,20220129,-9999,    9
 24458,131563,20220130,-9999,    9
 24458,131563,20220131,-9999,    9
 24458,131563,20220201,-9999,    9
 24458,131563,20220202,-9999,    9
 24458,131563,20220203,-9999,    9
 24458,131563,20220204,-9999,    9
 24458,131563,20220205,-9999,    9
 24458,131563,20220206,-9999,    9
 24458,131563,20220207,-9999,    9
 24458,131563,20220208,-9999,    9
 24458,131563,20220209,-9999,    9
 24458,131563,20220210,-9999,    9
 24458,131563,20220211,-9999,    9
 24458,131563,20220212,-9999,    9
 24458,131563,20220213,-9999,    9
 24458,131563,20220214,-9999,    9
 24458,131563,20220215,-9999,    9
 24458,131563,20220216,-9999,    9
 24458,131563,20220217,-9999,    9
 24458,131563,20220218,-9999,    9
 24458,131563,20220219,-9999,    9
 24458,131563,20220220,-9999,    9
 24458,131563,20220221,-9999,    9
 24458,131563,20220222,-9999,    9
 24458,131563,20220223,-9999,    9
 24458,131563,20220224,-9999,    9
 24458,131563,20220225,-9999,    9
 24458,131563,20220226,-9999,    9
 24458,131563,20220227,-9999,    9
 24458,131563,20220228,-9999,    9
 24458,131563,20220301,-9999,    9
 24458,131563,20220302,-9999,    9
 24458,131563,20220303,-9999,    9
 24458,131563,20220304,-9999,    9
 24458,131563,20220305,-9999,    9
 24458,131563,20220306,-9999,    9
 24458,131563,20220307,-9999,    9
 24458,131563,20220308,-9999,    9
 24458,131563,20220309,-9999,    9
 24458,131563,20220310,-9999,    9
 24458,131563,20220311,-9999,    9
 24458,131563,20220312,-9999,    9
 24458,131563,20220313,-9999,    9
 24458,131563,20220314,-9999,    9
 24458,131563,20220315,-9999,    9
 24458,131563,20220316,-9999,    9
 24458,131563,20220317,-9999,    9
 24458,131563,20220318,-9999,    9
 24458,131563,20220319,-9999,    9
 24458,131563,20220320,-9999,    9
 24458,131563,20220321,-9999,    9
 24458,131563,20220322,-9999,    9
 24458,131563,20220323,-9999,    9
 24458,131563,20220324,-9999,    9
 24458,131563,20220325,-9999,    9
 24458,131563,20220326,-9999,    9
 24458,131563,20220327,-9999,    9
 24458,131563,20220328,-9999,    9
 24458,131563,20220329,-9999,    9
 24458,131563,20220330,-9999,    9
 24458,131563,20220331,-9999,    9
 24458,131563,20220401,-9999,    9
 24458,131563,20220402,-9999,    9
 24458,131563,20220403,-9999,    9
 24458,131563,20220404,-9999,    9
 24458,131563,20220405,-9999,    9
 24458,131563,20220406,-9999,    9
 24458,131563,20220407,-9999,    9
 24458,131563,20220408,-9999,    9
 24458,131563,20220409,-9999,    9
 24458,131563,20220410,-9999,    9
 24458,131563,20220411,-9999,    9
 24458,131563,20220412,-9999,    9
 24458,131563,20220413,-9999,    9
 24458,131563,20220414,-9999,    9
 24458,131563,20220415,-9999,    9
 24458,131563,20220416,-9999,    9
 24458,131563,20220417,-9999,    9
 24458,131563,20220418,-9999,    9
 24458,131563,20220419,-9999,    9
 24458,131563,20220420,-9999,    9
 24458,131563,20220421,-9999,    9
 24458,131563,20220422,-9999,    9
 24458,131563,20220423,-9999,    9
 24458,131563,20220424,-9999,    9
 24458,131563,20220425,-9999,    9
 24458,131563,20220426,-9999,    9
 24458,131563,20220427,-9999,    9
 24458,131563,20220428,-9999,    9
 24458,131563,20220429,-9999,    9
 24458,131563,20220430,-9999,    9
 24458,131563,20220501,-9999,    9
 24458,131563,20220502,-9999,    9
 24458,131563,20220503,-9999,    9
 24458,131563,20220504,-9999,    9
 24458,131563,20220505,-9999,    9
 24458,131563,20220506,-9999,    9
 24458,131563,20220507,-9999,    9
 24458,131563,20220508,-9999,    9
 24458,131563,20220509,-9999,    9
 24458,131563,20220510,-9999,    9
 24458,131563,20220511,-9999,    9
 24458,131563,20220512,-9999,    9
 24458,131563,20220513,-9999,    9
 24458,131563,20220514,-9999,    9
 24458,131563,20220515,-9999,    9
 24458,131563,20220516,-9999,    9
 24458,131563,20220517,-9999,    9
 24458,131563,20220518,-9999,    9
 24458,131563,20220519,-9999,    9
 24458,131563,20220520,-9999,    9
 24458,131563,20220521,-9999,    9
 24458,131563,20220522,-9999,    9
 24458,131563,20220523,-9999,    9
 24458,131563,20220524,-9999,    9
 24458,131563,20220525,-9999,    9
 24458,131563,20220526,-9999,    9
 24458,131563,20220527,-9999,    9
 24458,131563,20220528,-9999,    9
 24458,131563,20220529,-9999,    9
 24458,131563,20220530,-9999,    9
 24458,131563,20220531,-9999,    9
 24458,131563,20220601,-9999,    9
 24458,131563,20220602,-9999,    9
 24458,131563,20220603,-9999,    9
 24458,131563,20220604,-9999,    9
 24458,131563,20220605,-9999,    9
 24458,131563,20220606,-9999,    9
 24458,131563,20220607,-9999,    9
 24458,131563,20220608,-9999,    9
 24458,131563,20220609,-9999,    9
 24458,131563,20220610,-9999,    9
 24458,131563,20220611,-9999,    9
 24458,131563,20220612,-9999,    9
 24458,131563,20220613,-9999,    9
 24458,131563,20220614,-9999,    9
 24458,131563,20220615,-9999,    9
 24458,131563,20220616,-9999,    9
 24458,131563,20220617,-9999,    9
 24458,131563,20220618,-9999,    9
 24458,131563,20220619,-9999,    9
 24458,131563,20220620,-9999,    9
 24458,131563,20220621,-9999,    9
 24458,131563,20220622,-9999,    9
 24458,131563,20220623,-9999,    9
 24458,131563,20220624,-9999,    9
 24458,131563,20220625,-9999,    9
 24458,131563,20220626,-9999,    9
 24458,131563,20220627,-9999,    9
 24458,131563,20220628,-9999,    9
 24458,131563,20220629,-9999,    9
 24458,131563,20220630,-9999,    9
 24458,131563,20220701,-9999,    9
 24458,131563,20220702,-9999,    9
 24458,131563,20220703,-9999,    9
 24458,131563,20220704,-9999,    9
 24458,131563,20220705,-9999,    9
 24458,131563,20220706,-9999,    9
 24458,131563,20220707,-9999,    9
 24458,131563,20220708,-9999,    9
 24458,131563,20220709,-9999,    9
 24458,131563,20220710,-9999,    9
 24458,131563,20220711,-9999,    9
 24458,131563,20220712,-9999,    9
 24458,131563,20220713,-9999,    9
 24458,131563,20220714,-9999,    9
 24458,131563,20220715,-9999,    9
 24458,131563,20220716,-9999,    9
 24458,131563,20220717,-9999,    9
 24458,131563,20220718,-9999,    9
 24458,131563,20220719,-9999,    9
 24458,131563,20220720,-9999,    9
 24458,131563,20220721,-9999,    9
 24458,131563,20220722,-9999,    9
 24458,131563,20220723,-9999,    9
 24458,131563,20220724,-9999,    9
 24458,131563,20220725,-9999,    9
 24458,131563,20220726,-9999,    9
 24458,131563,20220727,-9999,    9
 24458,131563,20220728,-9999,    9
 24458,131563,20220729,-9999,    9
 24458,131563,20220730,-9999,    9
 24458,131563,20220731,-9999,    9
 24458,131563,20220801,-9999,    9
 24458,131563,20220802,-9999,    9
 24458,131563,20220803,-9999,    9
 24458,131563,20220804,-9999,    9
 24458,131563,20220805,-9999,    9
 24458,131563,20220806,-9999,    9
 24458,131563,20220807,-9999,    9
 24458,131563,20220808,-9999,    9
 24458,131563,20220809,-9999,    9
 24458,131563,20220810,-9999,    9
 24458,131563,20220811,-9999,    9
 24458,131563,20220812,-9999,    9
 24458,131563,20220813,-9999,    9
 24458,131563,20220814,-9999,    9
 24458,131563,20220815,-9999,    9
 24458,131563,20220816,-9999,    9
 24458,131563,20220817,-9999,    9
 24458,131563,20220818,-9999,    9
 24458,131563,20220819,-9999,    9
 24458,131563,20220820,-9999,    9
 24458,131563,20220821,-9999,    9
 24458,131563,20220822,-9999,    9
 24458,131563,20220823,-9999,    9
 24458,131563,20220824,-9999,    9
 24458,131563,20220825,-9999,    9
 24458,131563,20220826,-9999,    9
 24458,131563,20220827,-9999,    9
 24458,131563,20220828,-9999,    9
 24458,131563,20220829,-9999,    9
 24458,131563,20220830,-9999,    9
 24458,131563,20220831,-9999,    9
 24458,131563,20220901,-9999,    9
 24458,131563,20220902,-9999,    9
 24458,131563,20220903,-9999,    9
 24458,131563,20220904,-9999,    9
 24458,131563,20220905,-9999,    9
 24458,131563,20220906,-9999,    9
 24458,131563,20220907,-9999,    9
 24458,131563,20220908,-9999,    9
 24458,131563,20220909,-9999,    9
 24458,131563,20220910,-9999,    9
 24458,131563,20220911,-9999,    9
 24458,131563,20220912,-9999,    9
 24458,131563,20220913,-9999,    9
 24458,131563,20220914,-9999,    9
 24458,131563,20220915,-9999,    9
 24458,131563,20220916,-9999,    9
 24458,131563,20220917,-9999,    9
 24458,131563,20220918,-9999,    9
 24458,131563,20220919,-9999,    9
 24458,131563,20220920,-9999,    9
 24458,131563,20220921,-9999,    9
 24458,131563,20220922,-9999,    9
 24458,131563,20220923,-9999,    9
 24458,131563,20220924,-9999,    9
 24458,131563,20220925,-9999,    9
 24458,131563,20220926,-9999,    9
 24458,131563,20220927,-9999,    9
 24458,131563,20220928,-9999,    9
 24458,131563,20220929,-9999,    9
 24458,131563,20220930,-9999,    9
 24458,131563,20221001,-9999,    9
 24458,131563,20221002,-9999,    9
 24458,131563,20221003,-9999,    9
 24458,131563,20221004,-9999,    9
 24458,131563,20221005,-9999,    9
 24458,131563,20221006,-9999,    9
 24458,131563,20221007,-9999,    9
 24458,131563,20221008,-9999,    9
 24458,131563,20221009,-9999,    9
 24458,131563,20221010,-9999,    9
 24458,131563,20221011,-9999,    9
 24458,131563,20221012,-9999,    9
 24458,131563,20221013,-9999,    9
 24458,131563,20221014,-9999,    9
 24458,131563,20221015,-9999,    9
 24458,131563,20221016,-9999,    9
 24458,131563,20221017,-9999,    9
 24458,131563,20221018,-9999,    9
 24458,131563,20221019,-9999,    9
 24458,131563,20221020,-9999,    9
 24458,131563,20221021,-9999,    9
 24458,131563,20221022,-9999,    9
 24458,131563,20221023,-9999,    9
 24458,131563,20221024,-9999,    9
 24458,131563,20221025,-9999,    9
 24458,131563,20221026,-9999,    9
 24458,131563,20221027,-9999,    9
 24458,131563,20221028,-9999,    9
 24458,131563,20221029,-9999,    9
 24458,131563,20221030,-9999,    9
 24458,131563,20221031,-9999,    9
