EUROPEAN CLIMATE ASSESSMENT & DATASET (ECA&D), file created on: 16-11-2022
THESE DATA CAN BE USED FOR NON-COMMERCIAL RESEARCH AND EDUCATION PROVIDED THAT THE FOLLOWING SOURCE IS ACKNOWLEDGED: 

Klein Tank, A.M.G. and Coauthors, 2002. Daily dataset of 20th-century surface
air temperature and precipitation series for the European Climate Assessment.
Int. J. of Climatol., 22, 1441-1453.
Data and metadata available at http://www.ecad.eu

FILE FORMAT (MISSING VALUE CODE = -9999):

01-06 STAID: Station identifier
08-13 SOUID: Source identifier
15-22 DATE : Date YYYYMMDD
24-28 TG   : Mean temperature in 0.1 &#176;C
30-34 Q_TG : quality code for TG (0='valid'; 1='suspect'; 9='missing')

This is the blended series of station E39 GJEMNESSUNDBRUA, NORWAY (STAID: 18560)
Blended and updated with sources:99464 
See files sources.txt and stations.txt for more info.

STAID, SOUID,    DATE,   TG, Q_TG
 18560, 99464,20161101,-9999,    9
 18560, 99464,20161102,-9999,    9
 18560, 99464,20161103,-9999,    9
 18560, 99464,20161104,-9999,    9
 18560, 99464,20161105,-9999,    9
 18560, 99464,20161106,-9999,    9
 18560, 99464,20161107,-9999,    9
 18560, 99464,20161108,-9999,    9
 18560, 99464,20161109,-9999,    9
 18560, 99464,20161110,-9999,    9
 18560, 99464,20161111,-9999,    9
 18560, 99464,20161112,-9999,    9
 18560, 99464,20161113,-9999,    9
 18560, 99464,20161114,-9999,    9
 18560, 99464,20161115,-9999,    9
 18560, 99464,20161116,-9999,    9
 18560, 99464,20161117,-9999,    9
 18560, 99464,20161118,-9999,    9
 18560, 99464,20161119,   56,    0
 18560, 99464,20161120,   56,    0
 18560, 99464,20161121,   54,    0
 18560, 99464,20161122,   41,    0
 18560, 99464,20161123,   39,    0
 18560, 99464,20161124,   51,    0
 18560, 99464,20161125,  102,    0
 18560, 99464,20161126,   60,    0
 18560, 99464,20161127,   32,    0
 18560, 99464,20161128,   55,    0
 18560, 99464,20161129,   64,    0
 18560, 99464,20161130,   40,    0
 18560, 99464,20161201,-9999,    9
 18560, 99464,20161202,   41,    0
 18560, 99464,20161203,   51,    0
 18560, 99464,20161204,   87,    0
 18560, 99464,20161205,   52,    0
 18560, 99464,20161206,   36,    0
 18560, 99464,20161207,   56,    0
 18560, 99464,20161208,   97,    0
 18560, 99464,20161209,   74,    0
 18560, 99464,20161210,   58,    0
 18560, 99464,20161211,   17,    0
 18560, 99464,20161212,   22,    0
 18560, 99464,20161213,   65,    0
 18560, 99464,20161214,   33,    0
 18560, 99464,20161215,   62,    0
 18560, 99464,20161216,   46,    0
 18560, 99464,20161217,   54,    0
 18560, 99464,20161218,  111,    0
 18560, 99464,20161219,  107,    0
 18560, 99464,20161220,   77,    0
 18560, 99464,20161221,   78,    0
 18560, 99464,20161222,   31,    0
 18560, 99464,20161223,   50,    0
 18560, 99464,20161224,   42,    0
 18560, 99464,20161225,   67,    0
 18560, 99464,20161226,   44,    0
 18560, 99464,20161227,   42,    0
 18560, 99464,20161228,   93,    0
 18560, 99464,20161229,  102,    0
 18560, 99464,20161230,   92,    0
 18560, 99464,20161231,   57,    0
 18560, 99464,20170101,-9999,    9
 18560, 99464,20170102,-9999,    9
 18560, 99464,20170103,-9999,    9
 18560, 99464,20170104,-9999,    9
 18560, 99464,20170105,-9999,    9
 18560, 99464,20170106,-9999,    9
 18560, 99464,20170107,-9999,    9
 18560, 99464,20170108,-9999,    9
 18560, 99464,20170109,-9999,    9
 18560, 99464,20170110,-9999,    9
 18560, 99464,20170111,-9999,    9
 18560, 99464,20170112,-9999,    9
 18560, 99464,20170113,-9999,    9
 18560, 99464,20170114,-9999,    9
 18560, 99464,20170115,-9999,    9
 18560, 99464,20170116,-9999,    9
 18560, 99464,20170117,-9999,    9
 18560, 99464,20170118,-9999,    9
 18560, 99464,20170119,-9999,    9
 18560, 99464,20170120,-9999,    9
 18560, 99464,20170121,-9999,    9
 18560, 99464,20170122,-9999,    9
 18560, 99464,20170123,-9999,    9
 18560, 99464,20170124,-9999,    9
 18560, 99464,20170125,-9999,    9
 18560, 99464,20170126,-9999,    9
 18560, 99464,20170127,-9999,    9
 18560, 99464,20170128,-9999,    9
 18560, 99464,20170129,-9999,    9
 18560, 99464,20170130,-9999,    9
 18560, 99464,20170131,-9999,    9
 18560, 99464,20170201,-9999,    9
 18560, 99464,20170202,-9999,    9
 18560, 99464,20170203,-9999,    9
 18560, 99464,20170204,-9999,    9
 18560, 99464,20170205,-9999,    9
 18560, 99464,20170206,-9999,    9
 18560, 99464,20170207,-9999,    9
 18560, 99464,20170208,-9999,    9
 18560, 99464,20170209,-9999,    9
 18560, 99464,20170210,-9999,    9
 18560, 99464,20170211,-9999,    9
 18560, 99464,20170212,-9999,    9
 18560, 99464,20170213,-9999,    9
 18560, 99464,20170214,-9999,    9
 18560, 99464,20170215,-9999,    9
 18560, 99464,20170216,-9999,    9
 18560, 99464,20170217,-9999,    9
 18560, 99464,20170218,-9999,    9
 18560, 99464,20170219,-9999,    9
 18560, 99464,20170220,-9999,    9
 18560, 99464,20170221,-9999,    9
 18560, 99464,20170222,-9999,    9
 18560, 99464,20170223,-9999,    9
 18560, 99464,20170224,-9999,    9
 18560, 99464,20170225,-9999,    9
 18560, 99464,20170226,-9999,    9
 18560, 99464,20170227,-9999,    9
 18560, 99464,20170228,-9999,    9
 18560, 99464,20170301,-9999,    9
 18560, 99464,20170302,-9999,    9
 18560, 99464,20170303,-9999,    9
 18560, 99464,20170304,-9999,    9
 18560, 99464,20170305,-9999,    9
 18560, 99464,20170306,-9999,    9
 18560, 99464,20170307,-9999,    9
 18560, 99464,20170308,-9999,    9
 18560, 99464,20170309,-9999,    9
 18560, 99464,20170310,-9999,    9
 18560, 99464,20170311,-9999,    9
 18560, 99464,20170312,-9999,    9
 18560, 99464,20170313,   69,    0
 18560, 99464,20170314,-9999,    9
 18560, 99464,20170315,-9999,    9
 18560, 99464,20170316,-9999,    9
 18560, 99464,20170317,-9999,    9
 18560, 99464,20170318,-9999,    9
 18560, 99464,20170319,-9999,    9
 18560, 99464,20170320,-9999,    9
 18560, 99464,20170321,-9999,    9
 18560, 99464,20170322,-9999,    9
 18560, 99464,20170323,-9999,    9
 18560, 99464,20170324,-9999,    9
 18560, 99464,20170325,-9999,    9
 18560, 99464,20170326,-9999,    9
 18560, 99464,20170327,-9999,    9
 18560, 99464,20170328,-9999,    9
 18560, 99464,20170329,-9999,    9
 18560, 99464,20170330,-9999,    9
 18560, 99464,20170331,-9999,    9
 18560, 99464,20170401,-9999,    9
 18560, 99464,20170402,-9999,    9
 18560, 99464,20170403,   80,    0
 18560, 99464,20170404,   75,    0
 18560, 99464,20170405,   48,    0
 18560, 99464,20170406,   49,    0
 18560, 99464,20170407,   49,    0
 18560, 99464,20170408,   88,    0
 18560, 99464,20170409,   96,    0
 18560, 99464,20170410,   43,    0
 18560, 99464,20170411,   33,    0
 18560, 99464,20170412,   41,    0
 18560, 99464,20170413,   33,    0
 18560, 99464,20170414,   34,    0
 18560, 99464,20170415,   47,    0
 18560, 99464,20170416,   33,    0
 18560, 99464,20170417,   36,    0
 18560, 99464,20170418,   43,    0
 18560, 99464,20170419,   60,    0
 18560, 99464,20170420,   66,    0
 18560, 99464,20170421,   36,    0
 18560, 99464,20170422,   35,    0
 18560, 99464,20170423,   12,    0
 18560, 99464,20170424,   21,    0
 18560, 99464,20170425,   41,    0
 18560, 99464,20170426,   30,    0
 18560, 99464,20170427,-9999,    9
 18560, 99464,20170428,   60,    0
 18560, 99464,20170429,   83,    0
 18560, 99464,20170430,   64,    0
 18560, 99464,20170501,   83,    0
 18560, 99464,20170502,   82,    0
 18560, 99464,20170503,   86,    0
 18560, 99464,20170504,   85,    0
 18560, 99464,20170505,   99,    0
 18560, 99464,20170506,   63,    0
 18560, 99464,20170507,   52,    0
 18560, 99464,20170508,   42,    0
 18560, 99464,20170509,   34,    0
 18560, 99464,20170510,   56,    0
 18560, 99464,20170511,   63,    0
 18560, 99464,20170512,   84,    0
 18560, 99464,20170513,  105,    0
 18560, 99464,20170514,  112,    0
 18560, 99464,20170515,-9999,    9
 18560, 99464,20170516,  144,    0
 18560, 99464,20170517,  118,    0
 18560, 99464,20170518,  120,    0
 18560, 99464,20170519,  108,    0
 18560, 99464,20170520,-9999,    9
 18560, 99464,20170521,   96,    0
 18560, 99464,20170522,   86,    0
 18560, 99464,20170523,  102,    0
 18560, 99464,20170524,  102,    0
 18560, 99464,20170525,   98,    0
 18560, 99464,20170526,  115,    0
 18560, 99464,20170527,  144,    0
 18560, 99464,20170528,  130,    0
 18560, 99464,20170529,   96,    0
 18560, 99464,20170530,   81,    0
 18560, 99464,20170531,   65,    0
 18560, 99464,20170601,   75,    0
 18560, 99464,20170602,  111,    0
 18560, 99464,20170603,  113,    0
 18560, 99464,20170604,   98,    0
 18560, 99464,20170605,  103,    0
 18560, 99464,20170606,  128,    0
 18560, 99464,20170607,  195,    0
 18560, 99464,20170608,  166,    0
 18560, 99464,20170609,-9999,    9
 18560, 99464,20170610,  139,    0
 18560, 99464,20170611,  148,    0
 18560, 99464,20170612,  123,    0
 18560, 99464,20170613,  128,    0
 18560, 99464,20170614,  123,    0
 18560, 99464,20170615,  155,    0
 18560, 99464,20170616,  134,    0
 18560, 99464,20170617,  133,    0
 18560, 99464,20170618,  134,    0
 18560, 99464,20170619,  118,    0
 18560, 99464,20170620,   94,    0
 18560, 99464,20170621,   90,    0
 18560, 99464,20170622,  132,    0
 18560, 99464,20170623,-9999,    9
 18560, 99464,20170624,  119,    0
 18560, 99464,20170625,  116,    0
 18560, 99464,20170626,   92,    0
 18560, 99464,20170627,   91,    0
 18560, 99464,20170628,  112,    0
 18560, 99464,20170629,  143,    0
 18560, 99464,20170630,  186,    0
 18560, 99464,20170701,  135,    0
 18560, 99464,20170702,  124,    0
 18560, 99464,20170703,  107,    0
 18560, 99464,20170704,  110,    0
 18560, 99464,20170705,  113,    0
 18560, 99464,20170706,  117,    0
 18560, 99464,20170707,  137,    0
 18560, 99464,20170708,  115,    0
 18560, 99464,20170709,  129,    0
 18560, 99464,20170710,  138,    0
 18560, 99464,20170711,  122,    0
 18560, 99464,20170712,  117,    0
 18560, 99464,20170713,  111,    0
 18560, 99464,20170714,  118,    0
 18560, 99464,20170715,  140,    0
 18560, 99464,20170716,  129,    0
 18560, 99464,20170717,  114,    0
 18560, 99464,20170718,  115,    0
 18560, 99464,20170719,  137,    0
 18560, 99464,20170720,  163,    0
 18560, 99464,20170721,  185,    0
 18560, 99464,20170722,  154,    0
 18560, 99464,20170723,  138,    0
 18560, 99464,20170724,  163,    0
 18560, 99464,20170725,  171,    0
 18560, 99464,20170726,  187,    0
 18560, 99464,20170727,  192,    0
 18560, 99464,20170728,  159,    0
 18560, 99464,20170729,  163,    0
 18560, 99464,20170730,  164,    0
 18560, 99464,20170731,  169,    0
 18560, 99464,20170801,  165,    0
 18560, 99464,20170802,  146,    0
 18560, 99464,20170803,  175,    0
 18560, 99464,20170804,  186,    0
 18560, 99464,20170805,  166,    0
 18560, 99464,20170806,  158,    0
 18560, 99464,20170807,  145,    0
 18560, 99464,20170808,  134,    0
 18560, 99464,20170809,  154,    0
 18560, 99464,20170810,  140,    0
 18560, 99464,20170811,  166,    0
 18560, 99464,20170812,  128,    0
 18560, 99464,20170813,  115,    0
 18560, 99464,20170814,  132,    0
 18560, 99464,20170815,  149,    0
 18560, 99464,20170816,  144,    0
 18560, 99464,20170817,  160,    0
 18560, 99464,20170818,  167,    0
 18560, 99464,20170819,  145,    0
 18560, 99464,20170820,  135,    0
 18560, 99464,20170821,  123,    0
 18560, 99464,20170822,  115,    0
 18560, 99464,20170823,  118,    0
 18560, 99464,20170824,  119,    0
 18560, 99464,20170825,  114,    0
 18560, 99464,20170826,  122,    0
 18560, 99464,20170827,  130,    0
 18560, 99464,20170828,  146,    0
 18560, 99464,20170829,  150,    0
 18560, 99464,20170830,  144,    0
 18560, 99464,20170831,  129,    0
 18560, 99464,20170901,  120,    0
 18560, 99464,20170902,  132,    0
 18560, 99464,20170903,  138,    0
 18560, 99464,20170904,  176,    0
 18560, 99464,20170905,  178,    0
 18560, 99464,20170906,  155,    0
 18560, 99464,20170907,  136,    0
 18560, 99464,20170908,  150,    0
 18560, 99464,20170909,  154,    0
 18560, 99464,20170910,  134,    0
 18560, 99464,20170911,  160,    0
 18560, 99464,20170912,  133,    0
 18560, 99464,20170913,  131,    0
 18560, 99464,20170914,  120,    0
 18560, 99464,20170915,  114,    0
 18560, 99464,20170916,  110,    0
 18560, 99464,20170917,  100,    0
 18560, 99464,20170918,  111,    0
 18560, 99464,20170919,  124,    0
 18560, 99464,20170920,  127,    0
 18560, 99464,20170921,  143,    0
 18560, 99464,20170922,  152,    0
 18560, 99464,20170923,  137,    0
 18560, 99464,20170924,  149,    0
 18560, 99464,20170925,  165,    0
 18560, 99464,20170926,  154,    0
 18560, 99464,20170927,  177,    0
 18560, 99464,20170928,  182,    0
 18560, 99464,20170929,  173,    0
 18560, 99464,20170930,  167,    0
 18560, 99464,20171001,  155,    0
 18560, 99464,20171002,  166,    0
 18560, 99464,20171003,  125,    0
 18560, 99464,20171004,-9999,    9
 18560, 99464,20171005,   94,    0
 18560, 99464,20171006,   93,    0
 18560, 99464,20171007,   81,    0
 18560, 99464,20171008,   90,    0
 18560, 99464,20171009,   85,    0
 18560, 99464,20171010,   98,    0
 18560, 99464,20171011,  107,    0
 18560, 99464,20171012,   99,    0
 18560, 99464,20171013,  117,    0
 18560, 99464,20171014,-9999,    9
 18560, 99464,20171015,  106,    0
 18560, 99464,20171016,   94,    0
 18560, 99464,20171017,-9999,    9
 18560, 99464,20171018,-9999,    9
 18560, 99464,20171019,-9999,    9
 18560, 99464,20171020,-9999,    9
 18560, 99464,20171021,-9999,    9
 18560, 99464,20171022,-9999,    9
 18560, 99464,20171023,-9999,    9
 18560, 99464,20171024,-9999,    9
 18560, 99464,20171025,   97,    0
 18560, 99464,20171026,   85,    0
 18560, 99464,20171027,   88,    0
 18560, 99464,20171028,   64,    0
 18560, 99464,20171029,   49,    0
 18560, 99464,20171030,   43,    0
 18560, 99464,20171031,   98,    0
 18560, 99464,20171101,-9999,    9
 18560, 99464,20171102,-9999,    9
 18560, 99464,20171103,   97,    0
 18560, 99464,20171104,   83,    0
 18560, 99464,20171105,   66,    0
 18560, 99464,20171106,   51,    0
 18560, 99464,20171107,  102,    0
 18560, 99464,20171108,   78,    0
 18560, 99464,20171109,   80,    0
 18560, 99464,20171110,   36,    0
 18560, 99464,20171111,   45,    0
 18560, 99464,20171112,   56,    0
 18560, 99464,20171113,   31,    0
 18560, 99464,20171114,   45,    0
 18560, 99464,20171115,   58,    0
 18560, 99464,20171116,   67,    0
 18560, 99464,20171117,   37,    0
 18560, 99464,20171118,   38,    0
 18560, 99464,20171119,   30,    0
 18560, 99464,20171120,    3,    0
 18560, 99464,20171121,  -15,    0
 18560, 99464,20171122,   14,    0
 18560, 99464,20171123,   56,    0
 18560, 99464,20171124,   59,    0
 18560, 99464,20171125,   62,    0
 18560, 99464,20171126,   41,    0
 18560, 99464,20171127,   15,    0
 18560, 99464,20171128,-9999,    9
 18560, 99464,20171129,-9999,    9
 18560, 99464,20171130,    2,    0
 18560, 99464,20171201,   17,    0
 18560, 99464,20171202,   71,    0
 18560, 99464,20171203,   46,    0
 18560, 99464,20171204,   27,    0
 18560, 99464,20171205,   30,    0
 18560, 99464,20171206,   20,    0
 18560, 99464,20171207,   78,    0
 18560, 99464,20171208,   47,    0
 18560, 99464,20171209,   32,    0
 18560, 99464,20171210,   19,    0
 18560, 99464,20171211,    8,    0
 18560, 99464,20171212,   15,    0
 18560, 99464,20171213,   33,    0
 18560, 99464,20171214,    3,    0
 18560, 99464,20171215,   -3,    0
 18560, 99464,20171216,   20,    0
 18560, 99464,20171217,   35,    0
 18560, 99464,20171218,   57,    0
 18560, 99464,20171219,  114,    0
 18560, 99464,20171220,   63,    0
 18560, 99464,20171221,   56,    0
 18560, 99464,20171222,   49,    0
 18560, 99464,20171223,   52,    0
 18560, 99464,20171224,   35,    0
 18560, 99464,20171225,   17,    0
 18560, 99464,20171226,    9,    0
 18560, 99464,20171227,  -14,    0
 18560, 99464,20171228,  -32,    0
 18560, 99464,20171229,   -7,    0
 18560, 99464,20171230,   25,    0
 18560, 99464,20171231,   35,    0
 18560, 99464,20180101,   32,    0
 18560, 99464,20180102,   29,    0
 18560, 99464,20180103,    5,    0
 18560, 99464,20180104,   35,    0
 18560, 99464,20180105,    2,    0
 18560, 99464,20180106,   -4,    0
 18560, 99464,20180107,   13,    0
 18560, 99464,20180108,   59,    0
 18560, 99464,20180109,   55,    0
 18560, 99464,20180110,   96,    0
 18560, 99464,20180111,   62,    0
 18560, 99464,20180112,   38,    0
 18560, 99464,20180113,    9,    0
 18560, 99464,20180114,   42,    0
 18560, 99464,20180115,   59,    0
 18560, 99464,20180116,   42,    0
 18560, 99464,20180117,   26,    0
 18560, 99464,20180118,   10,    0
 18560, 99464,20180119,   14,    0
 18560, 99464,20180120,   23,    0
 18560, 99464,20180121,   14,    0
 18560, 99464,20180122,   11,    0
 18560, 99464,20180123,   40,    0
 18560, 99464,20180124,   60,    0
 18560, 99464,20180125,   43,    0
 18560, 99464,20180126,   28,    0
 18560, 99464,20180127,   24,    0
 18560, 99464,20180128,   39,    0
 18560, 99464,20180129,   41,    0
 18560, 99464,20180130,   29,    0
 18560, 99464,20180131,   43,    0
 18560, 99464,20180201,   31,    0
 18560, 99464,20180202,  -19,    0
 18560, 99464,20180203,  -19,    0
 18560, 99464,20180204,   12,    0
 18560, 99464,20180205,   43,    0
 18560, 99464,20180206,   14,    0
 18560, 99464,20180207,    9,    0
 18560, 99464,20180208,   47,    0
 18560, 99464,20180209,   64,    0
 18560, 99464,20180210,   43,    0
 18560, 99464,20180211,   47,    0
 18560, 99464,20180212,   19,    0
 18560, 99464,20180213,   24,    0
 18560, 99464,20180214,   57,    0
 18560, 99464,20180215,   54,    0
 18560, 99464,20180216,   39,    0
 18560, 99464,20180217,   43,    0
 18560, 99464,20180218,   40,    0
 18560, 99464,20180219,   26,    0
 18560, 99464,20180220,   18,    0
 18560, 99464,20180221,   35,    0
 18560, 99464,20180222,   32,    0
 18560, 99464,20180223,   30,    0
 18560, 99464,20180224,   32,    0
 18560, 99464,20180225,   34,    0
 18560, 99464,20180226,   -5,    0
 18560, 99464,20180227,  -42,    0
 18560, 99464,20180228,  -53,    0
 18560, 99464,20180301,  -47,    0
 18560, 99464,20180302,  -28,    0
 18560, 99464,20180303,-9999,    9
 18560, 99464,20180304,  -15,    0
 18560, 99464,20180305,  -31,    0
 18560, 99464,20180306,  -18,    0
 18560, 99464,20180307,  -14,    0
 18560, 99464,20180308,   20,    0
 18560, 99464,20180309,   22,    0
 18560, 99464,20180310,-9999,    9
 18560, 99464,20180311,   12,    0
 18560, 99464,20180312,   10,    0
 18560, 99464,20180313,   16,    0
 18560, 99464,20180314,   15,    0
 18560, 99464,20180315,    8,    0
 18560, 99464,20180316,    3,    0
 18560, 99464,20180317,-9999,    9
 18560, 99464,20180318,   17,    0
 18560, 99464,20180319,   28,    0
 18560, 99464,20180320,   25,    0
 18560, 99464,20180321,   36,    0
 18560, 99464,20180322,   34,    0
 18560, 99464,20180323,   53,    0
 18560, 99464,20180324,   77,    0
 18560, 99464,20180325,-9999,    9
 18560, 99464,20180326,   -4,    0
 18560, 99464,20180327,    5,    0
 18560, 99464,20180328,    7,    0
 18560, 99464,20180329,    7,    0
 18560, 99464,20180330,    5,    0
 18560, 99464,20180331,    2,    0
 18560, 99464,20180401,   13,    0
 18560, 99464,20180402,    7,    0
 18560, 99464,20180403,   14,    0
 18560, 99464,20180404,   14,    0
 18560, 99464,20180405,   10,    0
 18560, 99464,20180406,   30,    0
 18560, 99464,20180407,-9999,    9
 18560, 99464,20180408,   31,    0
 18560, 99464,20180409,   43,    0
 18560, 99464,20180410,   72,    0
 18560, 99464,20180411,   75,    0
 18560, 99464,20180412,   81,    0
 18560, 99464,20180413,   98,    0
 18560, 99464,20180414,  112,    0
 18560, 99464,20180415,   98,    0
 18560, 99464,20180416,   85,    0
 18560, 99464,20180417,   98,    0
 18560, 99464,20180418,   85,    0
 18560, 99464,20180419,  115,    0
 18560, 99464,20180420,   90,    0
 18560, 99464,20180421,   67,    0
 18560, 99464,20180422,   88,    0
 18560, 99464,20180423,   84,    0
 18560, 99464,20180424,   73,    0
 18560, 99464,20180425,   52,    0
 18560, 99464,20180426,   66,    0
 18560, 99464,20180427,   59,    0
 18560, 99464,20180428,   56,    0
 18560, 99464,20180429,   48,    0
 18560, 99464,20180430,   75,    0
 18560, 99464,20180501,   97,    0
 18560, 99464,20180502,-9999,    9
 18560, 99464,20180503,   90,    0
 18560, 99464,20180504,  109,    0
 18560, 99464,20180505,-9999,    9
 18560, 99464,20180506,   92,    0
 18560, 99464,20180507,   90,    0
 18560, 99464,20180508,  171,    0
 18560, 99464,20180509,  186,    0
 18560, 99464,20180510,  134,    0
 18560, 99464,20180511,  100,    0
 18560, 99464,20180512,  112,    0
 18560, 99464,20180513,  121,    0
 18560, 99464,20180514,  148,    0
 18560, 99464,20180515,  131,    0
 18560, 99464,20180516,-9999,    9
 18560, 99464,20180517,   84,    0
 18560, 99464,20180518,   95,    0
 18560, 99464,20180519,-9999,    9
 18560, 99464,20180520,  167,    0
 18560, 99464,20180521,  149,    0
 18560, 99464,20180522,   98,    0
 18560, 99464,20180523,  124,    0
 18560, 99464,20180524,  103,    0
 18560, 99464,20180525,  114,    0
 18560, 99464,20180526,-9999,    9
 18560, 99464,20180527,  165,    0
 18560, 99464,20180528,  176,    0
 18560, 99464,20180529,  137,    0
 18560, 99464,20180530,-9999,    9
 18560, 99464,20180531,  185,    0
 18560, 99464,20180601,  163,    0
 18560, 99464,20180602,  141,    0
 18560, 99464,20180603,  117,    0
 18560, 99464,20180604,   84,    0
 18560, 99464,20180605,   73,    0
 18560, 99464,20180606,-9999,    9
 18560, 99464,20180607,  106,    0
 18560, 99464,20180608,  100,    0
 18560, 99464,20180609,  114,    0
 18560, 99464,20180610,   98,    0
 18560, 99464,20180611,   91,    0
 18560, 99464,20180612,   93,    0
 18560, 99464,20180613,  105,    0
 18560, 99464,20180614,  140,    0
 18560, 99464,20180615,  133,    0
 18560, 99464,20180616,  128,    0
 18560, 99464,20180617,  149,    0
 18560, 99464,20180618,  126,    0
 18560, 99464,20180619,  105,    0
 18560, 99464,20180620,  106,    0
 18560, 99464,20180621,   91,    0
 18560, 99464,20180622,   94,    0
 18560, 99464,20180623,  106,    0
 18560, 99464,20180624,  121,    0
 18560, 99464,20180625,  127,    0
 18560, 99464,20180626,  116,    0
 18560, 99464,20180627,  123,    0
 18560, 99464,20180628,  114,    0
 18560, 99464,20180629,   99,    0
 18560, 99464,20180630,  132,    0
 18560, 99464,20180701,  158,    0
 18560, 99464,20180702,  146,    0
 18560, 99464,20180703,  125,    0
 18560, 99464,20180704,  142,    0
 18560, 99464,20180705,  134,    0
 18560, 99464,20180706,  120,    0
 18560, 99464,20180707,  125,    0
 18560, 99464,20180708,-9999,    9
 18560, 99464,20180709,  131,    0
 18560, 99464,20180710,  149,    0
 18560, 99464,20180711,  158,    0
 18560, 99464,20180712,  125,    0
 18560, 99464,20180713,  120,    0
 18560, 99464,20180714,  128,    0
 18560, 99464,20180715,  165,    0
 18560, 99464,20180716,  187,    0
 18560, 99464,20180717,  205,    0
 18560, 99464,20180718,  176,    0
 18560, 99464,20180719,  149,    0
 18560, 99464,20180720,  153,    0
 18560, 99464,20180721,  159,    0
 18560, 99464,20180722,  151,    0
 18560, 99464,20180723,  150,    0
 18560, 99464,20180724,  148,    0
 18560, 99464,20180725,  144,    0
 18560, 99464,20180726,  178,    0
 18560, 99464,20180727,  221,    0
 18560, 99464,20180728,  263,    0
 18560, 99464,20180729,  198,    0
 18560, 99464,20180730,  218,    0
 18560, 99464,20180731,  212,    0
 18560, 99464,20180801,  181,    0
 18560, 99464,20180802,  170,    0
 18560, 99464,20180803,  159,    0
 18560, 99464,20180804,  148,    0
 18560, 99464,20180805,  132,    0
 18560, 99464,20180806,  140,    0
 18560, 99464,20180807,  156,    0
 18560, 99464,20180808,  169,    0
 18560, 99464,20180809,  158,    0
 18560, 99464,20180810,  134,    0
 18560, 99464,20180811,  133,    0
 18560, 99464,20180812,  126,    0
 18560, 99464,20180813,  130,    0
 18560, 99464,20180814,  139,    0
 18560, 99464,20180815,  143,    0
 18560, 99464,20180816,  153,    0
 18560, 99464,20180817,  157,    0
 18560, 99464,20180818,  142,    0
 18560, 99464,20180819,  123,    0
 18560, 99464,20180820,  115,    0
 18560, 99464,20180821,  124,    0
 18560, 99464,20180822,  139,    0
 18560, 99464,20180823,  139,    0
 18560, 99464,20180824,  123,    0
 18560, 99464,20180825,  111,    0
 18560, 99464,20180826,   99,    0
 18560, 99464,20180827,  110,    0
 18560, 99464,20180828,  130,    0
 18560, 99464,20180829,  139,    0
 18560, 99464,20180830,  125,    0
 18560, 99464,20180831,  122,    0
 18560, 99464,20180901,  129,    0
 18560, 99464,20180902,  168,    0
 18560, 99464,20180903,  148,    0
 18560, 99464,20180904,  118,    0
 18560, 99464,20180905,  128,    0
 18560, 99464,20180906,  142,    0
 18560, 99464,20180907,  180,    0
 18560, 99464,20180908,  198,    0
 18560, 99464,20180909,  167,    0
 18560, 99464,20180910,  148,    0
 18560, 99464,20180911,  128,    0
 18560, 99464,20180912,  109,    0
 18560, 99464,20180913,  116,    0
 18560, 99464,20180914,  112,    0
 18560, 99464,20180915,   92,    0
 18560, 99464,20180916,  116,    0
 18560, 99464,20180917,  122,    0
 18560, 99464,20180918,  126,    0
 18560, 99464,20180919,  148,    0
 18560, 99464,20180920,  120,    0
 18560, 99464,20180921,  105,    0
 18560, 99464,20180922,   97,    0
 18560, 99464,20180923,   74,    0
 18560, 99464,20180924,   68,    0
 18560, 99464,20180925,  107,    0
 18560, 99464,20180926,-9999,    9
 18560, 99464,20180927,-9999,    9
 18560, 99464,20180928,-9999,    9
 18560, 99464,20180929,-9999,    9
 18560, 99464,20180930,-9999,    9
 18560, 99464,20181001,-9999,    9
 18560, 99464,20181002,-9999,    9
 18560, 99464,20181003,-9999,    9
 18560, 99464,20181004,   80,    0
 18560, 99464,20181005,   84,    0
 18560, 99464,20181006,   59,    0
 18560, 99464,20181007,   67,    0
 18560, 99464,20181008,   88,    0
 18560, 99464,20181009,   85,    0
 18560, 99464,20181010,   99,    0
 18560, 99464,20181011,-9999,    9
 18560, 99464,20181012,  191,    0
 18560, 99464,20181013,  151,    0
 18560, 99464,20181014,  117,    0
 18560, 99464,20181015,   77,    0
 18560, 99464,20181016,  112,    0
 18560, 99464,20181017,-9999,    9
 18560, 99464,20181018,-9999,    9
 18560, 99464,20181019,  100,    0
 18560, 99464,20181020,  107,    0
 18560, 99464,20181021,   95,    0
 18560, 99464,20181022,-9999,    9
 18560, 99464,20181023,   58,    0
 18560, 99464,20181024,   48,    0
 18560, 99464,20181025,   52,    0
 18560, 99464,20181026,-9999,    9
 18560, 99464,20181027,-9999,    9
 18560, 99464,20181028,-9999,    9
 18560, 99464,20181029,-9999,    9
 18560, 99464,20181030,   46,    0
 18560, 99464,20181031,   92,    0
 18560, 99464,20181101,  107,    0
 18560, 99464,20181102,   88,    0
 18560, 99464,20181103,   80,    0
 18560, 99464,20181104,  145,    0
 18560, 99464,20181105,  117,    0
 18560, 99464,20181106,   86,    0
 18560, 99464,20181107,  111,    0
 18560, 99464,20181108,  104,    0
 18560, 99464,20181109,   91,    0
 18560, 99464,20181110,  128,    0
 18560, 99464,20181111,  137,    0
 18560, 99464,20181112,   98,    0
 18560, 99464,20181113,   85,    0
 18560, 99464,20181114,   91,    0
 18560, 99464,20181115,  134,    0
 18560, 99464,20181116,  125,    0
 18560, 99464,20181117,   93,    0
 18560, 99464,20181118,   48,    0
 18560, 99464,20181119,   43,    0
 18560, 99464,20181120,   47,    0
 18560, 99464,20181121,   79,    0
 18560, 99464,20181122,   33,    0
 18560, 99464,20181123,   36,    0
 18560, 99464,20181124,   42,    0
 18560, 99464,20181125,   40,    0
 18560, 99464,20181126,   35,    0
 18560, 99464,20181127,   16,    0
 18560, 99464,20181128,   32,    0
 18560, 99464,20181129,  109,    0
 18560, 99464,20181130,  124,    0
 18560, 99464,20181201,   93,    0
 18560, 99464,20181202,   77,    0
 18560, 99464,20181203,-9999,    9
 18560, 99464,20181204,-9999,    9
 18560, 99464,20181205,   26,    0
 18560, 99464,20181206,   14,    0
 18560, 99464,20181207,   39,    0
 18560, 99464,20181208,   32,    0
 18560, 99464,20181209,   36,    0
 18560, 99464,20181210,   48,    0
 18560, 99464,20181211,   31,    0
 18560, 99464,20181212,   15,    0
 18560, 99464,20181213,    2,    0
 18560, 99464,20181214,  -12,    0
 18560, 99464,20181215,    3,    0
 18560, 99464,20181216,   41,    0
 18560, 99464,20181217,   27,    0
 18560, 99464,20181218,   35,    0
 18560, 99464,20181219,-9999,    9
 18560, 99464,20181220,   70,    0
 18560, 99464,20181221,   53,    0
 18560, 99464,20181222,   30,    0
 18560, 99464,20181223,   22,    0
 18560, 99464,20181224,   49,    0
 18560, 99464,20181225,   66,    0
 18560, 99464,20181226,   77,    0
 18560, 99464,20181227,   74,    0
 18560, 99464,20181228,   72,    0
 18560, 99464,20181229,   57,    0
 18560, 99464,20181230,   42,    0
 18560, 99464,20181231,   79,    0
 18560, 99464,20190101,   41,    0
 18560, 99464,20190102,   31,    0
 18560, 99464,20190103,   64,    0
 18560, 99464,20190104,   84,    0
 18560, 99464,20190105,   78,    0
 18560, 99464,20190106,   68,    0
 18560, 99464,20190107,   32,    0
 18560, 99464,20190108,   29,    0
 18560, 99464,20190109,   17,    0
 18560, 99464,20190110,   84,    0
 18560, 99464,20190111,   33,    0
 18560, 99464,20190112,   27,    0
 18560, 99464,20190113,   14,    0
 18560, 99464,20190114,   10,    0
 18560, 99464,20190115,  -14,    0
 18560, 99464,20190116,  -11,    0
 18560, 99464,20190117,   -5,    0
 18560, 99464,20190118,-9999,    9
 18560, 99464,20190119,-9999,    9
 18560, 99464,20190120,   -6,    0
 18560, 99464,20190121,-9999,    9
 18560, 99464,20190122,-9999,    9
 18560, 99464,20190123,-9999,    9
 18560, 99464,20190124,-9999,    9
 18560, 99464,20190125,-9999,    9
 18560, 99464,20190126,-9999,    9
 18560, 99464,20190127,-9999,    9
 18560, 99464,20190128,-9999,    9
 18560, 99464,20190129,-9999,    9
 18560, 99464,20190130,-9999,    9
 18560, 99464,20190131,-9999,    9
 18560, 99464,20190201,-9999,    9
 18560, 99464,20190202,-9999,    9
 18560, 99464,20190203,-9999,    9
 18560, 99464,20190204,-9999,    9
 18560, 99464,20190205,-9999,    9
 18560, 99464,20190206,-9999,    9
 18560, 99464,20190207,-9999,    9
 18560, 99464,20190208,-9999,    9
 18560, 99464,20190209,-9999,    9
 18560, 99464,20190210,-9999,    9
 18560, 99464,20190211,-9999,    9
 18560, 99464,20190212,-9999,    9
 18560, 99464,20190213,-9999,    9
 18560, 99464,20190214,-9999,    9
 18560, 99464,20190215,-9999,    9
 18560, 99464,20190216,-9999,    9
 18560, 99464,20190217,-9999,    9
 18560, 99464,20190218,-9999,    9
 18560, 99464,20190219,   48,    0
 18560, 99464,20190220,   34,    0
 18560, 99464,20190221,   53,    0
 18560, 99464,20190222,  100,    0
 18560, 99464,20190223,  113,    0
 18560, 99464,20190224,   81,    0
 18560, 99464,20190225,   89,    0
 18560, 99464,20190226,   95,    0
 18560, 99464,20190227,   74,    0
 18560, 99464,20190228,   28,    0
 18560, 99464,20190301,   23,    0
 18560, 99464,20190302,   52,    0
 18560, 99464,20190303,   50,    0
 18560, 99464,20190304,   20,    0
 18560, 99464,20190305,  -20,    0
 18560, 99464,20190306,  -12,    0
 18560, 99464,20190307,    1,    0
 18560, 99464,20190308,    1,    0
 18560, 99464,20190309,  -10,    0
 18560, 99464,20190310,   -3,    0
 18560, 99464,20190311,   -6,    0
 18560, 99464,20190312,   22,    0
 18560, 99464,20190313,   27,    0
 18560, 99464,20190314,   36,    0
 18560, 99464,20190315,   32,    0
 18560, 99464,20190316,   15,    0
 18560, 99464,20190317,   15,    0
 18560, 99464,20190318,   25,    0
 18560, 99464,20190319,   51,    0
 18560, 99464,20190320,   65,    0
 18560, 99464,20190321,   64,    0
 18560, 99464,20190322,   96,    0
 18560, 99464,20190323,   43,    0
 18560, 99464,20190324,   36,    0
 18560, 99464,20190325,   25,    0
 18560, 99464,20190326,   38,    0
 18560, 99464,20190327,   77,    0
 18560, 99464,20190328,  121,    0
 18560, 99464,20190329,   63,    0
 18560, 99464,20190330,   28,    0
 18560, 99464,20190331,-9999,    9
 18560, 99464,20190401,   57,    0
 18560, 99464,20190402,   47,    0
 18560, 99464,20190403,   55,    0
 18560, 99464,20190404,   61,    0
 18560, 99464,20190405,   89,    0
 18560, 99464,20190406,   56,    0
 18560, 99464,20190407,   38,    0
 18560, 99464,20190408,   34,    0
 18560, 99464,20190409,-9999,    9
 18560, 99464,20190410,-9999,    9
 18560, 99464,20190411,-9999,    9
 18560, 99464,20190412,   37,    0
 18560, 99464,20190413,   41,    0
 18560, 99464,20190414,   58,    0
 18560, 99464,20190415,   64,    0
 18560, 99464,20190416,   78,    0
 18560, 99464,20190417,  102,    0
 18560, 99464,20190418,  115,    0
 18560, 99464,20190419,  122,    0
 18560, 99464,20190420,  127,    0
 18560, 99464,20190421,   81,    0
 18560, 99464,20190422,  124,    0
 18560, 99464,20190423,  144,    0
 18560, 99464,20190424,  155,    0
 18560, 99464,20190425,  174,    0
 18560, 99464,20190426,  170,    0
 18560, 99464,20190427,  165,    0
 18560, 99464,20190428,  152,    0
 18560, 99464,20190429,  122,    0
 18560, 99464,20190430,-9999,    9
 18560, 99464,20190501,   67,    0
 18560, 99464,20190502,   22,    0
 18560, 99464,20190503,   19,    0
 18560, 99464,20190504,   42,    0
 18560, 99464,20190505,   27,    0
 18560, 99464,20190506,   27,    0
 18560, 99464,20190507,   27,    0
 18560, 99464,20190508,   47,    0
 18560, 99464,20190509,   74,    0
 18560, 99464,20190510,   65,    0
 18560, 99464,20190511,   57,    0
 18560, 99464,20190512,   43,    0
 18560, 99464,20190513,   57,    0
 18560, 99464,20190514,  100,    0
 18560, 99464,20190515,   99,    0
 18560, 99464,20190516,   97,    0
 18560, 99464,20190517,  130,    0
 18560, 99464,20190518,  178,    0
 18560, 99464,20190519,  129,    0
 18560, 99464,20190520,  137,    0
 18560, 99464,20190521,  151,    0
 18560, 99464,20190522,  143,    0
 18560, 99464,20190523,  115,    0
 18560, 99464,20190524,   97,    0
 18560, 99464,20190525,   81,    0
 18560, 99464,20190526,   70,    0
 18560, 99464,20190527,   55,    0
 18560, 99464,20190528,   54,    0
 18560, 99464,20190529,-9999,    9
 18560, 99464,20190530,-9999,    9
 18560, 99464,20190531,-9999,    9
 18560, 99464,20190601,   78,    0
 18560, 99464,20190602,   97,    0
 18560, 99464,20190603,  143,    0
 18560, 99464,20190604,  130,    0
 18560, 99464,20190605,  150,    0
 18560, 99464,20190606,  166,    0
 18560, 99464,20190607,  123,    0
 18560, 99464,20190608,  150,    0
 18560, 99464,20190609,  130,    0
 18560, 99464,20190610,  110,    0
 18560, 99464,20190611,  127,    0
 18560, 99464,20190612,  138,    0
 18560, 99464,20190613,  156,    0
 18560, 99464,20190614,  170,    0
 18560, 99464,20190615,  156,    0
 18560, 99464,20190616,  147,    0
 18560, 99464,20190617,  150,    0
 18560, 99464,20190618,  135,    0
 18560, 99464,20190619,  143,    0
 18560, 99464,20190620,  150,    0
 18560, 99464,20190621,  123,    0
 18560, 99464,20190622,  113,    0
 18560, 99464,20190623,  114,    0
 18560, 99464,20190624,  120,    0
 18560, 99464,20190625,  123,    0
 18560, 99464,20190626,  107,    0
 18560, 99464,20190627,  110,    0
 18560, 99464,20190628,  125,    0
 18560, 99464,20190629,  126,    0
 18560, 99464,20190630,  134,    0
 18560, 99464,20190701,   99,    0
 18560, 99464,20190702,   78,    0
 18560, 99464,20190703,   74,    0
 18560, 99464,20190704,   88,    0
 18560, 99464,20190705,   99,    0
 18560, 99464,20190706,  109,    0
 18560, 99464,20190707,  121,    0
 18560, 99464,20190708,  112,    0
 18560, 99464,20190709,  128,    0
 18560, 99464,20190710,  118,    0
 18560, 99464,20190711,  126,    0
 18560, 99464,20190712,  116,    0
 18560, 99464,20190713,  114,    0
 18560, 99464,20190714,  110,    0
 18560, 99464,20190715,  114,    0
 18560, 99464,20190716,  121,    0
 18560, 99464,20190717,  138,    0
 18560, 99464,20190718,  166,    0
 18560, 99464,20190719,  145,    0
 18560, 99464,20190720,  178,    0
 18560, 99464,20190721,  161,    0
 18560, 99464,20190722,  161,    0
 18560, 99464,20190723,  167,    0
 18560, 99464,20190724,  195,    0
 18560, 99464,20190725,  200,    0
 18560, 99464,20190726,  225,    0
 18560, 99464,20190727,  226,    0
 18560, 99464,20190728,  239,    0
 18560, 99464,20190729,  236,    0
 18560, 99464,20190730,  217,    0
 18560, 99464,20190731,  191,    0
 18560, 99464,20190801,  165,    0
 18560, 99464,20190802,  147,    0
 18560, 99464,20190803,  138,    0
 18560, 99464,20190804,  136,    0
 18560, 99464,20190805,  140,    0
 18560, 99464,20190806,  139,    0
 18560, 99464,20190807,  137,    0
 18560, 99464,20190808,  130,    0
 18560, 99464,20190809,  144,    0
 18560, 99464,20190810,  197,    0
 18560, 99464,20190811,  178,    0
 18560, 99464,20190812,  132,    0
 18560, 99464,20190813,  110,    0
 18560, 99464,20190814,  129,    0
 18560, 99464,20190815,  139,    0
 18560, 99464,20190816,  143,    0
 18560, 99464,20190817,  167,    0
 18560, 99464,20190818,  164,    0
 18560, 99464,20190819,  156,    0
 18560, 99464,20190820,  148,    0
 18560, 99464,20190821,  129,    0
 18560, 99464,20190822,-9999,    9
 18560, 99464,20190823,  127,    0
 18560, 99464,20190824,  150,    0
 18560, 99464,20190825,  158,    0
 18560, 99464,20190826,  199,    0
 18560, 99464,20190827,  182,    0
 18560, 99464,20190828,  208,    0
 18560, 99464,20190829,  148,    0
 18560, 99464,20190830,  153,    0
 18560, 99464,20190831,  151,    0
 18560, 99464,20190901,  146,    0
 18560, 99464,20190902,  116,    0
 18560, 99464,20190903,  108,    0
 18560, 99464,20190904,  113,    0
 18560, 99464,20190905,  100,    0
 18560, 99464,20190906,   91,    0
 18560, 99464,20190907,   99,    0
 18560, 99464,20190908,  112,    0
 18560, 99464,20190909,  129,    0
 18560, 99464,20190910,  130,    0
 18560, 99464,20190911,  135,    0
 18560, 99464,20190912,  120,    0
 18560, 99464,20190913,  101,    0
 18560, 99464,20190914,  107,    0
 18560, 99464,20190915,   99,    0
 18560, 99464,20190916,   88,    0
 18560, 99464,20190917,   87,    0
 18560, 99464,20190918,   92,    0
 18560, 99464,20190919,   82,    0
 18560, 99464,20190920,  128,    0
 18560, 99464,20190921,  141,    0
 18560, 99464,20190922,  129,    0
 18560, 99464,20190923,  127,    0
 18560, 99464,20190924,  110,    0
 18560, 99464,20190925,  102,    0
 18560, 99464,20190926,  118,    0
 18560, 99464,20190927,  161,    0
 18560, 99464,20190928,  137,    0
 18560, 99464,20190929,   98,    0
 18560, 99464,20190930,   58,    0
 18560, 99464,20191001,   76,    0
 18560, 99464,20191002,   86,    0
 18560, 99464,20191003,   81,    0
 18560, 99464,20191004,   66,    0
 18560, 99464,20191005,   43,    0
 18560, 99464,20191006,   51,    0
 18560, 99464,20191007,   54,    0
 18560, 99464,20191008,   70,    0
 18560, 99464,20191009,   97,    0
 18560, 99464,20191010,   90,    0
 18560, 99464,20191011,   85,    0
 18560, 99464,20191012,   68,    0
 18560, 99464,20191013,   61,    0
 18560, 99464,20191014,   50,    0
 18560, 99464,20191015,   72,    0
 18560, 99464,20191016,   84,    0
 18560, 99464,20191017,   97,    0
 18560, 99464,20191018,   87,    0
 18560, 99464,20191019,   70,    0
 18560, 99464,20191020,   69,    0
 18560, 99464,20191021,   73,    0
 18560, 99464,20191022,   97,    0
 18560, 99464,20191023,-9999,    9
 18560, 99464,20191024,-9999,    9
 18560, 99464,20191025,-9999,    9
 18560, 99464,20191026,-9999,    9
 18560, 99464,20191027,   50,    0
 18560, 99464,20191028,   51,    0
 18560, 99464,20191029,   55,    0
 18560, 99464,20191030,   64,    0
 18560, 99464,20191031,   65,    0
 18560, 99464,20191101,   68,    0
 18560, 99464,20191102,   46,    0
 18560, 99464,20191103,   26,    0
 18560, 99464,20191104,   12,    0
 18560, 99464,20191105,   -7,    0
 18560, 99464,20191106,   -3,    0
 18560, 99464,20191107,    4,    0
 18560, 99464,20191108,    2,    0
 18560, 99464,20191109,  -20,    0
 18560, 99464,20191110,  -28,    0
 18560, 99464,20191111,  -23,    0
 18560, 99464,20191112,   -6,    0
 18560, 99464,20191113,   28,    0
 18560, 99464,20191114,   30,    0
 18560, 99464,20191115,   40,    0
 18560, 99464,20191116,   20,    0
 18560, 99464,20191117,   44,    0
 18560, 99464,20191118,   32,    0
 18560, 99464,20191119,   34,    0
 18560, 99464,20191120,   39,    0
 18560, 99464,20191121,   31,    0
 18560, 99464,20191122,   78,    0
 18560, 99464,20191123,   69,    0
 18560, 99464,20191124,   51,    0
 18560, 99464,20191125,   52,    0
 18560, 99464,20191126,   44,    0
 18560, 99464,20191127,   29,    0
 18560, 99464,20191128,   22,    0
 18560, 99464,20191129,   22,    0
 18560, 99464,20191130,   14,    0
 18560, 99464,20191201,   25,    0
 18560, 99464,20191202,   23,    0
 18560, 99464,20191203,   86,    0
 18560, 99464,20191204,   83,    0
 18560, 99464,20191205,   54,    0
 18560, 99464,20191206,   43,    0
 18560, 99464,20191207,-9999,    9
 18560, 99464,20191208,   16,    0
 18560, 99464,20191209,   15,    0
 18560, 99464,20191210,   29,    0
 18560, 99464,20191211,   75,    0
 18560, 99464,20191212,   79,    0
 18560, 99464,20191213,   55,    0
 18560, 99464,20191214,-9999,    9
 18560, 99464,20191215,   45,    0
 18560, 99464,20191216,   41,    0
 18560, 99464,20191217,   39,    0
 18560, 99464,20191218,   42,    0
 18560, 99464,20191219,   53,    0
 18560, 99464,20191220,   66,    0
 18560, 99464,20191221,-9999,    9
 18560, 99464,20191222,-9999,    9
 18560, 99464,20191223,-9999,    9
 18560, 99464,20191224,   13,    0
 18560, 99464,20191225,   30,    0
 18560, 99464,20191226,   37,    0
 18560, 99464,20191227,   22,    0
 18560, 99464,20191228,   90,    0
 18560, 99464,20191229,  113,    0
 18560, 99464,20191230,   72,    0
 18560, 99464,20191231,-9999,    9
 18560, 99464,20200101,   98,    0
 18560, 99464,20200102,  128,    0
 18560, 99464,20200103,   20,    0
 18560, 99464,20200104,   26,    0
 18560, 99464,20200105,-9999,    9
 18560, 99464,20200106,-9999,    9
 18560, 99464,20200107,   90,    0
 18560, 99464,20200108,   59,    0
 18560, 99464,20200109,   56,    0
 18560, 99464,20200110,   53,    0
 18560, 99464,20200111,   87,    0
 18560, 99464,20200112,-9999,    9
 18560, 99464,20200113,-9999,    9
 18560, 99464,20200114,-9999,    9
 18560, 99464,20200115,-9999,    9
 18560, 99464,20200116,   78,    0
 18560, 99464,20200117,   85,    0
 18560, 99464,20200118,   66,    0
 18560, 99464,20200119,   52,    0
 18560, 99464,20200120,  107,    0
 18560, 99464,20200121,   47,    0
 18560, 99464,20200122,   41,    0
 18560, 99464,20200123,   80,    0
 18560, 99464,20200124,   40,    0
 18560, 99464,20200125,   63,    0
 18560, 99464,20200126,   72,    0
 18560, 99464,20200127,-9999,    9
 18560, 99464,20200128,-9999,    9
 18560, 99464,20200129,   44,    0
 18560, 99464,20200130,   27,    0
 18560, 99464,20200131,   60,    0
 18560, 99464,20200201,   29,    0
 18560, 99464,20200202,   36,    0
 18560, 99464,20200203,    8,    0
 18560, 99464,20200204,   15,    0
 18560, 99464,20200205,   57,    0
 18560, 99464,20200206,   79,    0
 18560, 99464,20200207,   62,    0
 18560, 99464,20200208,   65,    0
 18560, 99464,20200209,   68,    0
 18560, 99464,20200210,   41,    0
 18560, 99464,20200211,   39,    0
 18560, 99464,20200212,   22,    0
 18560, 99464,20200213,   20,    0
 18560, 99464,20200214,   21,    0
 18560, 99464,20200215,   68,    0
 18560, 99464,20200216,   70,    0
 18560, 99464,20200217,   69,    0
 18560, 99464,20200218,   39,    0
 18560, 99464,20200219,   29,    0
 18560, 99464,20200220,   54,    0
 18560, 99464,20200221,   57,    0
 18560, 99464,20200222,   37,    0
 18560, 99464,20200223,   25,    0
 18560, 99464,20200224,   15,    0
 18560, 99464,20200225,    3,    0
 18560, 99464,20200226,    5,    0
 18560, 99464,20200227,   12,    0
 18560, 99464,20200228,   24,    0
 18560, 99464,20200229,    6,    0
 18560, 99464,20200301,    8,    0
 18560, 99464,20200302,   26,    0
 18560, 99464,20200303,   58,    0
 18560, 99464,20200304,   51,    0
 18560, 99464,20200305,   45,    0
 18560, 99464,20200306,   46,    0
 18560, 99464,20200307,   52,    0
 18560, 99464,20200308,   92,    0
 18560, 99464,20200309,   56,    0
 18560, 99464,20200310,   48,    0
 18560, 99464,20200311,   64,    0
 18560, 99464,20200312,   34,    0
 18560, 99464,20200313,  -15,    0
 18560, 99464,20200314,   12,    0
 18560, 99464,20200315,   57,    0
 18560, 99464,20200316,   38,    0
 18560, 99464,20200317,   54,    0
 18560, 99464,20200318,   41,    0
 18560, 99464,20200319,   29,    0
 18560, 99464,20200320,-9999,    9
 18560, 99464,20200321,-9999,    9
 18560, 99464,20200322,-9999,    9
 18560, 99464,20200323,-9999,    9
 18560, 99464,20200324,-9999,    9
 18560, 99464,20200325,-9999,    9
 18560, 99464,20200326,-9999,    9
 18560, 99464,20200327,   60,    0
 18560, 99464,20200328,   -1,    0
 18560, 99464,20200329,-9999,    9
 18560, 99464,20200330,   23,    0
 18560, 99464,20200331,   54,    0
 18560, 99464,20200401,   40,    0
 18560, 99464,20200402,   11,    0
 18560, 99464,20200403,    0,    0
 18560, 99464,20200404,   -4,    0
 18560, 99464,20200405,   62,    0
 18560, 99464,20200406,  120,    0
 18560, 99464,20200407,   92,    0
 18560, 99464,20200408,   62,    0
 18560, 99464,20200409,   28,    0
 18560, 99464,20200410,   26,    0
 18560, 99464,20200411,-9999,    9
 18560, 99464,20200412,-9999,    9
 18560, 99464,20200413,-9999,    9
 18560, 99464,20200414,-9999,    9
 18560, 99464,20200415,-9999,    9
 18560, 99464,20200416,-9999,    9
 18560, 99464,20200417,   45,    0
 18560, 99464,20200418,   48,    0
 18560, 99464,20200419,   52,    0
 18560, 99464,20200420,   69,    0
 18560, 99464,20200421,   97,    0
 18560, 99464,20200422,   93,    0
 18560, 99464,20200423,   56,    0
 18560, 99464,20200424,   55,    0
 18560, 99464,20200425,   53,    0
 18560, 99464,20200426,   55,    0
 18560, 99464,20200427,   67,    0
 18560, 99464,20200428,   67,    0
 18560, 99464,20200429,   62,    0
 18560, 99464,20200430,   83,    0
 18560, 99464,20200501,   73,    0
 18560, 99464,20200502,   54,    0
 18560, 99464,20200503,   50,    0
 18560, 99464,20200504,   41,    0
 18560, 99464,20200505,   67,    0
 18560, 99464,20200506,   69,    0
 18560, 99464,20200507,   59,    0
 18560, 99464,20200508,   56,    0
 18560, 99464,20200509,   40,    0
 18560, 99464,20200510,   20,    0
 18560, 99464,20200511,   18,    0
 18560, 99464,20200512,   13,    0
 18560, 99464,20200513,   10,    0
 18560, 99464,20200514,   19,    0
 18560, 99464,20200515,   23,    0
 18560, 99464,20200516,   32,    0
 18560, 99464,20200517,   49,    0
 18560, 99464,20200518,   54,    0
 18560, 99464,20200519,   51,    0
 18560, 99464,20200520,   76,    0
 18560, 99464,20200521,  117,    0
 18560, 99464,20200522,  151,    0
 18560, 99464,20200523,  147,    0
 18560, 99464,20200524,  119,    0
 18560, 99464,20200525,   97,    0
 18560, 99464,20200526,  108,    0
 18560, 99464,20200527,   96,    0
 18560, 99464,20200528,   94,    0
 18560, 99464,20200529,  107,    0
 18560, 99464,20200530,  177,    0
 18560, 99464,20200531,  184,    0
 18560, 99464,20200601,  156,    0
 18560, 99464,20200602,  117,    0
 18560, 99464,20200603,   98,    0
 18560, 99464,20200604,  147,    0
 18560, 99464,20200605,  178,    0
 18560, 99464,20200606,  149,    0
 18560, 99464,20200607,   80,    0
 18560, 99464,20200608,   72,    0
 18560, 99464,20200609,  102,    0
 18560, 99464,20200610,  131,    0
 18560, 99464,20200611,  128,    0
 18560, 99464,20200612,  173,    0
 18560, 99464,20200613,  198,    0
 18560, 99464,20200614,  173,    0
 18560, 99464,20200615,  164,    0
 18560, 99464,20200616,  165,    0
 18560, 99464,20200617,  187,    0
 18560, 99464,20200618,  184,    0
 18560, 99464,20200619,  203,    0
 18560, 99464,20200620,  233,    0
 18560, 99464,20200621,  204,    0
 18560, 99464,20200622,  150,    0
 18560, 99464,20200623,  162,    0
 18560, 99464,20200624,  187,    0
 18560, 99464,20200625,  173,    0
 18560, 99464,20200626,  196,    0
 18560, 99464,20200627,-9999,    9
 18560, 99464,20200628,  207,    0
 18560, 99464,20200629,  152,    0
 18560, 99464,20200630,-9999,    9
 18560, 99464,20200701,   95,    0
 18560, 99464,20200702,-9999,    9
 18560, 99464,20200703,   89,    0
 18560, 99464,20200704,  116,    0
 18560, 99464,20200705,  145,    0
 18560, 99464,20200706,  109,    0
 18560, 99464,20200707,  103,    0
 18560, 99464,20200708,  103,    0
 18560, 99464,20200709,  117,    0
 18560, 99464,20200710,  121,    0
 18560, 99464,20200711,  106,    0
 18560, 99464,20200712,  106,    0
 18560, 99464,20200713,  123,    0
 18560, 99464,20200714,  141,    0
 18560, 99464,20200715,  144,    0
 18560, 99464,20200716,  146,    0
 18560, 99464,20200717,  145,    0
 18560, 99464,20200718,  146,    0
 18560, 99464,20200719,  142,    0
 18560, 99464,20200720,  123,    0
 18560, 99464,20200721,  107,    0
 18560, 99464,20200722,  100,    0
 18560, 99464,20200723,  106,    0
 18560, 99464,20200724,  113,    0
 18560, 99464,20200725,  126,    0
 18560, 99464,20200726,  165,    0
 18560, 99464,20200727,  164,    0
 18560, 99464,20200728,  199,    0
 18560, 99464,20200729,  170,    0
 18560, 99464,20200730,  153,    0
 18560, 99464,20200731,  153,    0
 18560, 99464,20200801,  193,    0
 18560, 99464,20200802,  156,    0
 18560, 99464,20200803,  124,    0
 18560, 99464,20200804,-9999,    9
 18560, 99464,20200805,-9999,    9
 18560, 99464,20200806,  161,    0
 18560, 99464,20200807,  184,    0
 18560, 99464,20200808,  162,    0
 18560, 99464,20200809,  139,    0
 18560, 99464,20200810,  155,    0
 18560, 99464,20200811,  157,    0
 18560, 99464,20200812,  164,    0
 18560, 99464,20200813,  167,    0
 18560, 99464,20200814,  145,    0
 18560, 99464,20200815,  160,    0
 18560, 99464,20200816,  145,    0
 18560, 99464,20200817,  154,    0
 18560, 99464,20200818,  178,    0
 18560, 99464,20200819,  176,    0
 18560, 99464,20200820,  180,    0
 18560, 99464,20200821,  199,    0
 18560, 99464,20200822,  174,    0
 18560, 99464,20200823,  109,    0
 18560, 99464,20200824,-9999,    9
 18560, 99464,20200825,-9999,    9
 18560, 99464,20200826,  111,    0
 18560, 99464,20200827,  118,    0
 18560, 99464,20200828,  119,    0
 18560, 99464,20200829,  120,    0
 18560, 99464,20200830,  104,    0
 18560, 99464,20200831,  104,    0
 18560, 99464,20200901,  124,    0
 18560, 99464,20200902,  152,    0
 18560, 99464,20200903,  161,    0
 18560, 99464,20200904,-9999,    9
 18560, 99464,20200905,  124,    0
 18560, 99464,20200906,  119,    0
 18560, 99464,20200907,  123,    0
 18560, 99464,20200908,  127,    0
 18560, 99464,20200909,  107,    0
 18560, 99464,20200910,   87,    0
 18560, 99464,20200911,  135,    0
 18560, 99464,20200912,  117,    0
 18560, 99464,20200913,  115,    0
 18560, 99464,20200914,  108,    0
 18560, 99464,20200915,   98,    0
 18560, 99464,20200916,   93,    0
 18560, 99464,20200917,  110,    0
 18560, 99464,20200918,  131,    0
 18560, 99464,20200919,  111,    0
 18560, 99464,20200920,  138,    0
 18560, 99464,20200921,  146,    0
 18560, 99464,20200922,   89,    0
 18560, 99464,20200923,   96,    0
 18560, 99464,20200924,   83,    0
 18560, 99464,20200925,   89,    0
 18560, 99464,20200926,   86,    0
 18560, 99464,20200927,  109,    0
 18560, 99464,20200928,  138,    0
 18560, 99464,20200929,  115,    0
 18560, 99464,20200930,  127,    0
 18560, 99464,20201001,  176,    0
 18560, 99464,20201002,-9999,    9
 18560, 99464,20201003,  166,    0
 18560, 99464,20201004,  170,    0
 18560, 99464,20201005,  142,    0
 18560, 99464,20201006,  135,    0
 18560, 99464,20201007,  132,    0
 18560, 99464,20201008,  109,    0
 18560, 99464,20201009,   87,    0
 18560, 99464,20201010,   90,    0
 18560, 99464,20201011,   93,    0
 18560, 99464,20201012,   82,    0
 18560, 99464,20201013,   70,    0
 18560, 99464,20201014,   73,    0
 18560, 99464,20201015,   67,    0
 18560, 99464,20201016,   80,    0
 18560, 99464,20201017,   69,    0
 18560, 99464,20201018,   52,    0
 18560, 99464,20201019,   46,    0
 18560, 99464,20201020,   48,    0
 18560, 99464,20201021,   46,    0
 18560, 99464,20201022,   41,    0
 18560, 99464,20201023,   34,    0
 18560, 99464,20201024,   56,    0
 18560, 99464,20201025,-9999,    9
 18560, 99464,20201026,  106,    0
 18560, 99464,20201027,   77,    0
 18560, 99464,20201028,   88,    0
 18560, 99464,20201029,   84,    0
 18560, 99464,20201030,   95,    0
 18560, 99464,20201031,  100,    0
 18560, 99464,20201101,  139,    0
 18560, 99464,20201102,  108,    0
 18560, 99464,20201103,   91,    0
 18560, 99464,20201104,   70,    0
 18560, 99464,20201105,  112,    0
 18560, 99464,20201106,  121,    0
 18560, 99464,20201107,   92,    0
 18560, 99464,20201108,   65,    0
 18560, 99464,20201109,   77,    0
 18560, 99464,20201110,   88,    0
 18560, 99464,20201111,   98,    0
 18560, 99464,20201112,  129,    0
 18560, 99464,20201113,  121,    0
 18560, 99464,20201114,  112,    0
 18560, 99464,20201115,  130,    0
 18560, 99464,20201116,  109,    0
 18560, 99464,20201117,   88,    0
 18560, 99464,20201118,   39,    0
 18560, 99464,20201119,   19,    0
 18560, 99464,20201120,   31,    0
 18560, 99464,20201121,   69,    0
 18560, 99464,20201122,   64,    0
 18560, 99464,20201123,   53,    0
 18560, 99464,20201124,   71,    0
 18560, 99464,20201125,   67,    0
 18560, 99464,20201126,   62,    0
 18560, 99464,20201127,   49,    0
 18560, 99464,20201128,   50,    0
 18560, 99464,20201129,   63,    0
 18560, 99464,20201130,   72,    0
 18560, 99464,20201201,   44,    0
 18560, 99464,20201202,   71,    0
 18560, 99464,20201203,   79,    0
 18560, 99464,20201204,   55,    0
 18560, 99464,20201205,   48,    0
 18560, 99464,20201206,   37,    0
 18560, 99464,20201207,-9999,    9
 18560, 99464,20201208,-9999,    9
 18560, 99464,20201209,   70,    0
 18560, 99464,20201210,   61,    0
 18560, 99464,20201211,   62,    0
 18560, 99464,20201212,   51,    0
 18560, 99464,20201213,   21,    0
 18560, 99464,20201214,-9999,    9
 18560, 99464,20201215,   70,    0
 18560, 99464,20201216,   70,    0
 18560, 99464,20201217,   92,    0
 18560, 99464,20201218,   87,    0
 18560, 99464,20201219,  100,    0
 18560, 99464,20201220,   77,    0
 18560, 99464,20201221,   62,    0
 18560, 99464,20201222,-9999,    9
 18560, 99464,20201223,   45,    0
 18560, 99464,20201224,   23,    0
 18560, 99464,20201225,   18,    0
 18560, 99464,20201226,-9999,    9
 18560, 99464,20201227,-9999,    9
 18560, 99464,20201228,   72,    0
 18560, 99464,20201229,   56,    0
 18560, 99464,20201230,   39,    0
 18560, 99464,20201231,   25,    0
 18560, 99464,20210101,    2,    0
 18560, 99464,20210102,    8,    0
 18560, 99464,20210103,   -2,    0
 18560, 99464,20210104,  -11,    0
 18560, 99464,20210105,    2,    0
 18560, 99464,20210106,   -2,    0
 18560, 99464,20210107,    6,    0
 18560, 99464,20210108,    7,    0
 18560, 99464,20210109,   34,    0
 18560, 99464,20210110,    4,    0
 18560, 99464,20210111,  -12,    0
 18560, 99464,20210112,  -12,    0
 18560, 99464,20210113,  -26,    0
 18560, 99464,20210114,  -40,    0
 18560, 99464,20210115,  -18,    0
 18560, 99464,20210116,  -23,    0
 18560, 99464,20210117,   30,    0
 18560, 99464,20210118,   35,    0
 18560, 99464,20210119,   31,    0
 18560, 99464,20210120,   24,    0
 18560, 99464,20210121,   59,    0
 18560, 99464,20210122,   55,    0
 18560, 99464,20210123,   42,    0
 18560, 99464,20210124,   34,    0
 18560, 99464,20210125,   18,    0
 18560, 99464,20210126,   15,    0
 18560, 99464,20210127,   -1,    0
 18560, 99464,20210128,    5,    0
 18560, 99464,20210129,   13,    0
 18560, 99464,20210130,    6,    0
 18560, 99464,20210131,    1,    0
 18560, 99464,20210201,   -9,    0
 18560, 99464,20210202,  -31,    0
 18560, 99464,20210203,  -58,    0
 18560, 99464,20210204,  -56,    0
 18560, 99464,20210205,  -39,    0
 18560, 99464,20210206,  -31,    0
 18560, 99464,20210207,  -31,    0
 18560, 99464,20210208,  -39,    0
 18560, 99464,20210209,  -40,    0
 18560, 99464,20210210,  -40,    0
 18560, 99464,20210211,  -46,    0
 18560, 99464,20210212,  -27,    0
 18560, 99464,20210213,    7,    0
 18560, 99464,20210214,    1,    0
 18560, 99464,20210215,   29,    0
 18560, 99464,20210216,   42,    0
 18560, 99464,20210217,   49,    0
 18560, 99464,20210218,   66,    0
 18560, 99464,20210219,   83,    0
 18560, 99464,20210220,   88,    0
 18560, 99464,20210221,  109,    0
 18560, 99464,20210222,   77,    0
 18560, 99464,20210223,   81,    0
 18560, 99464,20210224,  106,    0
 18560, 99464,20210225,   83,    0
 18560, 99464,20210226,   58,    0
 18560, 99464,20210227,-9999,    9
 18560, 99464,20210228,   81,    0
 18560, 99464,20210301,   77,    0
 18560, 99464,20210302,   57,    0
 18560, 99464,20210303,   35,    0
 18560, 99464,20210304,    8,    0
 18560, 99464,20210305,   24,    0
 18560, 99464,20210306,   28,    0
 18560, 99464,20210307,   14,    0
 18560, 99464,20210308,   17,    0
 18560, 99464,20210309,   33,    0
 18560, 99464,20210310,   43,    0
 18560, 99464,20210311,   60,    0
 18560, 99464,20210312,   72,    0
 18560, 99464,20210313,   54,    0
 18560, 99464,20210314,   41,    0
 18560, 99464,20210315,-9999,    9
 18560, 99464,20210316,-9999,    9
 18560, 99464,20210317,   31,    0
 18560, 99464,20210318,   41,    0
 18560, 99464,20210319,   55,    0
 18560, 99464,20210320,   57,    0
 18560, 99464,20210321,-9999,    9
 18560, 99464,20210322,   76,    0
 18560, 99464,20210323,   98,    0
 18560, 99464,20210324,-9999,    9
 18560, 99464,20210325,   57,    0
 18560, 99464,20210326,   97,    0
 18560, 99464,20210327,   58,    0
 18560, 99464,20210328,-9999,    9
 18560, 99464,20210329,   80,    0
 18560, 99464,20210330,   59,    0
 18560, 99464,20210331,   39,    0
 18560, 99464,20210401,   38,    0
 18560, 99464,20210402,   35,    0
 18560, 99464,20210403,   57,    0
 18560, 99464,20210404,   41,    0
 18560, 99464,20210405,   21,    0
 18560, 99464,20210406,   30,    0
 18560, 99464,20210407,    3,    0
 18560, 99464,20210408,   10,    0
 18560, 99464,20210409,   17,    0
 18560, 99464,20210410,   20,    0
 18560, 99464,20210411,   30,    0
 18560, 99464,20210412,   31,    0
 18560, 99464,20210413,   18,    0
 18560, 99464,20210414,   40,    0
 18560, 99464,20210415,   61,    0
 18560, 99464,20210416,   58,    0
 18560, 99464,20210417,-9999,    9
 18560, 99464,20210418,   96,    0
 18560, 99464,20210419,  103,    0
 18560, 99464,20210420,   88,    0
 18560, 99464,20210421,   30,    0
 18560, 99464,20210422,   26,    0
 18560, 99464,20210423,   20,    0
 18560, 99464,20210424,   24,    0
 18560, 99464,20210425,   22,    0
 18560, 99464,20210426,   42,    0
 18560, 99464,20210427,   41,    0
 18560, 99464,20210428,   38,    0
 18560, 99464,20210429,   38,    0
 18560, 99464,20210430,   32,    0
 18560, 99464,20210501,   41,    0
 18560, 99464,20210502,   40,    0
 18560, 99464,20210503,   42,    0
 18560, 99464,20210504,   71,    0
 18560, 99464,20210505,   81,    0
 18560, 99464,20210506,   64,    0
 18560, 99464,20210507,   50,    0
 18560, 99464,20210508,   46,    0
 18560, 99464,20210509,   83,    0
 18560, 99464,20210510,-9999,    9
 18560, 99464,20210511,-9999,    9
 18560, 99464,20210512,   81,    0
 18560, 99464,20210513,   78,    0
 18560, 99464,20210514,   89,    0
 18560, 99464,20210515,  148,    0
 18560, 99464,20210516,  100,    0
 18560, 99464,20210517,   97,    0
 18560, 99464,20210518,   91,    0
 18560, 99464,20210519,   84,    0
 18560, 99464,20210520,   61,    0
 18560, 99464,20210521,   87,    0
 18560, 99464,20210522,  129,    0
 18560, 99464,20210523,  122,    0
 18560, 99464,20210524,-9999,    9
 18560, 99464,20210525,  145,    0
 18560, 99464,20210526,  141,    0
 18560, 99464,20210527,   96,    0
 18560, 99464,20210528,   95,    0
 18560, 99464,20210529,  133,    0
 18560, 99464,20210530,  109,    0
 18560, 99464,20210531,  127,    0
 18560, 99464,20210601,  152,    0
 18560, 99464,20210602,  160,    0
 18560, 99464,20210603,  180,    0
 18560, 99464,20210604,  184,    0
 18560, 99464,20210605,  157,    0
 18560, 99464,20210606,  140,    0
 18560, 99464,20210607,  141,    0
 18560, 99464,20210608,  143,    0
 18560, 99464,20210609,  149,    0
 18560, 99464,20210610,  171,    0
 18560, 99464,20210611,  153,    0
 18560, 99464,20210612,  107,    0
 18560, 99464,20210613,  112,    0
 18560, 99464,20210614,  115,    0
 18560, 99464,20210615,   88,    0
 18560, 99464,20210616,  112,    0
 18560, 99464,20210617,  122,    0
 18560, 99464,20210618,  118,    0
 18560, 99464,20210619,  112,    0
 18560, 99464,20210620,  140,    0
 18560, 99464,20210621,  125,    0
 18560, 99464,20210622,  125,    0
 18560, 99464,20210623,  123,    0
 18560, 99464,20210624,  121,    0
 18560, 99464,20210625,  111,    0
 18560, 99464,20210626,  117,    0
 18560, 99464,20210627,  126,    0
 18560, 99464,20210628,  122,    0
 18560, 99464,20210629,  115,    0
 18560, 99464,20210630,  142,    0
 18560, 99464,20210701,  177,    0
 18560, 99464,20210702,  170,    0
 18560, 99464,20210703,  171,    0
 18560, 99464,20210704,  150,    0
 18560, 99464,20210705,  207,    0
 18560, 99464,20210706,  195,    0
 18560, 99464,20210707,  167,    0
 18560, 99464,20210708,  167,    0
 18560, 99464,20210709,  171,    0
 18560, 99464,20210710,  161,    0
 18560, 99464,20210711,  170,    0
 18560, 99464,20210712,  164,    0
 18560, 99464,20210713,  159,    0
 18560, 99464,20210714,  169,    0
 18560, 99464,20210715,  150,    0
 18560, 99464,20210716,  156,    0
 18560, 99464,20210717,  152,    0
 18560, 99464,20210718,  112,    0
 18560, 99464,20210719,  128,    0
 18560, 99464,20210720,  117,    0
 18560, 99464,20210721,  128,    0
 18560, 99464,20210722,  130,    0
 18560, 99464,20210723,  139,    0
 18560, 99464,20210724,  162,    0
 18560, 99464,20210725,  156,    0
 18560, 99464,20210726,  181,    0
 18560, 99464,20210727,  217,    0
 18560, 99464,20210728,  213,    0
 18560, 99464,20210729,  190,    0
 18560, 99464,20210730,  137,    0
 18560, 99464,20210731,  129,    0
 18560, 99464,20210801,  119,    0
 18560, 99464,20210802,-9999,    9
 18560, 99464,20210803,  121,    0
 18560, 99464,20210804,  131,    0
 18560, 99464,20210805,  154,    0
 18560, 99464,20210806,  179,    0
 18560, 99464,20210807,  209,    0
 18560, 99464,20210808,  185,    0
 18560, 99464,20210809,  174,    0
 18560, 99464,20210810,  167,    0
 18560, 99464,20210811,  155,    0
 18560, 99464,20210812,-9999,    9
 18560, 99464,20210813,  151,    0
 18560, 99464,20210814,  131,    0
 18560, 99464,20210815,  139,    0
 18560, 99464,20210816,  129,    0
 18560, 99464,20210817,  131,    0
 18560, 99464,20210818,  120,    0
 18560, 99464,20210819,  116,    0
 18560, 99464,20210820,  116,    0
 18560, 99464,20210821,  115,    0
 18560, 99464,20210822,  118,    0
 18560, 99464,20210823,  113,    0
 18560, 99464,20210824,  135,    0
 18560, 99464,20210825,  121,    0
 18560, 99464,20210826,  132,    0
 18560, 99464,20210827,  144,    0
 18560, 99464,20210828,  141,    0
 18560, 99464,20210829,  127,    0
 18560, 99464,20210830,  128,    0
 18560, 99464,20210831,-9999,    9
 18560, 99464,20210901,  132,    0
 18560, 99464,20210902,  122,    0
 18560, 99464,20210903,  105,    0
 18560, 99464,20210904,   99,    0
 18560, 99464,20210905,  117,    0
 18560, 99464,20210906,  140,    0
 18560, 99464,20210907,  163,    0
 18560, 99464,20210908,  152,    0
 18560, 99464,20210909,  134,    0
 18560, 99464,20210910,  116,    0
 18560, 99464,20210911,  121,    0
 18560, 99464,20210912,  107,    0
 18560, 99464,20210913,  102,    0
 18560, 99464,20210914,  108,    0
 18560, 99464,20210915,  115,    0
 18560, 99464,20210916,  122,    0
 18560, 99464,20210917,  142,    0
 18560, 99464,20210918,  130,    0
 18560, 99464,20210919,  134,    0
 18560, 99464,20210920,  130,    0
 18560, 99464,20210921,  121,    0
 18560, 99464,20210922,  149,    0
 18560, 99464,20210923,   93,    0
 18560, 99464,20210924,   98,    0
 18560, 99464,20210925,  101,    0
 18560, 99464,20210926,  148,    0
 18560, 99464,20210927,  197,    0
 18560, 99464,20210928,  136,    0
 18560, 99464,20210929,  146,    0
 18560, 99464,20210930,  155,    0
 18560, 99464,20211001,-9999,    9
 18560, 99464,20211002,  130,    0
 18560, 99464,20211003,  130,    0
 18560, 99464,20211004,-9999,    9
 18560, 99464,20211005,  126,    0
 18560, 99464,20211006,  105,    0
 18560, 99464,20211007,  111,    0
 18560, 99464,20211008,  128,    0
 18560, 99464,20211009,  141,    0
 18560, 99464,20211010,  118,    0
 18560, 99464,20211011,   73,    0
 18560, 99464,20211012,   71,    0
 18560, 99464,20211013,   71,    0
 18560, 99464,20211014,  106,    0
 18560, 99464,20211015,   59,    0
 18560, 99464,20211016,   63,    0
 18560, 99464,20211017,   56,    0
 18560, 99464,20211018,   56,    0
 18560, 99464,20211019,   97,    0
 18560, 99464,20211020,   96,    0
 18560, 99464,20211021,   55,    0
 18560, 99464,20211022,   63,    0
 18560, 99464,20211023,   66,    0
 18560, 99464,20211024,  100,    0
 18560, 99464,20211025,  110,    0
 18560, 99464,20211026,   89,    0
 18560, 99464,20211027,  119,    0
 18560, 99464,20211028,  108,    0
 18560, 99464,20211029,  114,    0
 18560, 99464,20211030,  136,    0
 18560, 99464,20211031,-9999,    9
 18560, 99464,20211101,-9999,    9
 18560, 99464,20211102,  127,    0
 18560, 99464,20211103,   69,    0
 18560, 99464,20211104,   64,    0
 18560, 99464,20211105,   61,    0
 18560, 99464,20211106,   54,    0
 18560, 99464,20211107,-9999,    9
 18560, 99464,20211108,-9999,    9
 18560, 99464,20211109,   94,    0
 18560, 99464,20211110,   75,    0
 18560, 99464,20211111,   77,    0
 18560, 99464,20211112,   48,    0
 18560, 99464,20211113,   39,    0
 18560, 99464,20211114,   45,    0
 18560, 99464,20211115,   81,    0
 18560, 99464,20211116,   97,    0
 18560, 99464,20211117,   66,    0
 18560, 99464,20211118,   46,    0
 18560, 99464,20211119,   72,    0
 18560, 99464,20211120,   52,    0
 18560, 99464,20211121,   33,    0
 18560, 99464,20211122,   56,    0
 18560, 99464,20211123,   81,    0
 18560, 99464,20211124,   63,    0
 18560, 99464,20211125,    8,    0
 18560, 99464,20211126,  -12,    0
 18560, 99464,20211127,  -29,    0
 18560, 99464,20211128,  -35,    0
 18560, 99464,20211129,   -3,    0
 18560, 99464,20211130,-9999,    9
 18560, 99464,20211201,   -1,    0
 18560, 99464,20211202,  -11,    0
 18560, 99464,20211203,  -49,    0
 18560, 99464,20211204,   16,    0
 18560, 99464,20211205,   13,    0
 18560, 99464,20211206,   -9,    0
 18560, 99464,20211207,    7,    0
 18560, 99464,20211208,   22,    0
 18560, 99464,20211209,-9999,    9
 18560, 99464,20211210,   32,    0
 18560, 99464,20211211,   14,    0
 18560, 99464,20211212,   62,    0
 18560, 99464,20211213,   78,    0
 18560, 99464,20211214,   72,    0
 18560, 99464,20211215,   82,    0
 18560, 99464,20211216,   79,    0
 18560, 99464,20211217,  100,    0
 18560, 99464,20211218,   81,    0
 18560, 99464,20211219,   40,    0
 18560, 99464,20211220,   40,    0
 18560, 99464,20211221,   37,    0
 18560, 99464,20211222,   18,    0
 18560, 99464,20211223,    7,    0
 18560, 99464,20211224,  -19,    0
 18560, 99464,20211225,   17,    0
 18560, 99464,20211226,   21,    0
 18560, 99464,20211227,   14,    0
 18560, 99464,20211228,   15,    0
 18560, 99464,20211229,   35,    0
 18560, 99464,20211230,   31,    0
 18560, 99464,20211231,   31,    0
 18560, 99464,20220101,   35,    0
 18560, 99464,20220102,   80,    0
 18560, 99464,20220103,   33,    0
 18560, 99464,20220104,   20,    0
 18560, 99464,20220105,    4,    0
 18560, 99464,20220106,   -4,    0
 18560, 99464,20220107,   13,    0
 18560, 99464,20220108,   15,    0
 18560, 99464,20220109,   14,    0
 18560, 99464,20220110,   40,    0
 18560, 99464,20220111,   78,    0
 18560, 99464,20220112,   86,    0
 18560, 99464,20220113,   73,    0
 18560, 99464,20220114,-9999,    9
 18560, 99464,20220115,   51,    0
 18560, 99464,20220116,   39,    0
 18560, 99464,20220117,-9999,    9
 18560, 99464,20220118,   91,    0
 18560, 99464,20220119,   30,    0
 18560, 99464,20220120,   -1,    0
 18560, 99464,20220121,   46,    0
 18560, 99464,20220122,   94,    0
 18560, 99464,20220123,  113,    0
 18560, 99464,20220124,   54,    0
 18560, 99464,20220125,   39,    0
 18560, 99464,20220126,   49,    0
 18560, 99464,20220127,   37,    0
 18560, 99464,20220128,   34,    0
 18560, 99464,20220129,   43,    0
 18560, 99464,20220130,   20,    0
 18560, 99464,20220131,    0,    0
 18560, 99464,20220201,    5,    0
 18560, 99464,20220202,    4,    0
 18560, 99464,20220203,   33,    0
 18560, 99464,20220204,   26,    0
 18560, 99464,20220205,   26,    0
 18560, 99464,20220206,   22,    0
 18560, 99464,20220207,   34,    0
 18560, 99464,20220208,   43,    0
 18560, 99464,20220209,   27,    0
 18560, 99464,20220210,   16,    0
 18560, 99464,20220211,   10,    0
 18560, 99464,20220212,   41,    0
 18560, 99464,20220213,   47,    0
 18560, 99464,20220214,    5,    0
 18560, 99464,20220215,    5,    0
 18560, 99464,20220216,   19,    0
 18560, 99464,20220217,   23,    0
 18560, 99464,20220218,   19,    0
 18560, 99464,20220219,   10,    0
 18560, 99464,20220220,   22,    0
 18560, 99464,20220221,    9,    0
 18560, 99464,20220222,   12,    0
 18560, 99464,20220223,   38,    0
 18560, 99464,20220224,   33,    0
 18560, 99464,20220225,   23,    0
 18560, 99464,20220226,   64,    0
 18560, 99464,20220227,   99,    0
 18560, 99464,20220228,   75,    0
 18560, 99464,20220301,   56,    0
 18560, 99464,20220302,   48,    0
 18560, 99464,20220303,-9999,    9
 18560, 99464,20220304,   33,    0
 18560, 99464,20220305,   37,    0
 18560, 99464,20220306,   50,    0
 18560, 99464,20220307,   68,    0
 18560, 99464,20220308,   46,    0
 18560, 99464,20220309,   92,    0
 18560, 99464,20220310,  106,    0
 18560, 99464,20220311,  113,    0
 18560, 99464,20220312,  117,    0
 18560, 99464,20220313,   99,    0
 18560, 99464,20220314,  102,    0
 18560, 99464,20220315,   67,    0
 18560, 99464,20220316,   88,    0
 18560, 99464,20220317,   75,    0
 18560, 99464,20220318,   64,    0
 18560, 99464,20220319,  124,    0
 18560, 99464,20220320,   68,    0
 18560, 99464,20220321,   51,    0
 18560, 99464,20220322,   49,    0
 18560, 99464,20220323,  102,    0
 18560, 99464,20220324,  104,    0
 18560, 99464,20220325,   64,    0
 18560, 99464,20220326,   37,    0
 18560, 99464,20220327,-9999,    9
 18560, 99464,20220328,   26,    0
 18560, 99464,20220329,    2,    0
 18560, 99464,20220330,   -3,    0
 18560, 99464,20220331,    6,    0
 18560, 99464,20220401,    6,    0
 18560, 99464,20220402,   19,    0
 18560, 99464,20220403,   12,    0
 18560, 99464,20220404,   -1,    0
 18560, 99464,20220405,    3,    0
 18560, 99464,20220406,   15,    0
 18560, 99464,20220407,   18,    0
 18560, 99464,20220408,    6,    0
 18560, 99464,20220409,   25,    0
 18560, 99464,20220410,   43,    0
 18560, 99464,20220411,   33,    0
 18560, 99464,20220412,   49,    0
 18560, 99464,20220413,   57,    0
 18560, 99464,20220414,   62,    0
 18560, 99464,20220415,   70,    0
 18560, 99464,20220416,   70,    0
 18560, 99464,20220417,   86,    0
 18560, 99464,20220418,   99,    0
 18560, 99464,20220419,   94,    0
 18560, 99464,20220420,   93,    0
 18560, 99464,20220421,   92,    0
 18560, 99464,20220422,   81,    0
 18560, 99464,20220423,-9999,    9
 18560, 99464,20220424,   94,    0
 18560, 99464,20220425,   57,    0
 18560, 99464,20220426,   36,    0
 18560, 99464,20220427,   38,    0
 18560, 99464,20220428,   47,    0
 18560, 99464,20220429,   44,    0
 18560, 99464,20220430,   65,    0
 18560, 99464,20220501,-9999,    9
 18560, 99464,20220502,-9999,    9
 18560, 99464,20220503,-9999,    9
 18560, 99464,20220504,-9999,    9
 18560, 99464,20220505,-9999,    9
 18560, 99464,20220506,-9999,    9
 18560, 99464,20220507,-9999,    9
 18560, 99464,20220508,-9999,    9
 18560, 99464,20220509,-9999,    9
 18560, 99464,20220510,-9999,    9
 18560, 99464,20220511,-9999,    9
 18560, 99464,20220512,-9999,    9
 18560, 99464,20220513,-9999,    9
 18560, 99464,20220514,-9999,    9
 18560, 99464,20220515,   66,    0
 18560, 99464,20220516,   63,    0
 18560, 99464,20220517,  104,    0
 18560, 99464,20220518,  134,    0
 18560, 99464,20220519,-9999,    9
 18560, 99464,20220520,-9999,    9
 18560, 99464,20220521,  109,    0
 18560, 99464,20220522,  121,    0
 18560, 99464,20220523,  143,    0
 18560, 99464,20220524,  139,    0
 18560, 99464,20220525,  127,    0
 18560, 99464,20220526,  102,    0
 18560, 99464,20220527,   86,    0
 18560, 99464,20220528,   69,    0
 18560, 99464,20220529,   74,    0
 18560, 99464,20220530,  139,    0
 18560, 99464,20220531,  141,    0
 18560, 99464,20220601,  106,    0
 18560, 99464,20220602,  108,    0
 18560, 99464,20220603,  103,    0
 18560, 99464,20220604,   95,    0
 18560, 99464,20220605,   83,    0
 18560, 99464,20220606,   98,    0
 18560, 99464,20220607,  111,    0
 18560, 99464,20220608,  101,    0
 18560, 99464,20220609,  107,    0
 18560, 99464,20220610,  131,    0
 18560, 99464,20220611,  157,    0
 18560, 99464,20220612,  140,    0
 18560, 99464,20220613,  115,    0
 18560, 99464,20220614,  112,    0
 18560, 99464,20220615,  119,    0
 18560, 99464,20220616,  126,    0
 18560, 99464,20220617,  139,    0
 18560, 99464,20220618,  120,    0
 18560, 99464,20220619,  125,    0
 18560, 99464,20220620,  128,    0
 18560, 99464,20220621,  102,    0
 18560, 99464,20220622,  122,    0
 18560, 99464,20220623,  135,    0
 18560, 99464,20220624,  172,    0
 18560, 99464,20220625,  201,    0
 18560, 99464,20220626,  202,    0
 18560, 99464,20220627,  144,    0
 18560, 99464,20220628,  128,    0
 18560, 99464,20220629,  174,    0
 18560, 99464,20220630,-9999,    9
 18560, 99464,20220701,  208,    0
 18560, 99464,20220702,  162,    0
 18560, 99464,20220703,  153,    0
 18560, 99464,20220704,  141,    0
 18560, 99464,20220705,  113,    0
 18560, 99464,20220706,  112,    0
 18560, 99464,20220707,  106,    0
 18560, 99464,20220708,  123,    0
 18560, 99464,20220709,  107,    0
 18560, 99464,20220710,  107,    0
 18560, 99464,20220711,  131,    0
 18560, 99464,20220712,  155,    0
 18560, 99464,20220713,  136,    0
 18560, 99464,20220714,  105,    0
 18560, 99464,20220715,  105,    0
 18560, 99464,20220716,  103,    0
 18560, 99464,20220717,  125,    0
 18560, 99464,20220718,  130,    0
 18560, 99464,20220719,  147,    0
 18560, 99464,20220720,  161,    0
 18560, 99464,20220721,  131,    0
 18560, 99464,20220722,  121,    0
 18560, 99464,20220723,  142,    0
 18560, 99464,20220724,  140,    0
 18560, 99464,20220725,  165,    0
 18560, 99464,20220726,  123,    0
 18560, 99464,20220727,  101,    0
 18560, 99464,20220728,  126,    0
 18560, 99464,20220729,  146,    0
 18560, 99464,20220730,  156,    0
 18560, 99464,20220731,  129,    0
 18560, 99464,20220801,  122,    0
 18560, 99464,20220802,  140,    0
 18560, 99464,20220803,  158,    0
 18560, 99464,20220804,  121,    0
 18560, 99464,20220805,  128,    0
 18560, 99464,20220806,  111,    0
 18560, 99464,20220807,  145,    0
 18560, 99464,20220808,  141,    0
 18560, 99464,20220809,-9999,    9
 18560, 99464,20220810,  202,    0
 18560, 99464,20220811,  131,    0
 18560, 99464,20220812,  122,    0
 18560, 99464,20220813,  128,    0
 18560, 99464,20220814,  170,    0
 18560, 99464,20220815,-9999,    9
 18560, 99464,20220816,  168,    0
 18560, 99464,20220817,-9999,    9
 18560, 99464,20220818,  130,    0
 18560, 99464,20220819,  152,    0
 18560, 99464,20220820,  145,    0
 18560, 99464,20220821,  136,    0
 18560, 99464,20220822,  126,    0
 18560, 99464,20220823,  154,    0
 18560, 99464,20220824,  190,    0
 18560, 99464,20220825,  183,    0
 18560, 99464,20220826,  142,    0
 18560, 99464,20220827,  126,    0
 18560, 99464,20220828,  114,    0
 18560, 99464,20220829,  123,    0
 18560, 99464,20220830,  126,    0
 18560, 99464,20220831,  126,    0
 18560, 99464,20220901,  111,    0
 18560, 99464,20220902,  115,    0
 18560, 99464,20220903,  122,    0
 18560, 99464,20220904,  127,    0
 18560, 99464,20220905,  131,    0
 18560, 99464,20220906,  119,    0
 18560, 99464,20220907,  120,    0
 18560, 99464,20220908,  134,    0
 18560, 99464,20220909,  138,    0
 18560, 99464,20220910,  122,    0
 18560, 99464,20220911,  127,    0
 18560, 99464,20220912,  135,    0
 18560, 99464,20220913,  128,    0
 18560, 99464,20220914,  107,    0
 18560, 99464,20220915,  112,    0
 18560, 99464,20220916,  107,    0
 18560, 99464,20220917,  103,    0
 18560, 99464,20220918,  103,    0
 18560, 99464,20220919,   87,    0
 18560, 99464,20220920,   85,    0
 18560, 99464,20220921,  114,    0
 18560, 99464,20220922,  134,    0
 18560, 99464,20220923,  118,    0
 18560, 99464,20220924,   95,    0
 18560, 99464,20220925,   93,    0
 18560, 99464,20220926,  117,    0
 18560, 99464,20220927,  147,    0
 18560, 99464,20220928,  155,    0
 18560, 99464,20220929,  120,    0
 18560, 99464,20220930,  124,    0
 18560, 99464,20221001,  140,    0
 18560, 99464,20221002,  116,    0
 18560, 99464,20221003,  113,    0
 18560, 99464,20221004,  121,    0
 18560, 99464,20221005,  109,    0
 18560, 99464,20221006,  100,    0
 18560, 99464,20221007,  104,    0
 18560, 99464,20221008,   77,    0
 18560, 99464,20221009,  118,    0
 18560, 99464,20221010,  113,    0
 18560, 99464,20221011,   68,    0
 18560, 99464,20221012,   95,    0
 18560, 99464,20221013,   92,    0
 18560, 99464,20221014,   86,    0
 18560, 99464,20221015,   92,    0
 18560, 99464,20221016,  106,    0
 18560, 99464,20221017,   95,    0
 18560, 99464,20221018,   72,    0
 18560, 99464,20221019,   68,    0
 18560, 99464,20221020,   57,    0
 18560, 99464,20221021,   60,    0
 18560, 99464,20221022,   67,    0
 18560, 99464,20221023,   62,    0
 18560, 99464,20221024,   81,    0
 18560, 99464,20221025,   90,    0
 18560, 99464,20221026,   99,    0
 18560, 99464,20221027,  136,    0
 18560, 99464,20221028,  121,    0
 18560, 99464,20221029,   87,    0
 18560, 99464,20221030,   79,    0
 18560, 99464,20221031,   98,    0
