EUROPEAN CLIMATE ASSESSMENT & DATASET (ECA&D), file created on: 16-11-2022
THESE DATA CAN BE USED FOR NON-COMMERCIAL RESEARCH AND EDUCATION PROVIDED THAT THE FOLLOWING SOURCE IS ACKNOWLEDGED: 

Klein Tank, A.M.G. and Coauthors, 2002. Daily dataset of 20th-century surface
air temperature and precipitation series for the European Climate Assessment.
Int. J. of Climatol., 22, 1441-1453.
Data and metadata available at http://www.ecad.eu

FILE FORMAT (MISSING VALUE CODE = -9999):

01-06 STAID: Station identifier
08-13 SOUID: Source identifier
15-22 DATE : Date YYYYMMDD
24-28 TG   : Mean temperature in 0.1 &#176;C
30-34 Q_TG : quality code for TG (0='valid'; 1='suspect'; 9='missing')

This is the blended series of station E39 HEMNEKJOELEN, NORWAY (STAID: 18427)
Blended and updated with sources:99212 
See files sources.txt and stations.txt for more info.

STAID, SOUID,    DATE,   TG, Q_TG
 18427, 99212,20150901,-9999,    9
 18427, 99212,20150902,-9999,    9
 18427, 99212,20150903,-9999,    9
 18427, 99212,20150904,-9999,    9
 18427, 99212,20150905,-9999,    9
 18427, 99212,20150906,-9999,    9
 18427, 99212,20150907,-9999,    9
 18427, 99212,20150908,-9999,    9
 18427, 99212,20150909,-9999,    9
 18427, 99212,20150910,-9999,    9
 18427, 99212,20150911,-9999,    9
 18427, 99212,20150912,-9999,    9
 18427, 99212,20150913,-9999,    9
 18427, 99212,20150914,-9999,    9
 18427, 99212,20150915,-9999,    9
 18427, 99212,20150916,-9999,    9
 18427, 99212,20150917,-9999,    9
 18427, 99212,20150918,-9999,    9
 18427, 99212,20150919,-9999,    9
 18427, 99212,20150920,-9999,    9
 18427, 99212,20150921,-9999,    9
 18427, 99212,20150922,   82,    0
 18427, 99212,20150923,-9999,    9
 18427, 99212,20150924,-9999,    9
 18427, 99212,20150925,-9999,    9
 18427, 99212,20150926,-9999,    9
 18427, 99212,20150927,-9999,    9
 18427, 99212,20150928,-9999,    9
 18427, 99212,20150929,-9999,    9
 18427, 99212,20150930,-9999,    9
 18427, 99212,20151001,-9999,    9
 18427, 99212,20151002,-9999,    9
 18427, 99212,20151003,-9999,    9
 18427, 99212,20151004,-9999,    9
 18427, 99212,20151005,   45,    0
 18427, 99212,20151006,-9999,    9
 18427, 99212,20151007,-9999,    9
 18427, 99212,20151008,-9999,    9
 18427, 99212,20151009,   58,    0
 18427, 99212,20151010,   62,    0
 18427, 99212,20151011,   59,    0
 18427, 99212,20151012,   59,    0
 18427, 99212,20151013,   62,    0
 18427, 99212,20151014,   52,    0
 18427, 99212,20151015,   53,    0
 18427, 99212,20151016,   79,    0
 18427, 99212,20151017,   76,    0
 18427, 99212,20151018,   72,    0
 18427, 99212,20151019,   58,    0
 18427, 99212,20151020,   34,    0
 18427, 99212,20151021,   54,    0
 18427, 99212,20151022,   75,    0
 18427, 99212,20151023,-9999,    9
 18427, 99212,20151024,-9999,    9
 18427, 99212,20151025,   31,    0
 18427, 99212,20151026,   47,    0
 18427, 99212,20151027,   25,    0
 18427, 99212,20151028,   15,    0
 18427, 99212,20151029,-9999,    9
 18427, 99212,20151030,-9999,    9
 18427, 99212,20151031,   93,    0
 18427, 99212,20151101,   78,    0
 18427, 99212,20151102,   93,    0
 18427, 99212,20151103,   77,    0
 18427, 99212,20151104,   47,    0
 18427, 99212,20151105,-9999,    9
 18427, 99212,20151106,-9999,    9
 18427, 99212,20151107,   61,    0
 18427, 99212,20151108,   51,    0
 18427, 99212,20151109,   58,    0
 18427, 99212,20151110,   37,    0
 18427, 99212,20151111,-9999,    9
 18427, 99212,20151112,   22,    0
 18427, 99212,20151113,   27,    0
 18427, 99212,20151114,   16,    0
 18427, 99212,20151115,   -1,    0
 18427, 99212,20151116,   11,    0
 18427, 99212,20151117,  -20,    0
 18427, 99212,20151118,  -16,    0
 18427, 99212,20151119,  -17,    0
 18427, 99212,20151120,  -29,    0
 18427, 99212,20151121,-9999,    9
 18427, 99212,20151122,  -31,    0
 18427, 99212,20151123,   -1,    0
 18427, 99212,20151124,    1,    0
 18427, 99212,20151125,   -2,    0
 18427, 99212,20151126,   16,    0
 18427, 99212,20151127,   40,    0
 18427, 99212,20151128,   -8,    0
 18427, 99212,20151129,  -16,    0
 18427, 99212,20151130,  -27,    0
 18427, 99212,20151201,   -9,    0
 18427, 99212,20151202,    6,    0
 18427, 99212,20151203,   -2,    0
 18427, 99212,20151204,  -11,    0
 18427, 99212,20151205,   16,    0
 18427, 99212,20151206,    8,    0
 18427, 99212,20151207,   -2,    0
 18427, 99212,20151208,   18,    0
 18427, 99212,20151209,   17,    0
 18427, 99212,20151210,   16,    0
 18427, 99212,20151211,    6,    0
 18427, 99212,20151212,   -8,    0
 18427, 99212,20151213,  -30,    0
 18427, 99212,20151214,  -35,    0
 18427, 99212,20151215,    0,    0
 18427, 99212,20151216,  -32,    0
 18427, 99212,20151217,   -9,    0
 18427, 99212,20151218,   29,    0
 18427, 99212,20151219,   17,    0
 18427, 99212,20151220,-9999,    9
 18427, 99212,20151221,-9999,    9
 18427, 99212,20151222,-9999,    9
 18427, 99212,20151223,    1,    0
 18427, 99212,20151224,   36,    0
 18427, 99212,20151225,    6,    0
 18427, 99212,20151226,  -53,    0
 18427, 99212,20151227, -112,    0
 18427, 99212,20151228,  -93,    0
 18427, 99212,20151229,    8,    0
 18427, 99212,20151230,   40,    0
 18427, 99212,20151231,   32,    0
 18427, 99212,20160101,    9,    0
 18427, 99212,20160102,  -21,    0
 18427, 99212,20160103, -103,    0
 18427, 99212,20160104, -119,    0
 18427, 99212,20160105, -105,    0
 18427, 99212,20160106, -117,    0
 18427, 99212,20160107, -114,    0
 18427, 99212,20160108, -186,    0
 18427, 99212,20160109, -159,    0
 18427, 99212,20160110,  -90,    0
 18427, 99212,20160111,  -40,    0
 18427, 99212,20160112,  -73,    0
 18427, 99212,20160113,  -96,    0
 18427, 99212,20160114, -147,    0
 18427, 99212,20160115, -162,    0
 18427, 99212,20160116,  -79,    0
 18427, 99212,20160117,  -46,    0
 18427, 99212,20160118,  -35,    0
 18427, 99212,20160119,  -43,    0
 18427, 99212,20160120,  -42,    0
 18427, 99212,20160121,  -58,    0
 18427, 99212,20160122,  -87,    0
 18427, 99212,20160123,  -38,    0
 18427, 99212,20160124,    1,    0
 18427, 99212,20160125,-9999,    9
 18427, 99212,20160126,   14,    0
 18427, 99212,20160127,-9999,    9
 18427, 99212,20160128,-9999,    9
 18427, 99212,20160129,-9999,    9
 18427, 99212,20160130,  -13,    0
 18427, 99212,20160131,  -27,    0
 18427, 99212,20160201,  -27,    0
 18427, 99212,20160202,  -34,    0
 18427, 99212,20160203,  -14,    0
 18427, 99212,20160204,  -20,    0
 18427, 99212,20160205,  -26,    0
 18427, 99212,20160206,   -2,    0
 18427, 99212,20160207,   15,    0
 18427, 99212,20160208,-9999,    9
 18427, 99212,20160209,-9999,    9
 18427, 99212,20160210,-9999,    9
 18427, 99212,20160211,-9999,    9
 18427, 99212,20160212,-9999,    9
 18427, 99212,20160213, -103,    0
 18427, 99212,20160214,  -91,    0
 18427, 99212,20160215,  -39,    0
 18427, 99212,20160216,  -45,    0
 18427, 99212,20160217,   16,    0
 18427, 99212,20160218,  -35,    0
 18427, 99212,20160219,  -51,    0
 18427, 99212,20160220,    4,    0
 18427, 99212,20160221,  -51,    0
 18427, 99212,20160222,  -61,    0
 18427, 99212,20160223,  -28,    0
 18427, 99212,20160224,  -10,    0
 18427, 99212,20160225,-9999,    9
 18427, 99212,20160226,   -9,    0
 18427, 99212,20160227,  -12,    0
 18427, 99212,20160228,  -13,    0
 18427, 99212,20160229,  -36,    0
 18427, 99212,20160301,  -38,    0
 18427, 99212,20160302,-9999,    9
 18427, 99212,20160303,-9999,    9
 18427, 99212,20160304,-9999,    9
 18427, 99212,20160305,  -15,    0
 18427, 99212,20160306,  -52,    0
 18427, 99212,20160307,  -42,    0
 18427, 99212,20160308,  -57,    0
 18427, 99212,20160309,  -46,    0
 18427, 99212,20160310,    4,    0
 18427, 99212,20160311,  -20,    0
 18427, 99212,20160312,  -18,    0
 18427, 99212,20160313,   28,    0
 18427, 99212,20160314,   40,    0
 18427, 99212,20160315,   32,    0
 18427, 99212,20160316,   25,    0
 18427, 99212,20160317,   18,    0
 18427, 99212,20160318,   -4,    0
 18427, 99212,20160319,-9999,    9
 18427, 99212,20160320,-9999,    9
 18427, 99212,20160321,   -4,    0
 18427, 99212,20160322,   -5,    0
 18427, 99212,20160323,   -8,    0
 18427, 99212,20160324,  -12,    0
 18427, 99212,20160325,    4,    0
 18427, 99212,20160326,   37,    0
 18427, 99212,20160327,-9999,    9
 18427, 99212,20160328,   53,    0
 18427, 99212,20160329,-9999,    9
 18427, 99212,20160330,-9999,    9
 18427, 99212,20160331,-9999,    9
 18427, 99212,20160401,   -2,    0
 18427, 99212,20160402,   28,    0
 18427, 99212,20160403,   46,    0
 18427, 99212,20160404,   43,    0
 18427, 99212,20160405,   30,    0
 18427, 99212,20160406,   27,    0
 18427, 99212,20160407,-9999,    9
 18427, 99212,20160408,-9999,    9
 18427, 99212,20160409,    7,    0
 18427, 99212,20160410,   12,    0
 18427, 99212,20160411,   18,    0
 18427, 99212,20160412,   14,    0
 18427, 99212,20160413,   -4,    0
 18427, 99212,20160414,  -10,    0
 18427, 99212,20160415,   13,    0
 18427, 99212,20160416,   15,    0
 18427, 99212,20160417,   20,    0
 18427, 99212,20160418,-9999,    9
 18427, 99212,20160419,   15,    0
 18427, 99212,20160420,    9,    0
 18427, 99212,20160421,    3,    0
 18427, 99212,20160422,  -15,    0
 18427, 99212,20160423,  -21,    0
 18427, 99212,20160424,  -22,    0
 18427, 99212,20160425,   -6,    0
 18427, 99212,20160426,   -1,    0
 18427, 99212,20160427,-9999,    9
 18427, 99212,20160428,-9999,    9
 18427, 99212,20160429,   36,    0
 18427, 99212,20160430,   53,    0
 18427, 99212,20160501,   55,    0
 18427, 99212,20160502,-9999,    9
 18427, 99212,20160503,-9999,    9
 18427, 99212,20160504,   61,    0
 18427, 99212,20160505,   82,    0
 18427, 99212,20160506,   79,    0
 18427, 99212,20160507,   87,    0
 18427, 99212,20160508,-9999,    9
 18427, 99212,20160509,  126,    0
 18427, 99212,20160510,   40,    0
 18427, 99212,20160511,   81,    0
 18427, 99212,20160512,   28,    0
 18427, 99212,20160513,-9999,    9
 18427, 99212,20160514,   12,    0
 18427, 99212,20160515,-9999,    9
 18427, 99212,20160516,   37,    0
 18427, 99212,20160517,   23,    0
 18427, 99212,20160518,   20,    0
 18427, 99212,20160519,-9999,    9
 18427, 99212,20160520,-9999,    9
 18427, 99212,20160521,  100,    0
 18427, 99212,20160522,  107,    0
 18427, 99212,20160523,   55,    0
 18427, 99212,20160524,   52,    0
 18427, 99212,20160525,   54,    0
 18427, 99212,20160526,   85,    0
 18427, 99212,20160527,  134,    0
 18427, 99212,20160528,  129,    0
 18427, 99212,20160529,  131,    0
 18427, 99212,20160530,  149,    0
 18427, 99212,20160531,  142,    0
 18427, 99212,20160601,  111,    0
 18427, 99212,20160602,  108,    0
 18427, 99212,20160603,   81,    0
 18427, 99212,20160604,-9999,    9
 18427, 99212,20160605,-9999,    9
 18427, 99212,20160606,-9999,    9
 18427, 99212,20160607,  105,    0
 18427, 99212,20160608,   38,    0
 18427, 99212,20160609,   38,    0
 18427, 99212,20160610,   59,    0
 18427, 99212,20160611,   91,    0
 18427, 99212,20160612,   91,    0
 18427, 99212,20160613,   90,    0
 18427, 99212,20160614,   89,    0
 18427, 99212,20160615,  111,    0
 18427, 99212,20160616,  124,    0
 18427, 99212,20160617,   69,    0
 18427, 99212,20160618,   56,    0
 18427, 99212,20160619,   49,    0
 18427, 99212,20160620,  109,    0
 18427, 99212,20160621,  102,    0
 18427, 99212,20160622,  128,    0
 18427, 99212,20160623,  136,    0
 18427, 99212,20160624,  139,    0
 18427, 99212,20160625,   90,    0
 18427, 99212,20160626,  142,    0
 18427, 99212,20160627,  118,    0
 18427, 99212,20160628,-9999,    9
 18427, 99212,20160629,-9999,    9
 18427, 99212,20160630,-9999,    9
 18427, 99212,20160701,-9999,    9
 18427, 99212,20160702,  112,    0
 18427, 99212,20160703,   89,    0
 18427, 99212,20160704,  108,    0
 18427, 99212,20160705,-9999,    9
 18427, 99212,20160706,-9999,    9
 18427, 99212,20160707,-9999,    9
 18427, 99212,20160708,-9999,    9
 18427, 99212,20160709,-9999,    9
 18427, 99212,20160710,  135,    0
 18427, 99212,20160711,-9999,    9
 18427, 99212,20160712,  118,    0
 18427, 99212,20160713,  101,    0
 18427, 99212,20160714,   98,    0
 18427, 99212,20160715,   96,    0
 18427, 99212,20160716,-9999,    9
 18427, 99212,20160717,  105,    0
 18427, 99212,20160718,  105,    0
 18427, 99212,20160719,  125,    0
 18427, 99212,20160720,  156,    0
 18427, 99212,20160721,  209,    0
 18427, 99212,20160722,  175,    0
 18427, 99212,20160723,-9999,    9
 18427, 99212,20160724,-9999,    9
 18427, 99212,20160725,  181,    0
 18427, 99212,20160726,  124,    0
 18427, 99212,20160727,  146,    0
 18427, 99212,20160728,  131,    0
 18427, 99212,20160729,  136,    0
 18427, 99212,20160730,  120,    0
 18427, 99212,20160731,  116,    0
 18427, 99212,20160801,  111,    0
 18427, 99212,20160802,   98,    0
 18427, 99212,20160803,  124,    0
 18427, 99212,20160804,  139,    0
 18427, 99212,20160805,  128,    0
 18427, 99212,20160806,  101,    0
 18427, 99212,20160807,  127,    0
 18427, 99212,20160808,  120,    0
 18427, 99212,20160809,-9999,    9
 18427, 99212,20160810,   54,    0
 18427, 99212,20160811,   46,    0
 18427, 99212,20160812,   71,    0
 18427, 99212,20160813,   87,    0
 18427, 99212,20160814,   85,    0
 18427, 99212,20160815,-9999,    9
 18427, 99212,20160816,-9999,    9
 18427, 99212,20160817,  133,    0
 18427, 99212,20160818,  159,    0
 18427, 99212,20160819,-9999,    9
 18427, 99212,20160820,  132,    0
 18427, 99212,20160821,  137,    0
 18427, 99212,20160822,  132,    0
 18427, 99212,20160823,  121,    0
 18427, 99212,20160824,  118,    0
 18427, 99212,20160825,  111,    0
 18427, 99212,20160826,-9999,    9
 18427, 99212,20160827,   86,    0
 18427, 99212,20160828,  100,    0
 18427, 99212,20160829,   99,    0
 18427, 99212,20160830,   98,    0
 18427, 99212,20160831,  129,    0
 18427, 99212,20160901,   97,    0
 18427, 99212,20160902,   88,    0
 18427, 99212,20160903,   97,    0
 18427, 99212,20160904,   83,    0
 18427, 99212,20160905,   89,    0
 18427, 99212,20160906,  120,    0
 18427, 99212,20160907,  102,    0
 18427, 99212,20160908,  114,    0
 18427, 99212,20160909,  112,    0
 18427, 99212,20160910,  108,    0
 18427, 99212,20160911,-9999,    9
 18427, 99212,20160912,-9999,    9
 18427, 99212,20160913,  130,    0
 18427, 99212,20160914,  117,    0
 18427, 99212,20160915,  107,    0
 18427, 99212,20160916,-9999,    9
 18427, 99212,20160917,-9999,    9
 18427, 99212,20160918,-9999,    9
 18427, 99212,20160919,  117,    0
 18427, 99212,20160920,  123,    0
 18427, 99212,20160921,  123,    0
 18427, 99212,20160922,  123,    0
 18427, 99212,20160923,   98,    0
 18427, 99212,20160924,   84,    0
 18427, 99212,20160925,  128,    0
 18427, 99212,20160926,  107,    0
 18427, 99212,20160927,  102,    0
 18427, 99212,20160928,   74,    0
 18427, 99212,20160929,   70,    0
 18427, 99212,20160930,   58,    0
 18427, 99212,20161001,   40,    0
 18427, 99212,20161002,   40,    0
 18427, 99212,20161003,   32,    0
 18427, 99212,20161004,   41,    0
 18427, 99212,20161005,   47,    0
 18427, 99212,20161006,   29,    0
 18427, 99212,20161007,   74,    0
 18427, 99212,20161008,   54,    0
 18427, 99212,20161009,   31,    0
 18427, 99212,20161010,   25,    0
 18427, 99212,20161011,   12,    0
 18427, 99212,20161012,    5,    0
 18427, 99212,20161013,-9999,    9
 18427, 99212,20161014,-9999,    9
 18427, 99212,20161015,   20,    0
 18427, 99212,20161016,   29,    0
 18427, 99212,20161017,   46,    0
 18427, 99212,20161018,   46,    0
 18427, 99212,20161019,   30,    0
 18427, 99212,20161020,-9999,    9
 18427, 99212,20161021,-9999,    9
 18427, 99212,20161022,-9999,    9
 18427, 99212,20161023,-9999,    9
 18427, 99212,20161024,-9999,    9
 18427, 99212,20161025,-9999,    9
 18427, 99212,20161026,-9999,    9
 18427, 99212,20161027,   48,    0
 18427, 99212,20161028,   18,    0
 18427, 99212,20161029,   33,    0
 18427, 99212,20161030,   32,    0
 18427, 99212,20161031,   49,    0
 18427, 99212,20161101,   15,    0
 18427, 99212,20161102,  -25,    0
 18427, 99212,20161103,  -28,    0
 18427, 99212,20161104,  -44,    0
 18427, 99212,20161105,  -28,    0
 18427, 99212,20161106,  -63,    0
 18427, 99212,20161107,  -99,    0
 18427, 99212,20161108,  -92,    0
 18427, 99212,20161109,  -65,    0
 18427, 99212,20161110,-9999,    9
 18427, 99212,20161111,  -14,    0
 18427, 99212,20161112,  -23,    0
 18427, 99212,20161113,   -6,    0
 18427, 99212,20161114,    8,    0
 18427, 99212,20161115,   31,    0
 18427, 99212,20161116,   31,    0
 18427, 99212,20161117,  -22,    0
 18427, 99212,20161118,  -32,    0
 18427, 99212,20161119,  -16,    0
 18427, 99212,20161120,  -44,    0
 18427, 99212,20161121,   -4,    0
 18427, 99212,20161122,  -22,    0
 18427, 99212,20161123,   -7,    0
 18427, 99212,20161124,   -5,    0
 18427, 99212,20161125,   49,    0
 18427, 99212,20161126,   10,    0
 18427, 99212,20161127,  -16,    0
 18427, 99212,20161128,    0,    0
 18427, 99212,20161129,   15,    0
 18427, 99212,20161130,  -14,    0
 18427, 99212,20161201,-9999,    9
 18427, 99212,20161202,   -7,    0
 18427, 99212,20161203,   -6,    0
 18427, 99212,20161204,   33,    0
 18427, 99212,20161205,    4,    0
 18427, 99212,20161206,  -12,    0
 18427, 99212,20161207,  -18,    0
 18427, 99212,20161208,   46,    0
 18427, 99212,20161209,   20,    0
 18427, 99212,20161210,  -24,    0
 18427, 99212,20161211,  -46,    0
 18427, 99212,20161212,  -48,    0
 18427, 99212,20161213,   12,    0
 18427, 99212,20161214,  -41,    0
 18427, 99212,20161215,  -11,    0
 18427, 99212,20161216,   -8,    0
 18427, 99212,20161217,   10,    0
 18427, 99212,20161218,   36,    0
 18427, 99212,20161219,   61,    0
 18427, 99212,20161220,   17,    0
 18427, 99212,20161221,   29,    0
 18427, 99212,20161222,   -4,    0
 18427, 99212,20161223,-9999,    9
 18427, 99212,20161224,   -2,    0
 18427, 99212,20161225,   16,    0
 18427, 99212,20161226,  -10,    0
 18427, 99212,20161227,  -10,    0
 18427, 99212,20161228,   32,    0
 18427, 99212,20161229,   43,    0
 18427, 99212,20161230,   40,    0
 18427, 99212,20161231,    8,    0
 18427, 99212,20170101,-9999,    9
 18427, 99212,20170102,-9999,    9
 18427, 99212,20170103,-9999,    9
 18427, 99212,20170104,-9999,    9
 18427, 99212,20170105,-9999,    9
 18427, 99212,20170106,-9999,    9
 18427, 99212,20170107,-9999,    9
 18427, 99212,20170108,-9999,    9
 18427, 99212,20170109,-9999,    9
 18427, 99212,20170110,-9999,    9
 18427, 99212,20170111,-9999,    9
 18427, 99212,20170112,-9999,    9
 18427, 99212,20170113,-9999,    9
 18427, 99212,20170114,-9999,    9
 18427, 99212,20170115,-9999,    9
 18427, 99212,20170116,-9999,    9
 18427, 99212,20170117,-9999,    9
 18427, 99212,20170118,-9999,    9
 18427, 99212,20170119,-9999,    9
 18427, 99212,20170120,-9999,    9
 18427, 99212,20170121,-9999,    9
 18427, 99212,20170122,-9999,    9
 18427, 99212,20170123,-9999,    9
 18427, 99212,20170124,-9999,    9
 18427, 99212,20170125,-9999,    9
 18427, 99212,20170126,-9999,    9
 18427, 99212,20170127,-9999,    9
 18427, 99212,20170128,-9999,    9
 18427, 99212,20170129,-9999,    9
 18427, 99212,20170130,-9999,    9
 18427, 99212,20170131,-9999,    9
 18427, 99212,20170201,-9999,    9
 18427, 99212,20170202,-9999,    9
 18427, 99212,20170203,-9999,    9
 18427, 99212,20170204,-9999,    9
 18427, 99212,20170205,-9999,    9
 18427, 99212,20170206,-9999,    9
 18427, 99212,20170207,-9999,    9
 18427, 99212,20170208,-9999,    9
 18427, 99212,20170209,-9999,    9
 18427, 99212,20170210,-9999,    9
 18427, 99212,20170211,-9999,    9
 18427, 99212,20170212,-9999,    9
 18427, 99212,20170213,-9999,    9
 18427, 99212,20170214,-9999,    9
 18427, 99212,20170215,-9999,    9
 18427, 99212,20170216,-9999,    9
 18427, 99212,20170217,-9999,    9
 18427, 99212,20170218,-9999,    9
 18427, 99212,20170219,-9999,    9
 18427, 99212,20170220,-9999,    9
 18427, 99212,20170221,-9999,    9
 18427, 99212,20170222,-9999,    9
 18427, 99212,20170223,-9999,    9
 18427, 99212,20170224,-9999,    9
 18427, 99212,20170225,-9999,    9
 18427, 99212,20170226,-9999,    9
 18427, 99212,20170227,-9999,    9
 18427, 99212,20170228,-9999,    9
 18427, 99212,20170301,-9999,    9
 18427, 99212,20170302,-9999,    9
 18427, 99212,20170303,-9999,    9
 18427, 99212,20170304,-9999,    9
 18427, 99212,20170305,-9999,    9
 18427, 99212,20170306,-9999,    9
 18427, 99212,20170307,-9999,    9
 18427, 99212,20170308,-9999,    9
 18427, 99212,20170309,-9999,    9
 18427, 99212,20170310,-9999,    9
 18427, 99212,20170311,-9999,    9
 18427, 99212,20170312,-9999,    9
 18427, 99212,20170313,   20,    0
 18427, 99212,20170314,-9999,    9
 18427, 99212,20170315,-9999,    9
 18427, 99212,20170316,-9999,    9
 18427, 99212,20170317,-9999,    9
 18427, 99212,20170318,-9999,    9
 18427, 99212,20170319,-9999,    9
 18427, 99212,20170320,-9999,    9
 18427, 99212,20170321,-9999,    9
 18427, 99212,20170322,-9999,    9
 18427, 99212,20170323,-9999,    9
 18427, 99212,20170324,-9999,    9
 18427, 99212,20170325,-9999,    9
 18427, 99212,20170326,-9999,    9
 18427, 99212,20170327,-9999,    9
 18427, 99212,20170328,-9999,    9
 18427, 99212,20170329,-9999,    9
 18427, 99212,20170330,-9999,    9
 18427, 99212,20170331,-9999,    9
 18427, 99212,20170401,-9999,    9
 18427, 99212,20170402,-9999,    9
 18427, 99212,20170403,   53,    0
 18427, 99212,20170404,   30,    0
 18427, 99212,20170405,-9999,    9
 18427, 99212,20170406,    6,    0
 18427, 99212,20170407,    6,    0
 18427, 99212,20170408,   32,    0
 18427, 99212,20170409,   52,    0
 18427, 99212,20170410,    5,    0
 18427, 99212,20170411,  -13,    0
 18427, 99212,20170412,   -8,    0
 18427, 99212,20170413,  -10,    0
 18427, 99212,20170414,  -16,    0
 18427, 99212,20170415,   -9,    0
 18427, 99212,20170416,   -8,    0
 18427, 99212,20170417,    0,    0
 18427, 99212,20170418,    0,    0
 18427, 99212,20170419,   10,    0
 18427, 99212,20170420,   16,    0
 18427, 99212,20170421,   -4,    0
 18427, 99212,20170422,   -5,    0
 18427, 99212,20170423,  -19,    0
 18427, 99212,20170424,  -26,    0
 18427, 99212,20170425,   -1,    0
 18427, 99212,20170426,-9999,    9
 18427, 99212,20170427,-9999,    9
 18427, 99212,20170428,    6,    0
 18427, 99212,20170429,   34,    0
 18427, 99212,20170430,   24,    0
 18427, 99212,20170501,   48,    0
 18427, 99212,20170502,   44,    0
 18427, 99212,20170503,   38,    0
 18427, 99212,20170504,   57,    0
 18427, 99212,20170505,   96,    0
 18427, 99212,20170506,   48,    0
 18427, 99212,20170507,   14,    0
 18427, 99212,20170508,    0,    0
 18427, 99212,20170509,   -1,    0
 18427, 99212,20170510,   12,    0
 18427, 99212,20170511,   31,    0
 18427, 99212,20170512,   56,    0
 18427, 99212,20170513,   79,    0
 18427, 99212,20170514,   96,    0
 18427, 99212,20170515,   89,    0
 18427, 99212,20170516,  105,    0
 18427, 99212,20170517,   96,    0
 18427, 99212,20170518,-9999,    9
 18427, 99212,20170519,-9999,    9
 18427, 99212,20170520,-9999,    9
 18427, 99212,20170521,   64,    0
 18427, 99212,20170522,   50,    0
 18427, 99212,20170523,   82,    0
 18427, 99212,20170524,   65,    0
 18427, 99212,20170525,   65,    0
 18427, 99212,20170526,   78,    0
 18427, 99212,20170527,  139,    0
 18427, 99212,20170528,  115,    0
 18427, 99212,20170529,   71,    0
 18427, 99212,20170530,   53,    0
 18427, 99212,20170531,   28,    0
 18427, 99212,20170601,   26,    0
 18427, 99212,20170602,   72,    0
 18427, 99212,20170603,   78,    0
 18427, 99212,20170604,   83,    0
 18427, 99212,20170605,   79,    0
 18427, 99212,20170606,  122,    0
 18427, 99212,20170607,  156,    0
 18427, 99212,20170608,  141,    0
 18427, 99212,20170609,-9999,    9
 18427, 99212,20170610,  118,    0
 18427, 99212,20170611,  125,    0
 18427, 99212,20170612,   98,    0
 18427, 99212,20170613,   97,    0
 18427, 99212,20170614,  100,    0
 18427, 99212,20170615,  134,    0
 18427, 99212,20170616,  119,    0
 18427, 99212,20170617,  108,    0
 18427, 99212,20170618,   99,    0
 18427, 99212,20170619,-9999,    9
 18427, 99212,20170620,-9999,    9
 18427, 99212,20170621,-9999,    9
 18427, 99212,20170622,-9999,    9
 18427, 99212,20170623,-9999,    9
 18427, 99212,20170624,   89,    0
 18427, 99212,20170625,   97,    0
 18427, 99212,20170626,   58,    0
 18427, 99212,20170627,   60,    0
 18427, 99212,20170628,   85,    0
 18427, 99212,20170629,  135,    0
 18427, 99212,20170630,-9999,    9
 18427, 99212,20170701,-9999,    9
 18427, 99212,20170702,-9999,    9
 18427, 99212,20170703,-9999,    9
 18427, 99212,20170704,-9999,    9
 18427, 99212,20170705,-9999,    9
 18427, 99212,20170706,   89,    0
 18427, 99212,20170707,  125,    0
 18427, 99212,20170708,   91,    0
 18427, 99212,20170709,  109,    0
 18427, 99212,20170710,  113,    0
 18427, 99212,20170711,   94,    0
 18427, 99212,20170712,   79,    0
 18427, 99212,20170713,   70,    0
 18427, 99212,20170714,   81,    0
 18427, 99212,20170715,  114,    0
 18427, 99212,20170716,  102,    0
 18427, 99212,20170717,   83,    0
 18427, 99212,20170718,   80,    0
 18427, 99212,20170719,  106,    0
 18427, 99212,20170720,  130,    0
 18427, 99212,20170721,  170,    0
 18427, 99212,20170722,  165,    0
 18427, 99212,20170723,-9999,    9
 18427, 99212,20170724,  159,    0
 18427, 99212,20170725,  150,    0
 18427, 99212,20170726,  166,    0
 18427, 99212,20170727,  171,    0
 18427, 99212,20170728,  145,    0
 18427, 99212,20170729,  137,    0
 18427, 99212,20170730,  137,    0
 18427, 99212,20170731,  134,    0
 18427, 99212,20170801,  132,    0
 18427, 99212,20170802,  117,    0
 18427, 99212,20170803,  139,    0
 18427, 99212,20170804,  136,    0
 18427, 99212,20170805,  141,    0
 18427, 99212,20170806,  131,    0
 18427, 99212,20170807,  117,    0
 18427, 99212,20170808,  113,    0
 18427, 99212,20170809,  128,    0
 18427, 99212,20170810,  115,    0
 18427, 99212,20170811,  128,    0
 18427, 99212,20170812,   97,    0
 18427, 99212,20170813,   72,    0
 18427, 99212,20170814,   92,    0
 18427, 99212,20170815,  121,    0
 18427, 99212,20170816,  113,    0
 18427, 99212,20170817,  136,    0
 18427, 99212,20170818,  137,    0
 18427, 99212,20170819,  109,    0
 18427, 99212,20170820,   98,    0
 18427, 99212,20170821,   83,    0
 18427, 99212,20170822,   80,    0
 18427, 99212,20170823,   84,    0
 18427, 99212,20170824,   84,    0
 18427, 99212,20170825,   71,    0
 18427, 99212,20170826,   77,    0
 18427, 99212,20170827,   92,    0
 18427, 99212,20170828,  120,    0
 18427, 99212,20170829,  111,    0
 18427, 99212,20170830,  105,    0
 18427, 99212,20170831,-9999,    9
 18427, 99212,20170901,-9999,    9
 18427, 99212,20170902,-9999,    9
 18427, 99212,20170903,-9999,    9
 18427, 99212,20170904,-9999,    9
 18427, 99212,20170905,-9999,    9
 18427, 99212,20170906,-9999,    9
 18427, 99212,20170907,-9999,    9
 18427, 99212,20170908,-9999,    9
 18427, 99212,20170909,-9999,    9
 18427, 99212,20170910,-9999,    9
 18427, 99212,20170911,-9999,    9
 18427, 99212,20170912,  106,    0
 18427, 99212,20170913,   99,    0
 18427, 99212,20170914,   89,    0
 18427, 99212,20170915,   82,    0
 18427, 99212,20170916,   71,    0
 18427, 99212,20170917,   70,    0
 18427, 99212,20170918,   81,    0
 18427, 99212,20170919,-9999,    9
 18427, 99212,20170920,-9999,    9
 18427, 99212,20170921,   78,    0
 18427, 99212,20170922,   95,    0
 18427, 99212,20170923,   91,    0
 18427, 99212,20170924,  105,    0
 18427, 99212,20170925,  128,    0
 18427, 99212,20170926,  115,    0
 18427, 99212,20170927,  107,    0
 18427, 99212,20170928,  114,    0
 18427, 99212,20170929,  114,    0
 18427, 99212,20170930,  109,    0
 18427, 99212,20171001,   97,    0
 18427, 99212,20171002,  107,    0
 18427, 99212,20171003,   92,    0
 18427, 99212,20171004,-9999,    9
 18427, 99212,20171005,   58,    0
 18427, 99212,20171006,   47,    0
 18427, 99212,20171007,   30,    0
 18427, 99212,20171008,   49,    0
 18427, 99212,20171009,   38,    0
 18427, 99212,20171010,   23,    0
 18427, 99212,20171011,   35,    0
 18427, 99212,20171012,   46,    0
 18427, 99212,20171013,   52,    0
 18427, 99212,20171014,-9999,    9
 18427, 99212,20171015,   59,    0
 18427, 99212,20171016,   49,    0
 18427, 99212,20171017,-9999,    9
 18427, 99212,20171018,-9999,    9
 18427, 99212,20171019,-9999,    9
 18427, 99212,20171020,-9999,    9
 18427, 99212,20171021,-9999,    9
 18427, 99212,20171022,-9999,    9
 18427, 99212,20171023,-9999,    9
 18427, 99212,20171024,-9999,    9
 18427, 99212,20171025,   39,    0
 18427, 99212,20171026,   45,    0
 18427, 99212,20171027,   44,    0
 18427, 99212,20171028,   16,    0
 18427, 99212,20171029,   -2,    0
 18427, 99212,20171030,   -7,    0
 18427, 99212,20171031,   36,    0
 18427, 99212,20171101,-9999,    9
 18427, 99212,20171102,-9999,    9
 18427, 99212,20171103,   35,    0
 18427, 99212,20171104,   33,    0
 18427, 99212,20171105,   20,    0
 18427, 99212,20171106,   -6,    0
 18427, 99212,20171107,   -8,    0
 18427, 99212,20171108,   12,    0
 18427, 99212,20171109,   38,    0
 18427, 99212,20171110,   -5,    0
 18427, 99212,20171111,    0,    0
 18427, 99212,20171112,    6,    0
 18427, 99212,20171113,  -17,    0
 18427, 99212,20171114,  -19,    0
 18427, 99212,20171115,    4,    0
 18427, 99212,20171116,    0,    0
 18427, 99212,20171117,   -7,    0
 18427, 99212,20171118,  -41,    0
 18427, 99212,20171119,  -59,    0
 18427, 99212,20171120,  -83,    0
 18427, 99212,20171121, -111,    0
 18427, 99212,20171122,  -63,    0
 18427, 99212,20171123,   30,    0
 18427, 99212,20171124,    9,    0
 18427, 99212,20171125,  -21,    0
 18427, 99212,20171126,  -56,    0
 18427, 99212,20171127, -101,    0
 18427, 99212,20171128,-9999,    9
 18427, 99212,20171129,-9999,    9
 18427, 99212,20171130,  -81,    0
 18427, 99212,20171201,  -62,    0
 18427, 99212,20171202,   19,    0
 18427, 99212,20171203,   -3,    0
 18427, 99212,20171204,  -15,    0
 18427, 99212,20171205,  -17,    0
 18427, 99212,20171206,  -49,    0
 18427, 99212,20171207,   18,    0
 18427, 99212,20171208,    2,    0
 18427, 99212,20171209,  -12,    0
 18427, 99212,20171210,  -64,    0
 18427, 99212,20171211, -118,    0
 18427, 99212,20171212,  -69,    0
 18427, 99212,20171213,  -43,    0
 18427, 99212,20171214, -113,    0
 18427, 99212,20171215,  -87,    0
 18427, 99212,20171216,  -40,    0
 18427, 99212,20171217,  -25,    0
 18427, 99212,20171218,    0,    0
 18427, 99212,20171219,   43,    0
 18427, 99212,20171220,   19,    0
 18427, 99212,20171221,    5,    0
 18427, 99212,20171222,   -2,    0
 18427, 99212,20171223,    9,    0
 18427, 99212,20171224,  -14,    0
 18427, 99212,20171225,  -30,    0
 18427, 99212,20171226,  -65,    0
 18427, 99212,20171227,  -81,    0
 18427, 99212,20171228,  -84,    0
 18427, 99212,20171229,  -83,    0
 18427, 99212,20171230,  -89,    0
 18427, 99212,20171231,  -94,    0
 18427, 99212,20180101,  -37,    0
 18427, 99212,20180102,  -29,    0
 18427, 99212,20180103, -100,    0
 18427, 99212,20180104,  -39,    0
 18427, 99212,20180105,  -57,    0
 18427, 99212,20180106,  -57,    0
 18427, 99212,20180107,  -32,    0
 18427, 99212,20180108,    2,    0
 18427, 99212,20180109,  -57,    0
 18427, 99212,20180110,  -47,    0
 18427, 99212,20180111,   -4,    0
 18427, 99212,20180112,  -33,    0
 18427, 99212,20180113,  -89,    0
 18427, 99212,20180114,  -65,    0
 18427, 99212,20180115,  -10,    0
 18427, 99212,20180116,  -17,    0
 18427, 99212,20180117,  -44,    0
 18427, 99212,20180118, -111,    0
 18427, 99212,20180119, -117,    0
 18427, 99212,20180120, -120,    0
 18427, 99212,20180121, -103,    0
 18427, 99212,20180122, -138,    0
 18427, 99212,20180123,  -71,    0
 18427, 99212,20180124,    5,    0
 18427, 99212,20180125,    0,    0
 18427, 99212,20180126,  -18,    0
 18427, 99212,20180127,  -45,    0
 18427, 99212,20180128,  -39,    0
 18427, 99212,20180129,  -18,    0
 18427, 99212,20180130,  -19,    0
 18427, 99212,20180131,   -7,    0
 18427, 99212,20180201,  -38,    0
 18427, 99212,20180202, -138,    0
 18427, 99212,20180203, -125,    0
 18427, 99212,20180204, -101,    0
 18427, 99212,20180205,  -20,    0
 18427, 99212,20180206,  -62,    0
 18427, 99212,20180207,  -38,    0
 18427, 99212,20180208,  -43,    0
 18427, 99212,20180209,    2,    0
 18427, 99212,20180210,  -24,    0
 18427, 99212,20180211,  -22,    0
 18427, 99212,20180212,  -46,    0
 18427, 99212,20180213,  -66,    0
 18427, 99212,20180214,  -21,    0
 18427, 99212,20180215,   -6,    0
 18427, 99212,20180216,  -38,    0
 18427, 99212,20180217,  -37,    0
 18427, 99212,20180218,  -73,    0
 18427, 99212,20180219,  -94,    0
 18427, 99212,20180220,  -81,    0
 18427, 99212,20180221,  -24,    0
 18427, 99212,20180222,  -12,    0
 18427, 99212,20180223,  -26,    0
 18427, 99212,20180224,  -43,    0
 18427, 99212,20180225,  -61,    0
 18427, 99212,20180226, -108,    0
 18427, 99212,20180227, -131,    0
 18427, 99212,20180228, -151,    0
 18427, 99212,20180301, -152,    0
 18427, 99212,20180302, -112,    0
 18427, 99212,20180303,-9999,    9
 18427, 99212,20180304,  -78,    0
 18427, 99212,20180305,-9999,    9
 18427, 99212,20180306, -104,    0
 18427, 99212,20180307, -103,    0
 18427, 99212,20180308,  -47,    0
 18427, 99212,20180309,  -44,    0
 18427, 99212,20180310,-9999,    9
 18427, 99212,20180311,  -41,    0
 18427, 99212,20180312,  -34,    0
 18427, 99212,20180313,  -35,    0
 18427, 99212,20180314,  -47,    0
 18427, 99212,20180315,  -71,    0
 18427, 99212,20180316,  -80,    0
 18427, 99212,20180317,-9999,    9
 18427, 99212,20180318,  -29,    0
 18427, 99212,20180319,  -19,    0
 18427, 99212,20180320,  -20,    0
 18427, 99212,20180321,   -2,    0
 18427, 99212,20180322,   -1,    0
 18427, 99212,20180323,    8,    0
 18427, 99212,20180324,   33,    0
 18427, 99212,20180325,-9999,    9
 18427, 99212,20180326,  -60,    0
 18427, 99212,20180327,  -64,    0
 18427, 99212,20180328,  -67,    0
 18427, 99212,20180329,  -65,    0
 18427, 99212,20180330,  -64,    0
 18427, 99212,20180331,  -54,    0
 18427, 99212,20180401,  -40,    0
 18427, 99212,20180402,  -47,    0
 18427, 99212,20180403,  -42,    0
 18427, 99212,20180404,  -24,    0
 18427, 99212,20180405,  -23,    0
 18427, 99212,20180406,   -5,    0
 18427, 99212,20180407,-9999,    9
 18427, 99212,20180408,    5,    0
 18427, 99212,20180409,   -3,    0
 18427, 99212,20180410,   14,    0
 18427, 99212,20180411,   27,    0
 18427, 99212,20180412,   42,    0
 18427, 99212,20180413,   49,    0
 18427, 99212,20180414,   77,    0
 18427, 99212,20180415,   67,    0
 18427, 99212,20180416,   57,    0
 18427, 99212,20180417,   66,    0
 18427, 99212,20180418,   58,    0
 18427, 99212,20180419,   69,    0
 18427, 99212,20180420,   47,    0
 18427, 99212,20180421,   26,    0
 18427, 99212,20180422,   48,    0
 18427, 99212,20180423,   40,    0
 18427, 99212,20180424,   39,    0
 18427, 99212,20180425,   15,    0
 18427, 99212,20180426,   33,    0
 18427, 99212,20180427,   34,    0
 18427, 99212,20180428,   29,    0
 18427, 99212,20180429,   16,    0
 18427, 99212,20180430,   30,    0
 18427, 99212,20180501,   39,    0
 18427, 99212,20180502,   69,    0
 18427, 99212,20180503,   40,    0
 18427, 99212,20180504,   61,    0
 18427, 99212,20180505,-9999,    9
 18427, 99212,20180506,   60,    0
 18427, 99212,20180507,   60,    0
 18427, 99212,20180508,  135,    0
 18427, 99212,20180509,  175,    0
 18427, 99212,20180510,  159,    0
 18427, 99212,20180511,   59,    0
 18427, 99212,20180512,  119,    0
 18427, 99212,20180513,  142,    0
 18427, 99212,20180514,  151,    0
 18427, 99212,20180515,  157,    0
 18427, 99212,20180516,-9999,    9
 18427, 99212,20180517,   55,    0
 18427, 99212,20180518,   86,    0
 18427, 99212,20180519,-9999,    9
 18427, 99212,20180520,  135,    0
 18427, 99212,20180521,  138,    0
 18427, 99212,20180522,   74,    0
 18427, 99212,20180523,  102,    0
 18427, 99212,20180524,  127,    0
 18427, 99212,20180525,  115,    0
 18427, 99212,20180526,-9999,    9
 18427, 99212,20180527,  155,    0
 18427, 99212,20180528,  162,    0
 18427, 99212,20180529,  138,    0
 18427, 99212,20180530,-9999,    9
 18427, 99212,20180531,  193,    0
 18427, 99212,20180601,  156,    0
 18427, 99212,20180602,  146,    0
 18427, 99212,20180603,  103,    0
 18427, 99212,20180604,   45,    0
 18427, 99212,20180605,   30,    0
 18427, 99212,20180606,-9999,    9
 18427, 99212,20180607,   71,    0
 18427, 99212,20180608,   84,    0
 18427, 99212,20180609,  125,    0
 18427, 99212,20180610,-9999,    9
 18427, 99212,20180611,   64,    0
 18427, 99212,20180612,   60,    0
 18427, 99212,20180613,   83,    0
 18427, 99212,20180614,  139,    0
 18427, 99212,20180615,  113,    0
 18427, 99212,20180616,  103,    0
 18427, 99212,20180617,  119,    0
 18427, 99212,20180618,  113,    0
 18427, 99212,20180619,   73,    0
 18427, 99212,20180620,   74,    0
 18427, 99212,20180621,   62,    0
 18427, 99212,20180622,   47,    0
 18427, 99212,20180623,   74,    0
 18427, 99212,20180624,   97,    0
 18427, 99212,20180625,   96,    0
 18427, 99212,20180626,  106,    0
 18427, 99212,20180627,  133,    0
 18427, 99212,20180628,   85,    0
 18427, 99212,20180629,   65,    0
 18427, 99212,20180630,   98,    0
 18427, 99212,20180701,-9999,    9
 18427, 99212,20180702,  140,    0
 18427, 99212,20180703,  112,    0
 18427, 99212,20180704,  111,    0
 18427, 99212,20180705,  123,    0
 18427, 99212,20180706,   94,    0
 18427, 99212,20180707,  103,    0
 18427, 99212,20180708,  114,    0
 18427, 99212,20180709,   99,    0
 18427, 99212,20180710,  153,    0
 18427, 99212,20180711,  178,    0
 18427, 99212,20180712,  146,    0
 18427, 99212,20180713,  120,    0
 18427, 99212,20180714,  124,    0
 18427, 99212,20180715,  170,    0
 18427, 99212,20180716,  193,    0
 18427, 99212,20180717,  195,    0
 18427, 99212,20180718,  169,    0
 18427, 99212,20180719,  126,    0
 18427, 99212,20180720,  147,    0
 18427, 99212,20180721,  154,    0
 18427, 99212,20180722,  149,    0
 18427, 99212,20180723,  137,    0
 18427, 99212,20180724,  155,    0
 18427, 99212,20180725,  125,    0
 18427, 99212,20180726,  150,    0
 18427, 99212,20180727,  223,    0
 18427, 99212,20180728,  229,    0
 18427, 99212,20180729,  180,    0
 18427, 99212,20180730,  203,    0
 18427, 99212,20180731,  214,    0
 18427, 99212,20180801,  154,    0
 18427, 99212,20180802,  136,    0
 18427, 99212,20180803,  139,    0
 18427, 99212,20180804,  127,    0
 18427, 99212,20180805,   96,    0
 18427, 99212,20180806,  105,    0
 18427, 99212,20180807,  142,    0
 18427, 99212,20180808,  162,    0
 18427, 99212,20180809,  126,    0
 18427, 99212,20180810,  108,    0
 18427, 99212,20180811,  100,    0
 18427, 99212,20180812,   84,    0
 18427, 99212,20180813,   98,    0
 18427, 99212,20180814,  111,    0
 18427, 99212,20180815,  121,    0
 18427, 99212,20180816,  135,    0
 18427, 99212,20180817,  131,    0
 18427, 99212,20180818,  106,    0
 18427, 99212,20180819,   84,    0
 18427, 99212,20180820,   77,    0
 18427, 99212,20180821,   84,    0
 18427, 99212,20180822,  105,    0
 18427, 99212,20180823,  110,    0
 18427, 99212,20180824,   94,    0
 18427, 99212,20180825,   81,    0
 18427, 99212,20180826,   73,    0
 18427, 99212,20180827,   70,    0
 18427, 99212,20180828,  113,    0
 18427, 99212,20180829,  121,    0
 18427, 99212,20180830,   89,    0
 18427, 99212,20180831,   86,    0
 18427, 99212,20180901,   98,    0
 18427, 99212,20180902,  146,    0
 18427, 99212,20180903,  127,    0
 18427, 99212,20180904,   84,    0
 18427, 99212,20180905,  108,    0
 18427, 99212,20180906,  132,    0
 18427, 99212,20180907,  134,    0
 18427, 99212,20180908,  144,    0
 18427, 99212,20180909,  128,    0
 18427, 99212,20180910,  112,    0
 18427, 99212,20180911,   88,    0
 18427, 99212,20180912,   70,    0
 18427, 99212,20180913,   83,    0
 18427, 99212,20180914,   78,    0
 18427, 99212,20180915,   52,    0
 18427, 99212,20180916,   79,    0
 18427, 99212,20180917,   83,    0
 18427, 99212,20180918,   95,    0
 18427, 99212,20180919,  134,    0
 18427, 99212,20180920,   97,    0
 18427, 99212,20180921,   59,    0
 18427, 99212,20180922,   57,    0
 18427, 99212,20180923,   26,    0
 18427, 99212,20180924,   17,    0
 18427, 99212,20180925,   63,    0
 18427, 99212,20180926,-9999,    9
 18427, 99212,20180927,-9999,    9
 18427, 99212,20180928,-9999,    9
 18427, 99212,20180929,-9999,    9
 18427, 99212,20180930,-9999,    9
 18427, 99212,20181001,-9999,    9
 18427, 99212,20181002,-9999,    9
 18427, 99212,20181003,-9999,    9
 18427, 99212,20181004,   31,    0
 18427, 99212,20181005,   50,    0
 18427, 99212,20181006,   27,    0
 18427, 99212,20181007,   21,    0
 18427, 99212,20181008,   49,    0
 18427, 99212,20181009,   47,    0
 18427, 99212,20181010,   68,    0
 18427, 99212,20181011,-9999,    9
 18427, 99212,20181012,  117,    0
 18427, 99212,20181013,  121,    0
 18427, 99212,20181014,  117,    0
 18427, 99212,20181015,   26,    0
 18427, 99212,20181016,   44,    0
 18427, 99212,20181017,-9999,    9
 18427, 99212,20181018,-9999,    9
 18427, 99212,20181019,   51,    0
 18427, 99212,20181020,   59,    0
 18427, 99212,20181021,   54,    0
 18427, 99212,20181022,-9999,    9
 18427, 99212,20181023,    3,    0
 18427, 99212,20181024,    6,    0
 18427, 99212,20181025,    2,    0
 18427, 99212,20181026,   -4,    0
 18427, 99212,20181027,  -35,    0
 18427, 99212,20181028,  -56,    0
 18427, 99212,20181029,  -58,    0
 18427, 99212,20181030,   -9,    0
 18427, 99212,20181031,   35,    0
 18427, 99212,20181101,   33,    0
 18427, 99212,20181102,   35,    0
 18427, 99212,20181103,   11,    0
 18427, 99212,20181104,-9999,    9
 18427, 99212,20181105,   57,    0
 18427, 99212,20181106,    6,    0
 18427, 99212,20181107,   16,    0
 18427, 99212,20181108,   18,    0
 18427, 99212,20181109,   26,    0
 18427, 99212,20181110,   52,    0
 18427, 99212,20181111,   75,    0
 18427, 99212,20181112,   51,    0
 18427, 99212,20181113,   16,    0
 18427, 99212,20181114,   12,    0
 18427, 99212,20181115,   50,    0
 18427, 99212,20181116,   61,    0
 18427, 99212,20181117,   63,    0
 18427, 99212,20181118,    5,    0
 18427, 99212,20181119,  -29,    0
 18427, 99212,20181120,   -8,    0
 18427, 99212,20181121,  -22,    0
 18427, 99212,20181122,  -40,    0
 18427, 99212,20181123,  -21,    0
 18427, 99212,20181124,  -12,    0
 18427, 99212,20181125,  -13,    0
 18427, 99212,20181126,  -13,    0
 18427, 99212,20181127,  -81,    0
 18427, 99212,20181128,  -81,    0
 18427, 99212,20181129,   33,    0
 18427, 99212,20181130,   63,    0
 18427, 99212,20181201,   39,    0
 18427, 99212,20181202,   25,    0
 18427, 99212,20181203,   -4,    0
 18427, 99212,20181204,  -19,    0
 18427, 99212,20181205,  -23,    0
 18427, 99212,20181206,  -63,    0
 18427, 99212,20181207,  -55,    0
 18427, 99212,20181208,  -23,    0
 18427, 99212,20181209,  -12,    0
 18427, 99212,20181210,   -2,    0
 18427, 99212,20181211,  -22,    0
 18427, 99212,20181212,  -96,    0
 18427, 99212,20181213, -113,    0
 18427, 99212,20181214, -131,    0
 18427, 99212,20181215, -141,    0
 18427, 99212,20181216,  -65,    0
 18427, 99212,20181217,  -68,    0
 18427, 99212,20181218,  -56,    0
 18427, 99212,20181219,  -41,    0
 18427, 99212,20181220,   -6,    0
 18427, 99212,20181221,  -39,    0
 18427, 99212,20181222,  -75,    0
 18427, 99212,20181223,  -41,    0
 18427, 99212,20181224,   -5,    0
 18427, 99212,20181225,   23,    0
 18427, 99212,20181226,   26,    0
 18427, 99212,20181227,   23,    0
 18427, 99212,20181228,   17,    0
 18427, 99212,20181229,    4,    0
 18427, 99212,20181230,  -17,    0
 18427, 99212,20181231,   21,    0
 18427, 99212,20190101,   -1,    0
 18427, 99212,20190102,  -12,    0
 18427, 99212,20190103,   23,    0
 18427, 99212,20190104,   41,    0
 18427, 99212,20190105,   34,    0
 18427, 99212,20190106,   26,    0
 18427, 99212,20190107,  -10,    0
 18427, 99212,20190108,  -15,    0
 18427, 99212,20190109,  -25,    0
 18427, 99212,20190110,   29,    0
 18427, 99212,20190111,  -10,    0
 18427, 99212,20190112,  -34,    0
 18427, 99212,20190113,  -40,    0
 18427, 99212,20190114,  -29,    0
 18427, 99212,20190115,  -77,    0
 18427, 99212,20190116, -102,    0
 18427, 99212,20190117,  -60,    0
 18427, 99212,20190118,-9999,    9
 18427, 99212,20190119,-9999,    9
 18427, 99212,20190120,  -89,    0
 18427, 99212,20190121,  -75,    0
 18427, 99212,20190122, -125,    0
 18427, 99212,20190123, -126,    0
 18427, 99212,20190124, -108,    0
 18427, 99212,20190125, -101,    0
 18427, 99212,20190126,  -84,    0
 18427, 99212,20190127, -112,    0
 18427, 99212,20190128, -117,    0
 18427, 99212,20190129,  -95,    0
 18427, 99212,20190130,-9999,    9
 18427, 99212,20190131,  -37,    0
 18427, 99212,20190201,  -44,    0
 18427, 99212,20190202,  -73,    0
 18427, 99212,20190203, -108,    0
 18427, 99212,20190204, -100,    0
 18427, 99212,20190205, -117,    0
 18427, 99212,20190206,  -92,    0
 18427, 99212,20190207,  -22,    0
 18427, 99212,20190208,  -25,    0
 18427, 99212,20190209,  -20,    0
 18427, 99212,20190210,  -15,    0
 18427, 99212,20190211,  -31,    0
 18427, 99212,20190212,  -14,    0
 18427, 99212,20190213,-9999,    9
 18427, 99212,20190214,-9999,    9
 18427, 99212,20190215,-9999,    9
 18427, 99212,20190216,    5,    0
 18427, 99212,20190217,  -15,    0
 18427, 99212,20190218,   28,    0
 18427, 99212,20190219,    0,    0
 18427, 99212,20190220,  -21,    0
 18427, 99212,20190221,  -13,    0
 18427, 99212,20190222,   11,    0
 18427, 99212,20190223,   48,    0
 18427, 99212,20190224,   32,    0
 18427, 99212,20190225,   35,    0
 18427, 99212,20190226,   40,    0
 18427, 99212,20190227,   28,    0
 18427, 99212,20190228,   -6,    0
 18427, 99212,20190301,  -17,    0
 18427, 99212,20190302,  -13,    0
 18427, 99212,20190303,  -22,    0
 18427, 99212,20190304,  -48,    0
 18427, 99212,20190305, -100,    0
 18427, 99212,20190306, -111,    0
 18427, 99212,20190307,  -51,    0
 18427, 99212,20190308,  -34,    0
 18427, 99212,20190309,  -49,    0
 18427, 99212,20190310,  -59,    0
 18427, 99212,20190311,  -59,    0
 18427, 99212,20190312,  -46,    0
 18427, 99212,20190313,  -33,    0
 18427, 99212,20190314,  -21,    0
 18427, 99212,20190315,  -43,    0
 18427, 99212,20190316,  -54,    0
 18427, 99212,20190317,  -34,    0
 18427, 99212,20190318,  -17,    0
 18427, 99212,20190319,    6,    0
 18427, 99212,20190320,   16,    0
 18427, 99212,20190321,   22,    0
 18427, 99212,20190322,   40,    0
 18427, 99212,20190323,   -2,    0
 18427, 99212,20190324,   -3,    0
 18427, 99212,20190325,  -21,    0
 18427, 99212,20190326,   -7,    0
 18427, 99212,20190327,   28,    0
 18427, 99212,20190328,   71,    0
 18427, 99212,20190329,   14,    0
 18427, 99212,20190330,  -10,    0
 18427, 99212,20190331,-9999,    9
 18427, 99212,20190401,    6,    0
 18427, 99212,20190402,  -18,    0
 18427, 99212,20190403,    8,    0
 18427, 99212,20190404,   16,    0
 18427, 99212,20190405,   37,    0
 18427, 99212,20190406,    3,    0
 18427, 99212,20190407,   -1,    0
 18427, 99212,20190408,  -14,    0
 18427, 99212,20190409,-9999,    9
 18427, 99212,20190410,-9999,    9
 18427, 99212,20190411,-9999,    9
 18427, 99212,20190412,   -7,    0
 18427, 99212,20190413,    1,    0
 18427, 99212,20190414,   17,    0
 18427, 99212,20190415,   31,    0
 18427, 99212,20190416,   56,    0
 18427, 99212,20190417,   66,    0
 18427, 99212,20190418,   65,    0
 18427, 99212,20190419,   85,    0
 18427, 99212,20190420,-9999,    9
 18427, 99212,20190421,   47,    0
 18427, 99212,20190422,   94,    0
 18427, 99212,20190423,  103,    0
 18427, 99212,20190424,  107,    0
 18427, 99212,20190425,  131,    0
 18427, 99212,20190426,  130,    0
 18427, 99212,20190427,  133,    0
 18427, 99212,20190428,  139,    0
 18427, 99212,20190429,  120,    0
 18427, 99212,20190430,   71,    0
 18427, 99212,20190501,   24,    0
 18427, 99212,20190502,   -7,    0
 18427, 99212,20190503,   -9,    0
 18427, 99212,20190504,   -2,    0
 18427, 99212,20190505,   -6,    0
 18427, 99212,20190506,   -9,    0
 18427, 99212,20190507,   -3,    0
 18427, 99212,20190508,   15,    0
 18427, 99212,20190509,   38,    0
 18427, 99212,20190510,   56,    0
 18427, 99212,20190511,   21,    0
 18427, 99212,20190512,   15,    0
 18427, 99212,20190513,   22,    0
 18427, 99212,20190514,   53,    0
 18427, 99212,20190515,   93,    0
 18427, 99212,20190516,  107,    0
 18427, 99212,20190517,  138,    0
 18427, 99212,20190518,  141,    0
 18427, 99212,20190519,  125,    0
 18427, 99212,20190520,  146,    0
 18427, 99212,20190521,  153,    0
 18427, 99212,20190522,  167,    0
 18427, 99212,20190523,   96,    0
 18427, 99212,20190524,   88,    0
 18427, 99212,20190525,   61,    0
 18427, 99212,20190526,   42,    0
 18427, 99212,20190527,   32,    0
 18427, 99212,20190528,   25,    0
 18427, 99212,20190529,-9999,    9
 18427, 99212,20190530,-9999,    9
 18427, 99212,20190531,-9999,    9
 18427, 99212,20190601,   60,    0
 18427, 99212,20190602,   76,    0
 18427, 99212,20190603,  128,    0
 18427, 99212,20190604,  119,    0
 18427, 99212,20190605,  117,    0
 18427, 99212,20190606,  178,    0
 18427, 99212,20190607,  109,    0
 18427, 99212,20190608,  135,    0
 18427, 99212,20190609,  129,    0
 18427, 99212,20190610,   81,    0
 18427, 99212,20190611,  105,    0
 18427, 99212,20190612,  112,    0
 18427, 99212,20190613,  121,    0
 18427, 99212,20190614,  144,    0
 18427, 99212,20190615,  150,    0
 18427, 99212,20190616,  155,    0
 18427, 99212,20190617,  118,    0
 18427, 99212,20190618,  114,    0
 18427, 99212,20190619,  124,    0
 18427, 99212,20190620,  135,    0
 18427, 99212,20190621,   88,    0
 18427, 99212,20190622,   81,    0
 18427, 99212,20190623,   83,    0
 18427, 99212,20190624,  109,    0
 18427, 99212,20190625,  109,    0
 18427, 99212,20190626,   87,    0
 18427, 99212,20190627,   78,    0
 18427, 99212,20190628,   86,    0
 18427, 99212,20190629,   95,    0
 18427, 99212,20190630,  103,    0
 18427, 99212,20190701,   75,    0
 18427, 99212,20190702,   38,    0
 18427, 99212,20190703,   36,    0
 18427, 99212,20190704,   52,    0
 18427, 99212,20190705,   61,    0
 18427, 99212,20190706,   78,    0
 18427, 99212,20190707,   90,    0
 18427, 99212,20190708,   75,    0
 18427, 99212,20190709,  112,    0
 18427, 99212,20190710,  134,    0
 18427, 99212,20190711,  134,    0
 18427, 99212,20190712,  107,    0
 18427, 99212,20190713,   96,    0
 18427, 99212,20190714,   83,    0
 18427, 99212,20190715,   79,    0
 18427, 99212,20190716,   85,    0
 18427, 99212,20190717,  122,    0
 18427, 99212,20190718,  162,    0
 18427, 99212,20190719,  138,    0
 18427, 99212,20190720,  160,    0
 18427, 99212,20190721,  146,    0
 18427, 99212,20190722,  142,    0
 18427, 99212,20190723,  159,    0
 18427, 99212,20190724,  202,    0
 18427, 99212,20190725,  208,    0
 18427, 99212,20190726,  218,    0
 18427, 99212,20190727,  246,    0
 18427, 99212,20190728,  240,    0
 18427, 99212,20190729,  231,    0
 18427, 99212,20190730,  152,    0
 18427, 99212,20190731,  153,    0
 18427, 99212,20190801,  154,    0
 18427, 99212,20190802,  130,    0
 18427, 99212,20190803,  109,    0
 18427, 99212,20190804,  113,    0
 18427, 99212,20190805,  107,    0
 18427, 99212,20190806,  117,    0
 18427, 99212,20190807,  117,    0
 18427, 99212,20190808,  112,    0
 18427, 99212,20190809,  125,    0
 18427, 99212,20190810,  156,    0
 18427, 99212,20190811,  163,    0
 18427, 99212,20190812,  112,    0
 18427, 99212,20190813,   81,    0
 18427, 99212,20190814,   96,    0
 18427, 99212,20190815,  111,    0
 18427, 99212,20190816,  112,    0
 18427, 99212,20190817,  136,    0
 18427, 99212,20190818,  122,    0
 18427, 99212,20190819,  117,    0
 18427, 99212,20190820,  114,    0
 18427, 99212,20190821,   96,    0
 18427, 99212,20190822,-9999,    9
 18427, 99212,20190823,  106,    0
 18427, 99212,20190824,-9999,    9
 18427, 99212,20190825,-9999,    9
 18427, 99212,20190826,-9999,    9
 18427, 99212,20190827,  176,    0
 18427, 99212,20190828,  183,    0
 18427, 99212,20190829,-9999,    9
 18427, 99212,20190830,  124,    0
 18427, 99212,20190831,  150,    0
 18427, 99212,20190901,  128,    0
 18427, 99212,20190902,   80,    0
 18427, 99212,20190903,   63,    0
 18427, 99212,20190904,   75,    0
 18427, 99212,20190905,   63,    0
 18427, 99212,20190906,   65,    0
 18427, 99212,20190907,   62,    0
 18427, 99212,20190908,   71,    0
 18427, 99212,20190909,   89,    0
 18427, 99212,20190910,  113,    0
 18427, 99212,20190911,  132,    0
 18427, 99212,20190912,   76,    0
 18427, 99212,20190913,   54,    0
 18427, 99212,20190914,   61,    0
 18427, 99212,20190915,   67,    0
 18427, 99212,20190916,   49,    0
 18427, 99212,20190917,   45,    0
 18427, 99212,20190918,   45,    0
 18427, 99212,20190919,   40,    0
 18427, 99212,20190920,-9999,    9
 18427, 99212,20190921,  101,    0
 18427, 99212,20190922,   78,    0
 18427, 99212,20190923,   74,    0
 18427, 99212,20190924,   64,    0
 18427, 99212,20190925,   69,    0
 18427, 99212,20190926,   78,    0
 18427, 99212,20190927,   93,    0
 18427, 99212,20190928,  101,    0
 18427, 99212,20190929,   60,    0
 18427, 99212,20190930,    5,    0
 18427, 99212,20191001,   13,    0
 18427, 99212,20191002,   50,    0
 18427, 99212,20191003,   27,    0
 18427, 99212,20191004,   11,    0
 18427, 99212,20191005,  -18,    0
 18427, 99212,20191006,  -10,    0
 18427, 99212,20191007,   15,    0
 18427, 99212,20191008,    9,    0
 18427, 99212,20191009,   26,    0
 18427, 99212,20191010,   22,    0
 18427, 99212,20191011,   44,    0
 18427, 99212,20191012,   23,    0
 18427, 99212,20191013,   22,    0
 18427, 99212,20191014,    0,    0
 18427, 99212,20191015,    4,    0
 18427, 99212,20191016,   38,    0
 18427, 99212,20191017,   38,    0
 18427, 99212,20191018,   44,    0
 18427, 99212,20191019,   24,    0
 18427, 99212,20191020,   25,    0
 18427, 99212,20191021,   25,    0
 18427, 99212,20191022,   60,    0
 18427, 99212,20191023,-9999,    9
 18427, 99212,20191024,-9999,    9
 18427, 99212,20191025,-9999,    9
 18427, 99212,20191026,-9999,    9
 18427, 99212,20191027,   -4,    0
 18427, 99212,20191028,    4,    0
 18427, 99212,20191029,    8,    0
 18427, 99212,20191030,   16,    0
 18427, 99212,20191031,   20,    0
 18427, 99212,20191101,    8,    0
 18427, 99212,20191102,   -3,    0
 18427, 99212,20191103,  -46,    0
 18427, 99212,20191104,  -64,    0
 18427, 99212,20191105,  -81,    0
 18427, 99212,20191106,  -72,    0
 18427, 99212,20191107,  -65,    0
 18427, 99212,20191108,  -59,    0
 18427, 99212,20191109,  -91,    0
 18427, 99212,20191110,  -79,    0
 18427, 99212,20191111,  -94,    0
 18427, 99212,20191112,  -56,    0
 18427, 99212,20191113,  -28,    0
 18427, 99212,20191114,  -39,    0
 18427, 99212,20191115,  -38,    0
 18427, 99212,20191116,  -51,    0
 18427, 99212,20191117,   -4,    0
 18427, 99212,20191118,  -19,    0
 18427, 99212,20191119,   -6,    0
 18427, 99212,20191120,  -44,    0
 18427, 99212,20191121,  -19,    0
 18427, 99212,20191122,   14,    0
 18427, 99212,20191123,    2,    0
 18427, 99212,20191124,  -28,    0
 18427, 99212,20191125,-9999,    9
 18427, 99212,20191126,   -5,    0
 18427, 99212,20191127,  -29,    0
 18427, 99212,20191128,  -32,    0
 18427, 99212,20191129,  -18,    0
 18427, 99212,20191130,  -29,    0
 18427, 99212,20191201,  -22,    0
 18427, 99212,20191202,  -21,    0
 18427, 99212,20191203,   36,    0
 18427, 99212,20191204,   25,    0
 18427, 99212,20191205,    6,    0
 18427, 99212,20191206,   -2,    0
 18427, 99212,20191207,-9999,    9
 18427, 99212,20191208,  -37,    0
 18427, 99212,20191209,  -31,    0
 18427, 99212,20191210,  -34,    0
 18427, 99212,20191211,   16,    0
 18427, 99212,20191212,   29,    0
 18427, 99212,20191213,  -50,    0
 18427, 99212,20191214,-9999,    9
 18427, 99212,20191215,  -26,    0
 18427, 99212,20191216,  -36,    0
 18427, 99212,20191217,  -31,    0
 18427, 99212,20191218,  -16,    0
 18427, 99212,20191219,  -37,    0
 18427, 99212,20191220,   -2,    0
 18427, 99212,20191221,-9999,    9
 18427, 99212,20191222,-9999,    9
 18427, 99212,20191223,-9999,    9
 18427, 99212,20191224,  -84,    0
 18427, 99212,20191225,  -29,    0
 18427, 99212,20191226,  -10,    0
 18427, 99212,20191227,  -64,    0
 18427, 99212,20191228,  -20,    0
 18427, 99212,20191229,   48,    0
 18427, 99212,20191230,   27,    0
 18427, 99212,20191231,    3,    0
 18427, 99212,20200101,   50,    0
 18427, 99212,20200102,   77,    0
 18427, 99212,20200103,  -23,    0
 18427, 99212,20200104,  -15,    0
 18427, 99212,20200105,-9999,    9
 18427, 99212,20200106,-9999,    9
 18427, 99212,20200107,   40,    0
 18427, 99212,20200108,   11,    0
 18427, 99212,20200109,  -12,    0
 18427, 99212,20200110,    0,    0
 18427, 99212,20200111,-9999,    9
 18427, 99212,20200112,-9999,    9
 18427, 99212,20200113,-9999,    9
 18427, 99212,20200114,-9999,    9
 18427, 99212,20200115,-9999,    9
 18427, 99212,20200116,   25,    0
 18427, 99212,20200117,   20,    0
 18427, 99212,20200118,-9999,    9
 18427, 99212,20200119,-9999,    9
 18427, 99212,20200120,-9999,    9
 18427, 99212,20200121,-9999,    9
 18427, 99212,20200122,  -14,    0
 18427, 99212,20200123,   29,    0
 18427, 99212,20200124,  -12,    0
 18427, 99212,20200125,    2,    0
 18427, 99212,20200126,   22,    0
 18427, 99212,20200127,-9999,    9
 18427, 99212,20200128,-9999,    9
 18427, 99212,20200129,  -20,    0
 18427, 99212,20200130,  -50,    0
 18427, 99212,20200131,    4,    0
 18427, 99212,20200201,   -3,    0
 18427, 99212,20200202,   -4,    0
 18427, 99212,20200203,  -49,    0
 18427, 99212,20200204,  -44,    0
 18427, 99212,20200205,    0,    0
 18427, 99212,20200206,   22,    0
 18427, 99212,20200207,   26,    0
 18427, 99212,20200208,    9,    0
 18427, 99212,20200209,   35,    0
 18427, 99212,20200210,    5,    0
 18427, 99212,20200211,  -13,    0
 18427, 99212,20200212,  -15,    0
 18427, 99212,20200213,  -17,    0
 18427, 99212,20200214,  -41,    0
 18427, 99212,20200215,   14,    0
 18427, 99212,20200216,   27,    0
 18427, 99212,20200217,   20,    0
 18427, 99212,20200218,    0,    0
 18427, 99212,20200219,  -26,    0
 18427, 99212,20200220,   -2,    0
 18427, 99212,20200221,   15,    0
 18427, 99212,20200222,   -3,    0
 18427, 99212,20200223,  -10,    0
 18427, 99212,20200224,  -25,    0
 18427, 99212,20200225,  -63,    0
 18427, 99212,20200226,  -74,    0
 18427, 99212,20200227,  -89,    0
 18427, 99212,20200228,  -57,    0
 18427, 99212,20200229,  -59,    0
 18427, 99212,20200301,  -55,    0
 18427, 99212,20200302,  -37,    0
 18427, 99212,20200303,  -24,    0
 18427, 99212,20200304,  -11,    0
 18427, 99212,20200305,    1,    0
 18427, 99212,20200306,    3,    0
 18427, 99212,20200307,  -18,    0
 18427, 99212,20200308,   41,    0
 18427, 99212,20200309,   18,    0
 18427, 99212,20200310,    7,    0
 18427, 99212,20200311,   15,    0
 18427, 99212,20200312,   -8,    0
 18427, 99212,20200313,  -56,    0
 18427, 99212,20200314,  -38,    0
 18427, 99212,20200315,   16,    0
 18427, 99212,20200316,   -4,    0
 18427, 99212,20200317,   16,    0
 18427, 99212,20200318,    1,    0
 18427, 99212,20200319,-9999,    9
 18427, 99212,20200320,-9999,    9
 18427, 99212,20200321,-9999,    9
 18427, 99212,20200322,-9999,    9
 18427, 99212,20200323,-9999,    9
 18427, 99212,20200324,-9999,    9
 18427, 99212,20200325,-9999,    9
 18427, 99212,20200326,-9999,    9
 18427, 99212,20200327,   19,    0
 18427, 99212,20200328,  -36,    0
 18427, 99212,20200329,-9999,    9
 18427, 99212,20200330,  -21,    0
 18427, 99212,20200331,   13,    0
 18427, 99212,20200401,    3,    0
 18427, 99212,20200402,  -19,    0
 18427, 99212,20200403,  -35,    0
 18427, 99212,20200404,  -45,    0
 18427, 99212,20200405,  -18,    0
 18427, 99212,20200406,   66,    0
 18427, 99212,20200407,   51,    0
 18427, 99212,20200408,   21,    0
 18427, 99212,20200409,   -3,    0
 18427, 99212,20200410,   -7,    0
 18427, 99212,20200411,-9999,    9
 18427, 99212,20200412,-9999,    9
 18427, 99212,20200413,-9999,    9
 18427, 99212,20200414,-9999,    9
 18427, 99212,20200415,-9999,    9
 18427, 99212,20200416,-9999,    9
 18427, 99212,20200417,   10,    0
 18427, 99212,20200418,   20,    0
 18427, 99212,20200419,   31,    0
 18427, 99212,20200420,   38,    0
 18427, 99212,20200421,   62,    0
 18427, 99212,20200422,   73,    0
 18427, 99212,20200423,   22,    0
 18427, 99212,20200424,   21,    0
 18427, 99212,20200425,   18,    0
 18427, 99212,20200426,   18,    0
 18427, 99212,20200427,   23,    0
 18427, 99212,20200428,   33,    0
 18427, 99212,20200429,   35,    0
 18427, 99212,20200430,   44,    0
 18427, 99212,20200501,   39,    0
 18427, 99212,20200502,   25,    0
 18427, 99212,20200503,   14,    0
 18427, 99212,20200504,    4,    0
 18427, 99212,20200505,   27,    0
 18427, 99212,20200506,   31,    0
 18427, 99212,20200507,   23,    0
 18427, 99212,20200508,   19,    0
 18427, 99212,20200509,   11,    0
 18427, 99212,20200510,  -13,    0
 18427, 99212,20200511,  -11,    0
 18427, 99212,20200512,   -9,    0
 18427, 99212,20200513,  -10,    0
 18427, 99212,20200514,  -12,    0
 18427, 99212,20200515,   -8,    0
 18427, 99212,20200516,    0,    0
 18427, 99212,20200517,   16,    0
 18427, 99212,20200518,   17,    0
 18427, 99212,20200519,   18,    0
 18427, 99212,20200520,   44,    0
 18427, 99212,20200521,   76,    0
 18427, 99212,20200522,  104,    0
 18427, 99212,20200523,  114,    0
 18427, 99212,20200524,   92,    0
 18427, 99212,20200525,   85,    0
 18427, 99212,20200526,   81,    0
 18427, 99212,20200527,   57,    0
 18427, 99212,20200528,   52,    0
 18427, 99212,20200529,   89,    0
 18427, 99212,20200530,  134,    0
 18427, 99212,20200531,  153,    0
 18427, 99212,20200601,  138,    0
 18427, 99212,20200602,  112,    0
 18427, 99212,20200603,   74,    0
 18427, 99212,20200604,  136,    0
 18427, 99212,20200605,  144,    0
 18427, 99212,20200606,  117,    0
 18427, 99212,20200607,   57,    0
 18427, 99212,20200608,   50,    0
 18427, 99212,20200609,   99,    0
 18427, 99212,20200610,  128,    0
 18427, 99212,20200611,  125,    0
 18427, 99212,20200612,  166,    0
 18427, 99212,20200613,  185,    0
 18427, 99212,20200614,  174,    0
 18427, 99212,20200615,  154,    0
 18427, 99212,20200616,  181,    0
 18427, 99212,20200617,  199,    0
 18427, 99212,20200618,  183,    0
 18427, 99212,20200619,  186,    0
 18427, 99212,20200620,  223,    0
 18427, 99212,20200621,  212,    0
 18427, 99212,20200622,  145,    0
 18427, 99212,20200623,  157,    0
 18427, 99212,20200624,  184,    0
 18427, 99212,20200625,  182,    0
 18427, 99212,20200626,  199,    0
 18427, 99212,20200627,-9999,    9
 18427, 99212,20200628,  189,    0
 18427, 99212,20200629,  132,    0
 18427, 99212,20200630,-9999,    9
 18427, 99212,20200701,   61,    0
 18427, 99212,20200702,   77,    0
 18427, 99212,20200703,   64,    0
 18427, 99212,20200704,   89,    0
 18427, 99212,20200705,  112,    0
 18427, 99212,20200706,   81,    0
 18427, 99212,20200707,   75,    0
 18427, 99212,20200708,   75,    0
 18427, 99212,20200709,   84,    0
 18427, 99212,20200710,   99,    0
 18427, 99212,20200711,   84,    0
 18427, 99212,20200712,   73,    0
 18427, 99212,20200713,  104,    0
 18427, 99212,20200714,  119,    0
 18427, 99212,20200715,  138,    0
 18427, 99212,20200716,  150,    0
 18427, 99212,20200717,  120,    0
 18427, 99212,20200718,  126,    0
 18427, 99212,20200719,  119,    0
 18427, 99212,20200720,   92,    0
 18427, 99212,20200721,   80,    0
 18427, 99212,20200722,   68,    0
 18427, 99212,20200723,   78,    0
 18427, 99212,20200724,   77,    0
 18427, 99212,20200725,   95,    0
 18427, 99212,20200726,  139,    0
 18427, 99212,20200727,  138,    0
 18427, 99212,20200728,  153,    0
 18427, 99212,20200729,-9999,    9
 18427, 99212,20200730,  126,    0
 18427, 99212,20200731,  153,    0
 18427, 99212,20200801,  181,    0
 18427, 99212,20200802,  148,    0
 18427, 99212,20200803,   91,    0
 18427, 99212,20200804,  109,    0
 18427, 99212,20200805,  125,    0
 18427, 99212,20200806,  154,    0
 18427, 99212,20200807,  173,    0
 18427, 99212,20200808,  137,    0
 18427, 99212,20200809,  115,    0
 18427, 99212,20200810,  150,    0
 18427, 99212,20200811,  146,    0
 18427, 99212,20200812,  148,    0
 18427, 99212,20200813,  142,    0
 18427, 99212,20200814,  141,    0
 18427, 99212,20200815,  129,    0
 18427, 99212,20200816,  137,    0
 18427, 99212,20200817,  138,    0
 18427, 99212,20200818,  170,    0
 18427, 99212,20200819,  157,    0
 18427, 99212,20200820,  156,    0
 18427, 99212,20200821,  175,    0
 18427, 99212,20200822,  166,    0
 18427, 99212,20200823,   80,    0
 18427, 99212,20200824,-9999,    9
 18427, 99212,20200825,-9999,    9
 18427, 99212,20200826,   86,    0
 18427, 99212,20200827,   87,    0
 18427, 99212,20200828,   93,    0
 18427, 99212,20200829,   94,    0
 18427, 99212,20200830,   64,    0
 18427, 99212,20200831,   69,    0
 18427, 99212,20200901,  101,    0
 18427, 99212,20200902,  121,    0
 18427, 99212,20200903,  129,    0
 18427, 99212,20200904,  110,    0
 18427, 99212,20200905,   87,    0
 18427, 99212,20200906,   83,    0
 18427, 99212,20200907,   88,    0
 18427, 99212,20200908,   87,    0
 18427, 99212,20200909,   72,    0
 18427, 99212,20200910,   48,    0
 18427, 99212,20200911,   89,    0
 18427, 99212,20200912,   83,    0
 18427, 99212,20200913,   76,    0
 18427, 99212,20200914,   84,    0
 18427, 99212,20200915,   71,    0
 18427, 99212,20200916,   55,    0
 18427, 99212,20200917,   67,    0
 18427, 99212,20200918,   94,    0
 18427, 99212,20200919,   69,    0
 18427, 99212,20200920,   89,    0
 18427, 99212,20200921,  102,    0
 18427, 99212,20200922,   60,    0
 18427, 99212,20200923,   57,    0
 18427, 99212,20200924,   67,    0
 18427, 99212,20200925,   53,    0
 18427, 99212,20200926,   46,    0
 18427, 99212,20200927,   90,    0
 18427, 99212,20200928,  132,    0
 18427, 99212,20200929,  108,    0
 18427, 99212,20200930,  119,    0
 18427, 99212,20201001,  128,    0
 18427, 99212,20201002,  114,    0
 18427, 99212,20201003,  113,    0
 18427, 99212,20201004,  121,    0
 18427, 99212,20201005,  113,    0
 18427, 99212,20201006,   96,    0
 18427, 99212,20201007,   86,    0
 18427, 99212,20201008,   63,    0
 18427, 99212,20201009,   57,    0
 18427, 99212,20201010,   59,    0
 18427, 99212,20201011,   62,    0
 18427, 99212,20201012,   48,    0
 18427, 99212,20201013,   47,    0
 18427, 99212,20201014,   42,    0
 18427, 99212,20201015,   43,    0
 18427, 99212,20201016,   50,    0
 18427, 99212,20201017,   32,    0
 18427, 99212,20201018,    9,    0
 18427, 99212,20201019,    5,    0
 18427, 99212,20201020,  -10,    0
 18427, 99212,20201021,    1,    0
 18427, 99212,20201022,  -10,    0
 18427, 99212,20201023,  -14,    0
 18427, 99212,20201024,  -18,    0
 18427, 99212,20201025,   54,    0
 18427, 99212,20201026,   28,    0
 18427, 99212,20201027,    9,    0
 18427, 99212,20201028,   17,    0
 18427, 99212,20201029,-9999,    9
 18427, 99212,20201030,   20,    0
 18427, 99212,20201031,   48,    0
 18427, 99212,20201101,   95,    0
 18427, 99212,20201102,   78,    0
 18427, 99212,20201103,   33,    0
 18427, 99212,20201104,   27,    0
 18427, 99212,20201105,   72,    0
 18427, 99212,20201106,   79,    0
 18427, 99212,20201107,   55,    0
 18427, 99212,20201108,   27,    0
 18427, 99212,20201109,   36,    0
 18427, 99212,20201110,   38,    0
 18427, 99212,20201111,   16,    0
 18427, 99212,20201112,   39,    0
 18427, 99212,20201113,   38,    0
 18427, 99212,20201114,   52,    0
 18427, 99212,20201115,   82,    0
 18427, 99212,20201116,   87,    0
 18427, 99212,20201117,   48,    0
 18427, 99212,20201118,   10,    0
 18427, 99212,20201119,  -29,    0
 18427, 99212,20201120,  -15,    0
 18427, 99212,20201121,    7,    0
 18427, 99212,20201122,   20,    0
 18427, 99212,20201123,    6,    0
 18427, 99212,20201124,    1,    0
 18427, 99212,20201125,   19,    0
 18427, 99212,20201126,   16,    0
 18427, 99212,20201127,  -24,    0
 18427, 99212,20201128,  -48,    0
 18427, 99212,20201129,  -28,    0
 18427, 99212,20201130,    6,    0
 18427, 99212,20201201,   -6,    0
 18427, 99212,20201202,  -13,    0
 18427, 99212,20201203,   26,    0
 18427, 99212,20201204,  -15,    0
 18427, 99212,20201205,  -24,    0
 18427, 99212,20201206,  -28,    0
 18427, 99212,20201207,-9999,    9
 18427, 99212,20201208,-9999,    9
 18427, 99212,20201209,    1,    0
 18427, 99212,20201210,  -19,    0
 18427, 99212,20201211,    3,    0
 18427, 99212,20201212,  -33,    0
 18427, 99212,20201213,  -67,    0
 18427, 99212,20201214,-9999,    9
 18427, 99212,20201215,    5,    0
 18427, 99212,20201216,   23,    0
 18427, 99212,20201217,   16,    0
 18427, 99212,20201218,   -8,    0
 18427, 99212,20201219,   28,    0
 18427, 99212,20201220,   18,    0
 18427, 99212,20201221,    5,    0
 18427, 99212,20201222,-9999,    9
 18427, 99212,20201223,    3,    0
 18427, 99212,20201224,  -14,    0
 18427, 99212,20201225,  -35,    0
 18427, 99212,20201226,  -37,    0
 18427, 99212,20201227,-9999,    9
 18427, 99212,20201228,   17,    0
 18427, 99212,20201229,    9,    0
 18427, 99212,20201230,  -12,    0
 18427, 99212,20201231,  -41,    0
 18427, 99212,20210101,  -97,    0
 18427, 99212,20210102,  -86,    0
 18427, 99212,20210103, -104,    0
 18427, 99212,20210104, -119,    0
 18427, 99212,20210105,  -81,    0
 18427, 99212,20210106, -102,    0
 18427, 99212,20210107, -124,    0
 18427, 99212,20210108,  -95,    0
 18427, 99212,20210109,  -74,    0
 18427, 99212,20210110,  -41,    0
 18427, 99212,20210111,  -84,    0
 18427, 99212,20210112,  -60,    0
 18427, 99212,20210113, -114,    0
 18427, 99212,20210114, -158,    0
 18427, 99212,20210115, -104,    0
 18427, 99212,20210116,  -90,    0
 18427, 99212,20210117, -102,    0
 18427, 99212,20210118,  -82,    0
 18427, 99212,20210119,  -98,    0
 18427, 99212,20210120,  -50,    0
 18427, 99212,20210121,    1,    0
 18427, 99212,20210122,   21,    0
 18427, 99212,20210123,   -8,    0
 18427, 99212,20210124,  -25,    0
 18427, 99212,20210125,  -81,    0
 18427, 99212,20210126,  -29,    0
 18427, 99212,20210127,  -59,    0
 18427, 99212,20210128,  -58,    0
 18427, 99212,20210129,  -36,    0
 18427, 99212,20210130,  -28,    0
 18427, 99212,20210131,  -41,    0
 18427, 99212,20210201,  -91,    0
 18427, 99212,20210202, -158,    0
 18427, 99212,20210203, -167,    0
 18427, 99212,20210204, -156,    0
 18427, 99212,20210205, -144,    0
 18427, 99212,20210206, -125,    0
 18427, 99212,20210207, -143,    0
 18427, 99212,20210208, -121,    0
 18427, 99212,20210209, -111,    0
 18427, 99212,20210210,  -97,    0
 18427, 99212,20210211, -150,    0
 18427, 99212,20210212,  -94,    0
 18427, 99212,20210213,  -38,    0
 18427, 99212,20210214,  -67,    0
 18427, 99212,20210215,  -67,    0
 18427, 99212,20210216,  -43,    0
 18427, 99212,20210217,  -27,    0
 18427, 99212,20210218,  -22,    0
 18427, 99212,20210219,    0,    0
 18427, 99212,20210220,   10,    0
 18427, 99212,20210221,   48,    0
 18427, 99212,20210222,    8,    0
 18427, 99212,20210223,   32,    0
 18427, 99212,20210224,   54,    0
 18427, 99212,20210225,   29,    0
 18427, 99212,20210226,   19,    0
 18427, 99212,20210227,   40,    0
 18427, 99212,20210228,   42,    0
 18427, 99212,20210301,   29,    0
 18427, 99212,20210302,   22,    0
 18427, 99212,20210303,   -3,    0
 18427, 99212,20210304,  -27,    0
 18427, 99212,20210305,  -16,    0
 18427, 99212,20210306,  -16,    0
 18427, 99212,20210307,  -29,    0
 18427, 99212,20210308,  -34,    0
 18427, 99212,20210309,   -4,    0
 18427, 99212,20210310,  -18,    0
 18427, 99212,20210311,-9999,    9
 18427, 99212,20210312,   14,    0
 18427, 99212,20210313,   -3,    0
 18427, 99212,20210314,  -22,    0
 18427, 99212,20210315,   -4,    0
 18427, 99212,20210316,  -23,    0
 18427, 99212,20210317,  -20,    0
 18427, 99212,20210318,    2,    0
 18427, 99212,20210319,   18,    0
 18427, 99212,20210320,   19,    0
 18427, 99212,20210321,-9999,    9
 18427, 99212,20210322,   30,    0
 18427, 99212,20210323,   52,    0
 18427, 99212,20210324,   30,    0
 18427, 99212,20210325,   13,    0
 18427, 99212,20210326,   32,    0
 18427, 99212,20210327,   16,    0
 18427, 99212,20210328,-9999,    9
 18427, 99212,20210329,   42,    0
 18427, 99212,20210330,   28,    0
 18427, 99212,20210331,   12,    0
 18427, 99212,20210401,    0,    0
 18427, 99212,20210402,   -3,    0
 18427, 99212,20210403,   14,    0
 18427, 99212,20210404,    6,    0
 18427, 99212,20210405,  -18,    0
 18427, 99212,20210406,   -1,    0
 18427, 99212,20210407,  -20,    0
 18427, 99212,20210408,  -18,    0
 18427, 99212,20210409,  -19,    0
 18427, 99212,20210410,  -13,    0
 18427, 99212,20210411,    1,    0
 18427, 99212,20210412,   -7,    0
 18427, 99212,20210413,  -11,    0
 18427, 99212,20210414,    4,    0
 18427, 99212,20210415,   31,    0
 18427, 99212,20210416,   42,    0
 18427, 99212,20210417,-9999,    9
 18427, 99212,20210418,   61,    0
 18427, 99212,20210419,   74,    0
 18427, 99212,20210420,-9999,    9
 18427, 99212,20210421,    8,    0
 18427, 99212,20210422,   -8,    0
 18427, 99212,20210423,  -13,    0
 18427, 99212,20210424,  -12,    0
 18427, 99212,20210425,   -8,    0
 18427, 99212,20210426,    5,    0
 18427, 99212,20210427,   10,    0
 18427, 99212,20210428,    7,    0
 18427, 99212,20210429,    3,    0
 18427, 99212,20210430,   -2,    0
 18427, 99212,20210501,    8,    0
 18427, 99212,20210502,    5,    0
 18427, 99212,20210503,   12,    0
 18427, 99212,20210504,   28,    0
 18427, 99212,20210505,   32,    0
 18427, 99212,20210506,   13,    0
 18427, 99212,20210507,   10,    0
 18427, 99212,20210508,   17,    0
 18427, 99212,20210509,   41,    0
 18427, 99212,20210510,-9999,    9
 18427, 99212,20210511,-9999,    9
 18427, 99212,20210512,   60,    0
 18427, 99212,20210513,   43,    0
 18427, 99212,20210514,   73,    0
 18427, 99212,20210515,  111,    0
 18427, 99212,20210516,   67,    0
 18427, 99212,20210517,   67,    0
 18427, 99212,20210518,   65,    0
 18427, 99212,20210519,   66,    0
 18427, 99212,20210520,   41,    0
 18427, 99212,20210521,   61,    0
 18427, 99212,20210522,   84,    0
 18427, 99212,20210523,   94,    0
 18427, 99212,20210524,  110,    0
 18427, 99212,20210525,  119,    0
 18427, 99212,20210526,  115,    0
 18427, 99212,20210527,  103,    0
 18427, 99212,20210528,   78,    0
 18427, 99212,20210529,-9999,    9
 18427, 99212,20210530,  121,    0
 18427, 99212,20210531,  136,    0
 18427, 99212,20210601,  164,    0
 18427, 99212,20210602,  166,    0
 18427, 99212,20210603,  176,    0
 18427, 99212,20210604,  175,    0
 18427, 99212,20210605,  160,    0
 18427, 99212,20210606,  134,    0
 18427, 99212,20210607,  134,    0
 18427, 99212,20210608,  128,    0
 18427, 99212,20210609,  151,    0
 18427, 99212,20210610,  163,    0
 18427, 99212,20210611,  135,    0
 18427, 99212,20210612,   78,    0
 18427, 99212,20210613,   77,    0
 18427, 99212,20210614,   86,    0
 18427, 99212,20210615,   60,    0
 18427, 99212,20210616,   99,    0
 18427, 99212,20210617,  128,    0
 18427, 99212,20210618,   94,    0
 18427, 99212,20210619,   95,    0
 18427, 99212,20210620,  117,    0
 18427, 99212,20210621,  108,    0
 18427, 99212,20210622,  106,    0
 18427, 99212,20210623,  109,    0
 18427, 99212,20210624,  109,    0
 18427, 99212,20210625,   92,    0
 18427, 99212,20210626,  106,    0
 18427, 99212,20210627,  109,    0
 18427, 99212,20210628,  114,    0
 18427, 99212,20210629,   90,    0
 18427, 99212,20210630,  107,    0
 18427, 99212,20210701,  168,    0
 18427, 99212,20210702,  192,    0
 18427, 99212,20210703,  197,    0
 18427, 99212,20210704,  196,    0
 18427, 99212,20210705,  202,    0
 18427, 99212,20210706,  179,    0
 18427, 99212,20210707,  161,    0
 18427, 99212,20210708,  158,    0
 18427, 99212,20210709,  163,    0
 18427, 99212,20210710,  147,    0
 18427, 99212,20210711,  145,    0
 18427, 99212,20210712,  165,    0
 18427, 99212,20210713,  167,    0
 18427, 99212,20210714,  181,    0
 18427, 99212,20210715,  127,    0
 18427, 99212,20210716,  139,    0
 18427, 99212,20210717,  125,    0
 18427, 99212,20210718,   83,    0
 18427, 99212,20210719,   97,    0
 18427, 99212,20210720,   90,    0
 18427, 99212,20210721,  112,    0
 18427, 99212,20210722,  101,    0
 18427, 99212,20210723,  130,    0
 18427, 99212,20210724,  165,    0
 18427, 99212,20210725,  177,    0
 18427, 99212,20210726,  210,    0
 18427, 99212,20210727,  209,    0
 18427, 99212,20210728,  204,    0
 18427, 99212,20210729,  178,    0
 18427, 99212,20210730,  106,    0
 18427, 99212,20210731,-9999,    9
 18427, 99212,20210801,-9999,    9
 18427, 99212,20210802,-9999,    9
 18427, 99212,20210803,   96,    0
 18427, 99212,20210804,  111,    0
 18427, 99212,20210805,  124,    0
 18427, 99212,20210806,  155,    0
 18427, 99212,20210807,  166,    0
 18427, 99212,20210808,  138,    0
 18427, 99212,20210809,-9999,    9
 18427, 99212,20210810,  156,    0
 18427, 99212,20210811,  146,    0
 18427, 99212,20210812,  153,    0
 18427, 99212,20210813,  143,    0
 18427, 99212,20210814,   98,    0
 18427, 99212,20210815,  107,    0
 18427, 99212,20210816,  103,    0
 18427, 99212,20210817,  100,    0
 18427, 99212,20210818,   91,    0
 18427, 99212,20210819,   92,    0
 18427, 99212,20210820,   93,    0
 18427, 99212,20210821,   91,    0
 18427, 99212,20210822,   89,    0
 18427, 99212,20210823,   87,    0
 18427, 99212,20210824,-9999,    9
 18427, 99212,20210825,   91,    0
 18427, 99212,20210826,   99,    0
 18427, 99212,20210827,  123,    0
 18427, 99212,20210828,  121,    0
 18427, 99212,20210829,  118,    0
 18427, 99212,20210830,  103,    0
 18427, 99212,20210831,-9999,    9
 18427, 99212,20210901,   99,    0
 18427, 99212,20210902,   94,    0
 18427, 99212,20210903,   63,    0
 18427, 99212,20210904,   67,    0
 18427, 99212,20210905,   92,    0
 18427, 99212,20210906,   97,    0
 18427, 99212,20210907,  121,    0
 18427, 99212,20210908,  118,    0
 18427, 99212,20210909,  110,    0
 18427, 99212,20210910,   93,    0
 18427, 99212,20210911,  103,    0
 18427, 99212,20210912,   79,    0
 18427, 99212,20210913,   70,    0
 18427, 99212,20210914,   76,    0
 18427, 99212,20210915,   90,    0
 18427, 99212,20210916,  101,    0
 18427, 99212,20210917,-9999,    9
 18427, 99212,20210918,   79,    0
 18427, 99212,20210919,   89,    0
 18427, 99212,20210920,   86,    0
 18427, 99212,20210921,   90,    0
 18427, 99212,20210922,   92,    0
 18427, 99212,20210923,-9999,    9
 18427, 99212,20210924,   56,    0
 18427, 99212,20210925,   67,    0
 18427, 99212,20210926,  107,    0
 18427, 99212,20210927,  130,    0
 18427, 99212,20210928,  120,    0
 18427, 99212,20210929,  107,    0
 18427, 99212,20210930,  106,    0
 18427, 99212,20211001,  107,    0
 18427, 99212,20211002,  113,    0
 18427, 99212,20211003,  119,    0
 18427, 99212,20211004,  124,    0
 18427, 99212,20211005,  102,    0
 18427, 99212,20211006,   72,    0
 18427, 99212,20211007,   71,    0
 18427, 99212,20211008,   95,    0
 18427, 99212,20211009,  112,    0
 18427, 99212,20211010,   81,    0
 18427, 99212,20211011,   37,    0
 18427, 99212,20211012,   31,    0
 18427, 99212,20211013,   28,    0
 18427, 99212,20211014,   76,    0
 18427, 99212,20211015,   14,    0
 18427, 99212,20211016,   15,    0
 18427, 99212,20211017,    8,    0
 18427, 99212,20211018,   15,    0
 18427, 99212,20211019,   24,    0
 18427, 99212,20211020,   54,    0
 18427, 99212,20211021,   13,    0
 18427, 99212,20211022,   14,    0
 18427, 99212,20211023,   19,    0
 18427, 99212,20211024,   30,    0
 18427, 99212,20211025,   42,    0
 18427, 99212,20211026,   35,    0
 18427, 99212,20211027,   64,    0
 18427, 99212,20211028,   69,    0
 18427, 99212,20211029,   64,    0
 18427, 99212,20211030,   91,    0
 18427, 99212,20211031,   74,    0
 18427, 99212,20211101,-9999,    9
 18427, 99212,20211102,   87,    0
 18427, 99212,20211103,   15,    0
 18427, 99212,20211104,   14,    0
 18427, 99212,20211105,   15,    0
 18427, 99212,20211106,    2,    0
 18427, 99212,20211107,-9999,    9
 18427, 99212,20211108,-9999,    9
 18427, 99212,20211109,   17,    0
 18427, 99212,20211110,   22,    0
 18427, 99212,20211111,   21,    0
 18427, 99212,20211112,    1,    0
 18427, 99212,20211113,  -14,    0
 18427, 99212,20211114,  -32,    0
 18427, 99212,20211115,    8,    0
 18427, 99212,20211116,   33,    0
 18427, 99212,20211117,   29,    0
 18427, 99212,20211118,    3,    0
 18427, 99212,20211119,   23,    0
 18427, 99212,20211120,    7,    0
 18427, 99212,20211121,  -14,    0
 18427, 99212,20211122,    7,    0
 18427, 99212,20211123,   31,    0
 18427, 99212,20211124,   20,    0
 18427, 99212,20211125,  -27,    0
 18427, 99212,20211126,  -77,    0
 18427, 99212,20211127, -129,    0
 18427, 99212,20211128, -150,    0
 18427, 99212,20211129, -112,    0
 18427, 99212,20211130,-9999,    9
 18427, 99212,20211201,  -48,    0
 18427, 99212,20211202,  -77,    0
 18427, 99212,20211203, -127,    0
 18427, 99212,20211204,  -62,    0
 18427, 99212,20211205, -100,    0
 18427, 99212,20211206, -136,    0
 18427, 99212,20211207, -133,    0
 18427, 99212,20211208,  -73,    0
 18427, 99212,20211209,  -39,    0
 18427, 99212,20211210,  -70,    0
 18427, 99212,20211211,  -58,    0
 18427, 99212,20211212,  -25,    0
 18427, 99212,20211213,   -8,    0
 18427, 99212,20211214,    7,    0
 18427, 99212,20211215,   28,    0
 18427, 99212,20211216,   34,    0
 18427, 99212,20211217,   52,    0
 18427, 99212,20211218,   45,    0
 18427, 99212,20211219,    1,    0
 18427, 99212,20211220,   -4,    0
 18427, 99212,20211221,  -13,    0
 18427, 99212,20211222,  -60,    0
 18427, 99212,20211223,  -49,    0
 18427, 99212,20211224,  -92,    0
 18427, 99212,20211225,  -29,    0
 18427, 99212,20211226,  -19,    0
 18427, 99212,20211227,  -76,    0
 18427, 99212,20211228, -113,    0
 18427, 99212,20211229,  -70,    0
 18427, 99212,20211230,  -33,    0
 18427, 99212,20211231,   -2,    0
 18427, 99212,20220101,  -47,    0
 18427, 99212,20220102,  -10,    0
 18427, 99212,20220103,   -2,    0
 18427, 99212,20220104,  -85,    0
 18427, 99212,20220105,  -47,    0
 18427, 99212,20220106,  -72,    0
 18427, 99212,20220107, -101,    0
 18427, 99212,20220108,  -75,    0
 18427, 99212,20220109, -107,    0
 18427, 99212,20220110,  -90,    0
 18427, 99212,20220111,    7,    0
 18427, 99212,20220112,   36,    0
 18427, 99212,20220113,   31,    0
 18427, 99212,20220114,   -8,    0
 18427, 99212,20220115,    3,    0
 18427, 99212,20220116,   -5,    0
 18427, 99212,20220117,  -12,    0
 18427, 99212,20220118,   37,    0
 18427, 99212,20220119,  -10,    0
 18427, 99212,20220120,  -44,    0
 18427, 99212,20220121,    2,    0
 18427, 99212,20220122,   42,    0
 18427, 99212,20220123,   52,    0
 18427, 99212,20220124,    8,    0
 18427, 99212,20220125,  -15,    0
 18427, 99212,20220126,    3,    0
 18427, 99212,20220127,   -1,    0
 18427, 99212,20220128,  -12,    0
 18427, 99212,20220129,    5,    0
 18427, 99212,20220130,  -24,    0
 18427, 99212,20220131,  -69,    0
 18427, 99212,20220201,  -66,    0
 18427, 99212,20220202,  -41,    0
 18427, 99212,20220203,  -39,    0
 18427, 99212,20220204,  -15,    0
 18427, 99212,20220205,  -19,    0
 18427, 99212,20220206,  -18,    0
 18427, 99212,20220207,   -6,    0
 18427, 99212,20220208,   -6,    0
 18427, 99212,20220209,  -17,    0
 18427, 99212,20220210,  -24,    0
 18427, 99212,20220211,  -34,    0
 18427, 99212,20220212,   -8,    0
 18427, 99212,20220213,    3,    0
 18427, 99212,20220214,  -39,    0
 18427, 99212,20220215,  -51,    0
 18427, 99212,20220216,  -56,    0
 18427, 99212,20220217,  -45,    0
 18427, 99212,20220218,  -22,    0
 18427, 99212,20220219,  -30,    0
 18427, 99212,20220220,  -25,    0
 18427, 99212,20220221,  -49,    0
 18427, 99212,20220222,  -39,    0
 18427, 99212,20220223,    1,    0
 18427, 99212,20220224,   -9,    0
 18427, 99212,20220225,  -23,    0
 18427, 99212,20220226,  -16,    0
 18427, 99212,20220227,   15,    0
 18427, 99212,20220228,   -8,    0
 18427, 99212,20220301,   17,    0
 18427, 99212,20220302,    3,    0
 18427, 99212,20220303,-9999,    9
 18427, 99212,20220304,  -48,    0
 18427, 99212,20220305,  -19,    0
 18427, 99212,20220306,    3,    0
 18427, 99212,20220307,   25,    0
 18427, 99212,20220308,   -2,    0
 18427, 99212,20220309,   10,    0
 18427, 99212,20220310,-9999,    9
 18427, 99212,20220311,   35,    0
 18427, 99212,20220312,   29,    0
 18427, 99212,20220313,   32,    0
 18427, 99212,20220314,   17,    0
 18427, 99212,20220315,    9,    0
 18427, 99212,20220316,   25,    0
 18427, 99212,20220317,   40,    0
 18427, 99212,20220318,   21,    0
 18427, 99212,20220319,   71,    0
 18427, 99212,20220320,   41,    0
 18427, 99212,20220321,   17,    0
 18427, 99212,20220322,    1,    0
 18427, 99212,20220323,   57,    0
 18427, 99212,20220324,   50,    0
 18427, 99212,20220325,   25,    0
 18427, 99212,20220326,   -4,    0
 18427, 99212,20220327,-9999,    9
 18427, 99212,20220328,   -9,    0
 18427, 99212,20220329,  -40,    0
 18427, 99212,20220330,  -38,    0
 18427, 99212,20220331,  -27,    0
 18427, 99212,20220401,  -34,    0
 18427, 99212,20220402,  -16,    0
 18427, 99212,20220403,  -18,    0
 18427, 99212,20220404,  -30,    0
 18427, 99212,20220405,  -37,    0
 18427, 99212,20220406,  -23,    0
 18427, 99212,20220407,  -47,    0
 18427, 99212,20220408,  -38,    0
 18427, 99212,20220409,   -7,    0
 18427, 99212,20220410,    6,    0
 18427, 99212,20220411,   -5,    0
 18427, 99212,20220412,   15,    0
 18427, 99212,20220413,   22,    0
 18427, 99212,20220414,   16,    0
 18427, 99212,20220415,-9999,    9
 18427, 99212,20220416,-9999,    9
 18427, 99212,20220417,   51,    0
 18427, 99212,20220418,   68,    0
 18427, 99212,20220419,   75,    0
 18427, 99212,20220420,   68,    0
 18427, 99212,20220421,   70,    0
 18427, 99212,20220422,   30,    0
 18427, 99212,20220423,   52,    0
 18427, 99212,20220424,   55,    0
 18427, 99212,20220425,   22,    0
 18427, 99212,20220426,   -4,    0
 18427, 99212,20220427,   -2,    0
 18427, 99212,20220428,    8,    0
 18427, 99212,20220429,    8,    0
 18427, 99212,20220430,   14,    0
 18427, 99212,20220501,-9999,    9
 18427, 99212,20220502,-9999,    9
 18427, 99212,20220503,-9999,    9
 18427, 99212,20220504,-9999,    9
 18427, 99212,20220505,-9999,    9
 18427, 99212,20220506,-9999,    9
 18427, 99212,20220507,-9999,    9
 18427, 99212,20220508,-9999,    9
 18427, 99212,20220509,-9999,    9
 18427, 99212,20220510,-9999,    9
 18427, 99212,20220511,-9999,    9
 18427, 99212,20220512,-9999,    9
 18427, 99212,20220513,-9999,    9
 18427, 99212,20220514,-9999,    9
 18427, 99212,20220515,   29,    0
 18427, 99212,20220516,   26,    0
 18427, 99212,20220517,   71,    0
 18427, 99212,20220518,   97,    0
 18427, 99212,20220519,-9999,    9
 18427, 99212,20220520,-9999,    9
 18427, 99212,20220521,   82,    0
 18427, 99212,20220522,   90,    0
 18427, 99212,20220523,  117,    0
 18427, 99212,20220524,  119,    0
 18427, 99212,20220525,  110,    0
 18427, 99212,20220526,   81,    0
 18427, 99212,20220527,   60,    0
 18427, 99212,20220528,   42,    0
 18427, 99212,20220529,   43,    0
 18427, 99212,20220530,  115,    0
 18427, 99212,20220531,  123,    0
 18427, 99212,20220601,   89,    0
 18427, 99212,20220602,   95,    0
 18427, 99212,20220603,   77,    0
 18427, 99212,20220604,   67,    0
 18427, 99212,20220605,   64,    0
 18427, 99212,20220606,   94,    0
 18427, 99212,20220607,   92,    0
 18427, 99212,20220608,   88,    0
 18427, 99212,20220609,   92,    0
 18427, 99212,20220610,  130,    0
 18427, 99212,20220611,  129,    0
 18427, 99212,20220612,  120,    0
 18427, 99212,20220613,   87,    0
 18427, 99212,20220614,-9999,    9
 18427, 99212,20220615,   96,    0
 18427, 99212,20220616,-9999,    9
 18427, 99212,20220617,  125,    0
 18427, 99212,20220618,   94,    0
 18427, 99212,20220619,   94,    0
 18427, 99212,20220620,  118,    0
 18427, 99212,20220621,   82,    0
 18427, 99212,20220622,  103,    0
 18427, 99212,20220623,  118,    0
 18427, 99212,20220624,  165,    0
 18427, 99212,20220625,  204,    0
 18427, 99212,20220626,  197,    0
 18427, 99212,20220627,  164,    0
 18427, 99212,20220628,  112,    0
 18427, 99212,20220629,  138,    0
 18427, 99212,20220630,  191,    0
 18427, 99212,20220701,  205,    0
 18427, 99212,20220702,  130,    0
 18427, 99212,20220703,  141,    0
 18427, 99212,20220704,  125,    0
 18427, 99212,20220705,   89,    0
 18427, 99212,20220706,   84,    0
 18427, 99212,20220707,   78,    0
 18427, 99212,20220708,   97,    0
 18427, 99212,20220709,   75,    0
 18427, 99212,20220710,   85,    0
 18427, 99212,20220711,  126,    0
 18427, 99212,20220712,  150,    0
 18427, 99212,20220713,  106,    0
 18427, 99212,20220714,   75,    0
 18427, 99212,20220715,   76,    0
 18427, 99212,20220716,   70,    0
 18427, 99212,20220717,   91,    0
 18427, 99212,20220718,   95,    0
 18427, 99212,20220719,  126,    0
 18427, 99212,20220720,  149,    0
 18427, 99212,20220721,  109,    0
 18427, 99212,20220722,   99,    0
 18427, 99212,20220723,  109,    0
 18427, 99212,20220724,  131,    0
 18427, 99212,20220725,  159,    0
 18427, 99212,20220726,  102,    0
 18427, 99212,20220727,   76,    0
 18427, 99212,20220728,   98,    0
 18427, 99212,20220729,  141,    0
 18427, 99212,20220730,  150,    0
 18427, 99212,20220731,  112,    0
 18427, 99212,20220801,   89,    0
 18427, 99212,20220802,  104,    0
 18427, 99212,20220803,  139,    0
 18427, 99212,20220804,  102,    0
 18427, 99212,20220805,  104,    0
 18427, 99212,20220806,   80,    0
 18427, 99212,20220807,-9999,    9
 18427, 99212,20220808,  127,    0
 18427, 99212,20220809,-9999,    9
 18427, 99212,20220810,-9999,    9
 18427, 99212,20220811,  112,    0
 18427, 99212,20220812,  121,    0
 18427, 99212,20220813,  121,    0
 18427, 99212,20220814,  153,    0
 18427, 99212,20220815,-9999,    9
 18427, 99212,20220816,  174,    0
 18427, 99212,20220817,-9999,    9
 18427, 99212,20220818,  124,    0
 18427, 99212,20220819,  144,    0
 18427, 99212,20220820,  116,    0
 18427, 99212,20220821,  103,    0
 18427, 99212,20220822,   93,    0
 18427, 99212,20220823,  123,    0
 18427, 99212,20220824,  159,    0
 18427, 99212,20220825,  176,    0
 18427, 99212,20220826,  134,    0
 18427, 99212,20220827,  104,    0
 18427, 99212,20220828,   88,    0
 18427, 99212,20220829,   91,    0
 18427, 99212,20220830,   88,    0
 18427, 99212,20220831,   82,    0
 18427, 99212,20220901,   86,    0
 18427, 99212,20220902,   98,    0
 18427, 99212,20220903,   94,    0
 18427, 99212,20220904,  101,    0
 18427, 99212,20220905,  110,    0
 18427, 99212,20220906,   95,    0
 18427, 99212,20220907,   85,    0
 18427, 99212,20220908,  109,    0
 18427, 99212,20220909,   97,    0
 18427, 99212,20220910,   88,    0
 18427, 99212,20220911,   90,    0
 18427, 99212,20220912,   91,    0
 18427, 99212,20220913,  103,    0
 18427, 99212,20220914,   79,    0
 18427, 99212,20220915,   82,    0
 18427, 99212,20220916,   78,    0
 18427, 99212,20220917,   77,    0
 18427, 99212,20220918,   70,    0
 18427, 99212,20220919,   56,    0
 18427, 99212,20220920,   56,    0
 18427, 99212,20220921,   66,    0
 18427, 99212,20220922,   90,    0
 18427, 99212,20220923,   83,    0
 18427, 99212,20220924,   61,    0
 18427, 99212,20220925,   71,    0
 18427, 99212,20220926,   87,    0
 18427, 99212,20220927,  102,    0
 18427, 99212,20220928,   97,    0
 18427, 99212,20220929,   73,    0
 18427, 99212,20220930,   77,    0
 18427, 99212,20221001,   97,    0
 18427, 99212,20221002,   82,    0
 18427, 99212,20221003,   71,    0
 18427, 99212,20221004,   80,    0
 18427, 99212,20221005,   69,    0
 18427, 99212,20221006,   62,    0
 18427, 99212,20221007,   59,    0
 18427, 99212,20221008,   36,    0
 18427, 99212,20221009,   70,    0
 18427, 99212,20221010,   84,    0
 18427, 99212,20221011,   27,    0
 18427, 99212,20221012,   46,    0
 18427, 99212,20221013,   43,    0
 18427, 99212,20221014,   30,    0
 18427, 99212,20221015,   47,    0
 18427, 99212,20221016,   55,    0
 18427, 99212,20221017,   49,    0
 18427, 99212,20221018,   29,    0
 18427, 99212,20221019,   31,    0
 18427, 99212,20221020,   23,    0
 18427, 99212,20221021,    7,    0
 18427, 99212,20221022,   34,    0
 18427, 99212,20221023,   22,    0
 18427, 99212,20221024,   26,    0
 18427, 99212,20221025,   46,    0
 18427, 99212,20221026,   67,    0
 18427, 99212,20221027,   66,    0
 18427, 99212,20221028,   88,    0
 18427, 99212,20221029,   47,    0
 18427, 99212,20221030,-9999,    9
 18427, 99212,20221031,   56,    0
